"Points:0","Points:1","Points:2","intensity","laser_id","azimuth","distance_m","timestamp"
0.001035791472531855,5.934648036956787,-1.590184211730957,38.0,0.0,1.0,6.144,417124745.0
0.002960325451567769,8.480707168579102,0.1480313092470169,7.0,1.0,2.0,8.482,417124747.0
0.003146783681586385,6.009913921356201,-1.387498140335083,45.0,2.0,3.0,6.168,417124749.0
0.006008252967149019,8.606186866760254,0.4510312676429749,3.0,3.0,4.0,8.618,417124751.0
0.004232443869113922,6.062528133392334,-1.178436398506165,41.0,4.0,4.0,6.176,417124754.0
0.007565029431134462,8.668883323669434,0.7584292888641357,2.0,5.0,5.0,8.702,417124756.0
0.006406482774764299,6.117738246917725,-0.9689550995826721,42.0,6.0,6.0,6.194,417124758.0
0.01070989109575748,8.76616096496582,1.076350092887878,3.0,7.0,7.0,8.832,417124761.0
0.008631107397377491,6.181571483612061,-0.7590022683143616,34.0,8.0,8.0,6.228,417124763.0
0.01224892307072878,8.772639274597168,1.389450907707214,22.0,9.0,8.0,8.882,417124765.0
0.02059926837682724,13.11389064788818,-1.147318243980408,13.0,10.0,9.0,13.164,417124768.0
0.01549131330102682,8.875859260559082,1.725294947624207,4.0,11.0,10.0,9.042,417124770.0
0.02390402182936668,12.45089054107666,-0.6525247097015381,34.0,12.0,11.0,12.468,417124772.0
0.01875008456408978,8.952492713928223,2.066850185394287,4.0,13.0,12.0,9.188,417124775.0
0.02739084139466286,12.07213020324707,-0.2107203602790833,40.0,14.0,13.0,12.074,417124777.0
0.02185070142149925,5.961654186248779,-1.597431182861328,36.0,0.0,21.0,6.172,417124800.0
0.03270171210169792,8.516639709472656,0.1486596018075943,2.0,1.0,22.0,8.518,417124802.0
0.02415656857192516,6.017661094665527,-1.389297723770142,42.0,2.0,23.0,6.176,417124804.0
0.03614980727434158,8.630081176757812,0.452287346124649,3.0,3.0,24.0,8.642,417124807.0
0.02548504993319511,6.084072113037109,-1.182634115219116,38.0,4.0,24.0,6.198,417124809.0
0.03802498057484627,8.714628219604492,0.7624384164810181,2.0,5.0,25.0,8.748,417124811.0
0.02786890231072903,6.141382694244385,-0.9727094769477844,41.0,6.0,26.0,6.218,417124814.0
0.04149653017520905,8.805771827697754,1.081224799156189,3.0,7.0,27.0,8.872,417124816.0
0.03028637357056141,6.197384357452393,-0.7609521746635437,35.0,8.0,28.0,6.244,417124818.0
0.04448215663433075,8.788338661193848,1.391953825950623,20.0,9.0,29.0,8.898,417124821.0
0.06649617850780487,13.13764762878418,-1.149409890174866,13.0,10.0,29.0,13.188,417124823.0
0.04671017825603485,8.920905113220215,1.734072208404541,2.0,11.0,30.0,9.088000000000001,417124825.0
0.06745204329490662,12.46670818328857,-0.6533620953559875,34.0,12.0,31.0,12.484,417124827.0
0.05025032535195351,8.9971923828125,2.077198028564453,3.0,13.0,32.0,9.234,417124830.0
0.06973758339881897,12.10795497894287,-0.2113486379384995,40.0,14.0,33.0,12.11,417124832.0
0.05424656346440315,9.141361236572266,2.449463367462158,3.0,15.0,34.0,9.464,417124834.0
0.04389936476945877,5.988579273223877,-1.60467803478241,38.0,0.0,42.0,6.2,417124855.0
0.04640678316354752,6.042864799499512,-1.395146489143372,39.0,2.0,44.0,6.202,417124860.0
0.04786121472716331,6.093753814697266,-1.184542298316956,41.0,4.0,45.0,6.208,417124864.0
0.09440694749355316,11.75870323181152,1.028786420822144,17.0,5.0,46.0,11.804,417124867.0
0.05062106624245644,6.17086935043335,-0.9774025082588196,40.0,6.0,47.0,6.248,417124869.0
0.05320443585515022,6.221051692962646,-0.7638770341873169,35.0,8.0,49.0,6.268,417124874.0
0.07546299695968628,8.823684692382812,1.397585511207581,22.0,9.0,49.0,8.934000000000001,417124876.0
0.1149258017539978,13.16919231414795,-1.152198910713196,12.0,10.0,50.0,13.22,417124878.0
0.08159100264310837,9.166071891784668,1.781774401664734,5.0,11.0,51.0,9.338000000000001,417124880.0
0.1135431379079819,12.51031589508057,-0.65566486120224,34.0,12.0,52.0,12.528,417124883.0
0.08356884121894836,9.03397274017334,2.085746288299561,3.0,13.0,53.0,9.272,417124885.0
0.1143976822495461,12.13761234283447,-0.2118722200393677,46.0,14.0,54.0,12.14,417124887.0
0.0649285688996315,5.999979972839355,-1.607783913612366,38.0,0.0,62.0,6.212,417124910.0
0.1311765611171722,11.92946147918701,0.2082421183586121,40.0,1.0,63.0,11.932,417124913.0
0.06778301298618317,6.06799840927124,-1.400995135307312,41.0,2.0,64.0,6.228,417124915.0
0.1346320509910583,11.86695003509521,0.6219605207443237,53.0,3.0,65.0,11.884,417124917.0
0.06935480982065201,6.113180637359619,-1.188358426094055,41.0,4.0,65.0,6.228,417124920.0
0.1359338611364365,11.80013942718506,1.032446980476379,31.0,5.0,66.0,11.846,417124922.0
0.07239209860563278,6.190407276153564,-0.9805312156677246,37.0,6.0,67.0,6.268,417124924.0
0.1413304209709167,11.90773010253906,1.462188363075256,20.0,7.0,68.0,11.998,417124927.0
0.07532602548599243,6.25457239151001,-0.7680206298828125,41.0,8.0,69.0,6.302,417124929.0
0.10816490650177,8.852977752685547,1.402278542518616,22.0,9.0,70.0,8.964,417124931.0
0.1610402017831802,13.1806640625,-1.153244733810425,14.0,10.0,70.0,13.232,417124933.0
0.1116398498415947,9.008682250976562,1.751244902610779,13.0,11.0,71.0,9.178,417124936.0
0.1576131582260132,12.54179668426514,-0.6573396325111389,31.0,12.0,72.0,12.56,417124938.0
0.1158972829580307,9.095980644226074,2.100142955780029,12.0,13.0,73.0,9.336,417124940.0
0.1571009010076523,12.1631326675415,-0.2123259752988815,40.0,14.0,74.0,12.166,417124943.0
0.1200887113809586,9.173577308654785,2.458263397216797,13.0,15.0,75.0,9.498,417124945.0
0.08609318733215332,6.015170097351074,-1.611925005912781,35.0,0.0,82.0,6.228,417124966.0
0.173338770866394,11.96492195129395,0.2088703960180283,47.0,1.0,83.0,11.968,417124968.0
0.08936382830142975,6.095004081726074,-1.407293796539307,45.0,2.0,84.0,6.256,417124970.0
0.1762323826551437,11.87838935852051,0.6225885152816772,35.0,3.0,85.0,11.896,417124973.0
0.09098461270332336,6.132531642913818,-1.192174553871155,43.0,4.0,85.0,6.248,417124975.0
0.1779904365539551,11.85736560821533,1.037501931190491,36.0,5.0,86.0,11.904,417124977.0
0.09430015087127686,6.209868431091309,-0.9836599230766296,37.0,6.0,87.0,6.288,417124980.0
0.1840233355760574,11.98060417175293,1.471206665039062,39.0,7.0,88.0,12.072,417124982.0
0.09752810746431351,6.27808952331543,-0.7709454894065857,39.0,8.0,89.0,6.326000000000001,417124984.0
0.1380741447210312,8.88812255859375,1.407910227775574,22.0,9.0,89.0,9.0,417124986.0
0.2074238657951355,13.20392799377441,-1.155336499214172,13.0,10.0,90.0,13.256,417124989.0
0.1429606229066849,9.000386238098145,1.749718546867371,17.0,11.0,91.0,9.17,417124991.0
0.2019684761762619,12.57711601257324,-0.6592236757278442,31.0,12.0,92.0,12.596,417124993.0
0.1472679227590561,9.072138786315918,2.094744205474854,21.0,13.0,93.0,9.312,417124996.0
0.2002133131027222,12.20249843597412,-0.2130240797996521,37.0,14.0,94.0,12.206,417124998.0
0.1509841233491898,9.202102661132812,2.466027975082397,13.0,15.0,94.0,9.528,417125000.0
0.1075709760189056,6.041874408721924,-1.619171977043152,33.0,0.0,102.0,6.256,417125021.0
0.2156063318252563,11.99223518371582,0.2093590646982193,57.0,1.0,103.0,11.996,417125023.0
0.1107802987098694,6.102448463439941,-1.409093379974365,45.0,2.0,104.0,6.264,417125026.0
0.2187194228172302,11.93361568450928,0.625519335269928,47.0,3.0,105.0,11.952,417125028.0
0.1128223091363907,6.155731678009033,-1.196753978729248,42.0,4.0,105.0,6.272,417125030.0
0.2202270179986954,11.90248966217041,1.041511178016663,33.0,5.0,106.0,11.95,417125033.0
0.116418719291687,6.233201503753662,-0.9874143600463867,36.0,6.0,107.0,6.312,417125035.0
0.2264409810304642,12.01164436340332,1.475106477737427,31.0,7.0,108.0,12.104,417125037.0
0.1198952868580818,6.301527500152588,-0.7738703489303589,38.0,8.0,109.0,6.350000000000001,417125039.0
0.1713703274726868,8.925082206726074,1.413854718208313,23.0,9.0,110.0,9.038,417125042.0
0.2540866434574127,13.23300361633301,-1.157951235771179,15.0,10.0,110.0,13.286,417125044.0
0.1752897202968597,9.046941757202148,1.758877277374268,18.0,11.0,111.0,9.218,417125046.0
0.2463770806789398,12.60229396820068,-0.6605844497680664,28.0,12.0,112.0,12.622,417125049.0
0.1800107657909393,9.126123428344727,2.107341527938843,16.0,13.0,113.0,9.368,417125051.0
0.243602454662323,12.24171161651611,-0.2137221693992615,40.0,14.0,114.0,12.246,417125053.0
0.1270774751901627,6.066615104675293,-1.625901222229004,33.0,0.0,120.0,6.282,417125076.0
0.2543356120586395,12.04148006439209,0.2102316915988922,49.0,1.0,121.0,12.046,417125079.0
0.1304490268230438,6.125450134277344,-1.414492249488831,44.0,2.0,122.0,6.288,417125081.0
0.2569805681705475,11.96881198883057,0.6274034380912781,39.0,3.0,123.0,11.988,417125083.0
0.1328348070383072,6.186751842498779,-1.202859878540039,41.0,4.0,123.0,6.304,417125086.0
0.2588258981704712,11.95751285552979,1.046391844749451,45.0,5.0,124.0,12.006,417125088.0
0.1363881230354309,6.250579357147217,-0.990230143070221,38.0,6.0,125.0,6.33,417125090.0
0.265179455280304,12.05651950836182,1.480712532997131,33.0,7.0,126.0,12.15,417125092.0
0.1401314735412598,6.320965766906738,-0.7763077020645142,37.0,8.0,127.0,6.37,417125095.0
0.1988139897584915,8.967982292175293,1.420737862586975,20.0,9.0,127.0,9.082,417125097.0
0.2966817021369934,13.27795314788818,-1.161960363388062,20.0,10.0,128.0,13.332,417125099.0
0.2048155814409256,9.095415115356445,1.768417716026306,13.0,11.0,129.0,9.268,417125102.0
0.2866014540195465,12.6294116973877,-0.6620498299598694,28.0,12.0,130.0,12.65,417125104.0
0.2094823271036148,9.160581588745117,2.115439653396606,13.0,13.0,131.0,9.404,417125106.0
0.2829349040985107,12.27886962890625,-0.2143853604793549,46.0,14.0,132.0,12.284,417125109.0
0.873633086681366,37.91411590576172,10.16175365447998,0.0,15.0,132.0,39.262,417125111.0
0.1489611268043518,6.095103740692139,-1.633665800094604,38.0,0.0,140.0,6.312,417125132.0
0.2973999977111816,12.08249950408936,0.2109646946191788,58.0,1.0,141.0,12.088,417125134.0
0.152409553527832,6.148334980010986,-1.419890999794006,45.0,2.0,142.0,6.312,417125136.0
0.2996551096439362,12.00378227233887,0.6292875409126282,48.0,3.0,143.0,12.024,417125139.0
0.1549197435379028,6.20587682723999,-1.206676125526428,40.0,4.0,143.0,6.324,417125141.0
0.3021159470081329,12.01828098297119,1.051795482635498,43.0,5.0,144.0,12.068,417125143.0
0.1589556783437729,6.279686450958252,-0.9949231743812561,40.0,6.0,145.0,6.36,417125145.0
0.308780312538147,12.1150541305542,1.488024711608887,31.0,7.0,146.0,12.21,417125148.0
0.1626023054122925,6.336313724517822,-0.7782576084136963,24.0,8.0,147.0,6.386,417125150.0
0.2319918721914291,9.040298461914062,1.432313919067383,22.0,9.0,147.0,9.156,417125152.0
0.3434402644634247,13.2927713394165,-1.163354873657227,18.0,10.0,148.0,13.348,417125155.0
0.2390646785497665,9.190811157226562,1.787117004394531,6.0,11.0,149.0,9.366,417125157.0
0.3317825198173523,12.67026233673096,-0.6642479300498962,31.0,12.0,150.0,12.692,417125159.0
0.2453088462352753,9.305898666381836,2.149182319641113,4.0,13.0,151.0,9.554,417125162.0
0.3266961872577667,12.31179046630859,-0.2149787396192551,44.0,14.0,152.0,12.318,417125164.0
1.005767703056335,37.90311050415039,10.15968322753906,1.0,15.0,152.0,39.254,417125166.0
0.1728004068136215,6.109935760498047,-1.63780689239502,40.0,0.0,162.0,6.328,417125187.0
0.3449287712574005,12.12124633789062,0.2116627842187881,63.0,1.0,163.0,12.128,417125189.0
0.1768528521060944,6.176923751831055,-1.426639556884766,46.0,2.0,164.0,6.342000000000001,417125192.0
0.3473542630672455,12.05844306945801,0.6322183609008789,53.0,3.0,165.0,12.08,417125194.0
0.1790300458669662,6.215048789978027,-1.208584189414978,40.0,4.0,165.0,6.334000000000001,417125196.0
0.3490108251571655,12.0429220199585,1.054061532020569,41.0,5.0,166.0,12.094,417125198.0
0.1838726699352264,6.306673049926758,-0.9993033409118652,40.0,6.0,167.0,6.388,417125201.0
0.3572750985622406,12.18124294281006,1.496311783790588,30.0,7.0,168.0,12.278,417125203.0
0.4133200645446777,14.0086555480957,-1.720795154571533,20.0,8.0,169.0,14.12,417125205.0
0.2698622345924377,9.092605590820312,1.44076144695282,19.0,9.0,170.0,9.21,417125208.0
0.3950692415237427,13.31126976013184,-1.165097951889038,17.0,10.0,170.0,13.368,417125210.0
0.277340829372406,9.289907455444336,1.80657958984375,7.0,11.0,171.0,9.468,417125212.0
0.3812695443630219,12.69684410095215,-0.665713369846344,31.0,12.0,172.0,12.72,417125215.0
0.2824510037899017,9.35163688659668,2.159980058670044,4.0,13.0,173.0,9.602,417125217.0
0.3746961653232574,12.33443069458008,-0.2153975963592529,40.0,14.0,174.0,12.342,417125219.0
1.151297450065613,37.89896774291992,10.15968322753906,1.0,15.0,174.0,39.254,417125221.0
0.1938815861940384,6.101571559906006,-1.635736346244812,21.0,0.0,182.0,6.32,417125242.0
0.3885148763656616,12.15994167327881,0.2123608887195587,60.0,1.0,183.0,12.168,417125245.0
0.1992892622947693,6.203536987304688,-1.43293821811676,27.0,2.0,184.0,6.37,417125247.0
0.3907335102558136,12.09708118438721,0.6343117952346802,48.0,3.0,185.0,12.12,417125249.0
0.2019277364015579,6.251667976379395,-1.215834975242615,25.0,4.0,185.0,6.372,417125251.0
0.3926630318164825,12.09141445159912,1.058419346809387,52.0,5.0,186.0,12.144,417125254.0
0.2056925594806671,6.300069808959961,-0.9983647465705872,24.0,6.0,187.0,6.382000000000001,417125256.0
0.4014866054058075,12.23150634765625,1.502648949623108,30.0,7.0,188.0,12.33,417125258.0
0.4635262787342072,14.04680728912354,-1.725669860839844,9.0,8.0,189.0,14.16,417125261.0
0.3027131259441376,9.125171661376953,1.446080207824707,16.0,9.0,190.0,9.244,417125263.0
0.4421924352645874,13.32972240447998,-1.16684103012085,17.0,10.0,190.0,13.388,417125265.0
0.3110756576061249,9.328125953674316,1.814211964607239,6.0,11.0,191.0,9.508000000000001,417125268.0
0.4270596206188202,12.73935127258301,-0.6680161356925964,33.0,12.0,192.0,12.764,417125270.0
0.3154863715171814,9.362279891967773,2.162679433822632,4.0,13.0,193.0,9.614,417125272.0
0.418967604637146,12.36902141571045,-0.2160258889198303,37.0,14.0,194.0,12.378,417125274.0
1.290525078773499,37.90414810180664,10.16227054595947,0.0,15.0,195.0,39.264,417125277.0
0.3808592557907104,10.90638160705566,-2.924137592315674,11.0,0.0,200.0,11.298,417125298.0
0.427836686372757,12.19063663482666,0.2129193544387817,58.0,1.0,201.0,12.2,417125300.0
0.2982514202594757,8.456171989440918,-1.953474998474121,9.0,2.0,202.0,8.684000000000001,417125302.0
0.4303628206253052,12.14170265197754,0.6367192268371582,45.0,3.0,203.0,12.166,417125304.0
0.4323495030403137,12.13790798187256,1.062602758407593,45.0,5.0,204.0,12.192,417125309.0
0.3151543736457825,8.80454158782959,-1.395395398139954,7.0,6.0,205.0,8.92,417125311.0
0.441766232252121,12.28176403045654,1.508986234664917,31.0,7.0,206.0,12.382,417125314.0
0.3219439685344696,8.907248497009277,-1.094386696815491,15.0,8.0,207.0,8.98,417125316.0
0.333601713180542,9.185371398925781,1.455779075622559,15.0,9.0,208.0,9.306000000000001,417125318.0
0.4855130016803741,13.368088722229,-1.170327305793762,20.0,10.0,208.0,13.428,417125321.0
0.3390188813209534,9.289825439453125,1.806961178779602,5.0,11.0,209.0,9.47,417125323.0
0.4681039154529572,12.76588916778564,-0.6694815754890442,32.0,12.0,210.0,12.792,417125325.0
0.3453994691371918,9.374874114990234,2.165828704833984,4.0,13.0,211.0,9.628,417125327.0
0.4594513177871704,12.41160678863525,-0.2167937904596329,36.0,14.0,212.0,12.422,417125330.0
1.403626322746277,37.91752624511719,10.16693019866943,1.0,15.0,212.0,39.282,417125332.0
0.41751828789711,10.86830806732178,-2.914302349090576,39.0,0.0,220.0,11.26,417125353.0
0.4723151624202728,12.23902416229248,0.2137919813394547,49.0,1.0,221.0,12.25,417125355.0
0.3264083564281464,8.420027732849121,-1.945376753807068,19.0,2.0,222.0,8.648,417125357.0
0.4740638136863708,12.17405414581299,0.6384986639022827,43.0,3.0,223.0,12.2,417125360.0
1.698428273200989,43.6159782409668,-8.484512329101562,1.0,4.0,223.0,44.466,417125362.0
0.4772080183029175,12.20003318786621,1.068180799484253,43.0,5.0,224.0,12.256,417125364.0
0.4868267774581909,12.33568668365479,1.51581084728241,30.0,7.0,226.0,12.438,417125369.0
0.3541348576545715,8.933839797973633,-1.097799062728882,14.0,8.0,227.0,9.008000000000001,417125371.0
0.366369903087616,9.201915740966797,1.458594918251038,16.0,9.0,228.0,9.324,417125374.0
0.3581113219261169,8.994488716125488,-0.7875393033027649,15.0,10.0,228.0,9.036,417125376.0
0.3697969913482666,9.247389793395996,1.798947215080261,14.0,11.0,229.0,9.428,417125378.0
0.5141852498054504,12.80209541320801,-0.6714703440666199,30.0,12.0,230.0,12.83,417125380.0
0.3771006762981415,9.348298072814941,2.159980058670044,13.0,13.0,231.0,9.602,417125383.0
0.5046349167823792,12.45588302612305,-0.2175966054201126,38.0,14.0,232.0,12.468,417125385.0
1.536443829536438,37.92397689819336,10.17003536224365,1.0,15.0,232.0,39.294,417125387.0
0.4595727026462555,10.87434482574463,-2.916373014450073,51.0,0.0,242.0,11.268,417125408.0
0.5209169387817383,12.27508068084717,0.214455172419548,58.0,1.0,243.0,12.288,417125410.0
0.3587364554405212,8.418712615966797,-1.945376753807068,14.0,2.0,244.0,8.648,417125413.0
0.5204663872718811,12.21413898468018,0.6406967639923096,46.0,3.0,244.0,12.242,417125415.0
1.816876888275146,42.46364212036133,-8.261648178100586,0.0,4.0,245.0,43.298,417125417.0
0.5262725949287415,12.24986457824707,1.072712898254395,46.0,5.0,246.0,12.308,417125420.0
2.003056526184082,46.43545532226562,-7.361493110656738,1.0,6.0,247.0,47.058,417125422.0
0.5367655754089355,12.39322280883789,1.523123025894165,25.0,7.0,248.0,12.498,417125424.0
0.6794174313545227,15.62379169464111,-1.920173406600952,8.0,8.0,249.0,15.756,417125426.0
0.4003516137599945,9.20643138885498,1.45953357219696,18.0,9.0,249.0,9.33,417125429.0
0.3909937143325806,8.955228805541992,-0.7842273712158203,26.0,10.0,250.0,8.998,417125431.0
0.407709002494812,9.300820350646973,1.809632539749146,13.0,11.0,251.0,9.484,417125433.0
0.5650063753128052,12.8379373550415,-0.6734591126441956,32.0,12.0,252.0,12.868,417125436.0
0.4139389395713806,9.368196487426758,2.164928913116455,10.0,13.0,253.0,9.624,417125438.0
0.5541420578956604,12.49181079864502,-0.218259796500206,40.0,14.0,254.0,12.506,417125440.0
1.682991504669189,37.93902969360352,10.17572975158691,1.0,15.0,254.0,39.316,417125443.0
0.4975284337997437,10.8726749420166,-2.916373014450073,47.0,0.0,262.0,11.268,417125463.0
0.5659639835357666,12.32112979888916,0.2152928858995438,60.0,1.0,263.0,12.336,417125466.0
0.5065141320228577,10.98506927490234,-2.538797616958618,39.0,2.0,264.0,11.286,417125468.0
0.5679078698158264,12.2700080871582,0.6437322497367859,48.0,3.0,265.0,12.3,417125470.0
0.5707862377166748,12.28576755523682,1.076024770736694,43.0,5.0,266.0,12.346,417125475.0
0.4039669930934906,8.662489891052246,-1.373494625091553,4.0,6.0,267.0,8.78,417125477.0
0.5828073024749756,12.45076179504395,1.53043520450592,28.0,7.0,268.0,12.558,417125479.0
0.7717753052711487,16.42638397216797,-2.019131183624268,20.0,8.0,269.0,16.568,417125482.0
0.6135913729667664,13.01117420196533,2.063057661056519,10.0,9.0,270.0,13.188,417125484.0
0.4200922548770905,8.908035278320312,-0.7802181839942932,28.0,10.0,270.0,8.952,417125486.0
0.6115217208862305,12.87179756164551,-0.6753431558609009,32.0,12.0,272.0,12.904,417125491.0
0.5994638800621033,12.52575302124023,-0.2188880741596222,40.0,14.0,274.0,12.542,417125496.0
1.822682499885559,37.94611358642578,10.17935276031494,1.0,15.0,275.0,39.33,417125498.0
0.57084721326828,11.67181968688965,-3.131192922592163,27.0,0.0,280.0,12.098,417125519.0
0.6068258285522461,12.36323070526123,0.2160607874393463,58.0,1.0,281.0,12.38,417125521.0
0.5410222411155701,10.98342418670654,-2.538797616958618,60.0,2.0,282.0,11.286,417125523.0
0.6065711975097656,12.31414985656738,0.6461397409439087,45.0,3.0,282.0,12.346,417125526.0
0.6115520000457764,12.32769298553467,1.079859614372253,31.0,5.0,284.0,12.39,417125530.0
0.4308843016624451,8.655259132385254,-1.37255597114563,7.0,6.0,285.0,8.774000000000001,417125532.0
0.6603199243545532,13.12558174133301,2.081516981124878,7.0,9.0,288.0,13.306,417125539.0
0.4457731246948242,8.8609037399292,-0.7762090563774109,21.0,10.0,288.0,8.906,417125542.0
1.952768087387085,38.68182373046875,7.528559684753418,0.0,11.0,289.0,39.456,417125544.0
0.6541796326637268,12.9136962890625,-0.6776459813117981,32.0,12.0,290.0,12.948,417125546.0
1.892473578453064,37.2293815612793,8.60617733001709,2.0,13.0,291.0,38.258,417125549.0
0.641052782535553,12.56774425506592,-0.2196559906005859,35.0,14.0,292.0,12.586,417125551.0
1.934475421905518,37.92510223388672,10.17521190643311,1.0,15.0,292.0,39.314,417125553.0
0.6110804677009583,11.6601095199585,-3.128604650497437,78.0,0.0,300.0,12.088,417125574.0
0.6520779728889465,12.40097618103027,0.2167588919401169,54.0,1.0,301.0,12.42,417125576.0
0.5789475440979004,10.97368431091309,-2.53699803352356,68.0,2.0,302.0,11.278,417125578.0
0.6519721150398254,12.35783100128174,0.6485471725463867,41.0,3.0,302.0,12.392,417125581.0
0.5842550992965698,11.03767013549805,-2.14850926399231,75.0,4.0,303.0,11.26,417125583.0
0.4606737494468689,8.645812034606934,-1.371304512023926,10.0,6.0,305.0,8.766,417125588.0
0.6755433082580566,12.63691997528076,1.553834080696106,6.0,7.0,306.0,12.75,417125590.0
0.8231858015060425,15.3485107421875,-1.887268662452698,1.0,8.0,307.0,15.486,417125592.0
0.7119702696800232,13.23168563842773,2.098724842071533,6.0,9.0,308.0,13.416,417125595.0
0.4761654734611511,8.849346160888672,-0.7753375172615051,30.0,10.0,308.0,8.896,417125597.0
2.139530897140503,39.63340759277344,7.715170860290527,1.0,11.0,309.0,40.434,417125599.0
0.7014130353927612,12.95122051239014,-0.6797394156455994,33.0,12.0,310.0,12.988,417125602.0
2.022945404052734,37.23227691650391,8.608427047729492,2.0,13.0,311.0,38.268,417125604.0
0.6864421963691711,12.59338474273682,-0.220144659280777,35.0,14.0,312.0,12.614,417125606.0
2.070316791534424,37.98177719116211,10.19229412078857,1.0,15.0,312.0,39.38,417125608.0
0.6519938111305237,11.66176319122314,-3.129639863967896,73.0,0.0,320.0,12.092,417125629.0
0.6978248953819275,12.44254875183105,0.2175267934799194,54.0,1.0,321.0,12.464,417125631.0
0.6167020201683044,10.96186828613281,-2.534748554229736,59.0,2.0,322.0,11.268,417125634.0
0.6995121240615845,12.39523983001709,0.650640606880188,42.0,3.0,323.0,12.432,417125636.0
0.6218952536582947,11.01988220214844,-2.145456314086914,86.0,4.0,323.0,11.244,417125638.0
0.6330772638320923,11.14884471893311,-1.768648028373718,17.0,6.0,325.0,11.306,417125643.0
0.720892071723938,12.65628528594971,1.556515216827393,22.0,7.0,326.0,12.772,417125645.0
0.8606781363487244,15.06411933898926,-1.852657794952393,1.0,8.0,327.0,15.202,417125648.0
0.763280987739563,13.35941505432129,2.11937403678894,5.0,9.0,327.0,13.548,417125650.0
0.5043166875839233,8.799891471862793,-0.77115398645401,21.0,10.0,328.0,8.848,417125652.0
2.466587781906128,42.90872955322266,8.35438060760498,1.0,11.0,329.0,43.784,417125655.0
0.7483415007591248,12.97860240936279,-0.6813094615936279,29.0,12.0,330.0,13.018,417125657.0
2.152560472488403,37.21915435791016,8.607077598571777,2.0,13.0,331.0,38.262,417125659.0
0.7337555885314941,12.64880561828613,-0.221156895160675,38.0,14.0,332.0,12.672,417125661.0
2.18864107131958,37.61521530151367,10.09601306915283,0.0,15.0,333.0,39.008,417125664.0
0.6512222290039062,10.96131706237793,-2.942255020141602,39.0,0.0,340.0,11.368,417125684.0
0.7441079020500183,12.48794460296631,0.2183645069599152,60.0,1.0,341.0,12.512,417125687.0
0.6577523946762085,11.00633525848389,-2.545546054840088,38.0,2.0,342.0,11.316,417125689.0
0.7435910105705261,12.44269466400146,0.653257429599762,46.0,3.0,342.0,12.482,417125691.0
0.6596533060073853,11.00588607788086,-2.143166542053223,88.0,4.0,343.0,11.232,417125694.0
0.7500558495521545,12.47772789001465,1.093630313873291,28.0,5.0,344.0,12.548,417125696.0
0.6723467707633972,11.15248203277588,-1.769586682319641,28.0,6.0,345.0,11.312,417125698.0
0.7669832110404968,12.68539524078369,1.560415029525757,20.0,7.0,346.0,12.804,417125701.0
0.9118146896362305,15.03724575042725,-1.849732875823975,1.0,8.0,347.0,15.178,417125703.0
0.8197945952415466,13.48074626922607,2.139084815979004,4.0,9.0,348.0,13.674,417125705.0
0.5339425206184387,8.780179023742676,-0.7695851922035217,13.0,10.0,348.0,8.83,417125708.0
2.619579076766968,42.95276641845703,8.36468505859375,1.0,11.0,349.0,43.838,417125710.0
0.7957135438919067,13.00980186462402,-0.6830888986587524,32.0,12.0,350.0,13.052,417125712.0
2.282705068588257,37.21530151367188,8.607976913452148,2.0,13.0,351.0,38.266,417125714.0
0.7798680663108826,12.67810153961182,-0.2217153757810593,38.0,14.0,352.0,12.704,417125717.0
2.330515623092651,37.77895355224609,10.14208316802979,0.0,15.0,353.0,39.186,417125719.0
0.685067892074585,10.85859966278076,-2.915337800979614,38.0,0.0,361.0,11.264,417125740.0
0.7931562066078186,12.53702163696289,0.2192720323801041,58.0,1.0,362.0,12.564,417125742.0
0.6991986036300659,11.02135372161865,-2.549595355987549,50.0,2.0,363.0,11.334,417125744.0
0.7920991778373718,12.48573017120361,0.65566486120224,43.0,3.0,363.0,12.528,417125747.0
0.6994888782501221,10.99555683135986,-2.141640186309814,81.0,4.0,364.0,11.224,417125749.0
0.7992085814476013,12.52858066558838,1.098336696624756,31.0,5.0,365.0,12.602,417125751.0
0.7149835228919983,11.17754173278809,-1.773966789245605,44.0,6.0,366.0,11.34,417125754.0
0.817792534828186,12.74985408782959,1.568702220916748,21.0,7.0,367.0,12.872,417125756.0
0.9650116562843323,15.00408840179443,-1.846076846122742,1.0,8.0,368.0,15.148,417125758.0
0.874707043170929,13.60002326965332,2.158482789993286,3.0,9.0,368.0,13.798,417125761.0
0.5674021244049072,8.798046112060547,-0.771328330039978,9.0,10.0,369.0,8.85,417125763.0
2.779145002365112,42.97618103027344,8.371171951293945,1.0,11.0,370.0,43.872,417125765.0
0.8459762334823608,13.04665946960449,-0.6851823329925537,33.0,12.0,371.0,13.092,417125767.0
2.555388212203979,39.30300140380859,9.092971801757812,0.0,13.0,372.0,40.422,417125770.0
0.829062283039093,12.71706295013428,-0.2224483788013458,40.0,14.0,373.0,12.746,417125772.0
2.478291511535645,37.91281127929688,10.18038845062256,0.0,15.0,374.0,39.334,417125774.0
0.5313141942024231,7.978261947631836,-2.142503976821899,9.0,0.0,381.0,8.278,417125795.0
0.8393117785453796,12.57009124755859,0.2199003249406815,56.0,1.0,382.0,12.6,417125797.0
0.7376660704612732,11.01884651184082,-2.549595355987549,52.0,2.0,383.0,11.334,417125800.0
0.8392797708511353,12.53669548034668,0.6584910154342651,42.0,3.0,383.0,12.582,417125802.0
0.8464148640632629,12.57739925384521,1.102868795394897,31.0,5.0,385.0,12.654,417125807.0
0.7549269199371338,11.18877410888672,-1.776156902313232,54.0,6.0,386.0,11.354,417125809.0
0.8685899376869202,12.84000778198242,1.580157876014709,21.0,7.0,387.0,12.966,417125811.0
1.017648458480835,15.00458908081055,-1.846564292907715,2.0,8.0,388.0,15.152,417125814.0
0.9354077577590942,13.79200172424316,2.189456701278687,2.0,9.0,388.0,13.996,417125816.0
0.6013535857200623,8.843718528747559,-0.7755118012428284,15.0,10.0,389.0,8.898,417125818.0
2.6315016746521,38.60025787353516,7.520545959472656,0.0,11.0,390.0,39.414,417125820.0
0.8950533866882324,13.09543418884277,-0.6879038214683533,33.0,12.0,391.0,13.144,417125823.0
2.685637950897217,39.19274520874023,9.069576263427734,0.0,13.0,392.0,40.318,417125825.0
0.8761891722679138,12.75399112701416,-0.2231464684009552,36.0,14.0,393.0,12.786,417125827.0
2.616324663162231,37.9868049621582,10.20264720916748,1.0,15.0,394.0,39.42,417125830.0
0.55767422914505,7.955160617828369,-2.136810064315796,13.0,0.0,401.0,8.256,417125850.0
0.8861284255981445,12.60897541046143,0.220633327960968,47.0,1.0,402.0,12.642,417125853.0
0.8868257403373718,12.58748149871826,0.6613171696662903,42.0,3.0,403.0,12.636,417125857.0
0.5859105587005615,8.295680046081543,-1.616533756256104,19.0,4.0,404.0,8.472,417125860.0
0.894393801689148,12.63200378417969,1.107923746109009,37.0,5.0,405.0,12.712,417125862.0
0.7953770160675049,11.20577526092529,-1.779285550117493,16.0,6.0,406.0,11.374,417125864.0
1.071712851524353,15.02470588684082,-1.849489212036133,2.0,8.0,408.0,15.176,417125869.0
1.003783822059631,14.07238578796387,2.234509944915771,3.0,9.0,408.0,14.284,417125871.0
0.6153098940849304,8.605074882507324,-0.7547687292098999,9.0,10.0,409.0,8.66,417125873.0
3.079807043075562,42.96552276611328,8.373080253601074,1.0,11.0,410.0,43.882,417125876.0
0.9430499076843262,13.12410449981689,-0.6895785331726074,34.0,12.0,411.0,13.176,417125878.0
2.812069177627563,39.03929901123047,9.036283493041992,0.0,13.0,412.0,40.17,417125880.0
0.9240159392356873,12.79672908782959,-0.2239492833614349,38.0,14.0,413.0,12.832,417125883.0
2.741166114807129,37.96250534057617,10.19850540161133,1.0,15.0,413.0,39.404,417125885.0
0.586574137210846,7.968578338623047,-2.140951156616211,10.0,0.0,421.0,8.272,417125906.0
0.9338153600692749,12.65566253662109,0.2215059399604797,56.0,1.0,422.0,12.692,417125908.0
0.5992512702941895,8.102167129516602,-1.875641942024231,15.0,2.0,423.0,8.338000000000001,417125910.0
0.9339998364448547,12.62812900543213,0.6636199355125427,42.0,3.0,423.0,12.68,417125913.0
0.6125418543815613,8.262258529663086,-1.610427975654602,9.0,4.0,424.0,8.44,417125915.0
0.9432071447372437,12.69238567352295,1.113501787185669,35.0,5.0,425.0,12.776,417125917.0
0.8864321708679199,11.90028190612793,-1.89004123210907,22.0,6.0,426.0,12.082,417125919.0
0.9799352884292603,13.12462997436523,1.615987539291382,7.0,7.0,427.0,13.26,417125922.0
3.440277576446533,45.96883773803711,7.301109313964844,1.0,9.0,428.0,46.672,417125926.0
0.6437039971351624,8.58102035522461,-0.7528513073921204,6.0,10.0,429.0,8.638,417125929.0
2.768433809280396,36.81899261474609,7.177089691162109,2.0,11.0,430.0,37.614,417125931.0
0.9921579957008362,13.16454792022705,-0.6918813586235046,31.0,12.0,431.0,13.22,417125933.0
2.933645486831665,38.83492279052734,8.991293907165527,0.0,13.0,432.0,39.97,417125936.0
0.971849799156189,12.83529949188232,-0.2246822863817215,37.0,14.0,433.0,12.874,417125938.0
2.883357286453247,37.99265289306641,10.20937633514404,0.0,15.0,434.0,39.446,417125940.0
0.6170765161514282,8.037964820861816,-2.160103797912598,11.0,0.0,439.0,8.346,417125961.0
0.9777117967605591,12.70649909973145,0.2224483788013458,56.0,1.0,440.0,12.746,417125963.0
0.6257508993148804,8.113844871520996,-1.878791213035583,15.0,2.0,441.0,8.352,417125966.0
0.9792574048042297,12.66877174377441,0.6659227013587952,43.0,3.0,442.0,12.724,417125968.0
0.6348642110824585,8.2133150100708,-1.601269125938416,27.0,4.0,442.0,8.392,417125970.0
0.9881552457809448,12.75491237640381,1.119253993034363,31.0,5.0,443.0,12.842,417125972.0
1.019314289093018,13.09773731231689,1.613062620162964,7.0,7.0,445.0,13.236,417125977.0
0.6654758453369141,8.531819343566895,-1.050757527351379,3.0,8.0,446.0,8.622,417125979.0
3.583446979522705,45.94204711914062,7.298606395721436,1.0,9.0,446.0,46.656,417125982.0
0.6666215658187866,8.527310371398926,-0.7483192086219788,7.0,10.0,447.0,8.586,417125984.0
2.886850595474243,36.84534454345703,7.183958530426025,5.0,11.0,448.0,37.65,417125986.0
1.036325097084045,13.19720649719238,-0.6937654614448547,32.0,12.0,449.0,13.256,417125989.0
2.92047381401062,37.10813903808594,8.59358024597168,1.0,13.0,450.0,38.202,417125991.0
1.015784740447998,12.87803268432617,-0.22548508644104,38.0,14.0,451.0,12.92,417125993.0
2.998653411865234,38.01667022705078,10.21817588806152,1.0,15.0,451.0,39.48,417125996.0
0.6479132175445557,8.07042407989502,-2.169421195983887,11.0,0.0,459.0,8.382,417126016.0
1.02655029296875,12.75881958007812,0.2234257012605667,56.0,1.0,460.0,12.802,417126019.0
0.9364661574363708,11.61382293701172,-2.689964771270752,39.0,2.0,461.0,11.958,417126021.0
1.028460741043091,12.72698974609375,0.6691675186157227,38.0,3.0,462.0,12.786,417126023.0
0.6624232530593872,8.197351455688477,-1.598597764968872,16.0,4.0,462.0,8.378,417126025.0
1.036532044410706,12.79904651641846,1.123437523841858,31.0,5.0,463.0,12.89,417126028.0
0.6769029498100281,8.340271949768066,-1.325312733650208,20.0,6.0,464.0,8.472,417126030.0
1.066476106643677,13.11190605163574,1.615256309509277,14.0,7.0,465.0,13.254,417126032.0
0.6910602450370789,8.478002548217773,-1.04442024230957,7.0,8.0,466.0,8.57,417126035.0
3.756312131881714,45.98373031616211,7.307366847991943,1.0,9.0,467.0,46.712,417126037.0
0.6942746043205261,8.499116897583008,-0.746053159236908,9.0,10.0,467.0,8.56,417126039.0
3.491511583328247,42.6503791809082,8.318127632141113,1.0,11.0,468.0,43.594,417126042.0
1.086958169937134,13.24924468994141,-0.6966962218284607,38.0,12.0,469.0,13.312,417126044.0
3.047911882400513,37.07247161865234,8.58773136138916,2.0,13.0,470.0,38.176,417126046.0
1.064179539680481,12.91626071929932,-0.2262180894613266,36.0,14.0,471.0,12.962,417126049.0
2.861689805984497,34.65925598144531,9.318520545959473,3.0,15.0,472.0,36.004,417126051.0
0.6787816882133484,8.083395957946777,-2.173562288284302,12.0,0.0,480.0,8.398,417126072.0
1.076828002929688,12.7968168258667,0.2241587042808533,47.0,1.0,481.0,12.844,417126074.0
0.9852489233016968,11.68410301208496,-2.707061052322388,25.0,2.0,482.0,12.034,417126076.0
1.079809308052063,12.77886009216309,0.6720983386039734,42.0,3.0,483.0,12.842,417126078.0
0.9855497479438782,11.66335773468018,-2.275206565856934,24.0,4.0,483.0,11.924,417126081.0
1.088310956954956,12.85273456573486,1.128492593765259,35.0,5.0,484.0,12.948,417126083.0
0.7057968974113464,8.3180513381958,-1.322184085845947,11.0,6.0,485.0,8.452,417126085.0
1.122262716293335,13.19889545440674,1.626468300819397,20.0,7.0,486.0,13.346,417126088.0
0.7187585234642029,8.435853958129883,-1.03954553604126,19.0,8.0,487.0,8.53,417126090.0
3.455124139785767,40.5517578125,6.446038722991943,0.0,9.0,487.0,41.206,417126092.0
0.7269461750984192,8.514381408691406,-0.7476219534873962,9.0,10.0,488.0,8.578,417126095.0
3.667724609375,42.87007522583008,8.363539695739746,1.0,11.0,489.0,43.832,417126097.0
1.138753175735474,13.28298091888428,-0.6986849904060364,35.0,12.0,490.0,13.35,417126099.0
3.305361747741699,38.47646713256836,8.91571044921875,0.0,13.0,491.0,39.634,417126102.0
1.115971922874451,12.96407413482666,-0.2271256148815155,33.0,14.0,492.0,13.014,417126104.0
2.97801661491394,34.59516143798828,9.30402660369873,6.0,15.0,492.0,35.948,417126106.0
0.7091827392578125,8.105995178222656,-2.180291652679443,10.0,0.0,500.0,8.424,417126127.0
1.125507235527039,12.8387975692749,0.224961519241333,51.0,1.0,501.0,12.89,417126129.0
1.795591711997986,20.4415225982666,-4.73746919631958,54.0,2.0,502.0,21.06,417126131.0
1.130012989044189,12.83867931365967,0.6754478216171265,42.0,3.0,503.0,12.906,417126134.0
1.030731916427612,11.71069431304932,-2.285128593444824,20.0,4.0,503.0,11.976,417126136.0
1.139294981956482,12.91832160949707,1.134593486785889,33.0,5.0,504.0,13.018,417126138.0
1.175507068634033,13.27596950531006,1.636461496353149,20.0,7.0,506.0,13.428,417126143.0
0.7494287490844727,8.447134971618652,-1.041251659393311,14.0,8.0,507.0,8.544,417126145.0
3.596384286880493,40.45618438720703,6.432898044586182,1.0,9.0,508.0,41.122,417126148.0
0.7624843120574951,8.577282905578613,-0.7533742189407349,21.0,10.0,508.0,8.644,417126150.0
3.774672508239746,42.37791061401367,8.27004337310791,0.0,11.0,509.0,43.342,417126152.0
1.189195990562439,13.32468032836914,-0.7010924816131592,33.0,12.0,510.0,13.396,417126154.0
3.425416946411133,38.30553436279297,8.87881851196289,0.0,13.0,511.0,39.47,417126157.0
1.165858030319214,13.01188468933105,-0.2280331403017044,34.0,14.0,512.0,13.066,417126159.0
3.107903480529785,34.61864852905273,9.313344955444336,3.0,15.0,513.0,35.984,417126161.0
1.990959882736206,21.91935157775879,-5.897450923919678,8.0,0.0,519.0,22.786,417126182.0
1.172788262367249,12.88677310943604,0.2258690446615219,56.0,1.0,520.0,12.942,417126184.0
1.976975440979004,21.68137741088867,-5.02630615234375,12.0,2.0,521.0,22.344,417126187.0
1.176578998565674,12.87861824035645,0.6777506470680237,42.0,3.0,522.0,12.95,417126189.0
1.189028739929199,12.9898681640625,1.141217350959778,30.0,5.0,523.0,13.094,417126194.0
1.976356863975525,21.54981422424316,-3.427479028701782,15.0,6.0,524.0,21.91,417126196.0
1.226064324378967,13.34316158294678,1.645236134529114,17.0,7.0,525.0,13.5,417126198.0
3.728533744812012,40.49976348876953,6.441658496856689,1.0,9.0,526.0,41.178,417126203.0
0.7953153848648071,8.622322082519531,-0.7575576901435852,18.0,10.0,527.0,8.692,417126205.0
3.680860042572021,39.82962417602539,7.775084972381592,1.0,11.0,528.0,40.748,417126207.0
1.235585451126099,13.34452819824219,-0.702348530292511,33.0,12.0,529.0,13.42,417126210.0
3.434699535369873,37.02493667602539,8.584582328796387,2.0,13.0,530.0,38.162,417126212.0
1.213627099990845,13.05772399902344,-0.2289057672023773,38.0,14.0,531.0,13.116,417126214.0
3.532017230987549,38.00187683105469,10.22645854949951,0.0,15.0,531.0,39.512,417126217.0
2.43565845489502,25.81466293334961,-6.947738647460938,9.0,0.0,539.0,26.844,417126237.0
1.223033547401428,12.93834400177002,0.226846382021904,54.0,1.0,540.0,12.998,417126240.0
2.060178518295288,21.75388717651367,-5.04475212097168,12.0,2.0,541.0,22.426,417126242.0
1.225488305091858,12.91618824005127,0.6799487471580505,36.0,3.0,542.0,12.992,417126244.0
2.034842014312744,21.44647407531738,-4.187494277954102,9.0,4.0,542.0,21.946,417126247.0
1.240020751953125,13.04514217376709,1.146446585655212,31.0,5.0,543.0,13.154,417126249.0
2.056811332702637,21.59784507751465,-3.43623948097229,33.0,6.0,544.0,21.966,417126251.0
1.282814264297485,13.44551086425781,1.658398032188416,17.0,7.0,545.0,13.608,417126254.0
1.437589645385742,15.03998851776123,-1.855095148086548,4.0,8.0,546.0,15.222,417126256.0
3.884479761123657,40.56447982788086,6.45417308807373,1.0,9.0,547.0,41.258,417126258.0
0.827117383480072,8.637343406677246,-0.7591265439987183,12.0,10.0,547.0,8.71,417126260.0
3.819868803024292,39.81653213500977,7.775084972381592,1.0,11.0,548.0,40.748,417126263.0
1.287509202957153,13.39580059051514,-0.7052793502807617,34.0,12.0,549.0,13.476,417126265.0
3.639378309249878,37.79639053344727,8.766342163085938,0.0,13.0,550.0,38.97,417126267.0
1.263231873512268,13.09520816802979,-0.2296387702226639,37.0,14.0,551.0,13.158,417126270.0
3.676666498184204,38.04443740844727,10.24146938323975,0.0,15.0,552.0,39.57,417126272.0
1.275333881378174,12.98352718353271,0.2277189940214157,49.0,1.0,561.0,13.048,417126295.0
2.151347160339355,21.86255264282227,-5.071746349334717,14.0,2.0,562.0,22.546,417126297.0
1.278894305229187,12.97322559356689,0.683193564414978,38.0,3.0,563.0,13.054,417126300.0
0.9177536964416504,9.30978012084961,-1.81840968132019,9.0,4.0,563.0,9.53,417126302.0
1.293699502944946,13.09999179840088,1.151675939559937,33.0,5.0,564.0,13.214,417126304.0
2.142570018768311,21.65699768066406,-3.446877002716064,33.0,6.0,565.0,22.034,417126307.0
1.341483354568481,13.53553867340088,1.670097470283508,13.0,7.0,566.0,13.704,417126309.0
1.494665503501892,15.05437183380127,-1.857532501220703,6.0,8.0,567.0,15.242,417126311.0
4.032688140869141,40.61750793457031,6.464810848236084,1.0,9.0,567.0,41.326,417126313.0
0.859952449798584,8.646149635314941,-0.7601723670959473,25.0,10.0,568.0,8.722,417126316.0
3.965778112411499,39.80226516723633,7.775084972381592,1.0,11.0,569.0,40.748,417126318.0
1.342549681663513,13.45061302185059,-0.7084195017814636,37.0,12.0,570.0,13.536,417126320.0
1.316401600837708,13.1422233581543,-0.2305462956428528,33.0,14.0,572.0,13.21,417126325.0
3.450738191604614,34.45025253295898,9.27711009979248,5.0,15.0,572.0,35.844,417126327.0
1.927464127540588,18.97553062438965,-5.110641002655029,12.0,0.0,580.0,19.746,417126348.0
1.326719880104065,13.0386791229248,0.228766143321991,49.0,1.0,581.0,13.108,417126350.0
2.243062019348145,22.00612831115723,-5.106838703155518,17.0,2.0,582.0,22.702,417126353.0
1.330866456031799,13.03425121307373,0.6866477727890015,41.0,3.0,583.0,13.12,417126355.0
0.9504446983337402,9.308473587036133,-1.818791389465332,27.0,4.0,583.0,9.532,417126357.0
1.345703601837158,13.15683937072754,1.157079696655273,30.0,5.0,584.0,13.276,417126360.0
1.398046016693115,13.62161064147949,1.681309461593628,15.0,7.0,586.0,13.796,417126364.0
1.551266312599182,15.08855628967285,-1.862407326698303,6.0,8.0,587.0,15.282,417126366.0
4.192459583282471,40.70856475830078,6.481705665588379,1.0,9.0,588.0,41.434,417126369.0
0.891964852809906,8.660932540893555,-0.7617412209510803,19.0,10.0,588.0,8.74,417126371.0
4.106301307678223,39.80380249023438,7.778137683868408,1.0,11.0,589.0,40.764,417126373.0
1.394420146942139,13.49352550506592,-0.710931658744812,32.0,12.0,590.0,13.584,417126376.0
3.929813623428345,37.96321868896484,8.811332702636719,0.0,13.0,591.0,39.17,417126378.0
1.366393566131592,13.17732906341553,-0.2312443852424622,33.0,14.0,592.0,13.25,417126380.0
3.641846895217896,35.06186676025391,9.445342063903809,1.0,15.0,593.0,36.494,417126383.0
1.999747276306152,19.02632522583008,-5.12617015838623,9.0,0.0,600.0,19.806,417126403.0
1.376203417778015,13.07175350189209,0.2294293344020844,51.0,1.0,601.0,13.146,417126406.0
2.23872709274292,21.22878074645996,-4.92822790145874,4.0,2.0,602.0,21.908,417126408.0
1.38265073299408,13.08911228179932,0.6897879242897034,36.0,3.0,603.0,13.18,417126410.0
0.9833440184593201,9.309003829956055,-1.819554567337036,11.0,4.0,603.0,9.536,417126413.0
1.398539662361145,13.21744537353516,1.162831902503967,31.0,5.0,604.0,13.342,417126415.0
0.9980983734130859,9.417210578918457,-1.499893665313721,9.0,6.0,605.0,9.588000000000001,417126417.0
1.457321524620056,13.72719192504883,1.694958806037903,11.0,7.0,606.0,13.908,417126419.0
1.607284307479858,15.11463260650635,-1.866307139396667,6.0,8.0,607.0,15.314,417126422.0
4.345186233520508,40.86140060424805,6.508299350738525,1.0,9.0,607.0,41.604,417126424.0
0.9274674654006958,8.707295417785645,-0.7660989761352539,22.0,10.0,608.0,8.790000000000001,417126426.0
4.244801044464111,39.78532028198242,7.777374744415283,1.0,11.0,609.0,40.76,417126429.0
1.444271922111511,13.5143928527832,-0.7122923731803894,35.0,12.0,610.0,13.61,417126431.0
4.051935195922852,37.85238647460938,8.788837432861328,0.0,13.0,611.0,39.07,417126433.0
1.418778300285339,13.23212814331055,-0.2322915345430374,36.0,14.0,612.0,13.31,417126436.0
3.769835710525513,35.15908432006836,9.474847793579102,2.0,15.0,612.0,36.608,417126438.0
1.429178595542908,13.13446044921875,0.2306160926818848,51.0,1.0,621.0,13.214,417126461.0
2.309648752212524,21.1917781829834,-4.921479225158691,4.0,2.0,622.0,21.878,417126463.0
1.433533668518066,13.13185787200928,0.692300021648407,35.0,3.0,623.0,13.228,417126466.0
2.355717420578003,21.57950401306152,-4.219550132751465,33.0,4.0,623.0,22.114,417126468.0
1.452681303024292,13.28576469421387,1.169281482696533,30.0,5.0,624.0,13.416,417126470.0
1.515402793884277,13.81476402282715,1.706414580345154,10.0,7.0,626.0,14.002,417126475.0
1.658300042152405,15.09314441680908,-1.864357233047485,7.0,8.0,627.0,15.298,417126477.0
4.508071899414062,41.03055953979492,6.53770923614502,1.0,9.0,627.0,41.792,417126479.0
0.9635224342346191,8.75549602508545,-0.7706310749053955,34.0,10.0,628.0,8.842,417126482.0
4.388383865356445,39.81319046020508,7.785770416259766,1.0,11.0,629.0,40.804,417126484.0
1.495601415634155,13.54698753356934,-0.7142811417579651,52.0,12.0,630.0,13.648,417126486.0
4.471471786499023,40.4373779296875,9.392606735229492,1.0,13.0,631.0,41.754,417126489.0
1.472002625465393,13.290696144104,-0.2334084808826447,39.0,14.0,632.0,13.374,417126491.0
3.907001733779907,35.27627944946289,9.51004695892334,4.0,15.0,632.0,36.744,417126493.0
0.8428249359130859,7.525811195373535,-2.029141426086426,4.0,0.0,639.0,7.84,417126514.0
1.478298783302307,13.17932987213135,0.2314887195825577,45.0,1.0,640.0,13.264,417126516.0
2.510012626647949,22.34206390380859,-5.190520763397217,11.0,2.0,641.0,23.074,417126519.0
1.483772277832031,13.18657398223877,0.6954401731491089,38.0,3.0,642.0,13.288,417126521.0
2.412775993347168,21.44281196594238,-4.194363117218018,11.0,4.0,642.0,21.982,417126523.0
1.505655646324158,13.36006927490234,1.176253914833069,26.0,5.0,643.0,13.496,417126525.0
2.444067478179932,21.65287971496582,-3.451257228851318,16.0,6.0,644.0,22.062,417126528.0
1.573024749755859,13.91420650482178,1.719332695007324,10.0,7.0,645.0,14.108,417126530.0
1.711468458175659,15.11517715454102,-1.867769598960876,11.0,8.0,646.0,15.326,417126532.0
4.673749446868896,41.21281814575195,6.569308757781982,1.0,9.0,647.0,41.994,417126535.0
0.9954699873924255,8.777989387512207,-0.7728971242904663,28.0,10.0,647.0,8.868,417126537.0
4.522601127624512,39.81792831420898,7.789586544036865,1.0,11.0,648.0,40.824,417126539.0
1.542322635650635,13.55782985687256,-0.7151185274124146,45.0,12.0,649.0,13.664,417126542.0
4.603336334228516,40.4029655456543,9.388107299804688,1.0,13.0,650.0,41.734,417126544.0
1.520829081535339,13.32746505737305,-0.2341414839029312,34.0,14.0,651.0,13.416,417126546.0
4.287888050079346,37.57600021362305,10.1338005065918,0.0,15.0,651.0,39.154,417126548.0
0.8653208017349243,7.490198612213135,-2.020341396331787,3.0,0.0,659.0,7.806,417126569.0
1.531648993492126,13.23765563964844,0.2326056659221649,49.0,1.0,660.0,13.328,417126572.0
1.081673502922058,9.33436107635498,-2.169427871704102,15.0,2.0,661.0,9.644,417126574.0
1.5376216173172,13.2487678527832,0.6989990472793579,36.0,3.0,662.0,13.356,417126576.0
1.103366613388062,9.507052421569824,-1.860387682914734,21.0,4.0,662.0,9.75,417126578.0
1.561713218688965,13.43587398529053,1.183400630950928,30.0,5.0,663.0,13.578,417126581.0
2.140011072158813,18.3831615447998,-2.931268930435181,5.0,6.0,664.0,18.738,417126583.0
1.635837554931641,14.03087902069092,1.734444499015808,10.0,7.0,665.0,14.232,417126585.0
1.770666122436523,15.16431903839111,-1.874594211578369,11.0,8.0,666.0,15.382,417126588.0
5.269580364227295,45.06140518188477,7.185660839080811,0.0,9.0,667.0,45.934,417126590.0
1.029807567596436,8.806123733520508,-0.7756860852241516,36.0,10.0,667.0,8.9,417126592.0
4.663162708282471,39.81554794311523,7.792257785797119,1.0,11.0,668.0,40.838,417126595.0
1.591732978820801,13.57021617889404,-0.7160605788230896,35.0,12.0,669.0,13.682,417126597.0
4.700687408447266,40.01504516601562,9.301726341247559,0.0,13.0,670.0,41.35,417126599.0
1.572248101234436,13.3637809753418,-0.2348744869232178,38.0,14.0,671.0,13.458,417126601.0
4.422869205474854,37.53701019287109,10.12758922576904,0.0,15.0,672.0,39.13,417126604.0
0.8928316235542297,7.498642444610596,-2.023447275161743,4.0,0.0,679.0,7.818000000000001,417126625.0
1.583767056465149,13.28186893463135,0.2334782928228378,54.0,1.0,680.0,13.378,417126627.0
1.117715954780579,9.359553337097168,-2.17617654800415,24.0,2.0,681.0,9.674,417126629.0
1.591448664665222,13.3067798614502,0.702348530292511,35.0,3.0,682.0,13.42,417126631.0
1.130950331687927,9.456357955932617,-1.851228833198547,12.0,4.0,682.0,9.702,417126634.0
1.614290237426758,13.47781848907471,1.187584161758423,26.0,5.0,683.0,13.626,417126636.0
2.216636180877686,18.47953033447266,-2.947850942611694,8.0,6.0,684.0,18.844,417126638.0
1.69853663444519,14.13939666748047,1.748581290245056,6.0,7.0,685.0,14.348,417126641.0
1.829753518104553,15.20928859710693,-1.880931496620178,7.0,8.0,686.0,15.434,417126643.0
5.441491603851318,45.16432952880859,7.205058574676514,0.0,9.0,687.0,46.058,417126645.0
1.063876867294312,8.830167770385742,-0.7781264781951904,27.0,10.0,687.0,8.928,417126648.0
4.801175594329834,39.79123306274414,7.790731430053711,1.0,11.0,688.0,40.83,417126650.0
1.657301664352417,13.71527290344238,-0.7240155935287476,23.0,12.0,689.0,13.834,417126652.0
4.875454902648926,40.28858947753906,9.369211196899414,0.0,13.0,690.0,41.65,417126654.0
1.625623106956482,13.41379547119141,-0.2358518242835999,39.0,14.0,691.0,13.514,417126657.0
4.556154251098633,37.59501266479492,10.14725971221924,0.0,15.0,691.0,39.206,417126659.0
0.9260542988777161,7.553004741668701,-2.038976430892944,6.0,0.0,699.0,7.878,417126680.0
1.636699676513672,13.32984924316406,0.2344207167625427,47.0,1.0,700.0,13.432,417126682.0
2.701740503311157,21.97220611572266,-5.110888004302979,8.0,2.0,701.0,22.72,417126684.0
1.646187543869019,13.3685417175293,0.70590740442276,36.0,3.0,702.0,13.488,417126687.0
1.671080708503723,13.55119800567627,1.194556593894958,16.0,5.0,703.0,13.706,417126691.0
2.281612634658813,18.47560119628906,-2.948476791381836,24.0,6.0,704.0,18.848,417126694.0
1.765424251556396,14.27522754669189,1.766130566596985,5.0,7.0,705.0,14.492,417126696.0
1.883808612823486,15.21068859100342,-1.881906390190125,28.0,8.0,706.0,15.442,417126698.0
5.713140964508057,46.06446838378906,7.351794242858887,1.0,9.0,707.0,46.996,417126701.0
1.099843263626099,8.86792278289795,-0.7817870378494263,30.0,10.0,707.0,8.97,417126703.0
4.94585132598877,39.82098770141602,7.799890041351318,1.0,11.0,708.0,40.878,417126705.0
1.708371520042419,13.73517036437988,-0.7253763675689697,20.0,12.0,709.0,13.86,417126707.0
4.650904178619385,37.33968734741211,8.687159538269043,2.0,13.0,710.0,38.618,417126710.0
1.679861426353455,13.46756935119629,-0.2368989586830139,40.0,14.0,711.0,13.574,417126712.0
4.67540168762207,37.4830322265625,10.12137794494629,0.0,15.0,711.0,39.106,417126714.0
0.9570075869560242,7.586143016815186,-2.048811674118042,9.0,0.0,719.0,7.916,417126735.0
1.690237164497375,13.37960529327393,0.2353980541229248,45.0,1.0,720.0,13.488,417126737.0
2.563925266265869,20.26710891723633,-4.716323852539062,7.0,2.0,721.0,20.966,417126740.0
1.699534296989441,13.43434238433838,0.7096755504608154,35.0,3.0,721.0,13.56,417126742.0
3.624623775482178,28.61153030395508,-5.605968475341797,23.0,4.0,722.0,29.38,417126744.0
1.751973152160645,13.81013965606689,1.217914342880249,7.0,5.0,723.0,13.974,417126747.0
2.336381435394287,18.39109802246094,-2.936275005340576,20.0,6.0,724.0,18.77,417126749.0
1.832528948783875,14.4048547744751,1.78294849395752,5.0,7.0,725.0,14.63,417126751.0
1.12184727191925,8.80616283416748,-1.089999437332153,21.0,8.0,726.0,8.944,417126753.0
5.862619400024414,46.01979446411133,7.347726821899414,0.0,9.0,726.0,46.97,417126756.0
1.135833859443665,8.903556823730469,-0.7852732539176941,23.0,10.0,727.0,9.01,417126758.0
5.124627113342285,40.11507034301758,7.860949039459229,0.0,11.0,728.0,41.198,417126760.0
1.762895107269287,13.78063201904297,-0.7280977964401245,23.0,12.0,729.0,13.912,417126763.0
4.769577503204346,37.23237609863281,8.666014671325684,4.0,13.0,730.0,38.524,417126765.0
1.731441736221313,13.49732494354248,-0.2375272512435913,49.0,14.0,731.0,13.61,417126767.0
4.786549091339111,37.31319046020508,10.07996654510498,0.0,15.0,731.0,38.946,417126770.0
0.9864640831947327,7.605745792388916,-2.055023193359375,7.0,0.0,739.0,7.94,417126790.0
1.745944738388062,13.44302940368652,0.2366197258234024,56.0,1.0,740.0,13.558,417126793.0
2.39916205406189,18.44731712341309,-4.294765472412109,13.0,2.0,741.0,19.092,417126795.0
1.754952549934387,13.47555541992188,0.7121877074241638,31.0,3.0,742.0,13.608,417126797.0
1.797334790229797,13.78220748901367,1.215996980667114,7.0,5.0,743.0,13.952,417126802.0
2.397238969802856,18.35736656188965,-2.932207584381104,23.0,6.0,744.0,18.744,417126804.0
1.905965089797974,14.57552051544189,1.804885029792786,4.0,7.0,745.0,14.81,417126806.0
1.153610587120056,8.810066223144531,-1.0909743309021,10.0,8.0,746.0,8.952,417126809.0
1.168201327323914,8.909415245056152,-0.7861447930335999,20.0,10.0,747.0,9.02,417126813.0
1.818537831306458,13.83182048797607,-0.7311332821846008,21.0,12.0,749.0,13.97,417126818.0
5.323534488677979,40.43626022338867,9.416001319885254,1.0,13.0,750.0,41.858,417126820.0
1.782727360725403,13.52291965484619,-0.2380857318639755,39.0,14.0,751.0,13.642,417126823.0
4.915186405181885,37.23410797119141,10.06340217590332,0.0,15.0,752.0,38.882,417126825.0
1.013517379760742,7.606085777282715,-2.056058406829834,4.0,0.0,759.0,7.944,417126846.0
1.801586627960205,13.50226402282715,0.2377715855836868,47.0,1.0,760.0,13.624,417126848.0
1.267125964164734,9.484040260314941,-2.209019422531128,15.0,2.0,761.0,9.82,417126850.0
1.810209274291992,13.54884815216064,0.7163745760917664,33.0,3.0,761.0,13.688,417126853.0
6.219596862792969,46.48991394042969,-9.11723518371582,0.0,4.0,762.0,47.782,417126855.0
1.846755385398865,13.78572368621826,1.21686851978302,15.0,5.0,763.0,13.962,417126857.0
2.448960304260254,18.25686836242676,-2.917502880096436,24.0,6.0,764.0,18.65,417126859.0
1.982464551925659,14.75961875915527,1.828527569770813,2.0,7.0,765.0,15.004,417126862.0
2.026318550109863,15.06618309020996,-1.866550922393799,25.0,8.0,766.0,15.316,417126864.0
1.934293389320374,14.36297798156738,-1.26794171333313,17.0,10.0,767.0,14.548,417126869.0
1.87455940246582,13.88278770446777,-0.7341687679290771,21.0,12.0,769.0,14.028,417126873.0
5.466739654541016,40.43288040161133,9.419600486755371,1.0,13.0,770.0,41.874,417126876.0
1.841456174850464,13.6018238067627,-0.2395866364240646,29.0,14.0,771.0,13.728,417126878.0
5.025155067443848,37.11805725097656,10.03648471832275,0.0,15.0,771.0,38.778,417126880.0
1.048178672790527,7.661836624145508,-2.072105169296265,3.0,0.0,779.0,8.006,417126901.0
1.855492115020752,13.54542255401611,0.2386442124843597,45.0,1.0,780.0,13.674,417126903.0
1.306049585342407,9.522034645080566,-2.21891713142395,3.0,2.0,781.0,9.864,417126905.0
1.865634679794312,13.60180950164795,0.7195147275924683,30.0,3.0,781.0,13.748,417126908.0
6.534366130828857,47.57851409912109,-9.335139274597168,0.0,4.0,782.0,48.924,417126910.0
1.904636859893799,13.85025024414062,1.223143696784973,20.0,5.0,783.0,14.034,417126912.0
2.509440183639526,18.2247257232666,-2.913748264312744,24.0,6.0,784.0,18.626,417126915.0
2.074099540710449,15.0436487197876,1.864600896835327,4.0,7.0,785.0,15.3,417126917.0
2.075639247894287,15.03542137145996,-1.863626003265381,27.0,8.0,786.0,15.292,417126919.0
1.989328384399414,14.39166355133057,-1.271079301834106,16.0,10.0,787.0,14.584,417126924.0
5.6111741065979,40.54149627685547,7.95559024810791,0.0,11.0,788.0,41.694,417126926.0
1.930136203765869,13.92759704589844,-0.7368902564048767,21.0,12.0,789.0,14.08,417126929.0
5.6075758934021,40.41162109375,9.419150352478027,1.0,13.0,790.0,41.872,417126931.0
1.898831129074097,13.66661739349365,-0.2408432066440582,28.0,14.0,791.0,13.8,417126933.0
5.137675762176514,36.97782516479492,10.00335597991943,0.0,15.0,791.0,38.65,417126935.0
1.910277366638184,13.59232997894287,0.2395866364240646,47.0,1.0,800.0,13.728,417126958.0
1.927178740501404,13.67794418334961,0.723910927772522,31.0,3.0,802.0,13.832,417126963.0
6.706432342529297,47.59818267822266,-9.343534469604492,0.0,4.0,802.0,48.968,417126965.0
1.967165946960449,13.94413280487061,1.232033610343933,18.0,5.0,803.0,14.136,417126968.0
1.244387149810791,8.809643745422363,-1.409161686897278,19.0,6.0,804.0,9.008000000000001,417126970.0
6.99720573425293,49.47439956665039,6.135146617889404,1.0,7.0,805.0,50.342,417126972.0
2.125326871871948,15.00842952728271,-1.861188650131226,8.0,8.0,806.0,15.272,417126975.0
2.047943353652954,14.44381141662598,-1.276308655738831,18.0,10.0,807.0,14.644,417126979.0
6.122976303100586,43.13019561767578,8.467721939086914,1.0,11.0,808.0,44.378,417126982.0
1.986048698425293,13.97218704223633,-0.7396117448806763,22.0,12.0,809.0,14.132,417126984.0
5.75382137298584,40.4284553527832,9.427699089050293,1.0,13.0,810.0,41.91,417126986.0
1.953577637672424,13.70939826965332,-0.2417158335447311,23.0,14.0,811.0,13.85,417126988.0
5.254616737365723,36.82869720458984,9.968156814575195,0.0,15.0,812.0,38.514,417126991.0
1.337767720222473,9.29495620727539,-2.516238689422607,15.0,0.0,819.0,9.722,417127011.0
1.967979550361633,13.65683174133301,0.2408432066440582,49.0,1.0,820.0,13.8,417127014.0
1.775169610977173,12.30361175537109,-2.869925498962402,38.0,2.0,821.0,12.758,417127016.0
1.980511784553528,13.72682857513428,0.7268417477607727,30.0,3.0,821.0,13.888,417127018.0
1.280226945877075,8.840435981750488,-1.414793252944946,12.0,6.0,824.0,9.044,417127025.0
7.186952114105225,49.56754302978516,6.149770736694336,1.0,7.0,825.0,50.462,417127028.0
1.299891352653503,8.95418930053711,-1.110960960388184,22.0,8.0,826.0,9.116,417127030.0
2.10637354850769,14.49178218841553,-1.281189441680908,22.0,10.0,827.0,14.7,417127035.0
6.266705989837646,43.06193161010742,8.458562850952148,1.0,11.0,828.0,44.33,417127037.0
2.040568113327026,14.0046968460083,-0.7417051792144775,21.0,12.0,829.0,14.172,417127039.0
5.899690628051758,40.4409065246582,9.435346603393555,1.0,13.0,830.0,41.944,417127041.0
2.010957956314087,13.76779270172119,-0.2428676933050156,23.0,14.0,831.0,13.916,417127044.0
5.373636245727539,36.74514007568359,9.950556755065918,0.0,15.0,832.0,38.446,417127046.0
1.37449586391449,9.330604553222656,-2.527109146118164,10.0,0.0,838.0,9.764,417127067.0
2.022885084152222,13.71551418304443,0.2419950664043427,42.0,1.0,839.0,13.866,417127069.0
1.809412479400635,12.25331687927246,-2.859577894210815,46.0,2.0,840.0,12.712,417127071.0
2.036232471466064,13.78933906555176,0.7305052876472473,26.0,3.0,840.0,13.958,417127074.0
2.104920387268066,14.22014427185059,1.257657408714294,15.0,5.0,842.0,14.43,417127078.0
1.867000818252563,12.59765815734863,-2.01706600189209,41.0,6.0,843.0,12.894,417127081.0
7.349244594573975,49.52969360351562,6.148064613342285,1.0,7.0,844.0,50.448,417127083.0
2.212267398834229,14.89151096343994,-1.848514199256897,8.0,8.0,845.0,15.168,417127085.0
1.35479211807251,9.108620643615723,-0.8056676983833313,11.0,10.0,846.0,9.244,417127090.0
6.421326160430908,43.12052917480469,8.47420883178711,1.0,11.0,847.0,44.412,417127092.0
2.066970586776733,13.86352443695068,-0.7345874905586243,36.0,12.0,848.0,14.036,417127094.0
6.035490989685059,40.43268585205078,9.4380464553833,1.0,13.0,849.0,41.956,417127097.0
2.064878463745117,13.81642532348633,-0.2438450157642365,23.0,14.0,850.0,13.972,417127099.0
5.165267467498779,34.5203971862793,9.35268497467041,4.0,15.0,851.0,36.136,417127101.0
1.401004910469055,9.285634994506836,-2.516238689422607,15.0,0.0,858.0,9.722,417127122.0
2.080007791519165,13.7696647644043,0.2430771142244339,49.0,1.0,859.0,13.928,417127124.0
1.831483721733093,12.11012172698975,-2.827634811401367,31.0,2.0,860.0,12.57,417127127.0
2.094508409500122,13.84929084777832,0.7340641021728516,30.0,3.0,860.0,14.026,417127129.0
1.858422756195068,12.27375888824463,-2.412970542907715,59.0,4.0,861.0,12.646,417127131.0
2.153948068618774,14.20877075195312,1.257308721542358,13.0,5.0,862.0,14.426,417127134.0
1.90622079372406,12.55981636047363,-2.012060165405273,26.0,6.0,863.0,12.862,417127136.0
7.52954626083374,49.55280303955078,6.154158115386963,0.0,7.0,864.0,50.498,417127138.0
2.263637781143188,14.87977313995361,-1.848026752471924,7.0,8.0,865.0,15.164,417127141.0
6.841753959655762,44.97351455688477,7.205058574676514,0.0,9.0,865.0,46.058,417127143.0
1.382978916168213,9.0802001953125,-0.8035759329795837,8.0,10.0,866.0,9.22,417127145.0
6.466744422912598,42.40886306762695,8.33873462677002,0.0,11.0,867.0,43.702,417127147.0
2.111733675003052,13.83253192901611,-0.7333314418792725,34.0,12.0,868.0,14.012,417127150.0
5.59597110748291,36.61257171630859,8.5508394241333,2.0,13.0,869.0,38.012,417127152.0
2.119446277618408,13.85064315795898,-0.244578018784523,23.0,14.0,870.0,14.014,417127154.0
5.288660049438477,34.5212516784668,9.357861518859863,6.0,15.0,871.0,36.156,417127157.0
1.429280996322632,9.253958702087402,-2.508991718292236,14.0,0.0,878.0,9.694,417127177.0
2.137227773666382,13.82160663604736,0.2441242635250092,47.0,1.0,879.0,13.988,417127180.0
1.899085760116577,12.26734828948975,-2.865876436233521,53.0,2.0,880.0,12.74,417127182.0
2.155671834945679,13.9247932434082,0.73846036195755,31.0,3.0,880.0,14.11,417127184.0
1.370839953422546,8.844876289367676,-1.73979640007019,20.0,4.0,881.0,9.118,417127187.0
2.21727991104126,14.28976249694824,1.265152812004089,15.0,5.0,882.0,14.516,417127189.0
1.952173709869385,12.56674957275391,-2.0142502784729,14.0,6.0,883.0,12.876,417127191.0
7.711623668670654,49.58506393432617,6.161470413208008,1.0,7.0,884.0,50.558,417127193.0
2.410849809646606,15.48375606536865,-1.924073219299316,7.0,8.0,885.0,15.788,417127196.0
6.638872146606445,42.63835525512695,6.834621906280518,1.0,9.0,885.0,43.69,417127198.0
2.281264543533325,14.63468742370605,-1.295831561088562,20.0,10.0,886.0,14.868,417127200.0
6.723718643188477,43.0843505859375,8.476117134094238,1.0,11.0,887.0,44.422,417127203.0
2.215500831604004,14.18027400970459,-0.7521723508834839,24.0,12.0,888.0,14.372,417127205.0
5.733978271484375,36.65827560424805,8.566136360168457,2.0,13.0,889.0,38.08,417127207.0
2.176753044128418,13.90045356750488,-0.2455902695655823,41.0,14.0,890.0,14.072,417127210.0
5.443755149841309,34.76309204101562,9.42825984954834,4.0,15.0,890.0,36.428,417127212.0
1.457956194877625,9.226015090942383,-2.502780199050903,14.0,0.0,898.0,9.67,417127233.0
2.195772886276245,13.87924098968506,0.2452761232852936,42.0,1.0,899.0,14.054,417127235.0
1.944029211997986,12.2741174697876,-2.869025707244873,52.0,2.0,900.0,12.754,417127237.0
2.217387676239014,14.00003528594971,0.7428565621376038,27.0,3.0,900.0,14.194,417127240.0
1.399246215820312,8.824524879455566,-1.736743450164795,16.0,4.0,901.0,9.102,417127242.0
2.284327268600464,14.39016246795654,1.274739861488342,15.0,5.0,902.0,14.626,417127244.0
1.42648720741272,8.976065635681152,-1.439509987831116,20.0,6.0,903.0,9.202,417127246.0
7.881541728973389,49.53823852539062,6.159032821655273,1.0,7.0,904.0,50.538,417127249.0
2.478622436523438,15.56150245666504,-1.934797644615173,10.0,8.0,905.0,15.876,417127251.0
6.795124530792236,42.6617431640625,6.842130661010742,1.0,9.0,905.0,43.738,417127253.0
2.338609933853149,14.66598606109619,-1.299317836761475,22.0,10.0,906.0,14.908,417127256.0
6.883355140686035,43.11877822875977,8.487565994262695,1.0,11.0,907.0,44.482,417127258.0
2.273811101913452,14.22767639160156,-0.7551031708717346,20.0,12.0,908.0,14.428,417127260.0
6.471801280975342,40.45000839233398,9.457392692565918,1.0,13.0,909.0,42.042,417127263.0
2.218303442001343,13.84933090209961,-0.2448223531246185,32.0,14.0,910.0,14.028,417127265.0
5.602330207824707,34.93746948242188,9.481059074401855,2.0,15.0,911.0,36.632,417127267.0
1.486145496368408,9.196077346801758,-2.496050834655762,14.0,0.0,918.0,9.644,417127288.0
2.256662368774414,13.94847869873047,0.2466374039649963,49.0,1.0,919.0,14.132,417127290.0
1.992158651351929,12.29995918273926,-2.876674175262451,54.0,2.0,920.0,12.788,417127293.0
2.27955436706543,14.05884552001953,0.7464154362678528,28.0,3.0,921.0,14.262,417127295.0
2.000674962997437,12.33889389038086,-2.429761648178101,31.0,4.0,921.0,12.734,417127297.0
2.350825071334839,14.48239994049072,1.283629775047302,15.0,5.0,922.0,14.728,417127299.0
2.946355819702148,18.13119316101074,-2.909368276596069,26.0,6.0,923.0,18.598,417127302.0
7.994171619415283,49.14011001586914,6.112966060638428,0.0,7.0,924.0,50.16,417127304.0
1.483443975448608,9.108687400817871,-1.133141160011292,11.0,8.0,925.0,9.298,417127306.0
6.941460132598877,42.62216567993164,6.839627742767334,1.0,9.0,925.0,43.722,417127309.0
2.329195261001587,14.28607845306396,-1.266372919082642,52.0,10.0,926.0,14.53,417127311.0
7.038253307342529,43.12161254882812,8.492908477783203,1.0,11.0,927.0,44.51,417127313.0
2.330224752426147,14.26104640960693,-0.7573012709617615,20.0,12.0,928.0,14.47,417127316.0
6.126605033874512,37.45393753051758,8.76184368133545,1.0,13.0,929.0,38.95,417127318.0
2.297656297683716,14.03095054626465,-0.2481732219457626,21.0,14.0,930.0,14.22,417127320.0
5.750624656677246,35.11697006225586,9.534893989562988,2.0,15.0,930.0,36.84,417127323.0
1.510995030403137,9.146995544433594,-2.484145164489746,16.0,0.0,938.0,9.598,417127343.0
2.315125703811646,13.99970436096191,0.2476845532655716,47.0,1.0,939.0,14.192,417127346.0
2.03953742980957,12.31984615325928,-2.882972717285156,56.0,2.0,940.0,12.816,417127348.0
2.341676950454712,14.12961864471436,0.7506023049354553,28.0,3.0,941.0,14.342,417127350.0
2.062029838562012,12.44223499298096,-2.451514005661011,46.0,4.0,941.0,12.848,417127352.0
2.421907901763916,14.59793376922607,1.29461145401001,13.0,5.0,942.0,14.854,417127355.0
3.00153636932373,18.07208061218262,-2.901546478271484,27.0,6.0,943.0,18.548,417127357.0
8.221653938293457,49.4487190246582,6.154889106750488,0.0,7.0,944.0,50.504,417127359.0
1.512622833251953,9.087788581848145,-1.131191253662109,17.0,8.0,945.0,9.282,417127362.0
7.096657752990723,42.59059143066406,6.838688850402832,1.0,9.0,946.0,43.716,417127364.0
2.362348079681396,14.17763137817383,-1.257483005523682,37.0,10.0,946.0,14.428,417127366.0
7.192286014556885,43.11808395385742,8.497106552124023,1.0,11.0,947.0,44.532,417127369.0
2.390188455581665,14.3138952255249,-0.760546088218689,20.0,12.0,948.0,14.532,417127371.0
6.278512001037598,37.55917739868164,8.791537284851074,1.0,13.0,949.0,39.082,417127373.0
2.356520891189575,14.08201313018799,-0.2492203712463379,23.0,14.0,950.0,14.28,417127376.0
5.887594699859619,35.14519500732422,9.548352241516113,2.0,15.0,951.0,36.892,417127378.0
1.538092136383057,9.113091468811035,-2.476380586624146,16.0,0.0,958.0,9.568,417127399.0
2.377638578414917,14.07237911224365,0.2491156458854675,40.0,1.0,959.0,14.274,417127401.0
1.501773953437805,8.879020690917969,-2.078997611999512,21.0,2.0,960.0,9.242,417127403.0
2.404321193695068,14.20012760162354,0.7547891736030579,24.0,3.0,961.0,14.422,417127405.0
2.108726263046265,12.45431900024414,-2.45533013343811,12.0,4.0,961.0,12.868,417127408.0
2.490495920181274,14.69350242614746,1.303849935531616,13.0,5.0,962.0,14.96,417127410.0
3.05898380279541,18.02838516235352,-2.896227598190308,26.0,6.0,963.0,18.514,417127412.0
8.119635581970215,47.80318450927734,5.953561305999756,0.0,7.0,964.0,48.852,417127415.0
2.548603296279907,14.98868942260742,-1.866794586181641,33.0,8.0,965.0,15.318,417127417.0
7.243814468383789,42.60187530517578,6.844320774078369,1.0,9.0,965.0,43.752,417127419.0
2.51947546005249,14.8017520904541,-1.313611388206482,15.0,10.0,966.0,15.072,417127422.0
7.354954242706299,43.16432571411133,8.511225700378418,1.0,11.0,967.0,44.606,417127424.0
2.451556921005249,14.37240409851074,-0.764104962348938,20.0,12.0,968.0,14.6,417127426.0
6.885189533233643,40.32239151000977,9.44389533996582,0.0,13.0,969.0,41.982,417127429.0
2.415769815444946,14.13283538818359,-0.250267505645752,23.0,14.0,970.0,14.34,417127431.0
6.030148029327393,35.27781677246094,9.589763641357422,2.0,15.0,970.0,37.052,417127433.0
1.565299272537231,9.081013679504395,-2.469133615493774,16.0,0.0,978.0,9.540000000000001,417127454.0
2.437966585159302,14.1290225982666,0.250267505645752,45.0,1.0,979.0,14.34,417127456.0
1.537733793258667,8.902528762817383,-2.085746288299561,29.0,2.0,980.0,9.272,417127458.0
2.469527721405029,14.28217887878418,0.7596040964126587,27.0,3.0,981.0,14.514,417127461.0
1.55677318572998,9.003386497497559,-1.776050090789795,29.0,4.0,981.0,9.308,417127463.0
2.562499046325684,14.80447387695312,1.314482927322388,11.0,5.0,982.0,15.082,417127465.0
3.116162776947021,17.9845085144043,-2.89090895652771,27.0,6.0,983.0,18.48,417127468.0
8.298663139343262,47.84496307373047,5.962335586547852,0.0,7.0,984.0,48.924,417127470.0
2.59513521194458,14.94645309448242,-1.862650990486145,15.0,8.0,985.0,15.284,417127472.0
7.397541522979736,42.56141662597656,6.842130661010742,1.0,9.0,986.0,43.738,417127475.0
2.582045555114746,14.85568141937256,-1.319189310073853,16.0,10.0,986.0,15.136,417127477.0
7.438275337219238,42.75154876708984,8.43490219116211,0.0,11.0,987.0,44.206,417127479.0
2.513362884521484,14.43065929412842,-0.7676637768745422,21.0,12.0,988.0,14.668,417127481.0
7.040626525878906,40.38258361816406,9.463690757751465,0.0,13.0,989.0,42.07,417127484.0
2.478496313095093,14.20114326477051,-0.2516287863254547,20.0,14.0,990.0,14.418,417127486.0
6.181350231170654,35.38108062744141,9.623927116394043,2.0,15.0,991.0,37.184,417127488.0
1.589957594871521,9.035539627075195,-2.458263397216797,15.0,0.0,998.0,9.498,417127509.0
2.500800371170044,14.19723224639893,0.2516287863254547,45.0,1.0,999.0,14.418,417127511.0
2.532559156417847,14.34821224212646,0.7635815739631653,24.0,3.0,1001.0,14.59,417127516.0
3.140892505645752,17.79472541809082,-3.512412071228027,31.0,4.0,1001.0,18.408,417127518.0
2.635306835174561,14.91512107849121,1.325115919113159,9.0,5.0,1002.0,15.204,417127521.0
1.610103011131287,9.103472709655762,-1.464226603507996,7.0,6.0,1003.0,9.36,417127523.0
7.686267375946045,43.41373443603516,5.413436412811279,0.0,7.0,1004.0,44.42,417127525.0
2.737359762191772,15.44550800323486,-1.926023125648499,9.0,8.0,1005.0,15.804,417127528.0
7.542087078094482,42.55610275268555,6.845259189605713,0.0,9.0,1005.0,43.758,417127530.0
2.646414995193481,14.91720104217529,-1.325464487075806,15.0,10.0,1006.0,15.208,417127532.0
7.638265609741211,43.01140975952148,8.491381645202637,0.0,11.0,1007.0,44.502,417127534.0
2.525617122650146,14.20745754241943,-0.7562545537948608,39.0,12.0,1008.0,14.45,417127537.0
7.0395188331604,39.55962371826172,9.276531219482422,0.0,13.0,1009.0,41.238,417127539.0
2.53997540473938,14.2593412399292,-0.2528155744075775,23.0,14.0,1010.0,14.486,417127541.0
6.336926460266113,35.57530212402344,9.68242073059082,1.0,15.0,1010.0,37.41,417127544.0
1.601001620292664,8.915848731994629,-2.427205085754395,11.0,0.0,1018.0,9.378,417127564.0
2.562017202377319,14.2533655166626,0.2527806460857391,38.0,1.0,1019.0,14.484,417127567.0
3.469211339950562,19.28106498718262,-4.522865772247314,14.0,2.0,1020.0,20.106,417127569.0
2.596789360046387,14.41790962219238,0.7677685022354126,24.0,3.0,1021.0,14.67,417127571.0
3.195332527160645,17.74114418029785,-3.504016399383545,54.0,4.0,1021.0,18.364,417127574.0
2.712453126907349,15.04504680633545,1.337491989135742,7.0,5.0,1022.0,15.346,417127576.0
1.645378470420837,9.117236137390137,-1.467355251312256,14.0,6.0,1023.0,9.38,417127578.0
8.756697654724121,48.47348403930664,6.048131942749023,0.0,7.0,1024.0,49.628,417127581.0
2.946327924728394,16.29340553283691,-2.033024311065674,3.0,8.0,1025.0,16.682,417127583.0
7.69308614730835,42.50096130371094,6.840878963470459,0.0,9.0,1026.0,43.73,417127585.0
2.707696437835693,14.95884609222412,-1.329996585845947,15.0,10.0,1026.0,15.26,417127587.0
7.815309047698975,43.13323211669922,8.520766258239746,0.0,11.0,1027.0,44.656,417127590.0
2.562363624572754,14.1278076171875,-0.7524864077568054,32.0,12.0,1028.0,14.378,417127592.0
7.148324012756348,39.37374877929688,9.238739967346191,0.0,13.0,1029.0,41.07,417127594.0
2.591522216796875,14.26022529602051,-0.2529900968074799,32.0,14.0,1030.0,14.496,417127597.0
6.488710880279541,35.669677734375,9.714513778686523,1.0,15.0,1031.0,37.534,417127599.0
1.625500559806824,8.874100685119629,-2.417369842529297,10.0,0.0,1038.0,9.34,417127620.0
2.625098705291748,14.31711101531982,0.2540721297264099,42.0,1.0,1039.0,14.558,417127622.0
3.541770458221436,19.29758834838867,-4.529614448547363,13.0,2.0,1040.0,20.136,417127624.0
2.663702249526978,14.49911880493164,0.7725833654403687,24.0,3.0,1041.0,14.762,417127627.0
3.250501155853271,17.69319534301758,-3.496765613555908,43.0,4.0,1041.0,18.326,417127629.0
2.79089879989624,15.17657279968262,1.350042462348938,7.0,5.0,1042.0,15.49,417127631.0
3.227077722549438,17.53125953674316,-2.823329210281372,5.0,6.0,1043.0,18.048,417127634.0
8.96181869506836,48.63784408569336,6.072505474090576,0.0,7.0,1044.0,49.828,417127636.0
2.790754556655884,15.13124370574951,-1.88921856880188,7.0,8.0,1045.0,15.502,417127638.0
7.842581272125244,42.5218391418457,6.848388195037842,0.0,9.0,1045.0,43.778,417127640.0
2.771832704544067,15.01395988464355,-1.335748910903931,13.0,10.0,1046.0,15.326,417127643.0
7.965824127197266,43.10569000244141,8.520766258239746,1.0,11.0,1047.0,44.656,417127645.0
2.692676067352295,14.55673599243164,-0.7758282423019409,21.0,12.0,1048.0,14.824,417127647.0
7.267980575561523,39.25274658203125,9.2162446975708,0.0,13.0,1049.0,40.97,417127650.0
2.636182069778442,14.22356510162354,-0.2525014281272888,34.0,14.0,1050.0,14.468,417127652.0
6.611888408660889,35.674560546875,9.721760749816895,1.0,15.0,1050.0,37.562,417127654.0
1.663915872573853,8.908251762390137,-2.428240299224854,12.0,0.0,1058.0,9.382,417127675.0
2.692698955535889,14.40221118927002,0.2557475566864014,40.0,1.0,1059.0,14.654,417127677.0
1.691277384757996,9.037261009216309,-2.12263822555542,24.0,2.0,1060.0,9.436,417127680.0
2.729374647140503,14.57021999359131,0.7768749594688416,23.0,3.0,1061.0,14.844,417127682.0
2.871397018432617,15.31360816955566,1.363115787506104,5.0,5.0,1062.0,15.64,417127687.0
3.294812679290771,17.55483627319336,-2.82896089553833,9.0,6.0,1063.0,18.084,417127689.0
9.325066566467285,49.63637542724609,6.201199531555176,0.0,7.0,1064.0,50.884,417127691.0
2.836218118667603,15.08239269256592,-1.88434374332428,1.0,8.0,1065.0,15.462,417127693.0
7.985955238342285,42.42680358886719,6.837750434875488,0.0,9.0,1066.0,43.71,417127696.0
2.715501070022583,14.42658138275146,-1.284327030181885,52.0,10.0,1066.0,14.736,417127698.0
7.641874313354492,40.55987167358398,8.022754669189453,0.0,11.0,1067.0,42.046,417127700.0
2.761609077453613,14.64341831207275,-0.7809571623802185,23.0,12.0,1068.0,14.922,417127703.0
7.386879920959473,39.13139343261719,9.19374942779541,0.0,13.0,1069.0,40.87,417127705.0
2.725170850753784,14.42255878448486,-0.2562013268470764,22.0,14.0,1070.0,14.68,417127707.0
7.198901653289795,38.06269836425781,10.37967872619629,1.0,15.0,1071.0,40.104,417127710.0
1.705841183662415,8.959322929382324,-2.443769454956055,16.0,0.0,1078.0,9.442,417127730.0
2.754935264587402,14.45558261871338,0.2568645179271698,40.0,1.0,1079.0,14.718,417127733.0
1.730116128921509,9.069586753845215,-2.131636142730713,3.0,2.0,1080.0,9.476,417127735.0
2.800820112228394,14.6685037612915,0.7826318740844727,22.0,3.0,1081.0,14.954,417127737.0
1.745701432228088,9.142618179321289,-1.809250950813293,10.0,4.0,1081.0,9.482,417127740.0
2.955877542495728,15.46592044830322,1.377583622932434,5.0,5.0,1082.0,15.806,417127742.0
3.376113414764404,17.64799690246582,-2.845855712890625,12.0,6.0,1083.0,18.192,417127744.0
8.00121784210205,41.78534317016602,5.223807334899902,0.0,7.0,1084.0,42.864,417127746.0
2.87988018989563,15.02560997009277,-1.878494024276733,7.0,8.0,1085.0,15.414,417127749.0
8.26567268371582,43.12567138671875,6.954763412475586,0.0,9.0,1085.0,44.458,417127751.0
2.751578092575073,14.34265995025635,-1.277703166007996,28.0,10.0,1086.0,14.66,417127753.0
8.280261039733887,43.12036514282227,8.534886360168457,0.0,11.0,1087.0,44.73,417127756.0
2.816477060317993,14.6533031463623,-0.7820038795471191,9.0,12.0,1088.0,14.942,417127758.0
7.505021095275879,39.00968551635742,9.17125415802002,0.0,13.0,1089.0,40.77,417127760.0
2.791001796722412,14.4934663772583,-0.2576324343681335,22.0,14.0,1090.0,14.762,417127763.0
7.330562114715576,38.06707000732422,10.38744354248047,2.0,15.0,1090.0,40.134,417127765.0
1.747775316238403,9.00831127166748,-2.458781003952026,16.0,0.0,1098.0,9.5,417127786.0
2.819482803344727,14.51850986480713,0.2581560015678406,38.0,1.0,1099.0,14.792,417127788.0
2.757172346115112,14.18442249298096,-3.336024045944214,6.0,2.0,1100.0,14.83,417127790.0
2.870314836502075,14.75274181365967,0.7876561284065247,22.0,3.0,1101.0,15.05,417127793.0
1.774979948997498,9.122979164123535,-1.80657958984375,4.0,4.0,1101.0,9.468,417127795.0
3.044502973556519,15.63347244262695,1.39344596862793,4.0,5.0,1102.0,15.988,417127797.0
3.451679468154907,17.70784378051758,-2.857431888580322,23.0,6.0,1103.0,18.266,417127799.0
8.128780364990234,41.66363906860352,5.212108135223389,0.0,7.0,1104.0,42.768,417127802.0
2.907200336456299,14.88687801361084,-1.862407326698303,7.0,8.0,1105.0,15.282,417127804.0
8.361639022827148,42.81737899780273,6.90971040725708,0.0,9.0,1105.0,44.17,417127806.0
2.811181783676147,14.38185214996338,-1.282060980796814,31.0,10.0,1106.0,14.71,417127809.0
8.429597854614258,43.08541870117188,8.53374195098877,1.0,11.0,1107.0,44.724,417127811.0
7.641144275665283,38.98325347900391,9.17125415802002,0.0,13.0,1109.0,40.77,417127816.0
2.856205940246582,14.55820274353027,-0.2589588165283203,20.0,14.0,1110.0,14.838,417127818.0
7.460049152374268,38.02418899536133,10.38278484344482,2.0,15.0,1110.0,40.116,417127820.0
1.78632640838623,9.038164138793945,-2.468616008758545,15.0,0.0,1118.0,9.538,417127841.0
2.887219667434692,14.59489345550537,0.2596918046474457,38.0,1.0,1119.0,14.88,417127843.0
2.805532932281494,14.16897678375244,-3.33467435836792,6.0,2.0,1120.0,14.824,417127846.0
2.940042972564697,14.83471298217773,0.7925757169723511,20.0,3.0,1121.0,15.144,417127848.0
9.26459789276123,46.74681854248047,-9.263395309448242,1.0,4.0,1121.0,48.548,417127850.0
3.146351337432861,15.86117553710938,1.414712071418762,4.0,5.0,1122.0,16.232,417127852.0
3.528858184814453,17.77318954467773,-2.869946718215942,24.0,6.0,1123.0,18.346,417127855.0
8.33259105682373,41.92900848388672,5.248912811279297,1.0,7.0,1124.0,43.07,417127857.0
2.958760261535645,14.87469291687012,-1.862163543701172,18.0,8.0,1125.0,15.28,417127859.0
2.871870756149292,14.42471122741699,-1.286767363548279,12.0,10.0,1126.0,14.764,417127864.0
8.602580070495605,43.16933059692383,8.556257247924805,0.0,11.0,1127.0,44.842,417127866.0
2.902689456939697,14.55297756195068,-0.7777122855186462,2.0,12.0,1128.0,14.86,417127869.0
7.320120334625244,36.66692733764648,8.632271766662598,1.0,13.0,1129.0,38.374,417127871.0
2.922287464141846,14.62462043762207,-0.2603200972080231,23.0,14.0,1130.0,14.916,417127873.0
7.602953433990479,38.04906463623047,10.39676094055176,1.0,15.0,1130.0,40.17,417127875.0
1.823201179504395,9.058387756347656,-2.475862979888916,15.0,0.0,1138.0,9.566,417127896.0
2.953549385070801,14.66117858886719,0.2610530853271484,40.0,1.0,1139.0,14.958,417127899.0
2.866145133972168,14.21449565887451,-3.347721576690674,7.0,2.0,1140.0,14.882,417127901.0
3.009588003158569,14.91246032714844,0.7972859740257263,20.0,3.0,1141.0,15.234,417127903.0
3.644240140914917,18.05715179443359,-3.580721616744995,8.0,4.0,1141.0,18.766,417127905.0
3.251798629760742,16.09811973571777,1.436849594116211,4.0,5.0,1142.0,16.486,417127908.0
3.617104768753052,17.89048957824707,-2.89090895652771,22.0,6.0,1143.0,18.48,417127910.0
8.497405052185059,41.99111175537109,5.260368347167969,1.0,7.0,1144.0,43.164,417127912.0
3.015787601470947,14.88956642150879,-1.865332126617432,17.0,8.0,1145.0,15.306,417127915.0
9.358572959899902,46.16379928588867,7.460359573364258,1.0,9.0,1146.0,47.69,417127917.0
3.010084629058838,14.84809112548828,-1.325464487075806,26.0,10.0,1146.0,15.208,417127919.0
8.756340026855469,43.1544303894043,8.559309959411621,1.0,11.0,1147.0,44.858,417127922.0
2.947111129760742,14.51144027709961,-0.7760375738143921,2.0,12.0,1148.0,14.828,417127924.0
7.45350170135498,36.66788864135742,8.638570785522461,2.0,13.0,1149.0,38.402,417127926.0
2.977704524993896,14.63588619232178,-0.2607040405273438,32.0,14.0,1150.0,14.938,417127928.0
7.74428653717041,38.0304069519043,10.39934921264648,1.0,15.0,1151.0,40.18,417127931.0
1.856329560279846,9.06743335723877,-2.480004072189331,7.0,0.0,1157.0,9.582,417127952.0
3.022623300552368,14.75121212005615,0.2628332376480103,36.0,1.0,1158.0,15.06,417127954.0
2.914049386978149,14.20873165130615,-3.348621368408203,11.0,2.0,1159.0,14.886,417127956.0
3.08191442489624,15.01391696929932,0.8032522797584534,17.0,3.0,1160.0,15.348,417127958.0
3.37733793258667,16.43854141235352,1.468225598335266,4.0,5.0,1161.0,16.846,417127963.0
3.693520545959473,17.96159553527832,-2.904362201690674,28.0,6.0,1162.0,18.566,417127965.0
10.12926387786865,49.21508407592773,6.169513702392578,0.0,7.0,1163.0,50.624,417127968.0
3.069552183151245,14.90087127685547,-1.868013262748718,17.0,8.0,1164.0,15.328,417127970.0
9.519185066223145,46.16926956176758,7.466304302215576,1.0,9.0,1165.0,47.728,417127972.0
3.082641363143921,14.95120525360107,-1.335574626922607,24.0,10.0,1165.0,15.324,417127975.0
8.065760612487793,39.08547592163086,7.757530689239502,1.0,11.0,1166.0,40.656,417127977.0
2.986328601837158,14.45855522155762,-0.7737347483634949,21.0,12.0,1167.0,14.784,417127979.0
7.6097731590271,36.81090927124023,8.67816162109375,2.0,13.0,1168.0,38.578,417127981.0
3.017308712005615,14.58285045623779,-0.2599361538887024,32.0,14.0,1169.0,14.894,417127984.0
7.866464138031006,38.01913452148438,10.40297317504883,2.0,15.0,1169.0,40.194,417127986.0
2.602016687393188,12.48781299591064,-3.417964220046997,2.0,0.0,1177.0,13.206,417128007.0
3.088384866714478,14.80908679962158,0.264054924249649,36.0,1.0,1178.0,15.13,417128009.0
2.972787380218506,14.24234867095947,-3.358969211578369,7.0,2.0,1179.0,14.932,417128011.0
9.751493453979492,46.67776489257812,-9.269119262695312,0.0,4.0,1180.0,48.578,417128016.0
9.516271591186523,45.51214218139648,4.067907333374023,0.0,5.0,1181.0,46.674,417128018.0
3.751744985580444,17.92732620239258,-2.900920629501343,20.0,6.0,1182.0,18.544,417128021.0
10.34738826751709,49.40092086791992,6.197299957275391,0.0,7.0,1183.0,50.852,417128023.0
3.13091516494751,14.93475151062012,-1.873619318008423,17.0,8.0,1184.0,15.374,417128025.0
9.69245719909668,46.19375610351562,7.475690364837646,1.0,9.0,1185.0,47.788,417128028.0
3.145858764648438,14.99300193786621,-1.340281009674072,31.0,10.0,1185.0,15.378,417128030.0
9.06359577178955,43.15915298461914,8.572284698486328,1.0,11.0,1186.0,44.926,417128032.0
3.034726142883301,14.43827056884766,-0.7732114195823669,19.0,12.0,1187.0,14.774,417128034.0
7.799600124359131,37.07589340209961,8.746996879577637,1.0,13.0,1188.0,38.884,417128037.0
3.102802515029907,14.73659896850586,-0.2628681361675262,7.0,14.0,1189.0,15.062,417128039.0
8.005894660949707,38.02357864379883,10.41177272796631,2.0,15.0,1189.0,40.228,417128041.0
2.999779462814331,14.14927768707275,-3.875556468963623,15.0,0.0,1197.0,14.974,417128063.0
3.154587030410767,14.86668109893799,0.2652765810489655,33.0,1.0,1198.0,15.2,417128065.0
3.030580997467041,14.27000904083252,-3.367967128753662,4.0,2.0,1199.0,14.972,417128068.0
3.250009775161743,15.30322742462158,0.8198950886726379,11.0,3.0,1199.0,15.666,417128070.0
9.897226333618164,46.56278991699219,-9.253091812133789,0.0,4.0,1200.0,48.494,417128072.0
9.656839370727539,45.39289855957031,4.060237407684326,2.0,5.0,1201.0,46.586,417128075.0
3.803604125976562,17.8638858795166,-2.892786026000977,4.0,6.0,1202.0,18.492,417128077.0
10.58100032806396,49.65184020996094,6.233373165130615,1.0,7.0,1203.0,51.148,417128079.0
3.190067529678345,14.95673561096191,-1.877762794494629,19.0,8.0,1204.0,15.408,417128081.0
9.843527793884277,46.15170288085938,7.474125862121582,1.0,9.0,1204.0,47.778,417128084.0
3.208573341369629,15.03064155578613,-1.344638824462891,28.0,10.0,1205.0,15.428,417128086.0
9.202709197998047,43.0734977722168,8.561599731445312,0.0,11.0,1206.0,44.87,417128088.0
3.186593055725098,14.90219402313232,-0.7986466884613037,10.0,12.0,1207.0,15.26,417128091.0
7.978726387023926,37.28092193603516,8.801884651184082,1.0,13.0,1208.0,39.128,417128093.0
3.190243482589722,14.89383792877197,-0.2658699452877045,23.0,14.0,1209.0,15.234,417128095.0
8.152329444885254,38.05962753295898,10.42937183380127,2.0,15.0,1209.0,40.296,417128098.0
3.537862777709961,16.40484428405762,-4.496722221374512,25.0,0.0,1217.0,17.374,417128118.0
3.22713565826416,14.95135879516602,0.2669869065284729,33.0,1.0,1218.0,15.298,417128121.0
4.356799602508545,20.16803741455078,-4.763563632965088,10.0,2.0,1219.0,21.176,417128123.0
3.311986207962036,15.31854248046875,0.8213604688644409,13.0,3.0,1220.0,15.694,417128125.0
10.02899932861328,46.38595581054688,-9.224851608276367,0.0,4.0,1220.0,48.346,417128128.0
3.860502004623413,17.82540321350098,-2.888718843460083,2.0,6.0,1222.0,18.466,417128132.0
10.76266288757324,49.65340423583984,6.238247871398926,1.0,7.0,1223.0,51.188,417128134.0
3.248148679733276,14.97266864776611,-1.88117516040802,19.0,8.0,1224.0,15.436,417128137.0
9.253570556640625,42.61936187744141,6.907520294189453,1.0,9.0,1225.0,44.156,417128139.0
3.291457891464233,15.15953540802002,-1.357189178466797,16.0,10.0,1225.0,15.572,417128141.0
8.676806449890137,39.92933654785156,7.942615032196045,1.0,11.0,1226.0,41.626,417128144.0
3.279339790344238,15.07833671569824,-0.8086951971054077,14.0,12.0,1227.0,15.452,417128146.0
8.131194114685059,37.35566711425781,8.826179504394531,1.0,13.0,1228.0,39.236,417128148.0
3.260516405105591,14.966628074646,-0.267370879650116,22.0,14.0,1229.0,15.32,417128151.0
8.211519241333008,37.66143035888672,10.3284330368042,0.0,15.0,1230.0,39.906,417128153.0
3.823549270629883,17.43401908874512,-4.782458305358887,9.0,0.0,1237.0,18.478,417128174.0
3.301170825958252,15.03961563110352,0.2687670588493347,33.0,1.0,1238.0,15.4,417128176.0
4.448079109191895,20.24787330627441,-4.78605842590332,11.0,2.0,1239.0,21.276,417128178.0
3.383764505386353,15.40306186676025,0.8264894485473633,16.0,3.0,1239.0,15.792,417128181.0
4.053492546081543,18.43634033203125,-3.669256925582886,3.0,4.0,1240.0,19.23,417128183.0
9.944387435913086,45.19205856323242,4.048384189605713,1.0,5.0,1241.0,46.45,417128185.0
3.773151397705078,17.13275909423828,-2.778589010238647,2.0,6.0,1242.0,17.762,417128187.0
10.95728492736816,49.71246337890625,6.250434875488281,0.0,7.0,1243.0,51.288,417128190.0
3.308945655822754,15.00000858306885,-1.88604998588562,23.0,8.0,1244.0,15.476,417128192.0
9.389507293701172,42.52893447875977,6.898134231567383,1.0,9.0,1245.0,44.096,417128194.0
3.370556116104126,15.26663208007812,-1.367822170257568,20.0,10.0,1245.0,15.694,417128197.0
8.858915328979492,40.09242248535156,7.98115873336792,1.0,11.0,1246.0,41.828,417128199.0
3.351791143417358,15.15650463104248,-0.8135101199150085,23.0,12.0,1247.0,15.544,417128201.0
8.294387817382812,37.47546768188477,8.861271858215332,0.0,13.0,1248.0,39.392,417128204.0
3.325281381607056,15.01177406311035,-0.268383115530014,21.0,14.0,1249.0,15.378,417128206.0
8.399869918823242,37.92068481445312,10.40711402893066,0.0,15.0,1249.0,40.21,417128208.0
5.090604782104492,22.8302001953125,-6.267561912536621,24.0,0.0,1257.0,24.216,417128229.0
3.372376918792725,15.11192321777344,0.2702679634094238,31.0,1.0,1258.0,15.486,417128231.0
4.088860511779785,18.30751991271973,-4.330757617950439,24.0,2.0,1259.0,19.252,417128233.0
3.482351541519165,15.59192752838135,0.8372706174850464,6.0,3.0,1259.0,15.998,417128236.0
4.116965770721436,18.41824722290039,-3.668493747711182,15.0,4.0,1260.0,19.226,417128238.0
10.08554840087891,45.08318710327148,4.041760444641113,1.0,5.0,1261.0,46.374,417128240.0
10.82430839538574,48.30634689331055,6.078355312347412,0.0,7.0,1263.0,49.876,417128245.0
3.372145175933838,15.03679180145264,-1.892143368721008,27.0,8.0,1264.0,15.526,417128247.0
9.642159461975098,42.96040725708008,6.973535537719727,0.0,9.0,1265.0,44.578,417128250.0
3.440842628479004,15.33059024810791,-1.374620318412781,17.0,10.0,1265.0,15.772,417128252.0
3.424828052520752,15.23434925079346,-0.8183249831199646,18.0,12.0,1267.0,15.636,417128257.0
8.464505195617676,37.62119674682617,8.902663230895996,0.0,13.0,1268.0,39.576,417128259.0
3.398747682571411,15.09371566772461,-0.2700585424900055,42.0,14.0,1269.0,15.474,417128261.0
8.561469078063965,38.02117538452148,10.44283103942871,1.0,15.0,1269.0,40.348,417128263.0
2.765332221984863,12.20122241973877,-3.352224349975586,11.0,0.0,1277.0,12.952,417128284.0
3.447666645050049,15.19951725006104,0.2720481157302856,33.0,1.0,1278.0,15.588,417128286.0
2.81623649597168,12.40573310852051,-2.936960935592651,15.0,2.0,1279.0,13.056,417128289.0
3.562927484512329,15.68228340148926,0.8428182601928711,6.0,3.0,1280.0,16.104,417128291.0
4.167314052581787,18.34250068664551,-3.6562819480896,35.0,4.0,1280.0,19.162,417128293.0
10.22607040405273,44.97388076782227,4.035136699676514,1.0,5.0,1281.0,46.298,417128296.0
2.101716041564941,9.235814094543457,-1.500206470489502,33.0,6.0,1282.0,9.59,417128298.0
11.2282543182373,49.30184555053711,6.208511829376221,0.0,7.0,1283.0,50.944,417128300.0
3.436964750289917,15.07912158966064,-1.898968100547791,16.0,8.0,1284.0,15.582,417128303.0
9.773155212402344,42.87812042236328,6.965401172637939,0.0,9.0,1284.0,44.526,417128305.0
3.517376899719238,15.41949558258057,-1.383684515953064,22.0,10.0,1285.0,15.876,417128307.0
9.687854766845703,42.43550872802734,8.46085262298584,0.0,11.0,1286.0,44.342,417128310.0
3.491775989532471,15.28266143798828,-0.8215698599815369,10.0,12.0,1287.0,15.698,417128312.0
9.238677978515625,40.40298843383789,9.568517684936523,1.0,13.0,1288.0,42.536,417128314.0
3.466135025024414,15.14608669281006,-0.2712104022502899,31.0,14.0,1289.0,15.54,417128316.0
8.700765609741211,37.98954010009766,10.44283103942871,1.0,15.0,1290.0,40.348,417128319.0
9.273112297058105,40.26243209838867,-11.070725440979,3.0,0.0,1297.0,42.774,417128339.0
3.520913600921631,15.2750768661499,0.2736188173294067,22.0,1.0,1298.0,15.678,417128342.0
4.267821311950684,18.50069618225098,-4.383396148681641,27.0,2.0,1299.0,19.486,417128344.0
3.632869958877563,15.74822807312012,0.8470051288604736,12.0,3.0,1299.0,16.184,417128346.0
2.917448282241821,12.63685703277588,-2.520968437194824,4.0,4.0,1300.0,13.212,417128349.0
10.37851047515869,44.91849899291992,4.033393383026123,0.0,5.0,1301.0,46.278,417128351.0
2.122816562652588,9.180307388305664,-1.492384791374207,52.0,6.0,1302.0,9.540000000000001,417128353.0
11.36268615722656,49.09989547729492,6.188037872314453,0.0,7.0,1303.0,50.776,417128356.0
3.505256175994873,15.1347188949585,-1.907498955726624,11.0,8.0,1304.0,15.652,417128358.0
3.583776235580444,15.46146965026855,-1.388565301895142,30.0,10.0,1305.0,15.932,417128363.0
9.796882629394531,42.23313522338867,8.42726993560791,0.0,11.0,1306.0,44.166,417128365.0
3.500838041305542,15.07971858978271,-0.8113120198249817,3.0,12.0,1307.0,15.502,417128367.0
9.397736549377441,40.44831848144531,9.586963653564453,1.0,13.0,1308.0,42.618,417128369.0
3.540269613265991,15.22543907165527,-0.2728509306907654,27.0,14.0,1309.0,15.634,417128372.0
8.840327262878418,37.98904037475586,10.45111274719238,2.0,15.0,1310.0,40.38,417128374.0
5.691205978393555,24.32185745239258,-6.693060398101807,78.0,0.0,1317.0,25.86,417128395.0
3.596097946166992,15.35615062713623,0.2752942442893982,27.0,1.0,1318.0,15.774,417128397.0
4.351940155029297,18.56916809082031,-4.403192043304443,28.0,2.0,1319.0,19.574,417128399.0
3.71789813041687,15.86379241943359,0.8539134860038757,12.0,3.0,1319.0,16.316,417128402.0
4.34368371963501,18.51939010620117,-3.697496652603149,35.0,4.0,1320.0,19.378,417128404.0
10.52431488037109,44.83544540405273,4.029210090637207,0.0,5.0,1321.0,46.23,417128406.0
2.148072481155396,9.14399528503418,-1.487691760063171,72.0,6.0,1322.0,9.51,417128409.0
11.55308818817139,49.14109420776367,6.198274612426758,0.0,7.0,1323.0,50.86,417128411.0
3.575796127319336,15.19775199890137,-1.917004823684692,15.0,8.0,1324.0,15.73,417128413.0
3.629961967468262,15.41589736938477,-1.385601997375488,34.0,10.0,1325.0,15.898,417128418.0
9.929834365844727,42.13753128051758,8.415058135986328,0.0,11.0,1326.0,44.102,417128420.0
3.537409067153931,14.99936866760254,-0.8076484799385071,6.0,12.0,1327.0,15.432,417128422.0
9.546927452087402,40.44940948486328,9.595062255859375,1.0,13.0,1328.0,42.654,417128425.0
3.61362099647522,15.29861927032471,-0.2743867337703705,21.0,14.0,1329.0,15.722,417128427.0
8.983545303344727,38.00307083129883,10.46353626251221,2.0,15.0,1330.0,40.428,417128429.0
4.847342967987061,20.39437675476074,-5.616890907287598,33.0,0.0,1337.0,21.702,417128450.0
3.672816276550293,15.44077587127686,0.277039498090744,29.0,1.0,1338.0,15.874,417128452.0
3.610735893249512,15.16802501678467,-3.599666833877563,8.0,2.0,1339.0,16.002,417128455.0
3.802851676940918,15.97506809234619,0.8606124520301819,12.0,3.0,1339.0,16.444,417128457.0
4.431506156921387,18.60151481628418,-3.716959238052368,20.0,4.0,1340.0,19.48,417128459.0
10.68167972564697,44.80231094360352,4.029558658599854,0.0,5.0,1341.0,46.234,417128462.0
2.182270288467407,9.146048545837402,-1.489256143569946,63.0,6.0,1342.0,9.52,417128464.0
11.72547435760498,49.10432815551758,6.1987624168396,0.0,7.0,1343.0,50.864,417128466.0
3.63297700881958,15.20255470275879,-1.919198393821716,23.0,8.0,1344.0,15.748,417128469.0
11.04301452636719,46.21059417724609,7.525123596191406,1.0,9.0,1344.0,48.104,417128471.0
3.655946016311646,15.28686809539795,-1.37514328956604,27.0,10.0,1345.0,15.778,417128473.0
10.0549259185791,42.01096725463867,8.396740913391113,0.0,11.0,1346.0,44.006,417128475.0
3.587884187698364,14.97916030883789,-0.8072298169136047,4.0,12.0,1347.0,15.424,417128478.0
9.685792922973633,40.4063606262207,9.592812538146973,1.0,13.0,1348.0,42.644,417128480.0
3.685660362243652,15.36369323730469,-0.2757829129695892,13.0,14.0,1349.0,15.802,417128482.0
9.12832260131836,38.02220153808594,10.47751235961914,2.0,15.0,1350.0,40.482,417128485.0
4.920316219329834,20.38484382629395,-5.618961334228516,7.0,0.0,1357.0,21.71,417128505.0
3.752986192703247,15.53671264648438,0.2789941728115082,29.0,1.0,1358.0,15.986,417128508.0
3.670528650283813,15.18374156951904,-3.606415271759033,5.0,2.0,1359.0,16.032,417128510.0
3.893320322036743,16.10535621643066,0.8683581948280334,10.0,3.0,1359.0,16.592,417128512.0
2.191422939300537,9.058257102966309,-1.811540603637695,25.0,4.0,1360.0,9.494,417128515.0
12.20512008666992,50.41141891479492,4.537850856781006,0.0,5.0,1361.0,52.066,417128517.0
2.217903852462769,9.15373420715332,-1.491759061813354,55.0,6.0,1362.0,9.536,417128519.0
10.84802627563477,44.73786163330078,5.652300357818604,0.0,7.0,1363.0,46.38,417128521.0
3.728152990341187,15.36339950561523,-1.941134929656982,14.0,8.0,1364.0,15.928,417128524.0
11.20192337036133,46.16217041015625,7.523559093475342,1.0,9.0,1364.0,48.094,417128526.0
3.651922225952148,15.03780651092529,-1.353877305984497,23.0,10.0,1365.0,15.534,417128528.0
10.16349220275879,41.81917953491211,8.365447998046875,0.0,11.0,1366.0,43.842,417128531.0
9.836457252502441,40.41206741333008,9.60226058959961,1.0,13.0,1368.0,42.686,417128535.0
3.751572132110596,15.40124893188477,-0.2766904532909393,11.0,14.0,1369.0,15.854,417128538.0
9.253901481628418,37.98984527587891,10.47699451446533,2.0,15.0,1369.0,40.48,417128540.0
5.978235244750977,24.39414596557617,-6.729812622070312,13.0,0.0,1377.0,26.002,417128561.0
3.830059766769409,15.61674118041992,0.2806695997714996,27.0,1.0,1378.0,16.082,417128563.0
3.989505052566528,16.25460052490234,0.8771506547927856,9.0,3.0,1379.0,16.76,417128568.0
2.217409372329712,9.027673721313477,-1.806961178779602,48.0,4.0,1380.0,9.47,417128570.0
12.36674690246582,50.31046676635742,4.532621383666992,0.0,5.0,1381.0,52.006,417128572.0
2.243236780166626,9.1190824508667,-1.487378835678101,55.0,6.0,1382.0,9.508000000000001,417128574.0
10.97517871856689,44.5821418762207,5.637432098388672,1.0,7.0,1383.0,46.258,417128577.0
3.804076671600342,15.44088363647461,-1.952590584754944,8.0,8.0,1384.0,16.022,417128579.0
11.38472747802734,46.21101379394531,7.537950992584229,1.0,9.0,1384.0,48.186,417128581.0
3.721561670303345,15.09460830688477,-1.36015248298645,20.0,10.0,1385.0,15.606,417128584.0
10.30470275878906,41.76438522338867,8.361631393432617,0.0,11.0,1386.0,43.822,417128586.0
3.662206888198853,14.83158874511719,-0.8006354570388794,29.0,12.0,1387.0,15.298,417128588.0
9.987746238708496,40.41910552978516,9.61215877532959,1.0,13.0,1388.0,42.73,417128591.0
3.836992502212524,15.51618003845215,-0.2789941728115082,30.0,14.0,1389.0,15.986,417128593.0
9.396791458129883,37.97067260742188,10.48113632202148,2.0,15.0,1390.0,40.496,417128595.0
6.102059364318848,24.52873039245605,-6.77277660369873,9.0,0.0,1397.0,26.168,417128616.0
3.907737493515015,15.69641876220703,0.2823450267314911,29.0,1.0,1398.0,16.178,417128618.0
2.226008415222168,8.934675216674805,-2.125787496566772,38.0,2.0,1399.0,9.450000000000001,417128621.0
4.090124607086182,16.40459442138672,0.8860477209091187,6.0,3.0,1400.0,16.93,417128623.0
2.244158744812012,9.000828742980957,-1.803145051002502,68.0,4.0,1400.0,9.450000000000001,417128625.0
11.98759651184082,48.04389953613281,4.332163333892822,1.0,5.0,1401.0,49.706,417128627.0
2.272661924362183,9.10161304473877,-1.485814571380615,51.0,6.0,1402.0,9.498,417128630.0
11.12736415863037,44.53007888793945,5.635725975036621,1.0,7.0,1403.0,46.244,417128632.0
11.54740238189697,46.17674255371094,7.53888988494873,1.0,9.0,1404.0,48.192,417128637.0
3.792125463485718,15.15303897857666,-1.366602063179016,16.0,10.0,1405.0,15.68,417128639.0
9.793190002441406,39.10384368896484,7.835762023925781,0.0,11.0,1406.0,41.066,417128641.0
3.618303537368774,14.43705940246582,-0.7800151109695435,29.0,12.0,1407.0,14.904,417128644.0
10.13256645202637,40.39912033081055,9.615757942199707,1.0,13.0,1408.0,42.746,417128646.0
3.918879270553589,15.61324501037598,-0.2809837460517883,38.0,14.0,1409.0,16.1,417128648.0
9.535823822021484,37.99176788330078,10.49563026428223,2.0,15.0,1409.0,40.552,417128651.0
2.209940195083618,8.752867698669434,-2.418922901153564,16.0,0.0,1417.0,9.346,417128671.0
3.990426540374756,15.79319190979004,0.2843345999717712,27.0,1.0,1418.0,16.292,417128674.0
2.253838777542114,8.91362476348877,-2.12263822555542,60.0,2.0,1419.0,9.436,417128676.0
4.187537670135498,16.54898834228516,0.8946308493614197,6.0,3.0,1420.0,17.094,417128678.0
2.276526927947998,8.996747016906738,-1.803908228874207,72.0,4.0,1420.0,9.454,417128680.0
12.10729789733887,47.81248474121094,4.315080642700195,1.0,5.0,1421.0,49.51,417128683.0
2.302477598190308,9.085965156555176,-1.484563112258911,49.0,6.0,1422.0,9.49,417128685.0
11.30274200439453,44.56985855102539,5.645719051361084,0.0,7.0,1423.0,46.326,417128687.0
2.361912965774536,9.306862831115723,-1.178964018821716,48.0,8.0,1424.0,9.674,417128690.0
10.73581409454346,42.27236938476562,6.907833099365234,1.0,9.0,1425.0,44.158,417128692.0
3.902377128601074,15.36564636230469,-1.386996507644653,9.0,10.0,1425.0,15.914,417128694.0
9.93639850616455,39.09606170654297,7.841104984283447,1.0,11.0,1426.0,41.094,417128697.0
3.662768363952637,14.40111351013184,-0.7787590026855469,21.0,12.0,1427.0,14.88,417128699.0
10.28986740112305,40.42771530151367,9.631054878234863,1.0,13.0,1428.0,42.814,417128701.0
3.997047901153564,15.69248676300049,-0.2826591730117798,24.0,14.0,1429.0,16.196,417128704.0
9.681687355041504,37.98277282714844,10.5028772354126,2.0,15.0,1430.0,40.58,417128706.0
4.072554111480713,15.89610004425049,0.2864288985729218,27.0,1.0,1437.0,16.412,417128729.0
2.282417058944702,8.902326583862305,-2.121738433837891,53.0,2.0,1438.0,9.432,417128731.0
4.282102108001709,16.68977928161621,0.9030045866966248,4.0,3.0,1439.0,17.254,417128733.0
2.297566413879395,8.954917907714844,-1.797039151191711,47.0,4.0,1439.0,9.418000000000001,417128736.0
12.22465801239014,47.61189651489258,4.300612926483154,1.0,5.0,1440.0,49.344,417128738.0
2.33751106262207,9.097412109375,-1.487691760063171,51.0,6.0,1441.0,9.51,417128740.0
2.391773223876953,9.295133590698242,-1.178476572036743,49.0,8.0,1443.0,9.67,417128745.0
11.89245986938477,46.21759414672852,7.558600425720215,1.0,9.0,1443.0,48.318,417128747.0
3.955297231674194,15.36033916473389,-1.387693762779236,15.0,10.0,1444.0,15.922,417128750.0
10.14094543457031,39.3537712097168,7.899492263793945,1.0,11.0,1445.0,41.4,417128752.0
3.714493989944458,14.40435981750488,-0.7795963883399963,21.0,12.0,1446.0,14.896,417128754.0
10.43312549591064,40.42922210693359,9.639602661132812,1.0,13.0,1447.0,42.852,417128757.0
4.069564342498779,15.75852870941162,-0.2840902805328369,24.0,14.0,1448.0,16.278,417128759.0
9.803863525390625,37.9633903503418,10.50598239898682,2.0,15.0,1448.0,40.592,417128761.0
2.257326126098633,8.690876960754395,-2.405981779098511,29.0,0.0,1456.0,9.296,417128782.0
4.157194137573242,15.99404048919678,0.2884533703327179,24.0,1.0,1457.0,16.528,417128784.0
2.315930843353271,8.903735160827637,-2.123987913131714,45.0,2.0,1458.0,9.442,417128786.0
4.398191928863525,16.89700698852539,0.9150418639183044,4.0,3.0,1459.0,17.484,417128789.0
2.331778049468994,8.958243370056152,-1.799328804016113,52.0,4.0,1459.0,9.43,417128791.0
12.34105968475342,47.37805938720703,4.283356189727783,1.0,5.0,1460.0,49.146,417128793.0
2.377723217010498,9.12169361114502,-1.493010520935059,43.0,6.0,1461.0,9.544,417128796.0
2.426210165023804,9.294411659240723,-1.179451465606689,19.0,8.0,1463.0,9.678,417128800.0
10.94641494750977,41.90398025512695,6.8596510887146,0.0,9.0,1464.0,43.85,417128803.0
4.037090301513672,15.45439052581787,-1.397455215454102,13.0,10.0,1464.0,16.034,417128805.0
10.35223770141602,39.60114669799805,7.956353664398193,1.0,11.0,1465.0,41.698,417128807.0
3.768795728683472,14.40676403045654,-0.7804337739944458,22.0,12.0,1466.0,14.912,417128809.0
10.57369327545166,40.39067077636719,9.639152526855469,1.0,13.0,1467.0,42.85,417128812.0
4.148365020751953,15.83514499664307,-0.2857308089733124,27.0,14.0,1468.0,16.372,417128814.0
9.718077659606934,37.0694694519043,10.26838684082031,0.0,15.0,1469.0,39.674,417128816.0
2.291586637496948,8.69788932800293,-2.410122871398926,40.0,0.0,1476.0,9.312,417128837.0
4.244606018066406,16.09931564331055,0.2906174659729004,24.0,1.0,1477.0,16.652,417128839.0
2.362407922744751,8.954009056091309,-2.137934923171997,21.0,2.0,1478.0,9.504,417128842.0
4.517819404602051,17.11135101318359,0.9274978041648865,3.0,3.0,1479.0,17.722,417128844.0
2.365038633346558,8.957642555236816,-1.800855278968811,47.0,4.0,1479.0,9.438,417128846.0
12.455979347229,47.14398956298828,4.266099452972412,1.0,5.0,1480.0,48.948,417128849.0
2.415608644485474,9.136255264282227,-1.49676501750946,72.0,6.0,1481.0,9.568,417128851.0
12.38308811187744,46.80195236206055,5.944299221038818,0.0,7.0,1482.0,48.776,417128853.0
4.205954551696777,15.88521671295166,-2.017668962478638,16.0,8.0,1483.0,16.556,417128856.0
12.23151206970215,46.19646072387695,7.568925380706787,1.0,9.0,1483.0,48.384,417128858.0
4.09764575958252,15.46524143218994,-1.399721264839172,16.0,10.0,1484.0,16.06,417128860.0
10.55531597137451,39.8095703125,8.005581855773926,1.0,11.0,1485.0,41.956,417128862.0
3.821110486984253,14.40124225616455,-0.7808524966239929,30.0,12.0,1486.0,14.92,417128865.0
10.62160015106201,40.00318908691406,9.55547046661377,0.0,13.0,1487.0,42.478,417128867.0
4.226722717285156,15.90753650665283,-0.2873015105724335,23.0,14.0,1488.0,16.462,417128869.0
9.834502220153809,37.01276779174805,10.26165771484375,0.0,15.0,1488.0,39.648,417128872.0
2.327918291091919,8.712233543395996,-2.416334629058838,21.0,0.0,1496.0,9.336,417128892.0
4.321955680847168,16.16360664367676,0.2920485734939575,11.0,1.0,1497.0,16.734,417128895.0
2.43596076965332,9.103839874267578,-2.175726652145386,45.0,2.0,1498.0,9.672,417128897.0
4.646228313446045,17.35207366943359,0.9414191842079163,3.0,3.0,1499.0,17.988,417128899.0
2.398323535919189,8.956917762756348,-1.802381753921509,52.0,4.0,1499.0,9.446,417128902.0
12.58591651916504,46.97127914428711,4.254420280456543,1.0,5.0,1500.0,48.814,417128904.0
2.442881107330322,9.110595703125,-1.493949174880981,66.0,6.0,1501.0,9.55,417128906.0
12.54638195037842,46.75844192504883,5.944299221038818,0.0,7.0,1502.0,48.776,417128909.0
4.288661956787109,15.97204875946045,-2.030586957931519,16.0,8.0,1503.0,16.662,417128911.0
12.40997505187988,46.1856575012207,7.574556827545166,1.0,9.0,1504.0,48.42,417128913.0
4.157808303833008,15.47393321990967,-1.40181291103363,19.0,10.0,1504.0,16.084,417128915.0
10.72683906555176,39.89382171630859,8.03000545501709,1.0,11.0,1505.0,42.084,417128918.0
3.868762254714966,14.37817287445068,-0.7803291082382202,29.0,12.0,1506.0,14.91,417128920.0
10.85743999481201,40.32339477539062,9.640952110290527,0.0,13.0,1507.0,42.858,417128922.0
4.312399387359619,16.00467300415039,-0.2893259823322296,24.0,14.0,1508.0,16.578,417128925.0
9.968083381652832,36.96900939941406,10.25958728790283,0.0,15.0,1509.0,39.64,417128927.0
5.100106239318848,18.79743957519531,0.3399728834629059,17.0,1.0,1518.0,19.48,417128950.0
2.463184356689453,9.072281837463379,-2.170327663421631,32.0,2.0,1519.0,9.648,417128952.0
4.80195951461792,17.67414665222168,0.9598414301872253,3.0,3.0,1520.0,18.34,417128955.0
2.439372062683105,8.978381156921387,-1.8084876537323,49.0,4.0,1520.0,9.478,417128957.0
12.71565055847168,46.76910400390625,4.240301132202148,1.0,5.0,1521.0,48.652,417128959.0
12.68430137634277,46.58955764770508,5.928699970245361,0.0,7.0,1523.0,48.648,417128964.0
4.377438545227051,16.06730842590332,-2.044723749160767,15.0,8.0,1524.0,16.778,417128966.0
11.67748260498047,42.86198806762695,7.036109447479248,1.0,9.0,1524.0,44.978,417128968.0
4.222880363464355,15.48934555053711,-1.40460193157196,16.0,10.0,1525.0,16.116,417128971.0
10.92982578277588,40.06258010864258,8.071983337402344,1.0,11.0,1526.0,42.304,417128973.0
3.922487020492554,14.36775016784668,-0.7805384397506714,39.0,12.0,1527.0,14.914,417128975.0
11.02981090545654,40.37356185913086,9.66254711151123,1.0,13.0,1528.0,42.954,417128978.0
4.399506568908691,16.09292221069336,-0.2912108600139618,22.0,14.0,1529.0,16.686,417128980.0
10.15310668945312,37.13897323608398,10.31652736663818,0.0,15.0,1529.0,39.86,417128982.0
2.508482694625854,9.125649452209473,-2.535908937454224,11.0,0.0,1537.0,9.798,417129003.0
4.593964099884033,16.7010498046875,0.302345484495163,38.0,1.0,1538.0,17.324,417129005.0
2.490182876586914,9.04671859741211,-2.166278600692749,46.0,2.0,1539.0,9.63,417129008.0
4.971823215484619,18.05008888244629,0.9811944961547852,1.0,3.0,1540.0,18.748,417129010.0
2.472783088684082,8.977381706237793,-1.810014128684998,39.0,4.0,1540.0,9.486,417129012.0
12.86135673522949,46.66104888916016,4.234549045562744,1.0,5.0,1541.0,48.586,417129015.0
2.52376914024353,9.150009155273438,-1.503335237503052,41.0,6.0,1542.0,9.61,417129017.0
12.91656875610352,46.79758453369141,5.960873126983643,0.0,7.0,1543.0,48.912,417129019.0
4.459393501281738,16.14569091796875,-2.05666708946228,14.0,8.0,1544.0,16.876,417129021.0
11.90817451477051,43.0854606628418,7.079911231994629,0.0,9.0,1545.0,45.258,417129024.0
4.283822536468506,15.49947547912598,-1.406867980957031,15.0,10.0,1545.0,16.142,417129026.0
11.12560081481934,40.22665023803711,8.11281681060791,0.0,11.0,1546.0,42.518,417129028.0
3.970484972000122,14.34627151489258,-0.780119776725769,39.0,12.0,1547.0,14.906,417129031.0
11.18835735321045,40.3986701965332,9.677844047546387,1.0,13.0,1548.0,43.022,417129033.0
4.483425617218018,16.17767333984375,-0.2930259108543396,20.0,14.0,1549.0,16.79,417129035.0
10.52251148223877,37.94295120239258,10.55049991607666,1.0,15.0,1550.0,40.764,417129038.0
2.528366327285767,9.080060005187988,-2.525556325912476,26.0,0.0,1556.0,9.758000000000001,417129058.0
4.642880439758301,16.66260719299316,0.3019266426563263,36.0,1.0,1557.0,17.3,417129061.0
2.527496814727783,9.064691543579102,-2.172577381134033,45.0,2.0,1558.0,9.658,417129063.0
12.87381458282471,46.13991165161133,2.510451078414917,0.0,3.0,1559.0,47.968,417129065.0
2.513619661331177,9.008844375610352,-1.818028092384338,37.0,4.0,1559.0,9.528,417129068.0
13.10281753540039,46.92901992797852,4.262787342071533,0.0,5.0,1560.0,48.91,417129070.0
2.55090856552124,9.13017463684082,-1.501458048820496,29.0,6.0,1561.0,9.598,417129072.0
13.06633853912354,46.73537826538086,5.958436012268066,0.0,7.0,1562.0,48.892,417129074.0
4.518793106079102,16.15184211730957,-2.059348106384277,15.0,8.0,1563.0,16.898,417129077.0
12.91364192962646,46.15814590454102,7.591451644897461,1.0,9.0,1563.0,48.528,417129079.0
4.342179775238037,15.51012706756592,-1.409134030342102,16.0,10.0,1564.0,16.168,417129081.0
11.31825160980225,40.40127182006836,8.155557632446289,0.0,11.0,1565.0,42.742,417129084.0
4.019115447998047,14.33687210083008,-0.7803291082382202,45.0,12.0,1566.0,14.91,417129086.0
11.33068466186523,40.39136505126953,9.685042381286621,1.0,13.0,1567.0,43.054,417129088.0
4.561367988586426,16.24935531616211,-0.2945966124534607,25.0,14.0,1568.0,16.88,417129091.0
10.64688110351562,37.92830276489258,10.5556755065918,2.0,15.0,1568.0,40.784,417129093.0
2.556373357772827,9.058164596557617,-2.52193284034729,35.0,0.0,1576.0,9.744,417129114.0
4.69829797744751,16.63667678833008,0.301752120256424,18.0,1.0,1577.0,17.29,417129116.0
2.573431730270386,9.106446266174316,-2.184724569320679,31.0,2.0,1578.0,9.712,417129118.0
13.12936019897461,46.42910385131836,2.528664112091064,0.0,3.0,1579.0,48.316,417129121.0
2.563214778900146,9.064247131347656,-1.831003069877625,12.0,4.0,1579.0,9.596,417129123.0
13.33707427978516,47.13222122192383,4.28544807434082,0.0,5.0,1580.0,49.17,417129125.0
2.591912269592285,9.153526306152344,-1.506776809692383,49.0,6.0,1581.0,9.632,417129127.0
12.92201232910156,45.60465621948242,5.819992542266846,0.0,7.0,1582.0,47.756,417129130.0
4.528035163879395,15.96981716156006,-2.038142919540405,27.0,8.0,1583.0,16.724,417129132.0
13.10108947753906,46.20590972900391,7.60678243637085,1.0,9.0,1583.0,48.626,417129134.0
4.402276039123535,15.51595973968506,-1.411051511764526,13.0,10.0,1584.0,16.19,417129137.0
11.47422313690186,40.41439819335938,8.166243553161621,0.0,11.0,1585.0,42.798,417129139.0
4.07022762298584,14.32659816741943,-0.7805384397506714,49.0,12.0,1586.0,14.914,417129141.0
11.4726734161377,40.35531616210938,9.685942649841309,1.0,13.0,1587.0,43.058,417129144.0
4.651985168457031,16.35258293151855,-0.2967607080936432,22.0,14.0,1588.0,17.004,417129146.0
10.78343963623047,37.9057731628418,10.55981731414795,1.0,15.0,1588.0,40.8,417129148.0
2.591163873672485,9.060330390930176,-2.525038719177246,26.0,0.0,1596.0,9.756,417129169.0
4.793755054473877,16.75090789794922,0.3041256368160248,16.0,1.0,1597.0,17.426,417129171.0
5.363280773162842,18.71631050109863,-3.784505605697632,7.0,4.0,1599.0,19.834,417129178.0
13.61135101318359,47.46842193603516,4.320310115814209,0.0,5.0,1600.0,49.57,417129180.0
2.634199857711792,9.180499076843262,-1.512721300125122,33.0,6.0,1601.0,9.67,417129183.0
13.08222007751465,45.56309127807617,5.820479869842529,0.0,7.0,1602.0,47.76,417129185.0
4.596908569335938,15.9997034072876,-2.043992519378662,14.0,8.0,1603.0,16.772,417129187.0
12.69506740570068,44.15659332275391,7.277018547058105,0.0,9.0,1604.0,46.518,417129190.0
4.463016033172607,15.52347564697266,-1.413143157958984,13.0,10.0,1604.0,16.214,417129192.0
11.6000280380249,40.32126998901367,8.155557632446289,0.0,11.0,1605.0,42.742,417129194.0
4.116343975067139,14.29886722564697,-0.7798057198524475,58.0,12.0,1606.0,14.9,417129197.0
11.64098072052002,40.41052627563477,9.708887100219727,1.0,13.0,1607.0,43.16,417129199.0
4.741716384887695,16.44961166381836,-0.2988201081752777,24.0,14.0,1608.0,17.122,417129201.0
10.926926612854,37.90688323974609,10.57068729400635,1.0,15.0,1608.0,40.842,417129203.0
2.630301952362061,9.077207565307617,-2.532285451889038,31.0,0.0,1616.0,9.784,417129224.0
5.441945552825928,18.76797294616699,0.3410898447036743,10.0,1.0,1617.0,19.544,417129227.0
3.979308366775513,13.71473693847656,-3.296882629394531,3.0,2.0,1618.0,14.656,417129229.0
13.63694477081299,46.96926879882812,2.563205718994141,0.0,3.0,1619.0,48.976,417129231.0
5.465256214141846,18.82379722595215,-3.810074090957642,11.0,4.0,1619.0,19.968,417129233.0
13.87701797485352,47.76501083374023,4.351686000823975,0.0,5.0,1620.0,49.93,417129236.0
5.50892162322998,18.94948768615723,-3.125560522079468,26.0,6.0,1621.0,19.98,417129238.0
13.23785781860352,45.50571060180664,5.81901741027832,0.0,7.0,1622.0,47.748,417129240.0
4.717089176177979,16.20465278625488,-2.072266340255737,5.0,8.0,1623.0,17.004,417129243.0
12.83255195617676,44.05511093139648,7.267632484436035,0.0,9.0,1624.0,46.458,417129245.0
4.526648044586182,15.54032230377197,-1.416106462478638,12.0,10.0,1624.0,16.248,417129247.0
11.77586460113525,40.40116119384766,8.179981231689453,0.0,11.0,1625.0,42.87,417129250.0
4.161757469177246,14.26907253265381,-0.7789683938026428,50.0,12.0,1626.0,14.884,417129252.0
11.78469944000244,40.37899780273438,9.711136817932129,1.0,13.0,1627.0,43.17,417129254.0
4.829939365386963,16.53853225708008,-0.3007398545742035,22.0,14.0,1628.0,17.232,417129256.0
11.0782527923584,37.90922927856445,10.58259296417236,2.0,15.0,1629.0,40.888,417129259.0
3.742055177688599,12.75549983978271,-3.561867713928223,9.0,0.0,1635.0,13.762,417129280.0
5.109872341156006,17.40671348571777,0.3166564702987671,16.0,1.0,1636.0,18.144,417129282.0
4.004993915557861,13.6341552734375,-3.280686140060425,15.0,2.0,1637.0,14.584,417129284.0
3.684545040130615,12.53516292572021,-2.539667844772339,10.0,4.0,1638.0,13.31,417129289.0
5.597385406494141,19.01828384399414,-3.139952659606934,27.0,6.0,1640.0,20.072,417129293.0
13.39822101593018,45.49393463134766,5.823161125183105,0.0,7.0,1641.0,47.782,417129296.0
4.79773473739624,16.28032112121582,-2.08396577835083,7.0,8.0,1642.0,17.1,417129298.0
13.11154937744141,44.4632568359375,7.342095375061035,0.0,9.0,1643.0,46.934,417129300.0
4.586609840393066,15.5538911819458,-1.418721199035645,13.0,10.0,1643.0,16.278,417129303.0
12.05201435089111,40.84393310546875,8.27767562866211,1.0,11.0,1644.0,43.382,417129305.0
4.212446212768555,14.26668643951416,-0.7795963883399963,54.0,12.0,1645.0,14.896,417129307.0
11.91632747650146,40.33222198486328,9.70933723449707,1.0,13.0,1646.0,43.162,417129309.0
4.917639255523682,16.63364791870117,-0.302764356136322,22.0,14.0,1647.0,17.348,417129312.0
10.33849048614502,34.96938705444336,9.770936965942383,1.0,15.0,1647.0,37.752,417129314.0
3.784906625747681,12.73680400848389,-3.560314893722534,12.0,0.0,1655.0,13.756,417129335.0
5.162052631378174,17.36001968383789,0.3161329030990601,35.0,1.0,1656.0,18.114,417129337.0
3.724110841751099,12.51621437072754,-3.014794111251831,6.0,2.0,1657.0,13.402,417129339.0
14.06234264373779,47.23140335083008,2.582674741744995,1.0,3.0,1658.0,49.348,417129342.0
4.044804096221924,13.5853443145752,-2.755281925201416,30.0,4.0,1658.0,14.44,417129344.0
14.28146171569824,47.936767578125,4.376090049743652,0.0,5.0,1659.0,50.21,417129346.0
5.685747146606445,19.07246017456055,-3.152154445648193,29.0,6.0,1660.0,20.15,417129349.0
13.55978012084961,45.45639801025391,5.824379444122314,0.0,7.0,1661.0,47.792,417129351.0
4.888601303100586,16.37760353088379,-2.098590135574341,4.0,8.0,1662.0,17.22,417129353.0
13.38539600372314,44.814697265625,7.407797813415527,0.0,9.0,1663.0,47.354,417129356.0
4.647147178649902,15.5587854385376,-1.420638561248779,15.0,10.0,1663.0,16.3,417129358.0
12.20125961303711,40.82418823242188,8.282255172729492,1.0,11.0,1664.0,43.406,417129360.0
4.264509677886963,14.25954914093018,-0.7800151109695435,45.0,12.0,1665.0,14.904,417129362.0
12.08497428894043,40.38372802734375,9.731832504272461,1.0,13.0,1666.0,43.262,417129365.0
6.045492172241211,20.1890754699707,-0.3678618371486664,28.0,14.0,1667.0,21.078,417129367.0
10.45328903198242,34.90902709960938,9.764206886291504,1.0,15.0,1667.0,37.726,417129369.0
3.522572755813599,11.70422744750977,-3.27509617805481,8.0,0.0,1675.0,12.654,417129390.0
5.212239265441895,17.30742835998535,0.3155046105384827,21.0,1.0,1676.0,18.078,417129392.0
3.779585599899292,12.54232120513916,-3.024241924285889,4.0,2.0,1677.0,13.444,417129395.0
14.15607643127441,46.97606658935547,2.571265459060669,1.0,3.0,1677.0,49.13,417129397.0
4.079164981842041,13.52791023254395,-2.746504783630371,56.0,4.0,1678.0,14.394,417129399.0
14.4694242477417,47.95529174804688,4.382365226745605,1.0,5.0,1679.0,50.282,417129402.0
5.773983478546143,19.12435722351074,-3.164043426513672,29.0,6.0,1680.0,20.226,417129404.0
13.724684715271,45.42969131469727,5.827060699462891,0.0,7.0,1681.0,47.814,417129406.0
12.66280460357666,41.88838195800781,6.930985450744629,1.0,9.0,1682.0,44.306,417129411.0
4.70892858505249,15.5672607421875,-1.42290461063385,13.0,10.0,1683.0,16.326,417129413.0
12.33686256408691,40.7588005065918,8.27767562866211,1.0,11.0,1684.0,43.382,417129415.0
4.314837455749512,14.24648857116699,-0.780119776725769,42.0,12.0,1685.0,14.906,417129418.0
12.22586631774902,40.3412971496582,9.731832504272461,1.0,13.0,1686.0,43.262,417129420.0
5.191488265991211,17.11942100524902,-0.3122584521770477,13.0,14.0,1687.0,17.892,417129422.0
10.63170433044434,35.05904388427734,9.816488265991211,1.0,15.0,1687.0,37.928,417129425.0
3.560027360916138,11.68077278137207,-3.271990299224854,5.0,0.0,1695.0,12.642,417129445.0
5.309370994567871,17.40963172912598,0.3177036046981812,9.0,1.0,1696.0,18.204,417129448.0
3.862020492553711,12.65579605102539,-3.054835319519043,15.0,2.0,1697.0,13.58,417129450.0
14.30074405670166,46.83408737182617,2.566345930099487,1.0,3.0,1698.0,49.036,417129452.0
4.109160900115967,13.45725917816162,-2.735056161880493,53.0,4.0,1698.0,14.334,417129455.0
14.62799835205078,47.87591171264648,4.37975025177002,1.0,5.0,1699.0,50.252,417129457.0
5.858608722686768,19.16264533996582,-3.173742532730103,30.0,6.0,1700.0,20.288,417129459.0
13.88085746765137,45.37391662597656,5.826086044311523,0.0,7.0,1701.0,47.806,417129461.0
5.033614158630371,16.44367790222168,-2.111508131027222,16.0,8.0,1702.0,17.326,417129464.0
12.83881092071533,41.91534805297852,6.943187236785889,1.0,9.0,1703.0,44.384,417129466.0
4.772575855255127,15.58120918273926,-1.42569363117218,13.0,10.0,1703.0,16.358,417129468.0
12.46467971801758,40.66856002807617,8.268135070800781,0.0,11.0,1704.0,43.332,417129471.0
4.364541053771973,14.23133945465088,-0.780119776725769,39.0,12.0,1705.0,14.906,417129473.0
5.25180196762085,17.10310745239258,-0.3122933506965637,30.0,14.0,1707.0,17.894,417129478.0
11.63051891326904,37.85260009765625,10.61054515838623,2.0,15.0,1708.0,40.996,417129480.0
3.600209474563599,11.666428565979,-3.271472692489624,2.0,0.0,1715.0,12.64,417129501.0
5.429108619689941,17.58205986022949,0.3211940824985504,9.0,1.0,1716.0,18.404,417129503.0
4.128808498382568,13.36279010772705,-3.228947401046753,24.0,2.0,1717.0,14.354,417129505.0
14.42826080322266,46.69672012329102,2.561426401138306,1.0,3.0,1717.0,48.942,417129508.0
4.149731636047363,13.42220115661621,-2.730858325958252,38.0,4.0,1718.0,14.312,417129510.0
14.76440811157227,47.72558212280273,4.370686054229736,1.0,5.0,1719.0,50.148,417129512.0
5.942403316497803,19.19680213928223,-3.182815551757812,31.0,6.0,1720.0,20.346,417129514.0
14.05384159088135,45.37258911132812,5.832179069519043,0.0,7.0,1721.0,47.856,417129517.0
5.29079008102417,17.0706844329834,-2.194379329681396,24.0,8.0,1722.0,18.006,417129519.0
13.10850524902344,42.26837921142578,7.009202480316162,0.0,9.0,1723.0,44.806,417129521.0
4.835787773132324,15.59299945831299,-1.428308367729187,12.0,10.0,1723.0,16.388,417129524.0
12.61180019378662,40.64167785644531,8.271570205688477,0.0,11.0,1724.0,43.35,417129526.0
4.413598537445068,14.21411037445068,-0.7800151109695435,36.0,12.0,1725.0,14.904,417129528.0
5.304347038269043,17.0617561340332,-0.3118745088577271,26.0,14.0,1727.0,17.87,417129533.0
10.84924602508545,34.89726257324219,9.792160034179688,1.0,15.0,1727.0,37.834,417129535.0
3.957186460494995,12.66612148284912,-3.555655956268311,8.0,0.0,1735.0,13.738,417129556.0
5.546534538269043,17.74241065979004,0.3244751393795013,9.0,1.0,1736.0,18.592,417129558.0
4.19288158416748,13.40409278869629,-3.242444515228271,38.0,2.0,1737.0,14.414,417129560.0
14.56553554534912,46.56410598754883,2.556925535202026,1.0,3.0,1737.0,48.856,417129563.0
14.90590190887451,47.59389877319336,4.363365173339844,1.0,5.0,1739.0,50.064,417129567.0
6.03654956817627,19.26265335083008,-3.197207689285278,21.0,6.0,1740.0,20.438,417129570.0
5.346185684204102,17.03885459899902,-2.192673206329346,28.0,8.0,1742.0,17.992,417129574.0
13.35419273376465,42.53522109985352,7.061139106750488,0.0,9.0,1743.0,45.138,417129577.0
4.901527404785156,15.61214160919189,-1.431620240211487,12.0,10.0,1743.0,16.426,417129579.0
12.77477169036865,40.66483688354492,8.285307884216309,0.0,11.0,1744.0,43.422,417129581.0
4.466781616210938,14.21004962921143,-0.780643105506897,34.0,12.0,1745.0,14.916,417129584.0
12.53187084197998,39.84298706054688,9.642751693725586,0.0,13.0,1746.0,42.866,417129586.0
5.399290084838867,17.15567779541016,-0.3139338791370392,22.0,14.0,1747.0,17.988,417129588.0
10.98027324676514,34.88866424560547,9.80044174194336,2.0,15.0,1747.0,37.866,417129590.0
4.023511409759521,12.72222423553467,-3.575326204299927,7.0,0.0,1755.0,13.814,417129611.0
5.671781539916992,17.92312622070312,0.3281401395797729,7.0,1.0,1756.0,18.802,417129613.0
4.249057292938232,13.41909980773926,-3.249642848968506,35.0,2.0,1757.0,14.446,417129616.0
14.7125768661499,46.43615341186523,2.552843332290649,1.0,3.0,1758.0,48.778,417129618.0
7.259209156036377,22.91167259216309,-4.671767234802246,23.0,4.0,1758.0,24.484,417129620.0
15.04183959960938,47.44661712646484,4.354649543762207,1.0,5.0,1759.0,49.964,417129623.0
6.178413391113281,19.47682762145996,-3.236316204071045,5.0,6.0,1760.0,20.688,417129625.0
14.34263038635254,45.18633651733398,5.820967197418213,0.0,7.0,1761.0,47.764,417129627.0
5.396015644073486,16.98981666564941,-2.188773393630981,29.0,8.0,1762.0,17.96,417129630.0
13.56094551086426,42.69779968261719,7.095554351806641,0.0,9.0,1762.0,45.358,417129632.0
4.964442253112793,15.62152004241943,-1.434060573577881,12.0,10.0,1763.0,16.454,417129634.0
13.69005680084229,43.05221939086914,8.781411170959473,1.0,11.0,1764.0,46.022,417129637.0
4.518779277801514,14.20198440551758,-0.7810618281364441,25.0,12.0,1765.0,14.924,417129639.0
12.64131355285645,39.70615386962891,9.620256423950195,0.0,13.0,1766.0,42.766,417129641.0
5.494953155517578,17.24914169311523,-0.3159932792186737,22.0,14.0,1767.0,18.106,417129643.0
11.15618228912354,34.99911499023438,9.842887878417969,1.0,15.0,1768.0,38.03,417129646.0
4.262249946594238,13.31526470184326,-3.74614691734314,20.0,0.0,1775.0,14.474,417129666.0
5.79591703414917,18.09556198120117,0.3316655457019806,7.0,1.0,1776.0,19.004,417129669.0
5.361068725585938,16.72786140441895,-4.055417537689209,13.0,2.0,1777.0,18.028,417129671.0
14.96706104278564,46.70093536376953,2.570114135742188,0.0,3.0,1777.0,49.108,417129673.0
7.359524726867676,22.94975662231445,-4.684742450714111,20.0,4.0,1778.0,24.552,417129676.0
15.17936611175537,47.30655288696289,4.346631050109863,1.0,5.0,1779.0,49.872,417129678.0
6.233078002929688,19.41376495361328,-3.229433059692383,7.0,6.0,1780.0,20.644,417129680.0
14.85971355438232,46.25485229492188,5.96526050567627,1.0,7.0,1781.0,48.948,417129683.0
5.447390556335449,16.94631004333496,-2.185604810714722,33.0,8.0,1782.0,17.934,417129685.0
13.78267288208008,42.85090255737305,7.129344463348389,1.0,9.0,1783.0,45.574,417129687.0
5.027482032775879,15.63064956665039,-1.436500906944275,12.0,10.0,1783.0,16.482,417129690.0
13.85288429260254,43.04341506958008,8.78942584991455,1.0,11.0,1784.0,46.064,417129692.0
4.57322359085083,14.20133304595947,-0.7818992137908936,22.0,12.0,1785.0,14.94,417129694.0
5.601766109466553,17.3745002746582,-0.3186460435390472,19.0,14.0,1787.0,18.258,417129699.0
12.14424800872803,37.64423751831055,10.59863948822021,0.0,15.0,1788.0,40.95,417129701.0
4.316442966461182,13.32419776916504,-3.752876043319702,39.0,0.0,1795.0,14.5,417129722.0
5.931190490722656,18.29778289794922,0.3357493877410889,7.0,1.0,1796.0,19.238,417129724.0
5.32984447479248,16.43284797668457,-3.98838210105896,22.0,2.0,1797.0,17.73,417129726.0
15.15956401824951,46.73959732055664,2.575138330459595,1.0,3.0,1797.0,49.204,417129729.0
5.391217708587646,16.61219024658203,-3.39487361907959,6.0,4.0,1798.0,17.792,417129731.0
15.3154821395874,47.16421508789062,4.338438510894775,1.0,5.0,1799.0,49.778,417129733.0
6.280052185058594,19.32801246643066,-3.218795537948608,7.0,6.0,1800.0,20.576,417129736.0
15.00267028808594,46.14606475830078,5.957948684692383,0.0,7.0,1801.0,48.888,417129738.0
5.499142169952393,16.90453910827637,-2.182679891586304,30.0,8.0,1802.0,17.91,417129740.0
15.02341938018799,46.18247222900391,7.691882610321045,0.0,9.0,1802.0,49.17,417129743.0
5.091879367828369,15.64331817626953,-1.439289927482605,12.0,10.0,1803.0,16.514,417129745.0
14.03101634979248,43.08066940307617,8.80698013305664,1.0,11.0,1804.0,46.156,417129747.0
4.624005317687988,14.1890811920166,-0.7821085453033447,21.0,12.0,1805.0,14.944,417129749.0
12.87712287902832,39.49094772338867,9.5896635055542,0.0,13.0,1806.0,42.63,417129752.0
5.708279609680176,17.49551963806152,-0.3212289810180664,21.0,14.0,1807.0,18.406,417129754.0
11.3762674331665,34.84692001342773,9.822182655334473,2.0,15.0,1808.0,37.95,417129756.0
4.377971172332764,13.35494232177734,-3.765817165374756,17.0,0.0,1815.0,14.55,417129777.0
6.069192409515381,18.50307846069336,0.3399030566215515,5.0,1.0,1816.0,19.476,417129779.0
5.368942737579346,16.35859489440918,-3.974885225296021,11.0,2.0,1817.0,17.67,417129782.0
15.30082416534424,46.61997604370117,2.57147479057312,1.0,3.0,1817.0,49.134,417129784.0
5.46509838104248,16.64176750183105,-3.40479564666748,22.0,4.0,1818.0,17.844,417129786.0
6.394988536834717,19.45046806335449,-3.242886543273926,9.0,6.0,1820.0,20.73,417129791.0
15.19281482696533,46.18204116821289,5.969404220581055,0.0,7.0,1821.0,48.982,417129793.0
5.562461376190186,16.89843940734863,-2.184386014938354,22.0,8.0,1822.0,17.924,417129796.0
15.18391704559326,46.12787246704102,7.691569805145264,1.0,9.0,1822.0,49.168,417129798.0
5.15829610824585,15.66140460968018,-1.442601799964905,12.0,10.0,1823.0,16.552,417129800.0
14.19114208221436,43.06126403808594,8.813085556030273,1.0,11.0,1824.0,46.188,417129802.0
4.677884578704834,14.18613147735596,-0.7828412055969238,18.0,12.0,1825.0,14.958,417129805.0
12.9965763092041,39.39023971557617,9.576166152954102,0.0,13.0,1826.0,42.57,417129807.0
5.815078735351562,17.61410522460938,-0.323777049779892,24.0,14.0,1827.0,18.552,417129809.0
11.52146816253662,34.87853622436523,9.842370986938477,3.0,15.0,1828.0,38.028,417129812.0
5.418339729309082,16.33571243286133,-4.611637592315674,18.0,0.0,1835.0,17.818,417129832.0
6.233263492584229,18.78165054321289,0.3454180359840393,5.0,1.0,1836.0,19.792,417129835.0
5.459176540374756,16.43962478637695,-3.999179840087891,10.0,2.0,1837.0,17.778,417129837.0
15.17455196380615,45.69625854492188,2.523430347442627,0.0,3.0,1837.0,48.216,417129839.0
7.537540912628174,22.68511962890625,-4.646580696105957,20.0,4.0,1838.0,24.352,417129842.0
15.33260631561279,46.11838912963867,4.251979827880859,0.0,5.0,1839.0,48.786,417129844.0
6.40485668182373,19.25370979309082,-3.213789701461792,1.0,6.0,1840.0,20.544,417129846.0
15.47743129730225,46.49977493286133,6.017420768737793,0.0,7.0,1841.0,49.376,417129848.0
5.659676074981689,16.99380683898926,-2.199254274368286,21.0,8.0,1842.0,18.046,417129851.0
15.19690990447998,45.63041305541992,7.617419719696045,0.0,9.0,1842.0,48.694,417129853.0
5.228050231933594,15.6886682510376,-1.4467853307724,10.0,10.0,1843.0,16.6,417129855.0
13.59306335449219,40.76720809936523,8.353236198425293,0.0,11.0,1844.0,43.778,417129858.0
4.729903221130371,14.17729473114014,-0.783259928226471,15.0,12.0,1845.0,14.966,417129860.0
13.13399410247803,39.34463119506836,9.576166152954102,0.0,13.0,1846.0,42.57,417129862.0
5.916440010070801,17.71319198608398,-0.3259760439395905,19.0,14.0,1847.0,18.678,417129865.0
11.70132923126221,35.03253555297852,9.896722793579102,2.0,15.0,1847.0,38.238,417129867.0
5.471641540527344,16.30571174621582,-4.608531951904297,20.0,0.0,1855.0,17.806,417129888.0
6.403171539306641,19.07067108154297,0.351142406463623,2.0,1.0,1856.0,20.12,417129890.0
5.554384708404541,16.53315162658691,-4.026623725891113,5.0,2.0,1857.0,17.9,417129892.0
15.30979919433594,45.57106399536133,2.519453048706055,0.0,3.0,1857.0,48.14,417129895.0
7.626689910888672,22.68844604492188,-4.652686595916748,34.0,4.0,1858.0,24.384,417129897.0
15.61544704437256,46.42716598510742,4.28544807434082,0.0,5.0,1859.0,49.17,417129899.0
6.476435661315918,19.24433898925781,-3.215979814529419,5.0,6.0,1860.0,20.558,417129901.0
15.85883903503418,47.09639358520508,6.101754188537598,0.0,7.0,1861.0,50.068,417129904.0
5.763962268829346,17.10751152038574,-2.216559648513794,21.0,8.0,1862.0,18.188,417129906.0
15.06849002838135,44.72346496582031,7.474751472473145,0.0,9.0,1862.0,47.782,417129908.0
5.291692733764648,15.69675445556641,-1.449225664138794,10.0,10.0,1863.0,16.628,417129911.0
13.75850200653076,40.7883415222168,8.367356300354004,0.0,11.0,1864.0,43.852,417129913.0
4.788942813873291,14.18908309936523,-0.7848299741744995,13.0,12.0,1865.0,14.996,417129915.0
12.53801345825195,37.12729644775391,9.04708194732666,0.0,13.0,1866.0,40.218,417129918.0
6.024324417114258,17.82883262634277,-0.3284891843795776,17.0,14.0,1867.0,18.822,417129920.0
11.93298053741455,35.29503631591797,9.983168601989746,1.0,15.0,1868.0,38.572,417129922.0
6.600253105163574,19.43257522583008,0.3582280874252319,2.0,1.0,1876.0,20.526,417129945.0
5.635890007019043,16.58377647399902,-4.043720245361328,7.0,2.0,1877.0,17.976,417129948.0
15.59503269195557,45.86257553100586,2.538712501525879,0.0,3.0,1878.0,48.508,417129950.0
15.84158802032471,46.56099319458008,4.302878856658936,1.0,5.0,1879.0,49.37,417129954.0
6.528930187225342,19.1786060333252,-3.208783864974976,7.0,6.0,1880.0,20.512,417129957.0
16.02121925354004,47.03511428833008,6.101023197174072,1.0,7.0,1881.0,50.062,417129959.0
5.866549491882324,17.21317672729492,-2.232890129089355,20.0,8.0,1882.0,18.322,417129961.0
15.53421497344971,45.57929992675781,7.626805782318115,0.0,9.0,1882.0,48.754,417129964.0
5.356098651885986,15.70647430419922,-1.451840400695801,10.0,10.0,1883.0,16.658,417129966.0
13.94707679748535,40.87570571899414,8.395214080810547,0.0,11.0,1884.0,43.998,417129968.0
4.844250679016113,14.18929195404053,-0.7857720255851746,9.0,12.0,1885.0,15.014,417129971.0
12.67824459075928,37.11465454101562,9.054729461669922,1.0,13.0,1886.0,40.252,417129973.0
6.140848636627197,17.96664237976074,-0.3314211964607239,15.0,14.0,1887.0,18.99,417129975.0
12.92405700683594,37.81267547607422,10.70734405517578,2.0,15.0,1887.0,41.37,417129978.0
6.447328567504883,18.77761840820312,-5.319766521453857,15.0,0.0,1895.0,20.554,417129998.0
6.840870380401611,19.91247749328613,0.3675127625465393,3.0,1.0,1896.0,21.058,417130001.0
5.631662845611572,16.38339805603027,-3.999629735946655,2.0,2.0,1897.0,17.78,417130003.0
15.82908058166504,46.02317047119141,2.550645112991333,1.0,3.0,1898.0,48.736,417130005.0
8.277200698852539,24.0660228729248,-4.946914196014404,18.0,4.0,1898.0,25.926,417130007.0
15.98392105102539,46.4470100402832,4.297475337982178,1.0,5.0,1899.0,49.308,417130010.0
6.579758167266846,19.10900497436523,-3.200962066650391,3.0,6.0,1900.0,20.462,417130012.0
15.22961521148682,44.20494842529297,5.740777492523193,1.0,7.0,1901.0,47.106,417130014.0
5.973825454711914,17.3295955657959,-2.250683069229126,19.0,8.0,1902.0,18.468,417130017.0
15.72306632995605,45.58554840087891,7.637443542480469,0.0,9.0,1903.0,48.822,417130019.0
5.428431987762451,15.7385368347168,-1.456546783447266,10.0,10.0,1903.0,16.712,417130021.0
14.14475536346436,40.98637771606445,8.428032875061035,0.0,11.0,1904.0,44.17,417130024.0
4.898313999176025,14.18551063537598,-0.7865047454833984,7.0,12.0,1905.0,15.028,417130026.0
12.86626815795898,37.23962783813477,9.096120834350586,1.0,13.0,1906.0,40.436,417130028.0
6.259714126586914,18.10763359069824,-0.3344230055809021,15.0,14.0,1907.0,19.162,417130031.0
13.05687713623047,37.74862289428711,10.70268535614014,2.0,15.0,1908.0,41.352,417130033.0
7.74407958984375,22.31317520141602,-6.328643321990967,10.0,0.0,1914.0,24.452,417130054.0
15.80464363098145,45.51259994506836,0.8409616351127625,0.0,1.0,1915.0,48.186,417130056.0
5.659738063812256,16.28915977478027,-3.981183767318726,3.0,2.0,1916.0,17.698,417130058.0
15.95275497436523,45.88742065429688,2.546039581298828,1.0,3.0,1917.0,48.648,417130060.0
8.33117389678955,23.96426773071289,-4.931649208068848,40.0,4.0,1917.0,25.846,417130063.0
16.11691093444824,46.33353424072266,4.291897296905518,1.0,5.0,1918.0,49.244,417130065.0
6.706072807312012,19.26804542541504,-3.231310367584229,3.0,6.0,1919.0,20.656,417130067.0
16.28420829772949,46.76187515258789,6.079817771911621,1.0,7.0,1920.0,49.888,417130070.0
6.06914234161377,17.41841506958008,-2.264819860458374,19.0,8.0,1921.0,18.584,417130072.0
15.89999771118164,45.63293075561523,7.653712749481201,0.0,9.0,1921.0,48.926,417130074.0
5.493054866790771,15.75619411468506,-1.459858655929565,9.0,10.0,1922.0,16.75,417130077.0
14.38534545898438,41.23954772949219,8.489855766296387,0.0,11.0,1923.0,44.494,417130079.0
4.953225612640381,14.19181728363037,-0.7877607941627502,5.0,12.0,1924.0,15.052,417130081.0
13.54672050476074,38.79184722900391,9.486186027526855,0.0,13.0,1925.0,42.17,417130084.0
6.376453399658203,18.24912452697754,-0.3374248147010803,16.0,14.0,1926.0,19.334,417130086.0
13.20344161987305,37.78765869140625,10.72546100616455,2.0,15.0,1926.0,41.44,417130088.0
9.144979476928711,26.05563545227051,-7.399118900299072,11.0,0.0,1934.0,28.588,417130109.0
15.93360042572021,45.37224960327148,0.8393909335136414,1.0,1.0,1935.0,48.096,417130111.0
5.706872940063477,16.24172592163086,-3.974435329437256,10.0,2.0,1936.0,17.668,417130113.0
16.03731727600098,45.61665344238281,2.534106969833374,1.0,3.0,1937.0,48.42,417130116.0
8.1471529006958,23.17381477355957,-4.77480411529541,12.0,4.0,1937.0,25.024,417130118.0
16.2487964630127,46.19241714477539,4.284053325653076,1.0,5.0,1938.0,49.154,417130120.0
6.794276237487793,19.30414581298828,-3.241322040557861,33.0,6.0,1939.0,20.72,417130123.0
16.41634750366211,46.61674499511719,6.068362236022949,1.0,7.0,1940.0,49.794,417130125.0
6.175426483154297,17.52630996704102,-2.281637907028198,15.0,8.0,1941.0,18.722,417130127.0
16.57418823242188,47.01257705688477,7.895247459411621,0.0,9.0,1942.0,50.47,417130130.0
5.565907001495361,15.78765773773193,-1.46456515789032,9.0,10.0,1942.0,16.804,417130132.0
15.16335773468018,42.98683547973633,8.860406875610352,0.0,11.0,1943.0,46.436,417130134.0
5.100449085235596,14.45130062103271,-0.8031476140022278,9.0,12.0,1944.0,15.346,417130136.0
13.07856941223145,37.03542327880859,9.067776679992676,1.0,13.0,1945.0,40.31,417130139.0
6.495409965515137,18.38324928283691,-0.3403219282627106,15.0,14.0,1946.0,19.5,417130141.0
13.35859298706055,37.78636932373047,10.73892021179199,2.0,15.0,1947.0,41.492,417130143.0
9.264951705932617,26.10548210144043,-7.422412395477295,16.0,0.0,1954.0,28.678,417130164.0
16.06712341308594,45.24663162231445,0.838099479675293,0.0,1.0,1955.0,48.022,417130166.0
5.754398345947266,16.19599914550781,-3.968136548995972,20.0,2.0,1956.0,17.64,417130169.0
16.15029144287109,45.43054580688477,2.52688455581665,1.0,3.0,1957.0,48.282,417130171.0
10.11072731018066,28.44133567810059,-5.867376804351807,7.0,4.0,1957.0,30.75,417130173.0
16.38656997680664,46.0697135925293,4.277952671051025,1.0,5.0,1958.0,49.084,417130176.0
6.644378185272217,18.66989326477051,-3.138701200485229,11.0,6.0,1959.0,20.064,417130178.0
16.07887840270996,45.15473556518555,5.885314464569092,0.0,7.0,1960.0,48.292,417130180.0
6.738903522491455,18.91459274291992,-2.46541690826416,17.0,8.0,1961.0,20.23,417130183.0
5.62700366973877,15.78502368927002,-1.466133952140808,9.0,10.0,1962.0,16.822,417130187.0
5.2676682472229,14.76071357727051,-0.8213604688644409,12.0,12.0,1964.0,15.694,417130192.0
13.24184417724609,37.08497619628906,9.091172218322754,1.0,13.0,1965.0,40.414,417130194.0
6.655073642730713,18.62786674499512,-0.345278412103653,9.0,14.0,1966.0,19.784,417130196.0
12.98986339569092,36.3592414855957,10.34551525115967,0.0,15.0,1966.0,39.972,417130199.0
5.446314334869385,15.17757034301758,-4.320724964141846,16.0,0.0,1974.0,16.694,417130219.0
5.798380374908447,16.14096832275391,-3.959588527679443,27.0,2.0,1976.0,17.602,417130224.0
16.28107643127441,45.29683303833008,2.522593021392822,1.0,3.0,1977.0,48.2,417130226.0
10.25974941253662,28.54443550109863,-5.895998001098633,15.0,4.0,1977.0,30.9,417130229.0
16.50413131713867,45.89224243164062,4.266796588897705,1.0,5.0,1978.0,48.956,417130231.0
6.692118644714355,18.59825897216797,-3.130566596984863,21.0,6.0,1979.0,20.012,417130233.0
16.33860778808594,45.38222885131836,5.922362804412842,0.0,7.0,1980.0,48.596,417130236.0
6.532422065734863,18.13456916809082,-2.366702556610107,6.0,8.0,1981.0,19.42,417130238.0
5.834743976593018,16.18889236450195,-1.505528330802917,17.0,10.0,1982.0,17.274,417130242.0
15.48506832122803,42.94087219238281,8.873000144958496,1.0,11.0,1983.0,46.502,417130245.0
5.33000659942627,14.77229595184326,-0.8230352401733398,13.0,12.0,1984.0,15.726,417130247.0
13.43738555908203,37.22182464599609,9.136161804199219,0.0,13.0,1985.0,40.614,417130249.0
6.756741046905518,18.70608520507812,-0.3471632599830627,15.0,14.0,1986.0,19.892,417130252.0
13.1355152130127,36.34590911865234,10.35534954071045,0.0,15.0,1987.0,40.01,417130254.0
5.546728134155273,15.2809886932373,-4.355924606323242,19.0,0.0,1995.0,16.83,417130275.0
5.844855308532715,16.08480834960938,-3.951040267944336,27.0,2.0,1997.0,17.564,417130279.0
16.47565078735352,45.31569290161133,2.526989221572876,0.0,3.0,1998.0,48.284,417130282.0
6.26352596282959,17.22760391235352,-3.563167095184326,7.0,4.0,1998.0,18.674,417130284.0
16.65315246582031,45.77901840209961,4.261915683746338,1.0,5.0,1999.0,48.9,417130286.0
6.722405433654785,18.46965599060059,-3.113045930862427,4.0,6.0,2000.0,19.9,417130289.0
16.82816314697266,46.20990371704102,6.038382053375244,1.0,7.0,2001.0,49.548,417130291.0
5.97320032119751,16.38453483581543,-1.525748491287231,34.0,10.0,2003.0,17.506,417130298.0
15.6726245880127,42.96682739257812,8.890172958374023,1.0,11.0,2004.0,46.592,417130300.0
5.385483264923096,14.75641345977783,-0.823244571685791,12.0,12.0,2005.0,15.73,417130302.0
14.02691268920898,38.41341400146484,9.441195487976074,0.0,13.0,2006.0,41.97,417130305.0
6.91034984588623,18.91409873962402,-0.3514914512634277,8.0,14.0,2007.0,20.14,417130307.0
13.45853900909424,36.83694076538086,10.50857067108154,0.0,15.0,2007.0,40.602,417130309.0
5.595376491546631,15.24883937835693,-4.352301120758057,12.0,0.0,2015.0,16.816,417130330.0
5.89155912399292,16.03869819641113,-3.944741725921631,33.0,2.0,2017.0,17.536,417130335.0
16.62408638000488,45.23165893554688,2.525523900985718,0.0,3.0,2018.0,48.256,417130337.0
12.02077674865723,32.70674133300781,-6.773337841033936,1.0,4.0,2018.0,35.498,417130339.0
16.78053092956543,45.63272094726562,4.25372314453125,1.0,5.0,2019.0,48.806,417130342.0
6.825032711029053,18.54989624023438,-3.130566596984863,4.0,6.0,2020.0,20.012,417130344.0
16.96330451965332,46.0800895690918,6.029119968414307,1.0,7.0,2021.0,49.472,417130346.0
6.636636257171631,18.0184383392334,-2.357684373855591,20.0,8.0,2022.0,19.346,417130348.0
16.78767967224121,45.553955078125,7.689379692077637,0.0,9.0,2023.0,49.154,417130351.0
6.062737464904785,16.45145034790039,-1.533941030502319,19.0,10.0,2023.0,17.6,417130353.0
15.85239601135254,42.99290466308594,8.906964302062988,1.0,11.0,2024.0,46.68,417130355.0
5.439724922180176,14.74501991271973,-0.8236632943153381,12.0,12.0,2025.0,15.738,417130358.0
13.66290378570557,37.0150260925293,9.10916805267334,1.0,13.0,2026.0,40.494,417130360.0
7.036602020263672,19.05306053161621,-0.3545281887054443,8.0,14.0,2027.0,20.314,417130362.0
13.65439605712891,36.95226287841797,10.5556755065918,0.0,15.0,2028.0,40.784,417130365.0
5.919210433959961,15.96743774414062,-4.562979698181152,13.0,0.0,2034.0,17.63,417130385.0
16.6041145324707,44.76665496826172,0.8334222435951233,0.0,1.0,2035.0,47.754,417130388.0
5.923695087432861,15.96243572235107,-3.930794715881348,29.0,2.0,2036.0,17.474,417130390.0
16.73297119140625,45.06581497192383,2.51934814453125,1.0,3.0,2037.0,48.138,417130392.0
10.1924934387207,27.45077514648438,-5.691832542419434,4.0,4.0,2037.0,29.83,417130395.0
16.90678405761719,45.50958633422852,4.247447967529297,1.0,5.0,2038.0,48.734,417130397.0
6.923673629760742,18.62714767456055,-3.147461414337158,4.0,6.0,2039.0,20.12,417130399.0
17.0814208984375,45.93055725097656,6.016933441162109,1.0,7.0,2040.0,49.372,417130401.0
6.749656200408936,18.13958740234375,-2.376452207565308,17.0,8.0,2041.0,19.5,417130404.0
16.89626312255859,45.40842437744141,7.673736095428467,0.0,9.0,2041.0,49.054,417130406.0
6.028975963592529,16.19412231445312,-1.511803507804871,14.0,10.0,2042.0,17.346,417130408.0
16.00241661071777,42.9603385925293,8.911161422729492,1.0,11.0,2043.0,46.702,417130411.0
5.502541542053223,14.76432991027832,-0.8257567286491394,9.0,12.0,2044.0,15.778,417130413.0
13.8264274597168,37.07907104492188,9.136161804199219,1.0,13.0,2045.0,40.614,417130415.0
7.164053916931152,19.20198822021484,-0.3577394187450409,10.0,14.0,2046.0,20.498,417130418.0
13.92910957336426,37.33452987670898,10.67732048034668,0.0,15.0,2046.0,41.254,417130420.0
5.966099739074707,15.92316055297852,-4.55625057220459,11.0,0.0,2054.0,17.604,417130441.0
16.71114158630371,44.57735061645508,0.8309788703918457,0.0,1.0,2055.0,47.614,417130443.0
5.912309646606445,15.76284885406494,-3.886704206466675,18.0,2.0,2056.0,17.278,417130445.0
16.87403869628906,44.9641227722168,2.516940832138062,1.0,3.0,2057.0,48.092,417130448.0
10.32550144195557,27.51428604125977,-5.71243953704834,16.0,4.0,2057.0,29.938,417130450.0
17.03612327575684,45.37195587158203,4.240127086639404,1.0,5.0,2058.0,48.65,417130452.0
7.0331130027771,18.72121429443359,-3.167484998703003,4.0,6.0,2059.0,20.248,417130454.0
17.21161079406738,45.79074859619141,6.006452560424805,1.0,7.0,2060.0,49.286,417130457.0
6.873726367950439,18.27756500244141,-2.39765739440918,17.0,8.0,2061.0,19.674,417130459.0
17.0198974609375,45.25672149658203,7.658092975616455,0.0,9.0,2061.0,48.954,417130461.0
4.326414108276367,11.49805068969727,-1.074804663658142,11.0,10.0,2062.0,12.332,417130464.0
16.18202209472656,42.98322296142578,8.927571296691895,1.0,11.0,2063.0,46.788,417130466.0
4.347347736358643,11.54146003723145,-0.6463490724563599,34.0,12.0,2064.0,12.35,417130468.0
14.18943500518799,37.65058517456055,9.289129257202148,0.0,13.0,2065.0,41.294,417130471.0
7.325579643249512,19.42759132385254,-0.362416684627533,4.0,14.0,2066.0,20.766,417130473.0
14.19498443603516,37.6453971862793,10.78033065795898,1.0,15.0,2066.0,41.652,417130475.0
6.009331226348877,15.86971855163574,-4.546933174133301,12.0,0.0,2074.0,17.568,417130496.0
16.84113883972168,44.4514274597168,0.8297222852706909,0.0,1.0,2075.0,47.542,417130498.0
6.005977630615234,15.84415912628174,-3.911898851394653,20.0,2.0,2076.0,17.39,417130501.0
17.01814079284668,44.87133407592773,2.515056610107422,0.0,3.0,2077.0,48.056,417130503.0
6.633433818817139,17.49021911621094,-3.636056184768677,7.0,4.0,2077.0,19.056,417130505.0
17.09685134887695,45.05514907836914,4.216072082519531,1.0,5.0,2078.0,48.374,417130507.0
17.35372352600098,45.68399810791016,6.000359058380127,1.0,7.0,2080.0,49.236,417130512.0
6.998841285705566,18.41489601135254,-2.418862819671631,11.0,8.0,2081.0,19.848,417130514.0
16.42105484008789,43.18331909179688,7.317378520965576,1.0,9.0,2082.0,46.776,417130517.0
4.36014986038208,11.46611785888672,-1.073235869407654,47.0,10.0,2082.0,12.314,417130519.0
15.06067562103271,39.58506011962891,8.232645034790039,1.0,11.0,2083.0,43.146,417130521.0
4.393292903900146,11.54114723205566,-0.6471864581108093,27.0,12.0,2084.0,12.366,417130524.0
14.32077312469482,37.60082244873047,9.289129257202148,0.0,13.0,2085.0,41.294,417130526.0
7.449602603912354,19.54952239990234,-0.3651741445064545,9.0,14.0,2086.0,20.924,417130528.0
14.36001205444336,37.68407440185547,10.80569553375244,2.0,15.0,2086.0,41.75,417130530.0
6.016360759735107,15.72234725952148,-4.510698318481445,16.0,0.0,2094.0,17.428,417130551.0
17.00049018859863,44.4035758972168,0.8299317359924316,0.0,1.0,2095.0,47.554,417130554.0
6.073097705841064,15.85403442382812,-3.919547080993652,22.0,2.0,2096.0,17.424,417130556.0
17.17466735839844,44.81165313720703,2.515056610107422,0.0,3.0,2097.0,48.056,417130558.0
6.362814903259277,16.60167694091797,-3.4559326171875,10.0,4.0,2097.0,18.112,417130560.0
17.20408248901367,44.86497116088867,4.203870296478271,1.0,5.0,2098.0,48.234,417130563.0
17.47324562072754,45.51936340332031,5.986709594726562,1.0,7.0,2100.0,49.124,417130567.0
6.707931995391846,17.46564865112305,-2.297237157821655,16.0,8.0,2101.0,18.85,417130570.0
16.54335021972656,43.05197906494141,7.304863929748535,1.0,9.0,2102.0,46.696,417130572.0
4.403006553649902,11.45826721191406,-1.073933005332947,11.0,10.0,2102.0,12.322,417130574.0
15.23257923126221,39.62020492553711,8.250962257385254,1.0,11.0,2103.0,43.242,417130577.0
4.446459293365479,11.55929565429688,-0.6490705013275146,17.0,12.0,2104.0,12.402,417130579.0
14.43933868408203,37.51786804199219,9.281030654907227,0.0,13.0,2105.0,41.258,417130581.0
7.609057903289795,19.76039695739746,-0.3696070611476898,9.0,14.0,2106.0,21.178,417130583.0
14.49872970581055,37.63299179077148,10.80621242523193,2.0,15.0,2107.0,41.752,417130586.0
6.073992252349854,15.70845699310303,-4.512768745422363,10.0,0.0,2114.0,17.436,417130607.0
17.09622001647949,44.19103240966797,0.8270695209503174,0.0,1.0,2115.0,47.39,417130609.0
6.159353256225586,15.9127025604248,-3.939342975616455,16.0,2.0,2116.0,17.512,417130611.0
10.83568572998047,27.9795093536377,-5.832267761230469,38.0,4.0,2117.0,30.566,417130616.0
17.37930297851562,44.85294723510742,4.208402156829834,0.0,5.0,2118.0,48.286,417130618.0
17.60690689086914,45.39331436157227,5.978178977966309,1.0,7.0,2120.0,49.054,417130623.0
6.727202892303467,17.33478927612305,-2.283100366592407,27.0,8.0,2121.0,18.734,417130625.0
16.66850471496582,42.92951965332031,7.2939133644104,1.0,9.0,2122.0,46.626,417130627.0
4.452351093292236,11.46697330474854,-1.076199054718018,15.0,10.0,2122.0,12.348,417130630.0
16.69167518615723,42.96696472167969,8.96000862121582,1.0,11.0,2123.0,46.958,417130632.0
4.5012526512146,11.58093547821045,-0.6511639952659607,13.0,12.0,2124.0,12.442,417130634.0
14.57021236419678,37.46723937988281,9.281030654907227,0.0,13.0,2125.0,41.258,417130636.0
7.77370023727417,19.97971343994141,-0.3742145001888275,10.0,14.0,2126.0,21.442,417130639.0
14.65706825256348,37.67112350463867,10.83105945587158,1.0,15.0,2126.0,41.848,417130641.0
6.151283740997314,15.74474048614502,-4.529333114624023,11.0,0.0,2134.0,17.5,417130662.0
17.23726844787598,44.09756088256836,0.82644122838974,0.0,1.0,2135.0,47.354,417130664.0
3.164213418960571,8.090743064880371,-2.005663633346558,5.0,2.0,2136.0,8.916,417130666.0
6.56369161605835,16.77441596984863,-3.501345157623291,5.0,4.0,2137.0,18.35,417130671.0
17.54012107849121,44.80314254760742,4.209447860717773,1.0,5.0,2138.0,48.298,417130673.0
17.73700332641602,45.25949859619141,5.968672752380371,1.0,7.0,2140.0,48.976,417130678.0
6.754338264465332,17.22618865966797,-2.271888256072998,20.0,8.0,2141.0,18.642,417130680.0
16.79516983032227,42.81222915649414,7.283901691436768,1.0,9.0,2142.0,46.562,417130683.0
4.517817974090576,11.51627826690674,-1.082300066947937,10.0,10.0,2142.0,12.418,417130685.0
16.84299087524414,42.91209411621094,8.960772514343262,0.0,11.0,2143.0,46.962,417130687.0
4.566472053527832,11.62836074829102,-0.6547228097915649,8.0,12.0,2144.0,12.51,417130689.0
4.510994434356689,11.47531414031982,-0.2152230739593506,8.0,14.0,2146.0,12.332,417130694.0
14.80897235870361,37.67187118530273,10.84607124328613,2.0,15.0,2146.0,41.906,417130696.0
6.208424091339111,15.73683452606201,-4.532956600189209,7.0,0.0,2153.0,17.514,417130717.0
17.35403823852539,43.96575546264648,0.8250450491905212,0.0,1.0,2154.0,47.274,417130719.0
3.227531671524048,8.172643661499023,-2.028608560562134,6.0,2.0,2155.0,9.018,417130722.0
12.00128078460693,30.37371063232422,-6.348215103149414,11.0,4.0,2156.0,33.27,417130726.0
17.67101669311523,44.70026016235352,4.205264568328857,1.0,5.0,2157.0,48.25,417130729.0
17.86215782165527,45.13767242431641,5.960385799407959,1.0,7.0,2159.0,48.908,417130733.0
4.490527629852295,11.34177780151367,-1.497774243354797,5.0,8.0,2160.0,12.29,417130735.0
16.92231369018555,42.74088668823242,7.280772686004639,0.0,9.0,2160.0,46.542,417130738.0
4.59193754196167,11.59199905395508,-1.090841293334961,30.0,10.0,2161.0,12.516,417130740.0
15.6715784072876,39.54155731201172,8.267753601074219,1.0,11.0,2162.0,43.33,417130742.0
4.649180889129639,11.7245512008667,-0.6610031127929688,31.0,12.0,2163.0,12.63,417130745.0
14.60787391662598,36.82015609741211,9.145159721374512,0.0,13.0,2164.0,40.654,417130747.0
14.93310260772705,37.62076187133789,10.84555339813232,2.0,15.0,2165.0,41.904,417130752.0
3.083380699157715,7.736400127410889,-2.231537818908691,1.0,0.0,2173.0,8.622,417130772.0
17.48369979858398,43.84547424316406,0.8239281177520752,0.0,1.0,2174.0,47.21,417130775.0
3.26831579208374,8.192098617553711,-2.036257028579712,6.0,2.0,2175.0,9.052,417130777.0
10.55188751220703,26.43510818481445,-5.532697677612305,3.0,4.0,2176.0,28.996,417130782.0
17.80625152587891,44.58649826049805,4.20038366317749,1.0,5.0,2177.0,48.194,417130784.0
6.826706409454346,17.08527755737305,-2.914061307907104,110.0,6.0,2178.0,18.628,417130786.0
17.98276329040527,44.98288726806641,5.948198795318604,1.0,7.0,2179.0,48.808,417130788.0
4.498391151428223,11.2467794418335,-1.487293481826782,14.0,8.0,2180.0,12.204,417130791.0
17.07885360717773,42.6785774230957,7.280772686004639,0.0,9.0,2181.0,46.542,417130793.0
4.679007530212402,11.6924352645874,-1.101822853088379,61.0,10.0,2181.0,12.642,417130795.0
15.8919677734375,39.69256591796875,8.310876846313477,0.0,11.0,2182.0,43.556,417130798.0
4.732411861419678,11.81393051147461,-0.6669694185256958,26.0,12.0,2183.0,12.744,417130800.0
14.73703575134277,36.77074813842773,9.145609855651855,2.0,13.0,2184.0,40.656,417130802.0
4.583045482635498,11.42949485778809,-0.2149438410997391,20.0,14.0,2185.0,12.316,417130805.0
15.0996618270874,37.63749313354492,10.86625862121582,1.0,15.0,2186.0,41.984,417130807.0
3.085114717483521,7.662867546081543,-2.213420391082764,3.0,0.0,2193.0,8.552,417130828.0
17.60227394104004,43.6988525390625,0.8223224878311157,0.0,1.0,2194.0,47.118,417130830.0
7.305463314056396,18.12718391418457,-4.512068271636963,9.0,2.0,2195.0,20.058,417130832.0
11.16242790222168,27.68360710144043,-5.802119731903076,11.0,4.0,2196.0,30.408,417130837.0
17.93047332763672,44.44646835327148,4.193062782287598,1.0,5.0,2197.0,48.11,417130839.0
18.0958194732666,44.81124114990234,5.933818340301514,1.0,7.0,2199.0,48.69,417130844.0
4.519774913787842,11.18683528900146,-1.481443762779236,14.0,8.0,2200.0,12.156,417130846.0
17.32248497009277,42.85311889648438,7.320820331573486,0.0,9.0,2201.0,46.798,417130848.0
4.774301528930664,11.81087493896484,-1.114547610282898,14.0,10.0,2201.0,12.788,417130851.0
17.2751407623291,42.71453857421875,8.956192970275879,0.0,11.0,2202.0,46.938,417130853.0
4.818571090698242,11.90842533111572,-0.6732497215270996,27.0,12.0,2203.0,12.864,417130855.0
14.83385562896729,36.64141082763672,9.126264572143555,0.0,13.0,2204.0,40.57,417130858.0
4.626667499542236,11.42269420623779,-0.2151183634996414,14.0,14.0,2205.0,12.326,417130860.0
15.23599338531494,37.61586380004883,10.87454128265381,2.0,15.0,2205.0,42.016,417130862.0
3.116210699081421,7.662789344787598,-2.21652626991272,3.0,0.0,2213.0,8.564,417130883.0
17.71400833129883,43.5371208190918,0.8204376101493835,0.0,1.0,2214.0,47.01,417130885.0
7.358407974243164,18.07630348205566,-4.505769729614258,6.0,2.0,2215.0,20.03,417130887.0
17.87848281860352,43.91940689086914,2.485120534896851,0.0,3.0,2215.0,47.484,417130890.0
6.935788631439209,17.02960586547852,-3.574234008789062,7.0,4.0,2216.0,18.732,417130892.0
18.06295585632324,44.32825469970703,4.187833309173584,1.0,5.0,2217.0,48.05,417130894.0
8.214319229125977,20.14867782592773,-3.446251153945923,47.0,6.0,2218.0,22.03,417130897.0
18.15691375732422,44.51436614990234,5.902863502502441,1.0,7.0,2219.0,48.436,417130899.0
4.552796363830566,11.15628719329834,-1.479493856430054,22.0,8.0,2220.0,12.14,417130901.0
17.46151161193848,42.76678848266602,7.316440105438232,0.0,9.0,2221.0,46.77,417130904.0
4.892319202423096,11.98228359222412,-1.132327437400818,55.0,10.0,2221.0,12.992,417130906.0
16.12562370300293,39.47523880004883,8.288743019104004,1.0,11.0,2222.0,43.44,417130908.0
4.906957626342773,12.00615978240967,-0.6797394156455994,23.0,12.0,2223.0,12.988,417130911.0
15.19916534423828,37.17021942138672,9.271132469177246,1.0,13.0,2224.0,41.214,417130913.0
4.680898666381836,11.44163990020752,-0.2157815545797348,13.0,14.0,2225.0,12.364,417130915.0
15.3664722442627,37.56066131591797,10.8740234375,1.0,15.0,2225.0,42.014,417130917.0
3.142205953598022,7.650077819824219,-2.21600866317749,2.0,0.0,2233.0,8.562,417130938.0
13.68234729766846,33.29478454589844,0.6283215284347534,7.0,1.0,2234.0,36.002,417130940.0
7.419979095458984,18.04690361022949,-4.504869937896729,4.0,2.0,2235.0,20.026,417130943.0
18.02869987487793,43.82772445678711,2.483655214309692,0.0,3.0,2236.0,47.456,417130945.0
3.303409099578857,8.030579566955566,-1.687896370887756,2.0,4.0,2236.0,8.846,417130947.0
18.19179916381836,44.20228958129883,4.181906700134277,1.0,5.0,2237.0,47.982,417130950.0
8.288362503051758,20.12901496887207,-3.447815656661987,23.0,6.0,2238.0,22.04,417130952.0
18.28042984008789,44.37362670898438,5.892626285552979,1.0,7.0,2239.0,48.352,417130954.0
4.590954780578613,11.1384916305542,-1.479250073432922,15.0,8.0,2240.0,12.138,417130957.0
17.58667373657227,42.6684684753418,7.30955696105957,0.0,9.0,2240.0,46.726,417130959.0
16.33220672607422,39.58567810058594,8.323851585388184,1.0,11.0,2242.0,43.624,417130964.0
4.993798732757568,12.09788131713867,-0.6859150528907776,10.0,12.0,2243.0,13.106,417130966.0
15.33254051208496,37.12594604492188,9.273382186889648,1.0,13.0,2244.0,41.224,417130968.0
4.733790397644043,11.45664882659912,-0.216374933719635,8.0,14.0,2245.0,12.398,417130970.0
15.39037799835205,37.22914886474609,10.79430675506592,0.0,15.0,2246.0,41.706,417130973.0
6.759707450866699,16.29524040222168,-4.727070808410645,2.0,0.0,2253.0,18.264,417130993.0
13.17452144622803,31.743408203125,0.5999090075492859,11.0,1.0,2254.0,34.374,417130996.0
6.223692893981934,14.98831462860107,-3.746784687042236,7.0,2.0,2255.0,16.656,417130998.0
18.13564109802246,43.67546844482422,2.478421449661255,0.0,3.0,2255.0,47.356,417131000.0
3.262126207351685,7.852201461791992,-1.652787566184998,6.0,4.0,2256.0,8.662,417131003.0
18.31463050842285,44.06308746337891,4.174759864807129,1.0,5.0,2257.0,47.9,417131005.0
6.830973625183105,16.4265193939209,-2.817697525024414,19.0,6.0,2258.0,18.012,417131007.0
18.45198631286621,44.34986877441406,5.897988796234131,1.0,7.0,2259.0,48.396,417131010.0
4.626756191253662,11.11506748199463,-1.478275179862976,11.0,8.0,2260.0,12.13,417131012.0
17.75813293457031,42.64019775390625,7.315814018249512,0.0,9.0,2261.0,46.766,417131014.0
5.077727317810059,12.192458152771,-1.155510783195496,14.0,10.0,2261.0,13.258,417131017.0
16.78516387939453,40.28412628173828,8.482986450195312,0.0,11.0,2262.0,44.458,417131019.0
15.45754051208496,37.06140518188477,9.270683288574219,1.0,13.0,2264.0,41.212,417131023.0
4.797625541687012,11.49726486206055,-0.2174569815397263,9.0,14.0,2265.0,12.46,417131026.0
15.51428413391113,37.16093826293945,10.79016590118408,0.0,15.0,2266.0,41.69,417131028.0
3.384387493133545,8.078754425048828,-2.346971035003662,3.0,0.0,2273.0,9.068,417131049.0
13.08504390716553,31.21956443786621,0.5908686518669128,8.0,1.0,2274.0,33.856,417131051.0
6.26994514465332,14.95212173461914,-3.743185520172119,2.0,2.0,2275.0,16.64,417131053.0
14.11568737030029,33.66209411621094,1.912983894348145,4.0,3.0,2275.0,36.552,417131056.0
3.322934865951538,7.92042350769043,-1.669578671455383,11.0,4.0,2276.0,8.75,417131058.0
18.4328556060791,43.91438293457031,4.166741847991943,1.0,5.0,2277.0,47.808,417131060.0
9.127761840820312,21.73532295227051,-3.733777761459351,9.0,6.0,2278.0,23.868,417131063.0
18.6197566986084,44.31629943847656,5.902132511138916,1.0,7.0,2279.0,48.43,417131065.0
4.67014217376709,11.10982990264893,-1.479737520217896,14.0,8.0,2280.0,12.142,417131067.0
17.95454978942871,42.71218872070312,7.338340759277344,0.0,9.0,2280.0,46.91,417131070.0
5.146517753601074,12.23710346221924,-1.161437392234802,10.0,10.0,2281.0,13.326,417131072.0
16.93024826049805,40.23614883422852,8.485276222229004,0.0,11.0,2282.0,44.47,417131074.0
5.15872859954834,12.25416564941406,-0.696800947189331,13.0,12.0,2283.0,13.314,417131076.0
16.88558959960938,40.09085845947266,10.04316520690918,1.0,13.0,2284.0,44.646,417131079.0
4.871896266937256,11.56153011322021,-0.2189927995204926,37.0,14.0,2285.0,12.548,417131081.0
15.6348991394043,37.08519744873047,10.78395462036133,0.0,15.0,2286.0,41.666,417131083.0
0.3304183781147003,0.7810686826705933,-0.2272431254386902,2.0,0.0,2293.0,0.878,417131104.0
13.32800006866455,31.49044609069824,0.5968723297119141,3.0,1.0,2294.0,34.2,417131106.0
6.460395336151123,15.25674152374268,-3.825067758560181,7.0,2.0,2295.0,17.004,417131109.0
14.26425552368164,33.68618392944336,1.917170763015747,2.0,3.0,2295.0,36.632,417131111.0
3.357454538345337,7.925045490264893,-1.67301332950592,27.0,4.0,2296.0,8.768,417131113.0
18.56192970275879,43.79290390014648,4.161338329315186,1.0,5.0,2297.0,47.746,417131116.0
9.263731002807617,21.84518051147461,-3.758181571960449,12.0,6.0,2298.0,24.024,417131118.0
18.74642372131348,44.18524551391602,5.893357753753662,1.0,7.0,2299.0,48.358,417131120.0
4.717426300048828,11.11355972290039,-1.482418656349182,13.0,8.0,2300.0,12.164,417131123.0
18.10353469848633,42.64925384521484,7.338340759277344,0.0,9.0,2300.0,46.91,417131125.0
18.21529006958008,42.87091827392578,9.054268836975098,1.0,11.0,2302.0,47.452,417131129.0
5.221006393432617,12.28203582763672,-0.6994177103042603,9.0,12.0,2303.0,13.364,417131132.0
17.02924346923828,40.04064178466797,10.04541397094727,2.0,13.0,2304.0,44.656,417131134.0
4.945107460021973,11.62173557281494,-0.2204588055610657,65.0,14.0,2305.0,12.632,417131136.0
15.753662109375,37.00550842285156,10.77670764923096,0.0,15.0,2306.0,41.638,417131139.0
3.45664119720459,8.092238426208496,-2.357841491699219,2.0,0.0,2313.0,9.11,417131159.0
13.41112232208252,31.38121032714844,0.5956855416297913,3.0,1.0,2314.0,34.132,417131162.0
3.29204797744751,7.699472904205322,-1.933229327201843,7.0,2.0,2315.0,8.594,417131164.0
14.3110876083374,33.47090530395508,1.907750248908997,1.0,3.0,2315.0,36.452,417131166.0
3.38895845413208,7.922302722930908,-1.67492139339447,50.0,4.0,2316.0,8.778,417131169.0
18.68332481384277,43.65457916259766,4.154365539550781,1.0,5.0,2317.0,47.666,417131171.0
9.405242919921875,21.96524810791016,-3.784462690353394,12.0,6.0,2318.0,24.192,417131173.0
18.87005996704102,44.04837799072266,5.883852005004883,1.0,7.0,2319.0,48.28,417131175.0
4.762447357177734,11.11162185668945,-1.484368562698364,12.0,8.0,2320.0,12.18,417131178.0
18.25541114807129,42.59306335449219,7.339592456817627,0.0,9.0,2320.0,46.918,417131180.0
5.32683277130127,12.42244338989258,-1.182529091835022,5.0,10.0,2321.0,13.568,417131182.0
18.37721061706543,42.83594131469727,9.06037425994873,1.0,11.0,2322.0,47.484,417131185.0
5.285903930664062,12.31512546539307,-0.702348530292511,4.0,12.0,2323.0,13.42,417131187.0
17.18889999389648,40.02750778198242,10.0571117401123,1.0,13.0,2324.0,44.708,417131189.0
5.027481555938721,11.70178031921387,-0.2223087549209595,99.0,14.0,2325.0,12.738,417131192.0
14.52346134185791,33.80427169799805,9.858417510986328,2.0,15.0,2325.0,38.09,417131194.0
3.291306018829346,7.631325721740723,-2.226879119873047,8.0,0.0,2333.0,8.604000000000001,417131215.0
13.50156784057617,31.29014015197754,0.5948477983474731,3.0,1.0,2334.0,34.084,417131217.0
3.316586971282959,7.682567119598389,-1.931879639625549,10.0,2.0,2335.0,8.588000000000001,417131219.0
14.39854621887207,33.35290145874023,1.903877377510071,3.0,3.0,2335.0,36.378,417131222.0
3.405693531036377,7.885192394256592,-1.669578671455383,27.0,4.0,2336.0,8.75,417131224.0
18.82215881347656,43.55800247192383,4.151402473449707,1.0,5.0,2337.0,47.632,417131226.0
9.552408218383789,22.0954704284668,-3.812620878219604,13.0,6.0,2338.0,24.372,417131228.0
19.0008487701416,43.92940139770508,5.87678337097168,1.0,7.0,2339.0,48.222,417131231.0
4.81224250793457,11.12043571472168,-1.487780928611755,5.0,8.0,2340.0,12.208,417131233.0
18.39299392700195,42.50370025634766,7.335212230682373,0.0,9.0,2340.0,46.89,417131235.0
5.421616077423096,12.52261924743652,-1.193859338760376,8.0,10.0,2341.0,13.698,417131238.0
18.57734489440918,42.88863372802734,9.085179328918457,1.0,11.0,2342.0,47.614,417131240.0
5.36777400970459,12.38639545440674,-0.7074774503707886,3.0,12.0,2343.0,13.518,417131242.0
17.36495208740234,40.05129623413086,10.07825756072998,1.0,13.0,2344.0,44.802,417131245.0
5.114452838897705,11.79056262969971,-0.2243332266807556,99.0,14.0,2345.0,12.854,417131247.0
14.78646755218506,34.07157516479492,9.952110290527344,1.0,15.0,2346.0,38.452,417131249.0
3.308669090270996,7.598535537719727,-2.220667362213135,11.0,0.0,2353.0,8.58,417131270.0
13.59313774108887,31.20248794555664,0.5940799117088318,3.0,1.0,2354.0,34.04,417131272.0
3.364406585693359,7.719176769256592,-1.944027066230774,6.0,2.0,2355.0,8.642,417131275.0
14.50392913818359,33.26145935058594,1.901679277420044,3.0,3.0,2356.0,36.336,417131277.0
3.426919460296631,7.858859539031982,-1.666525721549988,64.0,4.0,2356.0,8.734,417131279.0
18.93744277954102,43.40803146362305,4.143383979797363,1.0,5.0,2357.0,47.54,417131281.0
3.845153331756592,8.809589385986328,-1.522420167922974,4.0,6.0,2358.0,9.732,417131284.0
19.13262557983398,43.81369018554688,5.870202541351318,1.0,7.0,2359.0,48.168,417131286.0
18.52701187133789,42.40665435791016,7.329580307006836,0.0,9.0,2360.0,46.854,417131291.0
5.46290111541748,12.49814033508301,-1.193336486816406,12.0,10.0,2361.0,13.692,417131293.0
17.9717903137207,41.09669494628906,8.718826293945312,0.0,11.0,2362.0,45.694,417131295.0
5.450205326080322,12.45724296569824,-0.7126063704490662,4.0,12.0,2363.0,13.616,417131298.0
17.51090240478516,40.00471878051758,10.0818567276001,1.0,13.0,2364.0,44.818,417131300.0
5.180445671081543,11.82942199707031,-0.2254152745008469,57.0,14.0,2365.0,12.916,417131302.0
16.04553604125977,36.63959503173828,10.71769618988037,0.0,15.0,2365.0,41.41,417131305.0
3.347611665725708,7.615236282348633,-2.228949546813965,9.0,0.0,2373.0,8.612,417131325.0
13.68909072875977,31.12556076049805,0.5935214161872864,7.0,1.0,2374.0,34.008,417131328.0
3.410952091217041,7.751978397369385,-1.95527458190918,4.0,2.0,2375.0,8.692,417131330.0
14.59258460998535,33.14847564697266,1.898120403289795,1.0,3.0,2376.0,36.268,417131332.0
3.455913066864014,7.850442886352539,-1.667289018630981,60.0,4.0,2376.0,8.738,417131334.0
19.05431747436523,43.26325988769531,4.135888576507568,1.0,5.0,2377.0,47.454,417131337.0
19.26142501831055,43.69214630126953,5.862890243530273,1.0,7.0,2379.0,48.108,417131341.0
3.903636932373047,8.850729942321777,-1.187738656997681,55.0,8.0,2380.0,9.746,417131344.0
5.490407943725586,12.44253921508789,-1.189850211143494,13.0,10.0,2381.0,13.652,417131348.0
18.23882675170898,41.31389236450195,8.778358459472656,0.0,11.0,2382.0,46.006,417131351.0
5.538844585418701,12.54045391082764,-0.7184680104255676,2.0,12.0,2383.0,13.728,417131353.0
17.6740665435791,39.996826171875,10.09535312652588,1.0,13.0,2384.0,44.878,417131355.0
5.260517597198486,11.89905548095703,-0.2270907163619995,16.0,14.0,2385.0,13.012,417131358.0
16.15940284729004,36.53460311889648,10.70423793792725,0.0,15.0,2386.0,41.358,417131360.0
3.357717990875244,7.566422939300537,-2.218079328536987,43.0,0.0,2393.0,8.57,417131381.0
13.75302696228027,30.97706604003906,0.5916016697883606,12.0,1.0,2394.0,33.898,417131383.0
3.460931777954102,7.791672706604004,-1.968321681022644,3.0,2.0,2395.0,8.75,417131385.0
14.68955039978027,33.05535888671875,1.895712971687317,3.0,3.0,2396.0,36.222,417131387.0
3.489673376083374,7.852684497833252,-1.670341968536377,15.0,4.0,2396.0,8.754,417131390.0
19.19064903259277,43.16371154785156,4.132750988006592,1.0,5.0,2397.0,47.418,417131392.0
3.894519090652466,8.755456924438477,-1.517727136611938,21.0,6.0,2398.0,9.702,417131394.0
19.38153839111328,43.55210113525391,5.853140830993652,1.0,7.0,2399.0,48.028,417131397.0
3.935315370559692,8.838862419128418,-1.187982320785522,73.0,8.0,2400.0,9.748,417131399.0
5.531374931335449,12.41783809661865,-1.189327239990234,11.0,10.0,2401.0,13.646,417131404.0
18.64025497436523,41.82740020751953,8.901239395141602,0.0,11.0,2402.0,46.65,417131406.0
5.612677574157715,12.58853721618652,-0.7223408818244934,1.0,12.0,2403.0,13.802,417131408.0
17.84136009216309,39.99717712402344,10.11110019683838,1.0,13.0,2404.0,44.948,417131411.0
5.219711780548096,11.6961841583252,-0.2235653251409531,5.0,14.0,2405.0,12.81,417131413.0
16.25369834899902,36.42083358764648,10.68663883209229,0.0,15.0,2405.0,41.29,417131415.0
3.377001523971558,7.538788795471191,-2.213420391082764,24.0,0.0,2413.0,8.552,417131436.0
13.85044193267822,30.90514755249023,0.5911478996276855,4.0,1.0,2414.0,33.872,417131438.0
3.577404499053955,7.978700637817383,-2.018710851669312,3.0,2.0,2415.0,8.974,417131440.0
14.7680606842041,32.921875,1.891002774238586,3.0,3.0,2416.0,36.132,417131443.0
3.56447172164917,7.946141242980957,-1.692857384681702,20.0,4.0,2416.0,8.872,417131445.0
19.30530738830566,43.01648330688477,4.125081539154053,1.0,5.0,2417.0,47.33,417131447.0
3.918584585189819,8.72739315032959,-1.51522421836853,23.0,6.0,2418.0,9.686,417131450.0
19.50253486633301,43.41537094116211,5.843878746032715,1.0,7.0,2419.0,47.952,417131452.0
3.961262226104736,8.814208030700684,-1.186519980430603,71.0,8.0,2420.0,9.736,417131454.0
19.68705558776855,43.78524398803711,7.603653430938721,1.0,9.0,2421.0,48.606,417131457.0
5.577138900756836,12.40390586853027,-1.189850211143494,7.0,10.0,2421.0,13.652,417131459.0
18.99958038330078,42.23654556274414,9.002367973327637,0.0,11.0,2422.0,47.18,417131461.0
5.627077579498291,12.5033016204834,-0.7185726761817932,4.0,12.0,2423.0,13.73,417131463.0
17.98086738586426,39.93465805053711,10.11110019683838,2.0,13.0,2424.0,44.948,417131466.0
16.3616771697998,36.30465698242188,10.67007350921631,0.0,15.0,2426.0,41.226,417131470.0
3.402259111404419,7.531663417816162,-2.214455842971802,38.0,0.0,2431.0,8.556000000000001,417131491.0
15.87372398376465,35.12370681762695,0.6727902889251709,1.0,1.0,2432.0,38.55,417131493.0
3.586395263671875,7.931909084320068,-2.009712696075439,2.0,2.0,2433.0,8.934000000000001,417131496.0
19.00044250488281,42.00310516357422,2.416037082672119,1.0,3.0,2434.0,46.164,417131498.0
3.904988527297974,8.632516860961914,-1.841688394546509,88.0,4.0,2434.0,9.652000000000001,417131500.0
19.4206371307373,42.91205596923828,4.120897769927979,1.0,5.0,2435.0,47.282,417131503.0
3.945983171463013,8.715039253234863,-1.51522421836853,27.0,6.0,2436.0,9.686,417131505.0
19.6142578125,43.29964065551758,5.83656644821167,1.0,7.0,2437.0,47.892,417131507.0
3.983197450637817,8.789063453674316,-1.184813737869263,85.0,8.0,2438.0,9.722,417131510.0
19.80138778686523,43.69245147705078,7.597709178924561,1.0,9.0,2438.0,48.568,417131512.0
5.518172264099121,12.17038822174072,-1.16910707950592,11.0,10.0,2439.0,13.414,417131514.0
19.13623046875,42.18558883666992,9.004276275634766,0.0,11.0,2440.0,47.19,417131516.0
5.681187152862549,12.5182991027832,-0.7204567790031433,2.0,12.0,2441.0,13.766,417131519.0
18.13362884521484,39.93830108642578,10.12639713287354,1.0,13.0,2442.0,45.016,417131521.0
16.46293258666992,36.24187850952148,10.66593265533447,0.0,15.0,2443.0,41.21,417131526.0
3.421315908432007,7.503921508789062,-2.209796905517578,45.0,0.0,2451.0,8.538,417131546.0
14.02606010437012,30.74893188476562,0.5899262428283691,12.0,1.0,2452.0,33.802,417131549.0
3.929593324661255,8.61075496673584,-2.185174465179443,3.0,2.0,2453.0,9.714,417131551.0
14.95207023620605,32.74871826171875,1.886711239814758,3.0,3.0,2454.0,36.05,417131553.0
3.92368221282959,8.593831062316895,-1.836345791816711,24.0,4.0,2454.0,9.624,417131556.0
19.54878616333008,42.7968864440918,4.116365909576416,1.0,5.0,2455.0,47.23,417131558.0
3.973917245864868,8.695821762084961,-1.514285564422607,29.0,6.0,2456.0,9.68,417131560.0
19.74052047729492,43.17675018310547,5.829254627227783,1.0,7.0,2457.0,47.832,417131563.0
4.008898258209229,8.764274597167969,-1.183351278305054,101.0,8.0,2458.0,9.71,417131565.0
19.66794395446777,42.97833251953125,7.486014842987061,0.0,9.0,2459.0,47.854,417131567.0
19.3111572265625,42.17922592163086,9.017251968383789,0.0,11.0,2460.0,47.258,417131572.0
5.818004131317139,12.7017650604248,-0.7321799993515015,1.0,12.0,2461.0,13.99,417131574.0
18.17794418334961,39.66748428344727,10.07375812530518,0.0,13.0,2462.0,44.782,417131576.0
5.512019634246826,12.02265930175781,-0.2308604270219803,10.0,14.0,2463.0,13.228,417131579.0
16.56504821777344,36.11457061767578,10.64626216888428,0.0,15.0,2464.0,41.134,417131581.0
3.441028118133545,7.477893352508545,-2.205655813217163,43.0,0.0,2471.0,8.522,417131602.0
14.11574745178223,30.66164016723633,0.5891932249069214,4.0,1.0,2472.0,33.76,417131604.0
3.957180976867676,8.591675758361816,-2.183824777603149,6.0,2.0,2473.0,9.708,417131606.0
15.05124759674072,32.66367340087891,1.884827136993408,3.0,3.0,2474.0,36.014,417131609.0
19.66135406494141,42.64877319335938,4.108695983886719,1.0,5.0,2475.0,47.142,417131613.0
3.999283075332642,8.671134948730469,-1.512408375740051,28.0,6.0,2476.0,9.668000000000001,417131616.0
19.5351448059082,42.33612823486328,5.724934101104736,0.0,7.0,2477.0,46.976,417131618.0
19.73749732971191,42.75504684448242,7.458482265472412,0.0,9.0,2478.0,47.678,417131622.0
5.567915439605713,12.05559921264648,-1.161786079406738,2.0,10.0,2479.0,13.33,417131625.0
19.4912109375,42.18284606933594,9.032516479492188,0.0,11.0,2480.0,47.338,417131627.0
5.736595153808594,12.4094409942627,-0.7164792418479919,3.0,12.0,2481.0,13.69,417131629.0
18.47172164916992,39.93984985351562,10.15923976898193,1.0,13.0,2482.0,45.162,417131632.0
5.571587085723877,12.0414571762085,-0.2315934300422668,11.0,14.0,2483.0,13.27,417131634.0
16.5435619354248,35.75437164306641,10.55619335174561,0.0,15.0,2483.0,40.786,417131636.0
3.465482473373413,7.462332248687744,-2.204620599746704,43.0,0.0,2491.0,8.518,417131657.0
14.18477439880371,30.53057098388672,0.5876225233078003,4.0,1.0,2492.0,33.67,417131659.0
3.981397390365601,8.56544017791748,-2.180675506591797,6.0,2.0,2493.0,9.694,417131662.0
15.15085601806641,32.58014678955078,1.883047699928284,7.0,3.0,2494.0,35.98,417131664.0
19.45039558410645,41.80672073364258,4.034090518951416,0.0,5.0,2495.0,46.286,417131669.0
4.021190643310547,8.639213562011719,-1.509279727935791,30.0,6.0,2496.0,9.648,417131671.0
19.65515327453613,42.20829772949219,5.716890811920166,1.0,7.0,2497.0,46.91,417131673.0
4.062441349029541,8.719879150390625,-1.18115770816803,4.0,8.0,2498.0,9.692,417131675.0
20.05095863342285,43.01902008056641,7.517301559448242,0.0,9.0,2499.0,48.054,417131678.0
5.586395740509033,11.9855260848999,-1.156905293464661,9.0,10.0,2499.0,13.274,417131680.0
19.62340354919434,42.08252334594727,9.025647163391113,0.0,11.0,2500.0,47.302,417131682.0
5.682772159576416,12.18119335174561,-0.7044419646263123,4.0,12.0,2501.0,13.46,417131685.0
16.84478759765625,36.09086608886719,9.195098876953125,1.0,13.0,2502.0,40.876,417131687.0
5.62627649307251,12.04911327362061,-0.2321170121431351,10.0,14.0,2503.0,13.3,417131689.0
16.76280403137207,35.88252639770508,10.61209869384766,0.0,15.0,2504.0,41.002,417131692.0
3.492810010910034,7.449580669403076,-2.204620599746704,43.0,0.0,2512.0,8.518,417131712.0
14.28044414520264,30.44397735595703,0.5869593620300293,4.0,1.0,2513.0,33.632,417131715.0
4.002830028533936,8.529620170593262,-2.175276756286621,6.0,2.0,2514.0,9.67,417131717.0
15.2574348449707,32.49728012084961,1.88147759437561,7.0,3.0,2515.0,35.95,417131719.0
4.004105567932129,8.528468132019043,-1.831384778022766,50.0,4.0,2515.0,9.598,417131722.0
19.59671783447266,41.72072601318359,4.03269624710083,1.0,5.0,2516.0,46.27,417131724.0
4.050307750701904,8.61905288696289,-1.508341073989868,30.0,6.0,2517.0,9.642,417131726.0
19.86293029785156,42.24914932250977,5.732246398925781,0.0,7.0,2518.0,47.036,417131728.0
20.30441474914551,43.16863250732422,7.555784702301025,1.0,9.0,2519.0,48.3,417131733.0
5.612473011016846,11.92711162567139,-1.153244733810425,6.0,10.0,2520.0,13.232,417131735.0
19.45305824279785,41.32112884521484,8.877579689025879,0.0,11.0,2521.0,46.526,417131738.0
5.735039234161377,12.17654514312744,-0.7053840160369873,1.0,12.0,2522.0,13.478,417131740.0
17.79265785217285,37.75999069213867,9.636902809143066,1.0,13.0,2523.0,42.84,417131742.0
5.674664497375488,12.03745555877686,-0.2322915345430374,13.0,14.0,2524.0,13.31,417131745.0
16.86489105224609,35.77486801147461,10.59760475158691,0.0,15.0,2524.0,40.946,417131747.0
3.51714015007019,7.433850288391113,-2.203585386276245,39.0,0.0,2532.0,8.514,417131768.0
14.37464904785156,30.3686408996582,0.5864706635475159,4.0,1.0,2533.0,33.604,417131770.0
4.035915851593018,8.5226411819458,-2.17707633972168,2.0,2.0,2534.0,9.678,417131772.0
15.35367584228516,32.4077262878418,1.879384160041809,7.0,3.0,2535.0,35.91,417131775.0
4.022083282470703,8.48960018157959,-1.826042056083679,57.0,4.0,2535.0,9.57,417131777.0
19.76953887939453,41.70967864990234,4.03827428817749,0.0,5.0,2536.0,46.334,417131779.0
4.076137065887451,8.595937728881836,-1.506776809692383,32.0,6.0,2537.0,9.632,417131781.0
20.22555160522461,42.6333122253418,5.793912410736084,1.0,7.0,2538.0,47.542,417131784.0
20.43126106262207,43.04752731323242,7.547024250030518,1.0,9.0,2539.0,48.244,417131788.0
5.641252994537354,11.88045120239258,-1.150630116462708,4.0,10.0,2540.0,13.202,417131791.0
20.08577919006348,42.2815055847168,9.098917961120605,0.0,11.0,2541.0,47.686,417131793.0
5.762076854705811,12.12398147583008,-0.7034999132156372,1.0,12.0,2542.0,13.442,417131795.0
18.21138191223145,38.30130767822266,9.791219711303711,0.0,13.0,2543.0,43.526,417131798.0
5.713212490081787,12.01035022735596,-0.2321519106626511,9.0,14.0,2544.0,13.302,417131800.0
16.96974945068359,35.67391204833984,10.58518123626709,0.0,15.0,2544.0,40.898,417131802.0
3.536780595779419,7.411684989929199,-2.200479507446289,43.0,0.0,2551.0,8.502,417131823.0
14.46063041687012,30.29012680053711,0.5858772993087769,12.0,1.0,2552.0,33.57,417131825.0
3.966730117797852,8.305228233337402,-2.124887704849243,2.0,2.0,2553.0,9.446,417131828.0
15.43694877624512,32.30617523193359,1.876453399658203,7.0,3.0,2554.0,35.854,417131830.0
4.023974418640137,8.42130184173584,-1.814211964607239,32.0,4.0,2554.0,9.508000000000001,417131832.0
20.14663314819336,42.14360809326172,4.086732864379883,1.0,5.0,2555.0,46.89,417131834.0
4.100358486175537,8.573463439941406,-1.505212426185608,30.0,6.0,2556.0,9.622,417131837.0
20.35653495788574,42.54452133178711,5.790987491607666,1.0,7.0,2557.0,47.518,417131839.0
4.13038969039917,8.62851619720459,-1.174576759338379,87.0,8.0,2558.0,9.638,417131841.0
20.54727172851562,42.90468215942383,7.534509658813477,1.0,9.0,2559.0,48.164,417131844.0
5.572187423706055,11.63526248931885,-1.128666877746582,4.0,10.0,2559.0,12.95,417131846.0
5.786710262298584,12.07238864898682,-0.7016158103942871,1.0,12.0,2561.0,13.406,417131851.0
18.34840393066406,38.26179504394531,9.796618461608887,0.0,13.0,2562.0,43.55,417131853.0
17.06037902832031,35.55996322631836,10.56809902191162,0.0,15.0,2563.0,40.832,417131857.0
3.557602167129517,7.388850688934326,-2.197373628616333,41.0,0.0,2571.0,8.49,417131878.0
14.56280326843262,30.23225975036621,0.5857376456260681,12.0,1.0,2572.0,33.562,417131881.0
3.985544443130493,8.270265579223633,-2.119488716125488,2.0,2.0,2573.0,9.422,417131883.0
15.52707195281982,32.20531463623047,1.873731851577759,7.0,3.0,2574.0,35.802,417131885.0
3.995367527008057,8.28695011138916,-1.788261890411377,10.0,4.0,2574.0,9.372,417131887.0
20.27890396118164,42.04252243041992,4.08376932144165,1.0,5.0,2575.0,46.856,417131890.0
4.122534275054932,8.543087005615234,-1.502396583557129,32.0,6.0,2576.0,9.604000000000001,417131892.0
20.48075485229492,42.42314910888672,5.784162998199463,1.0,7.0,2577.0,47.462,417131894.0
4.15962028503418,8.612258911132812,-1.174332976341248,103.0,8.0,2578.0,9.636000000000001,417131897.0
20.68659973144531,42.81135177612305,7.530755043029785,1.0,9.0,2579.0,48.14,417131899.0
5.602365970611572,11.59421443939209,-1.126575112342834,4.0,10.0,2579.0,12.926,417131901.0
20.39532852172852,42.18976593017578,9.108839988708496,0.0,11.0,2580.0,47.738,417131904.0
5.780988216400146,11.95322418212891,-0.695858895778656,5.0,12.0,2581.0,13.296,417131906.0
18.53023147583008,38.29750061035156,9.82226276397705,1.0,13.0,2582.0,43.664,417131908.0
5.819226741790771,12.02158069610596,-0.2331292480230331,1.0,14.0,2583.0,13.358,417131910.0
17.16449546813965,35.44329452514648,10.55205249786377,0.0,15.0,2584.0,40.77,417131913.0
3.580839872360229,7.371174335479736,-2.195820808410645,36.0,0.0,2591.0,8.484,417131934.0
14.64639282226562,30.13627815246582,0.5848650336265564,4.0,1.0,2592.0,33.512,417131936.0
4.002459049224854,8.231766700744629,-2.113190174102783,3.0,2.0,2593.0,9.394,417131938.0
15.63153266906738,32.1347541809082,1.872789859771729,7.0,3.0,2594.0,35.784,417131940.0
3.999365329742432,8.221755027770996,-1.777194976806641,10.0,4.0,2594.0,9.314,417131943.0
20.39850997924805,41.91594314575195,4.078365802764893,1.0,5.0,2595.0,46.794,417131945.0
4.145411968231201,8.514435768127441,-1.499893665313721,34.0,6.0,2596.0,9.588000000000001,417131947.0
20.59741973876953,42.28715133666992,5.775388240814209,1.0,7.0,2597.0,47.39,417131950.0
4.187048435211182,8.59233283996582,-1.173601746559143,74.0,8.0,2598.0,9.63,417131952.0
20.80475044250488,42.67496109008789,7.519491672515869,1.0,9.0,2599.0,48.068,417131954.0
5.655899524688721,11.60145092010498,-1.129189848899841,3.0,10.0,2599.0,12.956,417131957.0
20.5424747467041,42.11831283569336,9.108839988708496,0.0,11.0,2600.0,47.738,417131959.0
5.812167644500732,11.91143226623535,-0.6946027874946594,13.0,12.0,2601.0,13.272,417131961.0
18.74245071411133,38.39369583129883,9.863654136657715,1.0,13.0,2602.0,43.848,417131963.0
5.856766700744629,11.99221038818359,-0.2329547256231308,2.0,14.0,2603.0,13.348,417131966.0
17.25565338134766,35.33236694335938,10.53600597381592,0.0,15.0,2603.0,40.708,417131968.0
3.603997707366943,7.353425979614258,-2.194267749786377,41.0,0.0,2611.0,8.478,417131989.0
14.72508716583252,30.03110504150391,0.5838178992271423,4.0,1.0,2612.0,33.452,417131991.0
4.02601957321167,8.207247734069824,-2.110490798950195,4.0,2.0,2613.0,9.382,417131993.0
15.71985054016113,32.03158569335938,1.869963765144348,7.0,3.0,2614.0,35.73,417131996.0
4.01852560043335,8.18835735321045,-1.772997140884399,10.0,4.0,2614.0,9.292,417131998.0
20.52362632751465,41.80155944824219,4.074182510375977,1.0,5.0,2615.0,46.746,417132000.0
4.169882297515869,8.489275932312012,-1.498016476631165,56.0,6.0,2616.0,9.576,417132003.0
20.72214126586914,42.16867446899414,5.769051074981689,1.0,7.0,2617.0,47.338,417132005.0
4.213512897491455,8.570539474487305,-1.172626852989197,21.0,8.0,2618.0,9.622,417132007.0
20.91696929931641,42.52762985229492,7.506351470947266,1.0,9.0,2619.0,47.984,417132010.0
5.705154895782471,11.59951591491699,-1.130932927131653,3.0,10.0,2619.0,12.976,417132012.0
20.68936920166016,42.04635238647461,9.108839988708496,0.0,11.0,2620.0,47.738,417132014.0
5.873116970062256,11.93049335479736,-0.6969056129455566,9.0,12.0,2621.0,13.316,417132016.0
18.91682243347168,38.41020584106445,9.884799003601074,1.0,13.0,2622.0,43.942,417132019.0
5.910964965820312,11.99680709838867,-0.2334433943033218,2.0,14.0,2623.0,13.376,417132021.0
17.35668182373047,35.22686386108398,10.52254676818848,0.0,15.0,2623.0,40.656,417132023.0
3.633069038391113,7.34772777557373,-2.196338415145874,43.0,0.0,2631.0,8.486,417132044.0
14.82893943786621,29.97772979736328,0.583782970905304,12.0,1.0,2632.0,33.45,417132046.0
4.050321578979492,8.184412002563477,-2.108241319656372,5.0,2.0,2633.0,9.372,417132049.0
15.80560970306396,31.93810844421387,1.867556214332581,7.0,3.0,2633.0,35.684,417132051.0
4.038372993469238,8.156685829162598,-1.7691810131073,10.0,4.0,2634.0,9.272,417132053.0
20.6517276763916,41.69395446777344,4.070696353912354,1.0,5.0,2635.0,46.706,417132056.0
20.83570671081543,42.02849960327148,5.759788990020752,1.0,7.0,2637.0,47.262,417132060.0
4.227527618408203,8.523768424987793,-1.16823947429657,40.0,8.0,2638.0,9.586,417132062.0
21.04383850097656,42.42971801757812,7.501345634460449,1.0,9.0,2638.0,47.952,417132065.0
5.770406246185303,11.62950420379639,-1.135813593864441,2.0,10.0,2639.0,13.032,417132067.0
20.83601379394531,41.973876953125,9.108839988708496,0.0,11.0,2640.0,47.738,417132069.0
5.873861789703369,11.82763385772705,-0.6920906901359558,9.0,12.0,2641.0,13.224,417132072.0
19.76526260375977,39.78199005126953,10.25551891326904,1.0,13.0,2642.0,45.59,417132074.0
5.952805995941162,11.97610092163086,-0.2334433943033218,2.0,14.0,2643.0,13.376,417132076.0
17.4726619720459,35.1522216796875,10.51840591430664,0.0,15.0,2643.0,40.64,417132079.0
3.647485494613647,7.312527656555176,-2.189609050750732,36.0,0.0,2651.0,8.46,417132099.0
14.91741847991943,29.89357757568359,0.5831547379493713,4.0,1.0,2652.0,33.414,417132102.0
4.075384140014648,8.163249969482422,-2.106441736221313,5.0,2.0,2653.0,9.364,417132104.0
15.92434692382812,31.88353729248047,1.867765665054321,7.0,3.0,2654.0,35.688,417132106.0
4.064188957214355,8.1372709274292,-1.768036127090454,10.0,4.0,2654.0,9.266,417132109.0
20.75261306762695,41.53250122070312,4.061980724334717,1.0,5.0,2655.0,46.606,417132111.0
20.96275329589844,41.91645431518555,5.7544264793396,1.0,7.0,2657.0,47.218,417132115.0
4.261696338653564,8.51783561706543,-1.169458270072937,38.0,8.0,2658.0,9.596,417132118.0
21.16030502319336,42.27458190917969,7.487579345703125,1.0,9.0,2659.0,47.864,417132120.0
5.82880163192749,11.64492416381836,-1.139299869537354,3.0,10.0,2659.0,13.072,417132122.0
19.25767707824707,38.45669174194336,8.360105514526367,1.0,11.0,2660.0,43.814,417132125.0
5.91869068145752,11.81420135498047,-0.6925093531608582,7.0,12.0,2661.0,13.232,417132127.0
19.09457588195801,38.09776306152344,9.838459014892578,1.0,13.0,2662.0,43.736,417132129.0
5.992781162261963,11.95167350769043,-0.2333735823631287,2.0,14.0,2663.0,13.372,417132132.0
17.5788631439209,35.04304885864258,10.50494766235352,0.0,15.0,2664.0,40.588,417132134.0
3.672525405883789,7.295658588409424,-2.188573837280273,34.0,0.0,2672.0,8.456,417132155.0
16.05044174194336,31.87116813659668,0.6228764057159424,5.0,1.0,2673.0,35.69,417132157.0
4.105276584625244,8.1482572555542,-2.106441736221313,5.0,2.0,2674.0,9.364,417132159.0
16.01128005981445,31.77959823608398,1.864939451217651,5.0,3.0,2674.0,35.634,417132162.0
4.086916923522949,8.108294486999512,-1.764983177185059,10.0,4.0,2675.0,9.25,417132164.0
20.88586044311523,41.41880035400391,4.058320045471191,1.0,5.0,2676.0,46.564,417132166.0
4.247569561004639,8.419709205627441,-1.493636250495911,52.0,6.0,2677.0,9.548,417132168.0
21.08762168884277,41.78263092041016,5.746626853942871,1.0,7.0,2678.0,47.154,417132171.0
4.254414081573486,8.4259614944458,-1.158977508544922,7.0,8.0,2679.0,9.51,417132173.0
21.29016876220703,42.14736938476562,7.478818893432617,1.0,9.0,2680.0,47.808,417132175.0
5.88401985168457,11.6483793258667,-1.141740202903748,7.0,10.0,2680.0,13.1,417132178.0
19.61455917358398,38.81339263916016,8.45322036743164,0.0,11.0,2681.0,44.302,417132180.0
5.967359066009521,11.80312347412109,-0.6931374073028564,4.0,12.0,2682.0,13.244,417132182.0
20.01072883605957,39.56302261352539,10.23572254180908,0.0,13.0,2683.0,45.502,417132185.0
6.026614665985107,11.91000175476074,-0.2329896241426468,2.0,14.0,2684.0,13.35,417132187.0
17.68450546264648,34.94872283935547,10.49511241912842,0.0,15.0,2684.0,40.55,417132189.0
3.696220397949219,7.279349803924561,-2.187538623809814,34.0,0.0,2692.0,8.452,417132210.0
16.27389907836914,32.0360221862793,0.6272045969963074,5.0,1.0,2693.0,35.938,417132212.0
4.124865531921387,8.11650562286377,-2.101942539215088,5.0,2.0,2694.0,9.344,417132214.0
16.1103515625,31.70036697387695,1.863578677177429,5.0,3.0,2694.0,35.608,417132217.0
4.118754386901855,8.100979804992676,-1.766509652137756,10.0,4.0,2695.0,9.258000000000001,417132219.0
21.00592231750488,41.29769515991211,4.053613662719727,1.0,5.0,2696.0,46.51,417132221.0
4.272454261779785,8.396028518676758,-1.492071986198425,74.0,6.0,2697.0,9.538,417132224.0
21.20182228088379,41.6468505859375,5.738096237182617,1.0,7.0,2698.0,47.084,417132226.0
4.221637725830078,8.289006233215332,-1.142159461975098,4.0,8.0,2699.0,9.372,417132228.0
21.41743087768555,42.03407669067383,7.471935749053955,1.0,9.0,2700.0,47.764,417132231.0
5.924644470214844,11.62776947021484,-1.141740202903748,9.0,10.0,2700.0,13.1,417132233.0
21.15865707397461,41.50829315185547,9.05617618560791,0.0,11.0,2701.0,47.462,417132235.0
6.01850414276123,11.80179309844971,-0.6942887902259827,2.0,12.0,2702.0,13.266,417132238.0
20.26029586791992,39.71165084838867,10.2924108505249,1.0,13.0,2703.0,45.754,417132240.0
5.42270040512085,10.62430572509766,-0.2082072049379349,6.0,14.0,2704.0,11.93,417132242.0
17.75984573364258,34.79558563232422,10.46767711639404,0.0,15.0,2704.0,40.444,417132244.0
3.721607685089111,7.266403198242188,-2.187538623809814,34.0,0.0,2712.0,8.452,417132265.0
15.17099761962891,29.60848999023438,0.5807113647460938,4.0,1.0,2713.0,33.274,417132267.0
4.146949768066406,8.08991813659668,-2.098793268203735,4.0,2.0,2714.0,9.33,417132270.0
16.26744270324707,31.7210807800293,1.868288993835449,3.0,3.0,2715.0,35.698,417132272.0
4.14252758026123,8.077817916870117,-1.764601588249207,12.0,4.0,2715.0,9.248,417132274.0
21.13357925415039,41.19221115112305,4.05047607421875,1.0,5.0,2716.0,46.474,417132277.0
4.290911674499512,8.35997486114502,-1.488317489624023,32.0,6.0,2717.0,9.514,417132279.0
21.32349014282227,41.52667617797852,5.731759071350098,1.0,7.0,2718.0,47.032,417132281.0
4.294085502624512,8.358975410461426,-1.15385890007019,6.0,8.0,2719.0,9.468,417132284.0
21.5440673828125,41.9382209777832,7.467555522918701,1.0,9.0,2719.0,47.736,417132286.0
5.957911014556885,11.59284114837646,-1.140345692634583,12.0,10.0,2720.0,13.084,417132288.0
21.28367042541504,41.39577102661133,9.047780990600586,0.0,11.0,2721.0,47.418,417132291.0
6.071539878845215,11.80380153656006,-0.6956495046615601,4.0,12.0,2722.0,13.292,417132293.0
20.27038955688477,39.39116668701172,10.22762489318848,0.0,13.0,2723.0,45.466,417132295.0
5.439616203308105,10.56619834899902,-0.2074393033981323,15.0,14.0,2724.0,11.886,417132297.0
17.8677978515625,34.69247436523438,10.45628929138184,0.0,15.0,2725.0,40.4,417132300.0
3.744289398193359,7.248219013214111,-2.185985565185547,30.0,0.0,2732.0,8.446,417132320.0
15.25314235687256,29.51449394226074,0.579908549785614,13.0,1.0,2733.0,33.228,417132323.0
4.168003559112549,8.061544418334961,-2.095194101333618,4.0,2.0,2734.0,9.314,417132325.0
16.52022743225098,31.95260047912598,1.885141134262085,5.0,3.0,2734.0,36.02,417132327.0
4.166189193725586,8.054590225219727,-1.762693524360657,10.0,4.0,2735.0,9.238,417132330.0
21.2442741394043,41.05448532104492,4.044200897216797,1.0,5.0,2736.0,46.402,417132332.0
21.4464054107666,41.40968322753906,5.725909233093262,1.0,7.0,2738.0,46.984,417132337.0
21.65945243835449,41.78532028198242,7.454415321350098,1.0,9.0,2740.0,47.652,417132341.0
6.011178016662598,11.5967378616333,-1.142786145210266,13.0,10.0,2740.0,13.112,417132344.0
20.47724723815918,39.48774719238281,8.646318435668945,0.0,11.0,2741.0,45.314,417132346.0
6.123742580413818,11.80381107330322,-0.6969056129455566,2.0,12.0,2742.0,13.316,417132348.0
20.5639705657959,39.62113189697266,10.30590724945068,1.0,13.0,2743.0,45.814,417132350.0
17.96741676330566,34.58874893188477,10.44386577606201,0.0,15.0,2745.0,40.352,417132355.0
3.764211893081665,7.224825382232666,-2.18287992477417,32.0,0.0,2752.0,8.434000000000001,417132376.0
15.3357400894165,29.42205810546875,0.5791406631469727,4.0,1.0,2753.0,33.184,417132378.0
4.197920322418213,8.050402641296387,-2.096093893051147,3.0,2.0,2754.0,9.318,417132380.0
16.65290260314941,31.93547248840332,1.887548565864563,4.0,3.0,2754.0,36.066,417132383.0
4.182475090026855,8.017370223999023,-1.757732510566711,11.0,4.0,2755.0,9.212,417132385.0
21.36717224121094,40.94121932983398,4.040365695953369,1.0,5.0,2756.0,46.358,417132387.0
4.33088493347168,8.294794082641602,-1.482060074806213,9.0,6.0,2757.0,9.474,417132390.0
21.56600761413574,41.28706359863281,5.7193284034729,1.0,7.0,2758.0,46.93,417132392.0
4.358772754669189,8.341108322143555,-1.155565142631531,11.0,8.0,2759.0,9.482,417132394.0
21.76587677001953,41.6519889831543,7.443464756011963,1.0,9.0,2759.0,47.582,417132397.0
21.50299644470215,41.11396026611328,9.018777847290039,0.0,11.0,2761.0,47.266,417132401.0
6.168612003326416,11.78944206237793,-0.697324275970459,2.0,12.0,2762.0,13.324,417132403.0
20.71480178833008,39.57328033447266,10.31220626831055,1.0,13.0,2763.0,45.842,417132406.0
5.505827903747559,10.51379299163818,-0.2071600705385208,17.0,14.0,2764.0,11.87,417132408.0
17.57434272766113,33.54528427124023,10.14725971221924,0.0,15.0,2765.0,39.206,417132410.0
3.783118009567261,7.199670791625977,-2.179256439208984,27.0,0.0,2772.0,8.42,417132431.0
5.367877960205078,10.21130657196045,0.2013658583164215,2.0,1.0,2773.0,11.538,417132433.0
4.226902961730957,8.03742504119873,-2.096543788909912,5.0,2.0,2774.0,9.32,417132436.0
16.76799392700195,31.88421821594238,1.887967228889465,4.0,3.0,2774.0,36.074,417132438.0
4.208607196807861,7.999246597290039,-1.756969213485718,10.0,4.0,2775.0,9.208,417132440.0
16.58695030212402,31.51325607299805,3.115643501281738,7.0,5.0,2776.0,35.748,417132443.0
4.283421516418457,8.134552955627441,-1.456092000007629,3.0,6.0,2777.0,9.308,417132445.0
21.68593978881836,41.16586685180664,5.712991237640381,1.0,7.0,2778.0,46.878,417132447.0
4.392489433288574,8.334623336791992,-1.156783819198608,21.0,8.0,2779.0,9.492,417132450.0
21.88811302185059,41.53207015991211,7.435643196105957,1.0,9.0,2779.0,47.532,417132452.0
5.467552661895752,10.37013626098633,-1.025648832321167,16.0,10.0,2780.0,11.768,417132454.0
21.6335563659668,41.01433563232422,9.013435363769531,0.0,11.0,2781.0,47.238,417132456.0
6.169646739959717,11.69188213348389,-0.6928234100341797,5.0,12.0,2782.0,13.238,417132459.0
20.86736679077148,39.52830123901367,10.31940460205078,1.0,13.0,2783.0,45.874,417132461.0
5.557435989379883,10.52280235290527,-0.2077185362577438,12.0,14.0,2784.0,11.902,417132463.0
17.66967010498047,33.4427375793457,10.13483619689941,0.0,15.0,2785.0,39.158,417132466.0
3.808429718017578,7.192872047424316,-2.180809259414673,18.0,0.0,2790.0,8.426,417132486.0
5.388699054718018,10.17318725585938,0.2009470015764236,15.0,1.0,2791.0,11.514,417132489.0
4.256694793701172,8.032715797424316,-2.098793268203735,3.0,2.0,2792.0,9.33,417132491.0
16.85872650146484,31.81373596191406,1.886920571327209,4.0,3.0,2792.0,36.054,417132493.0
4.228199481964111,7.975578308105469,-1.754679560661316,10.0,4.0,2793.0,9.196,417132496.0
16.6849365234375,31.45923233032227,3.115469217300415,3.0,5.0,2794.0,35.746,417132498.0
4.366359233856201,8.229244232177734,-1.475489854812622,20.0,6.0,2795.0,9.432,417132500.0
21.79840469360352,41.06597518920898,5.708603858947754,1.0,7.0,2796.0,46.842,417132502.0
21.99439430236816,41.41773986816406,7.427508354187012,1.0,9.0,2797.0,47.48,417132507.0
21.6701602935791,40.77281188964844,8.975273132324219,0.0,11.0,2799.0,47.038,417132512.0
5.527483940124512,10.39568519592285,-0.6170409321784973,10.0,12.0,2800.0,11.79,417132514.0
20.99510765075684,39.46943283081055,10.32120418548584,1.0,13.0,2801.0,45.882,417132516.0
5.625225067138672,10.57060718536377,-0.2090100198984146,8.0,14.0,2802.0,11.976,417132519.0
17.91311836242676,33.66132354736328,10.21714019775391,0.0,15.0,2802.0,39.476,417132521.0
3.833514451980591,7.179534435272217,-2.180809259414673,15.0,0.0,2810.0,8.426,417132542.0
5.447731971740723,10.198410987854,0.2018196284770966,22.0,1.0,2811.0,11.564,417132544.0
4.3572678565979,8.153586387634277,-2.134335517883301,7.0,2.0,2812.0,9.488,417132546.0
16.55830574035645,30.98491477966309,1.841178894042969,4.0,3.0,2812.0,35.18,417132549.0
4.253236770629883,7.955576419830322,-1.75353467464447,11.0,4.0,2813.0,9.19,417132551.0
5.558123588562012,10.39197254180908,1.031052470207214,15.0,5.0,2814.0,11.83,417132553.0
4.407173633575439,8.236595153808594,-1.479557156562805,41.0,6.0,2815.0,9.458,417132555.0
21.89852523803711,40.90913009643555,5.697391986846924,1.0,7.0,2816.0,46.75,417132558.0
4.460789680480957,8.329808235168457,-1.160196185112,71.0,8.0,2817.0,9.52,417132560.0
22.1239128112793,41.31285095214844,7.422502517700195,1.0,9.0,2817.0,47.448,417132562.0
5.531505107879639,10.32486534118652,-1.024777173995972,21.0,10.0,2818.0,11.758,417132565.0
21.85872459411621,40.78343963623047,8.994354248046875,0.0,11.0,2819.0,47.138,417132567.0
5.534480094909668,10.32176208496094,-0.6137961149215698,18.0,12.0,2820.0,11.728,417132569.0
21.13275337219238,39.39590454101562,10.32120418548584,1.0,13.0,2821.0,45.882,417132572.0
5.706531047821045,10.63372135162354,-0.2106505483388901,12.0,14.0,2822.0,12.07,417132574.0
18.23283767700195,33.96138763427734,10.3284330368042,0.0,15.0,2823.0,39.906,417132576.0
3.861969947814941,7.166462421417236,-2.181326866149902,14.0,0.0,2832.0,8.428,417132597.0
5.502034187316895,10.20558071136475,0.2023781090974808,22.0,1.0,2833.0,11.596,417132599.0
4.716018676757812,8.74396800994873,-2.293601036071777,13.0,2.0,2834.0,10.196,417132602.0
5.536824703216553,10.26153659820557,0.6110746264457703,8.0,3.0,2835.0,11.676,417132604.0
4.279091358184814,7.93054723739624,-1.75162661075592,10.0,4.0,2835.0,9.18,417132606.0
5.607448577880859,10.38808727264404,1.032795548439026,3.0,5.0,2836.0,11.85,417132608.0
4.436890125274658,8.21613597869873,-1.478931427001953,46.0,6.0,2837.0,9.454,417132611.0
22.04034614562988,40.79679870605469,5.69349193572998,1.0,7.0,2838.0,46.718,417132613.0
4.482358932495117,8.293408393859863,-1.157515048980713,74.0,8.0,2839.0,9.498,417132615.0
22.24199295043945,41.15287017822266,7.409049034118652,1.0,9.0,2839.0,47.362,417132618.0
5.590061187744141,10.33860206604004,-1.028263449668884,18.0,10.0,2840.0,11.798,417132620.0
21.96845626831055,40.61286544799805,8.975273132324219,0.0,11.0,2841.0,47.038,417132622.0
5.601638317108154,10.35137462615967,-0.6168316006660461,17.0,12.0,2842.0,11.786,417132625.0
21.27180480957031,39.29219436645508,10.31535530090332,2.0,13.0,2843.0,45.856,417132627.0
5.794936180114746,10.69964981079102,-0.2123957872390747,8.0,14.0,2844.0,12.17,417132629.0
18.37007141113281,33.91811752319336,10.33568000793457,0.0,15.0,2844.0,39.934,417132632.0
3.882349967956543,7.144451141357422,-2.178738832473755,12.0,0.0,2852.0,8.418000000000001,417132652.0
5.522343158721924,10.158203125,0.2018196284770966,27.0,1.0,2853.0,11.564,417132655.0
4.80703067779541,8.838728904724121,-2.322844505310059,15.0,2.0,2854.0,10.326,417132657.0
5.572610378265381,10.24214744567871,0.6110746264457703,5.0,3.0,2855.0,11.676,417132659.0
4.297365188598633,7.898316860198975,-1.747810363769531,10.0,4.0,2855.0,9.16,417132661.0
16.95007705688477,31.14034843444824,3.10187292098999,8.0,5.0,2856.0,35.59,417132664.0
4.477823734283447,8.223151206970215,-1.482998728752136,52.0,6.0,2857.0,9.48,417132666.0
22.15128135681152,40.66209030151367,5.68544864654541,1.0,7.0,2858.0,46.652,417132668.0
4.505581378936768,8.267252922058105,-1.156052589416504,84.0,8.0,2859.0,9.486,417132671.0
22.38038444519043,41.04852676391602,7.40498161315918,1.0,9.0,2860.0,47.336,417132673.0
5.643282890319824,10.35051345825195,-1.031401038169861,15.0,10.0,2860.0,11.834,417132675.0
22.0875244140625,40.49456787109375,8.96611499786377,0.0,11.0,2861.0,46.99,417132678.0
5.665481090545654,10.38260173797607,-0.6198670864105225,13.0,12.0,2862.0,11.844,417132680.0
21.3985595703125,39.19888687133789,10.31040668487549,1.0,13.0,2863.0,45.834,417132682.0
5.887840747833252,10.78114795684814,-0.2144202589988708,6.0,14.0,2864.0,12.286,417132685.0
18.49796867370605,33.85733795166016,10.33775043487549,0.0,15.0,2865.0,39.942,417132687.0
3.897668361663818,7.116288185119629,-2.174079895019531,12.0,0.0,2871.0,8.4,417132708.0
5.539662837982178,10.11002159118652,0.2012262493371964,40.0,1.0,2872.0,11.53,417132710.0
4.894391536712646,8.92868709564209,-2.350738525390625,13.0,2.0,2873.0,10.45,417132712.0
17.2412281036377,31.43961906433105,1.879174828529358,3.0,3.0,2874.0,35.906,417132714.0
4.323533058166504,7.884023189544678,-1.747810363769531,11.0,4.0,2874.0,9.16,417132717.0
22.07099723815918,40.2301139831543,4.014567852020264,0.0,5.0,2875.0,46.062,417132719.0
4.477505207061768,8.158037185668945,-1.473925471305847,51.0,6.0,2876.0,9.422,417132721.0
22.27931213378906,40.57622909545898,5.683742523193359,1.0,7.0,2877.0,46.638,417132724.0
22.48260116577148,40.92953491210938,7.39622163772583,1.0,9.0,2878.0,47.28,417132728.0
5.699645042419434,10.37190341949463,-1.035410165786743,15.0,10.0,2879.0,11.88,417132731.0
22.2141227722168,40.4073371887207,8.963061332702637,0.0,11.0,2880.0,46.974,417132733.0
5.740304470062256,10.43725967407227,-0.6242632865905762,13.0,12.0,2881.0,11.928,417132735.0
20.39362525939941,37.06521224975586,9.766924858093262,1.0,13.0,2882.0,43.418,417132738.0
5.99684476852417,10.89470386505127,-0.2170730382204056,2.0,14.0,2883.0,12.438,417132740.0
18.53157997131348,33.66705322265625,10.2973747253418,0.0,15.0,2883.0,39.786,417132742.0
3.922485113143921,7.102639198303223,-2.174079895019531,10.0,0.0,2891.0,8.4,417132763.0
5.572018623352051,10.08537197113037,0.2011215388774872,45.0,1.0,2892.0,11.524,417132765.0
4.979261875152588,9.00876522064209,-2.376382827758789,9.0,2.0,2893.0,10.564,417132767.0
17.51613235473633,31.67812728881836,1.897073745727539,4.0,3.0,2894.0,36.248,417132770.0
4.345327377319336,7.858574390411377,-1.745520710945129,13.0,4.0,2894.0,9.148,417132772.0
22.13414001464844,40.01335525512695,4.000622749328613,0.0,5.0,2895.0,45.902,417132774.0
4.504998207092285,8.140629768371582,-1.473612666130066,68.0,6.0,2896.0,9.42,417132777.0
22.37466239929199,40.41485214233398,5.672042846679688,1.0,7.0,2897.0,46.542,417132779.0
22.61140251159668,40.80884552001953,7.389338493347168,1.0,9.0,2899.0,47.236,417132784.0
5.768646240234375,10.41119766235352,-1.04133677482605,22.0,10.0,2899.0,11.948,417132786.0
22.31886672973633,40.26430130004883,8.94856071472168,0.0,11.0,2900.0,46.898,417132788.0
5.804791450500488,10.46781158447266,-0.6272987723350525,15.0,12.0,2901.0,11.986,417132790.0
20.4983024597168,36.94949340820312,9.755227088928223,1.0,13.0,2902.0,43.366,417132793.0
7.486536979675293,13.48940849304199,-0.2692906260490417,10.0,14.0,2903.0,15.43,417132795.0
18.6707935333252,33.62761688232422,10.30617427825928,0.0,15.0,2904.0,39.82,417132797.0
3.945374488830566,7.085528373718262,-2.173044681549072,13.0,0.0,2911.0,8.396,417132818.0
5.599404335021973,10.0518856048584,0.2008422911167145,42.0,1.0,2912.0,11.508,417132820.0
4.499364852905273,8.073812484741211,-2.133885622024536,7.0,2.0,2913.0,9.486,417132823.0
17.57894706726074,31.53131294250488,1.891944766044617,3.0,3.0,2914.0,36.15,417132825.0
4.372732162475586,7.843358516693115,-1.745520710945129,13.0,4.0,2914.0,9.148,417132827.0
22.18439292907715,39.77576446533203,3.984586238861084,0.0,5.0,2915.0,45.718,417132830.0
4.513174533843994,8.088629722595215,-1.467042446136475,20.0,6.0,2916.0,9.378,417132832.0
22.50012016296387,40.30876922607422,5.668143272399902,1.0,7.0,2917.0,46.51,417132834.0
4.500463008880615,8.059235572814941,-1.133384943008423,3.0,8.0,2918.0,9.3,417132837.0
22.71578598022461,40.67844772338867,7.379326820373535,1.0,9.0,2918.0,47.172,417132839.0
5.84479284286499,10.46231269836426,-1.048483610153198,22.0,10.0,2919.0,12.03,417132841.0
22.43054580688477,40.13473510742188,8.937111854553223,0.0,11.0,2920.0,46.838,417132843.0
5.891979217529297,10.53813648223877,-0.6327416896820068,16.0,12.0,2921.0,12.09,417132846.0
20.61764335632324,36.86071014404297,9.750728607177734,1.0,13.0,2922.0,43.346,417132848.0
7.575567245483398,13.53823184967041,-0.2707915306091309,5.0,14.0,2923.0,15.516,417132850.0
18.80484580993652,33.60597991943359,10.3185977935791,0.0,15.0,2923.0,39.868,417132853.0
3.970083475112915,7.071713447570801,-2.173044681549072,13.0,0.0,2931.0,8.396,417132873.0
5.63054084777832,10.02530479431152,0.2007026672363281,38.0,1.0,2932.0,11.5,417132876.0
4.580021858215332,8.151498794555664,-2.15863037109375,3.0,2.0,2933.0,9.596,417132878.0
17.01364326477051,30.26842308044434,1.819721221923828,4.0,3.0,2934.0,34.77,417132880.0
4.39527416229248,7.8194899559021,-1.74361264705658,14.0,4.0,2934.0,9.138,417132883.0
5.765588283538818,10.25318145751953,1.02913498878479,10.0,5.0,2935.0,11.808,417132885.0
22.62218856811523,40.19711303710938,5.663512229919434,1.0,7.0,2937.0,46.472,417132890.0
22.83467483520508,40.54156112670898,7.369627475738525,1.0,9.0,2939.0,47.11,417132894.0
5.931143283843994,10.53038120269775,-1.057373523712158,20.0,10.0,2939.0,12.132,417132896.0
22.56086730957031,40.03908920288086,8.933295249938965,0.0,11.0,2940.0,46.818,417132899.0
5.943439960479736,10.54360294342041,-0.6343117952346802,8.0,12.0,2941.0,12.12,417132901.0
21.99442100524902,39.00197219848633,10.33740043640137,1.0,13.0,2942.0,45.954,417132903.0
5.748034477233887,10.18864059448242,-0.2041931599378586,6.0,14.0,2943.0,11.7,417132906.0
18.9639720916748,33.60076141357422,10.3382682800293,0.0,15.0,2944.0,39.944,417132908.0
3.989986419677734,7.049406051635742,-2.170456409454346,14.0,0.0,2951.0,8.386000000000001,417132929.0
5.664515972137451,10.00384902954102,0.2006677687168121,20.0,1.0,2952.0,11.498,417132931.0
4.562344074249268,8.054073333740234,-2.137035131454468,0.0,2.0,2953.0,9.5,417132933.0
17.64010810852051,31.12806129455566,1.875092625617981,5.0,3.0,2954.0,35.828,417132936.0
4.419638633728027,7.798975944519043,-1.742467761039734,12.0,4.0,2954.0,9.132,417132938.0
5.795447826385498,10.22259426116943,1.028089165687561,12.0,5.0,2955.0,11.796,417132940.0
4.560762405395508,8.041460037231445,-1.464226603507996,6.0,6.0,2956.0,9.36,417132943.0
22.74864959716797,40.09373092651367,5.660099983215332,1.0,7.0,2957.0,46.444,417132945.0
4.603652954101562,8.110486030578613,-1.145084381103516,26.0,8.0,2958.0,9.396,417132947.0
22.94461250305176,40.42266845703125,7.36180591583252,1.0,9.0,2958.0,47.06,417132949.0
5.684524536132812,10.01064014434814,-1.007171750068665,10.0,10.0,2959.0,11.556,417132952.0
22.69273376464844,39.94643783569336,8.930242538452148,0.0,11.0,2960.0,46.802,417132954.0
5.731525897979736,10.0852108001709,-0.6079344749450684,18.0,12.0,2961.0,11.616,417132956.0
22.10346031188965,38.87752532958984,10.32480335235596,1.0,13.0,2962.0,45.898,417132959.0
5.776644229888916,10.15634727478027,-0.2039488255977631,15.0,14.0,2963.0,11.686,417132961.0
19.08675384521484,33.55783843994141,10.34447956085205,0.0,15.0,2963.0,39.968,417132963.0
4.009781837463379,7.027045726776123,-2.167868375778198,13.0,0.0,2971.0,8.376,417132984.0
5.71328067779541,10.00832843780518,0.2011564373970032,15.0,1.0,2972.0,11.526,417132986.0
4.575934410095215,8.012715339660645,-2.130286455154419,2.0,2.0,2973.0,9.47,417132989.0
5.789070606231689,10.13287734985352,0.6115979552268982,32.0,3.0,2974.0,11.686,417132991.0
4.443913459777832,7.778387069702148,-1.741322875022888,15.0,4.0,2974.0,9.126,417132993.0
22.85298156738281,39.95204925537109,5.651325225830078,1.0,7.0,2977.0,46.372,417133000.0
23.05728340148926,40.27658462524414,7.350542545318604,1.0,9.0,2979.0,46.988,417133005.0
5.713494300842285,9.980361938476562,-1.006125926971436,9.0,10.0,2979.0,11.544,417133007.0
22.78325080871582,39.78179931640625,8.911161422729492,0.0,11.0,2980.0,46.702,417133009.0
5.79846715927124,10.12059783935547,-0.6112839579582214,5.0,12.0,2981.0,11.68,417133012.0
22.23225021362305,38.78829574584961,10.32165431976318,1.0,13.0,2982.0,45.884,417133014.0
5.839912891387939,10.18469333648682,-0.2049261629581451,5.0,14.0,2983.0,11.742,417133016.0
19.21538925170898,33.49771118164062,10.34758567810059,0.0,15.0,2984.0,39.98,417133019.0
4.033322811126709,7.011331558227539,-2.167350769042969,12.0,0.0,2991.0,8.374,417133039.0
5.719255924224854,9.938061714172363,0.2001442015171051,45.0,1.0,2992.0,11.468,417133042.0
4.589291095733643,7.971360683441162,-2.123538017272949,5.0,2.0,2993.0,9.44,417133044.0
5.824405670166016,10.11260795593262,0.6115979552268982,12.0,3.0,2994.0,11.686,417133046.0
4.459280014038086,7.742412090301514,-1.736743450164795,14.0,4.0,2994.0,9.102,417133049.0
17.88947486877441,31.04801750183105,3.134992122650146,7.0,5.0,2995.0,35.97,417133051.0
4.608899116516113,7.995733261108398,-1.461723685264587,4.0,6.0,2996.0,9.344,417133053.0
22.90106964111328,39.71382522583008,5.62890100479126,1.0,7.0,2997.0,46.188,417133055.0
23.19466781616211,40.20674896240234,7.351794242858887,1.0,9.0,2998.0,46.996,417133060.0
22.87485885620117,39.62041854858398,8.892844200134277,0.0,11.0,3000.0,46.606,417133065.0
5.920666217803955,10.25076293945312,-0.6203904151916504,8.0,12.0,3001.0,11.854,417133067.0
22.37141227722168,38.71720504760742,10.32345390319824,1.0,13.0,3002.0,45.892,417133069.0
6.990268707275391,12.09287357330322,-0.2438101172447205,9.0,14.0,3003.0,13.97,417133072.0
19.33216667175293,33.44384384155273,10.3506908416748,0.0,15.0,3003.0,39.992,417133074.0
4.072309494018555,7.02227783203125,-2.175115346908569,9.0,0.0,3011.0,8.404,417133095.0
5.745883941650391,9.904199600219727,0.1998649537563324,36.0,1.0,3012.0,11.452,417133097.0
4.61121940612793,7.94517993927002,-2.120838642120361,9.0,2.0,3013.0,9.428,417133099.0
4.485292911529541,7.725101470947266,-1.736361861228943,11.0,4.0,3014.0,9.1,417133104.0
22.86919212341309,39.37219619750977,3.983540296554565,0.0,5.0,3015.0,45.706,417133106.0
22.97171783447266,39.51694107055664,5.612327098846436,1.0,7.0,3017.0,46.052,417133111.0
4.682344436645508,8.051536560058594,-1.143621921539307,26.0,8.0,3018.0,9.384,417133113.0
23.29813003540039,40.06235504150391,7.340218067169189,1.0,9.0,3018.0,46.922,417133115.0
6.052544593811035,10.403489112854,-1.05301570892334,9.0,10.0,3019.0,12.082,417133118.0
23.00314521789551,39.52335739135742,8.88902759552002,0.0,11.0,3020.0,46.586,417133120.0
22.53094482421875,38.68097686767578,10.33470153808594,1.0,13.0,3022.0,45.942,417133125.0
6.303521156311035,10.81750202178955,-0.2185390293598175,2.0,14.0,3023.0,12.522,417133127.0
19.44587135314941,33.37115097045898,10.3491382598877,0.0,15.0,3023.0,39.986,417133129.0
4.139695644378662,7.08140230178833,-2.197891235351562,9.0,0.0,3031.0,8.492,417133150.0
5.782439708709717,9.887535095214844,0.1999347656965256,42.0,1.0,3032.0,11.456,417133152.0
4.634988784790039,7.92230749130249,-2.119038820266724,9.0,2.0,3033.0,9.42,417133155.0
6.581907272338867,11.24555397033691,0.6828795671463013,5.0,3.0,3034.0,13.048,417133157.0
4.513223171234131,7.711092472076416,-1.736743450164795,10.0,4.0,3034.0,9.102,417133159.0
22.99138641357422,39.26633834838867,3.980925798416138,1.0,5.0,3035.0,45.676,417133161.0
4.666603565216064,7.966771602630615,-1.462349414825439,12.0,6.0,3036.0,9.348,417133164.0
23.09646987915039,39.41424942016602,5.609158515930176,1.0,7.0,3037.0,46.026,417133166.0
23.43781471252441,39.96476745605469,7.338027954101562,1.0,9.0,3039.0,46.908,417133171.0
6.179535388946533,10.5369758605957,-1.068703770637512,11.0,10.0,3039.0,12.262,417133173.0
23.13500595092773,39.43266296386719,8.886737823486328,0.0,11.0,3040.0,46.574,417133175.0
6.277182102203369,10.69492053985596,-0.6499078869819641,16.0,12.0,3041.0,12.418,417133178.0
22.68753623962402,38.63906097412109,10.3445987701416,1.0,13.0,3042.0,45.986,417133180.0
6.337191581726074,10.78853511810303,-0.2183994203805923,8.0,14.0,3043.0,12.514,417133182.0
21.04459953308105,35.82665634155273,11.13335990905762,1.0,15.0,3043.0,43.016,417133184.0
4.229120254516602,7.176757335662842,-2.232055425643921,10.0,0.0,3051.0,8.624,417133205.0
5.819965362548828,9.872458457946777,0.2000394761562347,45.0,1.0,3052.0,11.462,417133208.0
4.682413578033447,7.939651489257812,-2.128036975860596,4.0,2.0,3053.0,9.46,417133210.0
6.60894250869751,11.20186805725098,0.6816235184669495,10.0,3.0,3054.0,13.024,417133212.0
4.5351243019104,7.686836719512939,-1.734835386276245,7.0,4.0,3054.0,9.092,417133214.0
23.12729835510254,39.18412780761719,3.980751276016235,0.0,5.0,3055.0,45.674,417133217.0
4.676306247711182,7.919815540313721,-1.456717729568481,4.0,6.0,3056.0,9.312,417133219.0
23.25511360168457,39.36928176879883,5.614276885986328,1.0,7.0,3057.0,46.068,417133221.0
23.53093338012695,39.80448913574219,7.323636054992676,1.0,9.0,3059.0,46.816,417133226.0
6.262918472290039,10.59423637390137,-1.076722025871277,7.0,10.0,3059.0,12.354,417133228.0
23.25652122497559,39.32462692260742,8.880632400512695,0.0,11.0,3060.0,46.542,417133231.0
6.354138374328613,10.73998260498047,-0.6539900898933411,8.0,12.0,3061.0,12.496,417133233.0
21.86642456054688,36.94466781616211,9.911343574523926,1.0,13.0,3062.0,44.06,417133235.0
7.092067718505859,11.9777135848999,-0.2429724037647247,9.0,14.0,3063.0,13.922,417133237.0
21.16592407226562,35.73266220092773,11.12818336486816,2.0,15.0,3064.0,42.996,417133240.0
4.129381656646729,6.957437038421631,-2.167868375778198,10.0,0.0,3069.0,8.376,417133261.0
5.843805313110352,9.842089653015137,0.1997951418161392,42.0,1.0,3070.0,11.448,417133263.0
4.735199451446533,7.971814632415771,-2.140634298324585,0.0,2.0,3071.0,9.516,417133265.0
6.629817485809326,11.15701198577881,0.6801580786705017,22.0,3.0,3072.0,12.996,417133267.0
4.576300144195557,7.701242923736572,-1.741322875022888,9.0,4.0,3072.0,9.126,417133270.0
23.22788619995117,39.07360076904297,3.976916551589966,0.0,5.0,3073.0,45.63,417133272.0
23.4101448059082,39.34891510009766,5.621832847595215,1.0,7.0,3075.0,46.13,417133277.0
4.749394416809082,7.979844093322754,-1.140209555625916,28.0,8.0,3076.0,9.356,417133279.0
23.65182495117188,39.72357940673828,7.322384357452393,1.0,9.0,3077.0,46.808,417133281.0
6.86187744140625,11.52462196350098,-1.173464894294739,45.0,10.0,3077.0,13.464,417133284.0
23.34177017211914,39.18727874755859,8.866130828857422,0.0,11.0,3078.0,46.466,417133286.0
6.74261474609375,11.31533145904541,-0.6903112530708313,8.0,12.0,3079.0,13.19,417133288.0
22.00233840942383,36.90926742553711,9.920341491699219,1.0,13.0,3080.0,44.1,417133290.0
7.133758544921875,11.96224403381348,-0.2431120276451111,10.0,14.0,3081.0,13.93,417133293.0
21.25799751281738,35.64647674560547,11.12093639373779,2.0,15.0,3081.0,42.968,417133295.0
4.141740798950195,6.923086643218994,-2.161656618118286,9.0,0.0,3089.0,8.352,417133316.0
5.878124713897705,9.821630477905273,0.1997951418161392,27.0,1.0,3090.0,11.448,417133318.0
7.28664493560791,12.17027568817139,-3.274837493896484,5.0,2.0,3091.0,14.558,417133320.0
4.628374576568604,7.727328300476074,-1.750863313674927,9.0,4.0,3092.0,9.176,417133325.0
23.31293487548828,38.90682983398438,3.968200922012329,0.0,5.0,3093.0,45.53,417133327.0
23.54633331298828,39.26525497436523,5.621589183807373,1.0,7.0,3095.0,46.128,417133332.0
4.782326221466064,7.971728324890137,-1.141428232192993,48.0,8.0,3096.0,9.366,417133334.0
23.7517147064209,39.576416015625,7.310495376586914,1.0,9.0,3097.0,46.732,417133337.0
6.983059883117676,11.63555908203125,-1.187235474586487,3.0,10.0,3097.0,13.622,417133339.0
23.46628952026367,39.08536148071289,8.861551284790039,0.0,11.0,3098.0,46.442,417133341.0
6.526008605957031,10.86539745330811,-0.6642479300498962,20.0,12.0,3099.0,12.692,417133343.0
22.54555892944336,37.52211380004883,10.10615062713623,0.0,13.0,3100.0,44.926,417133346.0
7.169290065765381,11.92698669433594,-0.2429025918245316,7.0,14.0,3101.0,13.918,417133348.0
4.154115200042725,6.886355400085449,-2.154927253723145,4.0,0.0,3110.0,8.326,417133371.0
5.92338228225708,9.8154296875,0.2001092880964279,11.0,1.0,3111.0,11.466,417133373.0
7.323144912719727,12.13014030456543,-3.271238327026367,5.0,2.0,3112.0,14.542,417133376.0
19.71490097045898,32.65598678588867,1.999128818511963,1.0,3.0,3112.0,38.198,417133378.0
4.677979946136475,7.745603561401367,-1.758877277374268,11.0,4.0,3113.0,9.218,417133380.0
4.771915912628174,7.894910335540771,-1.461097955703735,67.0,6.0,3115.0,9.34,417133385.0
23.64694976806641,39.10734558105469,5.61135196685791,1.0,7.0,3116.0,46.044,417133387.0
4.808429718017578,7.949051380157471,-1.140697002410889,65.0,8.0,3117.0,9.36,417133389.0
23.82939529418945,39.3935432434082,7.292036056518555,1.0,9.0,3117.0,46.614,417133392.0
4.867726802825928,8.043907165527344,-0.8225759267807007,11.0,10.0,3118.0,9.438,417133394.0
23.54635047912598,38.89496231079102,8.837890625,0.0,11.0,3119.0,46.318,417133396.0
6.410593032836914,10.58514785766602,-0.6485471725463867,7.0,12.0,3120.0,12.392,417133399.0
23.19085884094238,38.27758026123047,10.33245182037354,1.0,13.0,3121.0,45.932,417133401.0
7.221248149871826,11.91431045532227,-0.2431818246841431,9.0,14.0,3122.0,13.934,417133403.0
21.54457473754883,35.54631423950195,11.13750076293945,1.0,15.0,3122.0,43.032,417133406.0
5.919432640075684,9.735755920410156,-3.053029537200928,2.0,0.0,3130.0,11.796,417133426.0
5.990862369537354,9.849364280700684,0.2012262493371964,6.0,1.0,3131.0,11.53,417133429.0
7.37050724029541,12.11282825469971,-3.27348780632019,6.0,2.0,3132.0,14.552,417133431.0
20.16678047180176,33.12943649291992,2.032623767852783,1.0,3.0,3133.0,38.838,417133433.0
4.735613346099854,7.779536724090576,-1.770325899124146,14.0,4.0,3133.0,9.278,417133436.0
23.58660125732422,38.73220443725586,3.967503786087036,0.0,5.0,3134.0,45.522,417133438.0
4.79327917098999,7.868083477020264,-1.45922064781189,72.0,6.0,3135.0,9.328,417133440.0
23.78021621704102,39.01947784423828,5.610620975494385,1.0,7.0,3136.0,46.038,417133442.0
4.832014083862305,7.925438404083252,-1.139722108840942,63.0,8.0,3137.0,9.352,417133445.0
23.87795829772949,39.14909744262695,7.262939453125,1.0,9.0,3138.0,46.428,417133447.0
4.881250858306885,8.003053665161133,-0.8201355338096619,26.0,10.0,3138.0,9.41,417133449.0
23.59812355041504,38.67510986328125,8.806598663330078,0.0,11.0,3139.0,46.154,417133452.0
6.430853843688965,10.53542995452881,-0.6468724012374878,18.0,12.0,3140.0,12.36,417133454.0
23.35073661804199,38.23963928222656,10.34414958953857,1.0,13.0,3141.0,45.984,417133456.0
7.255496025085449,11.87708568572998,-0.2429374903440475,11.0,14.0,3142.0,13.92,417133459.0
21.68579483032227,35.4852409362793,11.14319515228271,1.0,15.0,3143.0,43.054,417133461.0
4.801666736602783,7.835608005523682,-2.462404489517212,4.0,0.0,3150.0,9.514,417133482.0
6.135990619659424,10.00910472869873,0.2049261629581451,4.0,1.0,3151.0,11.742,417133484.0
7.419875621795654,12.09865474700928,-3.276637077331543,2.0,2.0,3152.0,14.566,417133486.0
20.42897796630859,33.31095504760742,2.047905921936035,0.0,3.0,3152.0,39.13,417133489.0
4.785326957702637,7.799774169921875,-1.778721451759338,18.0,4.0,3153.0,9.322000000000001,417133491.0
6.073978424072266,9.896317481994629,1.015887379646301,10.0,5.0,3154.0,11.656,417133493.0
4.816580295562744,7.844570159912109,-1.457969188690186,34.0,6.0,3155.0,9.32,417133495.0
23.87575531005859,38.87026596069336,5.601115226745605,1.0,7.0,3156.0,45.96,417133498.0
4.860689163208008,7.910214900970459,-1.139965891838074,71.0,8.0,3157.0,9.354000000000001,417133500.0
24.02274513244629,39.07897567749023,7.265442371368408,1.0,9.0,3158.0,46.444,417133502.0
4.906026840209961,7.980874061584473,-0.8196126222610474,49.0,10.0,3158.0,9.404,417133505.0
23.68567276000977,38.51557540893555,8.789044380187988,0.0,11.0,3159.0,46.062,417133507.0
23.50450325012207,38.19108963012695,10.35314750671387,1.0,13.0,3161.0,46.024,417133512.0
7.270699977874756,11.80911636352539,-0.2420648783445358,10.0,14.0,3162.0,13.87,417133514.0
21.80638694763184,35.41806793212891,11.14474773406982,1.0,15.0,3162.0,43.06,417133516.0
4.230060577392578,6.849051475524902,-2.156997919082642,1.0,0.0,3170.0,8.334,417133537.0
6.19191312789917,10.02164936065674,0.2056242525577545,4.0,1.0,3171.0,11.782,417133539.0
5.322726249694824,8.611503601074219,-2.337241411209106,2.0,2.0,3172.0,10.39,417133541.0
20.98196983337402,33.94619369506836,2.091449499130249,0.0,3.0,3172.0,39.962,417133544.0
4.822849273681641,7.799720764160156,-1.782537579536438,19.0,4.0,3173.0,9.342,417133546.0
6.132593154907227,9.914026260375977,1.019896507263184,14.0,5.0,3174.0,11.702,417133548.0
24.01129150390625,38.78668594360352,5.601115226745605,1.0,7.0,3176.0,45.96,417133553.0
4.888271331787109,7.893199443817139,-1.139965891838074,84.0,8.0,3177.0,9.354000000000001,417133555.0
23.83650207519531,38.47432327270508,7.168452739715576,1.0,9.0,3178.0,45.824,417133558.0
4.937003612518311,7.968780994415283,-0.8201355338096619,85.0,10.0,3178.0,9.41,417133560.0
23.79618644714355,38.39427947998047,8.780266761779785,0.0,11.0,3179.0,46.016,417133562.0
6.073788642883301,9.79601764678955,-0.6040616035461426,11.0,12.0,3180.0,11.542,417133565.0
23.65102577209473,38.13033676147461,10.35899639129639,1.0,13.0,3181.0,46.05,417133567.0
7.420475006103516,11.95867824554443,-0.2456600666046143,10.0,14.0,3182.0,14.076,417133569.0
21.24336814880371,34.23535537719727,10.79586029052734,1.0,15.0,3182.0,41.712,417133571.0
4.262955188751221,6.851388931274414,-2.162174224853516,2.0,0.0,3189.0,8.354000000000001,417133592.0
6.20714807510376,9.972200393676758,0.2050308734178543,9.0,1.0,3190.0,11.748,417133594.0
5.370825290679932,8.625235557556152,-2.345789670944214,1.0,2.0,3191.0,10.428,417133597.0
6.092179775238037,9.779885292053223,0.6038522720336914,25.0,3.0,3192.0,11.538,417133599.0
4.853878021240234,7.792016983032227,-1.784445762634277,20.0,4.0,3192.0,9.352,417133601.0
4.79984712600708,7.69929027557373,-1.437006950378418,3.0,6.0,3194.0,9.186,417133606.0
24.10196495056152,38.64620971679688,5.592340469360352,1.0,7.0,3195.0,45.888,417133608.0
4.912317752838135,7.87357759475708,-1.139478325843811,86.0,8.0,3196.0,9.35,417133611.0
23.93006896972656,38.35567474365234,7.160318374633789,1.0,9.0,3196.0,45.772,417133613.0
4.95601749420166,7.940534114837646,-0.8189153671264648,82.0,10.0,3197.0,9.396,417133615.0
23.94313049316406,38.34679794311523,8.787517547607422,0.0,11.0,3198.0,46.054,417133618.0
6.103065490722656,9.770740509033203,-0.6037476062774658,10.0,12.0,3199.0,11.536,417133620.0
23.78147125244141,38.05830764770508,10.36079597473145,1.0,13.0,3200.0,46.058,417133622.0
7.335013866424561,11.73391819000244,-0.2415413111448288,5.0,14.0,3201.0,13.84,417133624.0
21.37196159362793,34.17573547363281,10.80051898956299,0.0,15.0,3202.0,41.73,417133627.0
4.244766712188721,6.769362449645996,-2.140951156616211,2.0,0.0,3209.0,8.272,417133647.0
6.208978176116943,9.897958755493164,0.2039488255977631,22.0,1.0,3210.0,11.686,417133650.0
8.526046752929688,13.58641529083252,-3.703144311904907,2.0,2.0,3211.0,16.462,417133652.0
6.212693214416504,9.900043487548828,0.6125400066375732,21.0,3.0,3211.0,11.704,417133654.0
4.878959655761719,7.771700859069824,-1.783682465553284,22.0,4.0,3212.0,9.348,417133657.0
4.822489738464355,7.675798416137695,-1.435755491256714,3.0,6.0,3214.0,9.178,417133661.0
23.81312561035156,37.88788604736328,5.494601249694824,1.0,7.0,3215.0,45.086,417133664.0
4.931318283081055,7.842938423156738,-1.137528419494629,86.0,8.0,3216.0,9.334,417133666.0
24.05365943908691,38.2409553527832,7.155312538146973,1.0,9.0,3217.0,45.74,417133668.0
4.976279258728027,7.911380767822266,-0.8176952004432678,59.0,10.0,3217.0,9.382,417133671.0
24.08102226257324,38.26963424682617,8.789044380187988,0.0,11.0,3218.0,46.062,417133673.0
23.9058666229248,37.96187210083008,10.35719680786133,1.0,13.0,3220.0,46.042,417133677.0
8.820202827453613,14.00082492828369,-0.2888373136520386,5.0,14.0,3221.0,16.55,417133680.0
21.49833679199219,34.11236572265625,10.80414199829102,1.0,15.0,3222.0,41.744,417133682.0
4.240644931793213,6.708037376403809,-2.126457214355469,2.0,0.0,3230.0,8.216,417133703.0
6.242007732391357,9.870065689086914,0.2038441002368927,38.0,1.0,3231.0,11.68,417133705.0
9.584335327148438,15.14920806884766,-4.138649463653564,6.0,2.0,3232.0,18.398,417133707.0
4.89481258392334,7.733859062194824,-1.77910304069519,24.0,4.0,3233.0,9.324,417133712.0
23.73673057556152,37.48982238769531,3.882091045379639,0.0,5.0,3234.0,44.542,417133714.0
4.8918137550354,7.723154067993164,-1.447957396507263,20.0,6.0,3235.0,9.256,417133717.0
23.94333076477051,37.78693771362305,5.492651462554932,1.0,7.0,3236.0,45.07,417133719.0
4.951529026031494,7.811398506164551,-1.135578513145447,86.0,8.0,3237.0,9.318,417133721.0
24.57619094848633,38.77073669433594,7.270448207855225,1.0,9.0,3237.0,46.476,417133724.0
5.010577201843262,7.901501655578613,-0.8185667395591736,59.0,10.0,3238.0,9.392,417133726.0
24.26319313049316,38.24742889404297,8.804308891296387,0.0,11.0,3239.0,46.142,417133728.0
7.025763988494873,11.07083225250244,-0.6871711015701294,19.0,12.0,3240.0,13.13,417133730.0
24.0364875793457,37.86083602905273,10.35359764099121,1.0,13.0,3241.0,46.026,417133733.0
8.890756607055664,13.99878787994385,-0.289465606212616,5.0,14.0,3242.0,16.586,417133735.0
21.6926326751709,34.1425895690918,10.83882427215576,1.0,15.0,3243.0,41.878,417133737.0
4.097957611083984,6.432504653930664,-2.043635129928589,2.0,0.0,3250.0,7.896,417133758.0
6.271049022674561,9.839784622192383,0.2036695778369904,33.0,1.0,3251.0,11.67,417133760.0
8.900672912597656,13.96050071716309,-3.822368383407593,4.0,2.0,3252.0,16.992,417133763.0
6.314514636993408,9.90417194366455,0.6155754923820496,12.0,3.0,3252.0,11.762,417133765.0
4.819373607635498,7.556167602539062,-1.742086172103882,13.0,4.0,3253.0,9.13,417133767.0
23.84494400024414,37.37146377563477,3.878430604934692,1.0,5.0,3254.0,44.5,417133770.0
24.32080459594727,38.08794021606445,5.54871129989624,0.0,7.0,3256.0,45.53,417133774.0
4.976628303527832,7.79072093963623,-1.135091066360474,86.0,8.0,3257.0,9.314,417133777.0
24.67947387695312,38.63477325439453,7.261062145233154,1.0,9.0,3257.0,46.416,417133779.0
5.034909725189209,7.878926753997803,-0.8180438280105591,61.0,10.0,3258.0,9.386000000000001,417133781.0
24.39655303955078,38.16250228881836,8.804308891296387,0.0,11.0,3259.0,46.142,417133783.0
7.071897983551025,11.05801868438721,-0.6879038214683533,18.0,12.0,3260.0,13.144,417133786.0
24.1695499420166,37.77834320068359,10.35404682159424,1.0,13.0,3261.0,46.028,417133788.0
21.89293098449707,34.19356155395508,10.87919998168945,0.0,15.0,3263.0,42.034,417133793.0
3.705043792724609,5.773415088653564,-1.838132858276367,1.0,0.0,3269.0,7.102,417133813.0
6.3717041015625,9.924949645996094,0.20586858689785,4.0,1.0,3270.0,11.796,417133816.0
0.481254905462265,0.7493438124656677,-0.2056052684783936,4.0,2.0,3271.0,0.914,417133818.0
4.938851833343506,7.687148571014404,-1.776050090789795,23.0,4.0,3272.0,9.308,417133823.0
23.94719696044922,37.2586669921875,3.87494421005249,1.0,5.0,3273.0,44.46,417133825.0
4.9677734375,7.726232528686523,-1.454840540885925,52.0,6.0,3274.0,9.3,417133827.0
24.56939888000488,38.19740676879883,5.576497554779053,1.0,7.0,3275.0,45.758,417133829.0
5.004584312438965,7.777513980865479,-1.135578513145447,81.0,8.0,3276.0,9.318,417133832.0
24.78393936157227,38.51617431640625,7.254179000854492,1.0,9.0,3276.0,46.372,417133834.0
5.050225257873535,7.845434188842773,-0.8163006901741028,63.0,10.0,3277.0,9.366,417133836.0
24.52297019958496,38.08139038085938,8.804308891296387,0.0,11.0,3278.0,46.142,417133839.0
7.149631023406982,11.09830951690674,-0.6918813586235046,33.0,12.0,3279.0,13.22,417133841.0
23.58424377441406,36.5955810546875,10.05126285552979,1.0,13.0,3280.0,44.682,417133843.0
6.245552062988281,9.687485694885254,-0.2011913359165192,28.0,14.0,3281.0,11.528,417133846.0
3.641250371932983,5.630670547485352,-1.796721816062927,1.0,0.0,3289.0,6.942,417133869.0
6.820145606994629,10.54234027862549,0.2191673219203949,29.0,1.0,3290.0,12.558,417133871.0
6.657680511474609,10.28726959228516,-2.828984498977661,1.0,2.0,3291.0,12.576,417133873.0
23.8397216796875,36.83649826049805,2.299537181854248,1.0,3.0,3291.0,43.938,417133876.0
4.972056865692139,7.679749965667725,-1.778339862823486,29.0,4.0,3292.0,9.32,417133878.0
4.967859268188477,7.667398929595947,-1.44701874256134,54.0,6.0,3294.0,9.25,417133882.0
24.68098831176758,38.07809448242188,5.571622848510742,1.0,7.0,3295.0,45.718,417133885.0
5.027382373809814,7.753334999084473,-1.1346036195755,78.0,8.0,3296.0,9.31,417133887.0
24.90963745117188,38.41616821289062,7.251676082611084,1.0,9.0,3296.0,46.356,417133889.0
5.075411796569824,7.824414730072021,-0.8159520626068115,63.0,10.0,3297.0,9.362,417133892.0
24.6557502746582,37.99555587768555,8.804308891296387,0.0,11.0,3298.0,46.142,417133894.0
7.24813985824585,11.1654224395752,-0.6976382732391357,3.0,12.0,3299.0,13.33,417133896.0
23.70759773254395,36.50649642944336,10.04946327209473,0.0,13.0,3300.0,44.674,417133899.0
6.288044929504395,9.679040908813477,-0.2014705836772919,8.0,14.0,3301.0,11.544,417133901.0
22.71364402770996,34.9492301940918,11.16855907440186,1.0,15.0,3302.0,43.152,417133903.0
3.570178031921387,5.478732109069824,-1.752204895019531,1.0,0.0,3309.0,6.77,417133924.0
6.920242309570312,10.61563014984131,0.221191793680191,27.0,1.0,3310.0,12.674,417133926.0
12.17250823974609,18.66546821594238,-5.144630432128906,6.0,2.0,3311.0,22.87,417133929.0
24.04223251342773,36.85258483886719,2.306026935577393,1.0,3.0,3312.0,44.062,417133931.0
4.994542598724365,7.655770301818848,-1.776813387870789,32.0,4.0,3312.0,9.312,417133933.0
4.997833251953125,7.65497350692749,-1.447957396507263,63.0,6.0,3314.0,9.256,417133938.0
24.79855728149414,37.96844482421875,5.568210124969482,1.0,7.0,3315.0,45.69,417133940.0
5.047901153564453,7.725768089294434,-1.133141160011292,78.0,8.0,3316.0,9.298,417133942.0
25.01765251159668,38.2892951965332,7.244167327880859,1.0,9.0,3316.0,46.308,417133945.0
5.100512981414795,7.803315162658691,-0.8156034350395203,63.0,10.0,3317.0,9.358,417133947.0
24.78822898864746,37.90925979614258,8.804308891296387,0.0,11.0,3318.0,46.142,417133949.0
7.779070854187012,11.89219570159912,-0.7447406649589539,18.0,12.0,3319.0,14.23,417133952.0
24.33746910095215,37.19155120849609,10.26136684417725,1.0,13.0,3320.0,45.616,417133954.0
6.798227310180664,10.3848237991333,-0.2166541665792465,37.0,14.0,3321.0,12.414,417133956.0
22.8347053527832,34.88179779052734,11.17114734649658,1.0,15.0,3321.0,43.162,417133959.0
3.413262844085693,5.198173046112061,-1.666277050971985,1.0,0.0,3329.0,6.438,417133979.0
12.89040279388428,19.61630058288574,-5.419070720672607,7.0,2.0,3331.0,24.09,417133984.0
5.01476526260376,7.628446578979492,-1.774523615837097,34.0,4.0,3332.0,9.3,417133988.0
24.72686958312988,37.60014343261719,3.93717360496521,0.0,5.0,3333.0,45.174,417133991.0
5.0310378074646,7.647382736206055,-1.449834585189819,69.0,6.0,3334.0,9.268,417133993.0
24.91566276550293,37.85843276977539,5.564797878265381,1.0,7.0,3335.0,45.662,417133995.0
5.075930118560791,7.709758281707764,-1.133384943008423,50.0,8.0,3336.0,9.3,417133998.0
25.14260864257812,38.17424774169922,7.239787101745605,1.0,9.0,3337.0,46.28,417134000.0
5.1288161277771,7.787127017974854,-0.8157777786254883,56.0,10.0,3337.0,9.36,417134002.0
7.524860382080078,11.41638469696045,-0.7165839076042175,3.0,12.0,3339.0,13.692,417134007.0
24.42208862304688,37.03804016113281,10.24247169494629,1.0,13.0,3340.0,45.532,417134009.0
6.830031394958496,10.3543529510498,-0.2165145576000214,38.0,14.0,3341.0,12.406,417134012.0
21.68665313720703,32.86456680297852,10.55049991607666,1.0,15.0,3342.0,40.764,417134014.0
3.319649219512939,5.019248485565186,-1.61244261264801,1.0,0.0,3348.0,6.23,417134035.0
24.36119270324707,36.81970596313477,0.7706284523010254,0.0,1.0,3349.0,44.156,417134037.0
7.126804828643799,10.76742744445801,-2.981051445007324,8.0,2.0,3350.0,13.252,417134039.0
6.980888843536377,10.54297351837158,0.6626778841018677,2.0,3.0,3351.0,12.662,417134041.0
5.035698890686035,7.605226993560791,-1.772997140884399,32.0,4.0,3351.0,9.292,417134044.0
24.77880477905273,37.40830993652344,3.925668954849243,0.0,5.0,3352.0,45.042,417134046.0
5.049822807312012,7.620777130126953,-1.447957396507263,42.0,6.0,3353.0,9.256,417134048.0
25.02132606506348,37.74581909179688,5.560410499572754,1.0,7.0,3354.0,45.626,417134051.0
5.093789100646973,7.681303024291992,-1.131678700447083,74.0,8.0,3355.0,9.286,417134053.0
25.23184394836426,38.04897308349609,7.231026649475098,1.0,9.0,3355.0,46.224,417134055.0
5.141394138336182,7.750153541564941,-0.8136860132217407,48.0,10.0,3356.0,9.336,417134058.0
25.44953346252441,38.34817504882812,8.946270942687988,0.0,11.0,3357.0,46.886,417134060.0
10.57736396789551,15.93227577209473,-1.002233505249023,13.0,12.0,3358.0,19.15,417134062.0
24.53399467468262,36.94061660766602,10.23797225952148,1.0,13.0,3359.0,45.512,417134065.0
6.854370594024658,10.31665706634521,-0.2162004113197327,27.0,14.0,3360.0,12.388,417134067.0
21.70212936401367,32.66432952880859,10.50805282592773,1.0,15.0,3360.0,40.6,417134069.0
3.189307928085327,4.785783767700195,-1.541008591651917,1.0,0.0,3368.0,5.954,417134090.0
21.32160949707031,31.98249435424805,0.6709403395652771,1.0,1.0,3369.0,38.444,417134092.0
10.06857776641846,15.09719562530518,-4.189488410949707,6.0,2.0,3370.0,18.624,417134094.0
7.151771545410156,10.71957492828369,0.6753431558609009,2.0,3.0,3371.0,12.904,417134097.0
5.061126232147217,7.585969924926758,-1.772615551948547,31.0,4.0,3371.0,9.290000000000001,417134099.0
24.87162780761719,37.26524353027344,3.919742345809937,0.0,5.0,3372.0,44.974,417134101.0
5.06871509552002,7.591603755950928,-1.445767283439636,58.0,6.0,3373.0,9.242,417134104.0
25.13529014587402,37.6318359375,5.556510925292969,1.0,7.0,3374.0,45.594,417134106.0
5.116158962249756,7.656873226165771,-1.130703806877136,70.0,8.0,3375.0,9.278,417134108.0
25.36454582214355,37.94638442993164,7.229149341583252,1.0,9.0,3376.0,46.212,417134111.0
5.159558296203613,7.718907833099365,-0.8122915029525757,49.0,10.0,3376.0,9.32,417134113.0
25.60397338867188,38.29011154174805,8.953521728515625,1.0,11.0,3377.0,46.924,417134115.0
8.127655029296875,12.15011787414551,-0.7660937309265137,2.0,12.0,3378.0,14.638,417134117.0
24.65737342834473,36.84665298461914,10.23572254180908,0.0,13.0,3379.0,45.502,417134120.0
6.417561054229736,9.586438179016113,-0.2013658583164215,6.0,14.0,3380.0,11.538,417134122.0
21.7969799041748,32.54764938354492,10.49614715576172,1.0,15.0,3381.0,40.554,417134124.0
3.133577585220337,4.665013790130615,-1.505809187889099,1.0,0.0,3389.0,5.818000000000001,417134145.0
6.980790138244629,10.38851165771484,0.2184692174196243,18.0,1.0,3390.0,12.518,417134147.0
12.64284610748291,18.80744743347168,-5.231911659240723,9.0,2.0,3391.0,23.258,417134150.0
6.534548282623291,9.7171049118042,0.6136914491653442,2.0,3.0,3392.0,11.726,417134152.0
5.083418369293213,7.559223175048828,-1.770707488059998,32.0,4.0,3392.0,9.28,417134154.0
25.00804328918457,37.17383575439453,3.919742345809937,0.0,5.0,3393.0,44.974,417134157.0
5.090991497039795,7.564780712127686,-1.444203019142151,74.0,6.0,3394.0,9.232,417134159.0
25.24533462524414,37.498291015625,5.550417423248291,1.0,7.0,3395.0,45.544,417134161.0
5.144188404083252,7.638070106506348,-1.130703806877136,70.0,8.0,3396.0,9.278,417134164.0
25.46595191955566,37.81174087524414,7.220389366149902,1.0,9.0,3396.0,46.156,417134166.0
5.186701774597168,7.698293209075928,-0.8121172189712524,63.0,10.0,3397.0,9.318,417134168.0
25.71670913696289,38.15531158447266,8.943981170654297,1.0,11.0,3398.0,46.874,417134170.0
10.72906398773193,15.91248226165771,-1.005792379379272,16.0,12.0,3399.0,19.218,417134173.0
22.90377044677734,33.95623397827148,9.456042289733887,2.0,13.0,3400.0,42.036,417134175.0
6.448180198669434,9.556221961975098,-0.2012262493371964,25.0,14.0,3401.0,11.53,417134177.0
21.97313117980957,32.56424713134766,10.52617073059082,0.0,15.0,3401.0,40.67,417134180.0
3.082709312438965,4.554854869842529,-1.473715662956238,1.0,0.0,3409.0,5.694,417134200.0
6.493453025817871,9.590789794921875,0.2021686732769012,20.0,1.0,3410.0,11.584,417134203.0
5.676114082336426,8.380434036254883,-2.336791515350342,1.0,2.0,3411.0,10.388,417134205.0
24.91364479064941,36.76964569091797,2.327693939208984,0.0,3.0,3412.0,44.476,417134207.0
5.109773635864258,7.541432857513428,-1.770707488059998,34.0,4.0,3412.0,9.28,417134210.0
24.82464790344238,36.62453079223633,3.870935201644897,0.0,5.0,3413.0,44.414,417134212.0
5.114040374755859,7.542058944702148,-1.443264365196228,76.0,6.0,3414.0,9.226,417134214.0
25.34375762939453,37.36230087280273,5.543348789215088,1.0,7.0,3415.0,45.486,417134217.0
5.164131164550781,7.610211372375488,-1.129241347312927,64.0,8.0,3416.0,9.266,417134219.0
25.60658645629883,37.72141647338867,7.221014976501465,1.0,9.0,3417.0,46.16,417134221.0
5.215780258178711,7.683438301086426,-0.8124658465385437,66.0,10.0,3417.0,9.322000000000001,417134223.0
25.83871078491211,38.049072265625,8.940164566040039,1.0,11.0,3418.0,46.854,417134226.0
23.02544593811035,33.88091278076172,9.457392692565918,2.0,13.0,3420.0,42.042,417134230.0
9.57327938079834,14.08136653900146,-0.2972144782543182,4.0,14.0,3421.0,17.03,417134233.0
22.23574447631836,32.69435119628906,10.59449863433838,0.0,15.0,3422.0,40.934,417134235.0
2.991163730621338,4.388171672821045,-1.422987103462219,1.0,0.0,3428.0,5.498,417134256.0
6.542120456695557,9.593986511230469,0.2026922553777695,4.0,1.0,3429.0,11.614,417134258.0
25.00279235839844,36.63898468017578,2.324658393859863,1.0,3.0,3431.0,44.418,417134263.0
5.134754180908203,7.524446487426758,-1.770707488059998,46.0,4.0,3431.0,9.28,417134265.0
24.9336051940918,36.52390670776367,3.869017839431763,1.0,5.0,3432.0,44.392,417134267.0
5.14013671875,7.526690006256104,-1.443577289581299,74.0,6.0,3433.0,9.228,417134270.0
25.46527671813965,37.27477264404297,5.542861461639404,1.0,7.0,3434.0,45.482,417134272.0
5.182618618011475,7.583211421966553,-1.127778887748718,64.0,8.0,3435.0,9.254,417134274.0
25.69375610351562,37.59511947631836,7.212254524230957,1.0,9.0,3435.0,46.104,417134276.0
5.237857341766357,7.661165714263916,-0.8119428753852844,71.0,10.0,3436.0,9.316,417134279.0
25.94590187072754,37.93563079833984,8.933676719665527,1.0,11.0,3437.0,46.82,417134281.0
6.46573543548584,9.450043678283691,-0.6000840663909912,19.0,12.0,3438.0,11.466,417134283.0
23.10795402526855,33.76095199584961,9.445244789123535,2.0,13.0,3439.0,41.988,417134286.0
23.56948280334473,34.42236328125,11.17839431762695,0.0,15.0,3440.0,43.19,417134290.0
2.951780319213867,4.298080444335938,-1.39710521697998,3.0,0.0,3448.0,5.398,417134311.0
21.70945739746094,31.59927177429199,0.6691950559616089,3.0,1.0,3449.0,38.344,417134313.0
9.09182357788086,13.22868633270264,-3.705843687057495,37.0,2.0,3450.0,16.474,417134316.0
25.12261199951172,36.53996276855469,2.323925733566284,1.0,3.0,3451.0,44.404,417134318.0
5.145416259765625,7.483828067779541,-1.765364766120911,38.0,4.0,3451.0,9.252,417134320.0
25.02368545532227,36.38247680664062,3.863265514373779,1.0,5.0,3452.0,44.326,417134323.0
5.164138793945312,7.505446910858154,-1.442951560020447,74.0,6.0,3453.0,9.224,417134325.0
25.57272338867188,37.15295028686523,5.537986755371094,1.0,7.0,3454.0,45.442,417134327.0
5.21130895614624,7.568344116210938,-1.128266334533691,63.0,8.0,3455.0,9.258000000000001,417134329.0
25.81344795227051,37.47466659545898,7.207248687744141,1.0,9.0,3456.0,46.072,417134332.0
5.256656169891357,7.631349563598633,-0.8107227087020874,66.0,10.0,3456.0,9.302,417134334.0
26.06702423095703,37.82866287231445,8.929861068725586,1.0,11.0,3457.0,46.8,417134336.0
23.25885009765625,33.72821426391602,9.458742141723633,2.0,13.0,3459.0,42.048,417134341.0
7.020886421203613,10.17735385894775,-0.2158164530992508,19.0,14.0,3460.0,12.366,417134343.0
23.71524047851562,34.36436462402344,11.18771171569824,1.0,15.0,3461.0,43.226,417134346.0
2.914003372192383,4.211495399475098,-1.372258543968201,1.0,0.0,3468.0,5.302,417134366.0
21.79914283752441,31.49370193481445,0.6685667634010315,3.0,1.0,3469.0,38.308,417134369.0
13.34359645843506,19.27060127258301,-5.411422729492188,14.0,2.0,3470.0,24.056,417134371.0
25.25569343566895,36.46025466918945,2.324449062347412,1.0,3.0,3471.0,44.414,417134373.0
5.165918350219727,7.457752227783203,-1.763456702232361,36.0,4.0,3471.0,9.242,417134376.0
25.13010597229004,36.26542663574219,3.860127925872803,1.0,5.0,3472.0,44.29,417134378.0
5.185804843902588,7.480881214141846,-1.441699981689453,69.0,6.0,3473.0,9.216000000000001,417134380.0
25.69433784484863,37.05204010009766,5.536280632019043,1.0,7.0,3474.0,45.428,417134382.0
5.237695693969727,7.550107479095459,-1.128266334533691,62.0,8.0,3475.0,9.258000000000001,417134385.0
25.92631530761719,37.37263107299805,7.20412015914917,1.0,9.0,3475.0,46.052,417134387.0
5.27644681930542,7.603133201599121,-0.8096768260002136,63.0,10.0,3476.0,9.290000000000001,417134389.0
26.16980171203613,37.69551086425781,8.919939041137695,1.0,11.0,3477.0,46.748,417134392.0
6.720673561096191,9.676987648010254,-0.6174595952033997,3.0,12.0,3478.0,11.798,417134394.0
23.42758750915527,33.72043991088867,9.479437828063965,3.0,13.0,3479.0,42.14,417134396.0
9.790811538696289,14.08713245391846,-0.2994484007358551,4.0,14.0,3480.0,17.158,417134399.0
23.8356819152832,34.29505157470703,11.19081783294678,2.0,15.0,3480.0,43.238,417134401.0
2.849144697189331,4.087192535400391,-1.334988594055176,1.0,0.0,3488.0,5.158,417134422.0
21.91237449645996,31.42233848571777,0.6686714887619019,2.0,1.0,3489.0,38.314,417134424.0
10.55090045928955,15.12436199188232,-4.257423877716064,35.0,2.0,3490.0,18.926,417134426.0
25.32794570922852,36.29325866699219,2.319424867630005,1.0,3.0,3491.0,44.318,417134429.0
5.193042755126953,7.441284656524658,-1.763838410377502,37.0,4.0,3491.0,9.244,417134431.0
25.24970054626465,36.16768646240234,3.859081983566284,1.0,5.0,3492.0,44.278,417134433.0
5.202837944030762,7.449777603149414,-1.439197063446045,69.0,6.0,3493.0,9.200000000000001,417134435.0
25.79509544372559,36.92144393920898,5.530187129974365,1.0,7.0,3494.0,45.378,417134438.0
5.261744499206543,7.528524398803711,-1.127778887748718,66.0,8.0,3495.0,9.254,417134440.0
26.03850746154785,37.25599670410156,7.199113845825195,1.0,9.0,3495.0,46.02,417134442.0
5.309804439544678,7.594465732574463,-0.8107227087020874,61.0,10.0,3496.0,9.302,417134445.0
26.28659629821777,37.5830192565918,8.91497802734375,1.0,11.0,3497.0,46.722,417134447.0
6.760136604309082,9.661651611328125,-0.6179829835891724,3.0,12.0,3498.0,11.808,417134449.0
23.55967903137207,33.65921020507812,9.485285758972168,2.0,13.0,3499.0,42.166,417134452.0
9.86630630493164,14.09054565429688,-0.3002511858940125,6.0,14.0,3500.0,17.204,417134454.0
23.3746223449707,33.38241958618164,10.91957569122314,0.0,15.0,3500.0,42.19,417134456.0
0.4985125958919525,0.7098382711410522,-0.2324195057153702,1.0,0.0,3508.0,0.898,417134477.0
6.636351108551025,9.446076393127441,0.2015054821968079,9.0,1.0,3509.0,11.546,417134479.0
23.47074317932129,33.39548873901367,-9.423649787902832,1.0,2.0,3510.0,41.892,417134482.0
25.44988441467285,36.19808959960938,2.319006204605103,1.0,3.0,3511.0,44.31,417134484.0
5.215598583221436,7.418293952941895,-1.762693524360657,33.0,4.0,3511.0,9.238,417134486.0
25.38037872314453,36.08584594726562,3.859779119491577,1.0,5.0,3512.0,44.286,417134488.0
5.233357906341553,7.438033103942871,-1.440448522567749,74.0,6.0,3513.0,9.208,417134491.0
25.91010665893555,36.81169891357422,5.527262210845947,1.0,7.0,3514.0,45.354,417134493.0
5.283420562744141,7.503619194030762,-1.126803994178772,68.0,8.0,3515.0,9.246,417134495.0
26.16350746154785,37.14416122436523,7.195985317230225,1.0,9.0,3516.0,46.0,417134498.0
5.328250408172607,7.564482688903809,-0.8095025420188904,56.0,10.0,3516.0,9.288,417134500.0
26.39953231811523,37.46535491943359,8.9088716506958,1.0,11.0,3517.0,46.69,417134502.0
6.7972731590271,9.642892837524414,-0.6182969808578491,3.0,12.0,3518.0,11.814,417134505.0
25.62887001037598,36.34470367431641,10.26721572875977,0.0,13.0,3519.0,45.642,417134507.0
9.938485145568848,14.08870029449463,-0.3009493052959442,4.0,14.0,3520.0,17.244,417134509.0
23.34624099731445,33.09540557861328,10.85228252410889,0.0,15.0,3520.0,41.93,417134511.0
0.5099136233329773,0.7207101583480835,-0.2365606129169464,2.0,0.0,3528.0,0.914,417134532.0
6.669283390045166,9.422853469848633,0.2015054821968079,15.0,1.0,3529.0,11.546,417134535.0
8.598855972290039,12.1446008682251,-3.435452461242676,7.0,2.0,3530.0,15.272,417134537.0
25.56800270080566,36.09762573242188,2.318273544311523,1.0,3.0,3531.0,44.296,417134539.0
5.240326881408691,7.398440837860107,-1.762311935424805,39.0,4.0,3531.0,9.236,417134541.0
25.67206001281738,36.23112487792969,3.884880065917969,0.0,5.0,3532.0,44.574,417134544.0
5.255862236022949,7.414885520935059,-1.439509987831116,76.0,6.0,3533.0,9.202,417134546.0
26.01203536987305,36.68378448486328,5.521656036376953,1.0,7.0,3534.0,45.308,417134548.0
5.302689552307129,7.47541618347168,-1.125341534614563,70.0,8.0,3535.0,9.234,417134551.0
26.25185012817383,36.99461364746094,7.184721946716309,1.0,9.0,3536.0,45.928,417134553.0
5.351163864135742,7.540962696075439,-0.8089796304702759,52.0,10.0,3536.0,9.282,417134555.0
26.51424026489258,37.35056304931641,8.903529167175293,1.0,11.0,3537.0,46.662,417134558.0
25.71269416809082,36.19465255737305,10.25012016296387,0.0,13.0,3539.0,45.566,417134562.0
7.172725200653076,10.09300518035889,-0.2161305993795395,4.0,14.0,3540.0,12.384,417134564.0
23.47186279296875,33.01591491699219,10.8543529510498,0.0,15.0,3541.0,41.938,417134567.0
0.5113049745559692,0.7173526883125305,-0.2360429763793945,2.0,0.0,3548.0,0.912,417134588.0
6.709100246429443,9.409285545349121,0.2017149180173874,9.0,1.0,3549.0,11.558,417134590.0
8.62195873260498,12.08754062652588,-3.427804231643677,15.0,2.0,3550.0,15.238,417134592.0
25.67528915405273,35.98214340209961,2.316598653793335,1.0,3.0,3551.0,44.264,417134594.0
5.258138179779053,7.368916988372803,-1.759640574455261,32.0,4.0,3551.0,9.222,417134597.0
25.95811653137207,36.36507797241211,3.908935070037842,0.0,5.0,3552.0,44.85,417134599.0
5.278269290924072,7.391671180725098,-1.438571333885193,69.0,6.0,3553.0,9.196,417134601.0
26.14108276367188,36.59437942504883,5.521900177001953,1.0,7.0,3554.0,45.31,417134604.0
5.326443195343018,7.453630447387695,-1.12485408782959,73.0,8.0,3555.0,9.23,417134606.0
26.37278366088867,36.89150238037109,7.182531833648682,1.0,9.0,3556.0,45.914,417134608.0
5.37050199508667,7.512513160705566,-0.8079337477684021,52.0,10.0,3556.0,9.27,417134611.0
26.63189506530762,37.24021530151367,8.899331092834473,1.0,11.0,3557.0,46.64,417134613.0
6.632009983062744,9.270328521728516,-0.5973625779151917,34.0,12.0,3558.0,11.414,417134615.0
26.21087455749512,36.62446594238281,10.3976879119873,0.0,13.0,3559.0,46.222,417134617.0
7.195107936859131,10.05002117156982,-0.2157466411590576,10.0,14.0,3560.0,12.362,417134620.0
24.3144416809082,33.96205139160156,11.19185352325439,1.0,15.0,3560.0,43.242,417134622.0
0.5138059258460999,0.7155635356903076,-0.2360429763793945,2.0,0.0,3568.0,0.912,417134643.0
25.56533813476562,35.59103775024414,0.7649040818214417,0.0,1.0,3569.0,43.828,417134645.0
6.394308090209961,8.89862060546875,-2.529799461364746,17.0,2.0,3570.0,11.246,417134647.0
25.7844123840332,35.86959457397461,2.315133333206177,1.0,3.0,3571.0,44.236,417134650.0
5.284974098205566,7.35211181640625,-1.760022163391113,36.0,4.0,3571.0,9.224,417134652.0
26.08256912231445,36.27101135253906,3.908586502075195,0.0,5.0,3572.0,44.846,417134654.0
5.29481029510498,7.360373020172119,-1.436068415641785,74.0,6.0,3573.0,9.18,417134657.0
26.24199295043945,36.46584701538086,5.516294002532959,1.0,7.0,3574.0,45.264,417134659.0
5.354748249053955,7.438214302062988,-1.125341534614563,68.0,8.0,3575.0,9.234,417134661.0
26.47023010253906,36.75593948364258,7.174084663391113,1.0,9.0,3576.0,45.86,417134664.0
5.392035484313965,7.487253665924072,-0.8072364926338196,53.0,10.0,3576.0,9.262,417134666.0
26.73647689819336,37.11198425292969,8.890935897827148,1.0,11.0,3577.0,46.596,417134668.0
11.3563346862793,15.75753688812256,-1.017934322357178,13.0,12.0,3578.0,19.45,417134670.0
26.35907173156738,36.56120300292969,10.40578556060791,0.0,13.0,3579.0,46.258,417134673.0
6.692066192626953,9.278779029846191,-0.1996904313564301,18.0,14.0,3580.0,11.442,417134675.0
24.4554443359375,33.90830993652344,11.20220565795898,1.0,15.0,3580.0,43.282,417134677.0
0.5095071196556091,0.7043740153312683,-0.2329371422529221,2.0,0.0,3588.0,0.9,417134698.0
25.69293403625488,35.50644302368164,0.765008807182312,0.0,1.0,3589.0,43.834,417134700.0
6.421902656555176,8.87151050567627,-2.528449773788452,46.0,2.0,3590.0,11.24,417134703.0
25.87862586975098,35.74991989135742,2.312935352325439,1.0,3.0,3590.0,44.194,417134705.0
5.308302879333496,7.330438613891602,-1.759258985519409,38.0,4.0,3591.0,9.22,417134707.0
26.16694068908691,36.12165832519531,3.902311325073242,0.0,5.0,3592.0,44.774,417134710.0
5.321630001068115,7.343445301055908,-1.436381220817566,76.0,6.0,3593.0,9.182,417134712.0
26.35514068603516,36.354736328125,5.513369083404541,1.0,7.0,3594.0,45.24,417134714.0
5.378348827362061,7.416263580322266,-1.12485408782959,73.0,8.0,3595.0,9.23,417134716.0
26.59313201904297,36.6695556640625,7.174397468566895,1.0,9.0,3595.0,45.862,417134719.0
5.41696834564209,7.466773509979248,-0.8070621490478516,59.0,10.0,3596.0,9.26,417134721.0
26.86355400085449,37.01525115966797,8.890172958374023,1.0,11.0,3597.0,46.592,417134723.0
11.43004417419434,15.74365997314453,-1.019609093666077,19.0,12.0,3598.0,19.482,417134726.0
26.51172637939453,36.50365829467773,10.41568374633789,0.0,13.0,3599.0,46.302,417134728.0
10.27292156219482,14.13946342468262,-0.3050680756568909,4.0,14.0,3600.0,17.48,417134730.0
22.08574485778809,30.3984203338623,10.06806087493896,1.0,15.0,3600.0,38.9,417134733.0
2.53023362159729,3.472362041473389,-1.151227116584778,2.0,0.0,3608.0,4.448,417134753.0
25.77431297302246,35.35836791992188,0.7637522220611572,0.0,1.0,3609.0,43.762,417134756.0
6.441349029541016,8.833294868469238,-2.523950815200806,56.0,2.0,3610.0,11.22,417134758.0
25.99653434753418,35.63708114624023,2.311783790588379,1.0,3.0,3611.0,44.172,417134760.0
5.335015296936035,7.313450813293457,-1.759640574455261,36.0,4.0,3611.0,9.222,417134763.0
26.19891166687012,35.90134429931641,3.888366222381592,0.0,5.0,3612.0,44.614,417134765.0
5.342572212219238,7.318442821502686,-1.435129761695862,76.0,6.0,3613.0,9.174,417134767.0
26.45846748352051,36.2304573059082,5.50849437713623,1.0,7.0,3614.0,45.2,417134769.0
5.397177696228027,7.387826919555664,-1.123391628265381,73.0,8.0,3615.0,9.218,417134772.0
26.70287704467773,36.53834915161133,7.167827129364014,1.0,9.0,3616.0,45.82,417134774.0
5.441823482513428,7.446210861206055,-0.8068878650665283,15.0,10.0,3616.0,9.258000000000001,417134776.0
26.96247100830078,36.88004684448242,8.880250930786133,1.0,11.0,3617.0,46.54,417134779.0
11.49436187744141,15.71656227111816,-1.020446419715881,21.0,12.0,3618.0,19.498,417134781.0
27.16368865966797,37.12807083129883,10.62083911895752,1.0,13.0,3619.0,47.214,417134783.0
10.35055923461914,14.14224624633789,-0.3059057891368866,4.0,14.0,3620.0,17.528,417134786.0
22.21413230895996,30.34064865112305,10.07582569122314,0.0,15.0,3621.0,38.93,417134788.0
2.482895851135254,3.382527351379395,-1.124309897422791,3.0,0.0,3628.0,4.344,417134809.0
25.88692855834961,35.25367736816406,0.7634380459785461,0.0,1.0,3629.0,43.744,417134811.0
6.468682765960693,8.806044578552246,-2.522601127624512,77.0,2.0,3630.0,11.214,417134813.0
26.10156059265137,35.5329704284668,2.310632467269897,1.0,3.0,3630.0,44.15,417134816.0
5.353536128997803,7.285291194915771,-1.75735080242157,31.0,4.0,3631.0,9.21,417134818.0
26.37599563598633,35.88031005859375,3.89603590965271,0.0,5.0,3632.0,44.702,417134820.0
5.364574909210205,7.294974803924561,-1.434191226959229,74.0,6.0,3633.0,9.168000000000001,417134822.0
26.58477401733398,36.13787841796875,5.50849437713623,1.0,7.0,3634.0,45.2,417134825.0
5.413520336151123,7.356151580810547,-1.121441721916199,73.0,8.0,3635.0,9.202,417134827.0
26.82205963134766,36.43378067016602,7.165637016296387,1.0,9.0,3636.0,45.806,417134829.0
5.470144748687744,7.430378913879395,-0.8072364926338196,12.0,10.0,3636.0,9.262,417134832.0
27.08638572692871,36.77938079833984,8.878724098205566,1.0,11.0,3637.0,46.532,417134834.0
11.56692314147949,15.70046329498291,-1.022016525268555,19.0,12.0,3638.0,19.528,417134836.0
27.30584335327148,37.0502815246582,10.62578773498535,1.0,13.0,3639.0,47.236,417134839.0
10.44020843505859,14.16075420379639,-0.307092547416687,4.0,14.0,3640.0,17.596,417134841.0
24.86077117919922,33.72032928466797,11.22549915313721,1.0,15.0,3640.0,43.372,417134843.0
2.423476934432983,3.277533054351807,-1.092216372489929,3.0,0.0,3648.0,4.22,417134864.0
25.99080085754395,35.13737487792969,0.7628796100616455,0.0,1.0,3649.0,43.712,417134866.0
6.505177974700928,8.791243553161621,-2.524850606918335,54.0,2.0,3650.0,11.224,417134868.0
26.20405197143555,35.41274261474609,2.308748483657837,1.0,3.0,3650.0,44.114,417134871.0
5.374261856079102,7.260247707366943,-1.755824327468872,32.0,4.0,3651.0,9.202,417134873.0
26.43231010437012,35.69515228271484,3.885926008224487,0.0,5.0,3652.0,44.586,417134875.0
5.390006065368652,7.276204586029053,-1.434191226959229,72.0,6.0,3653.0,9.168000000000001,417134878.0
26.67293548583984,35.99382400512695,5.500694751739502,1.0,7.0,3654.0,45.136,417134880.0
5.441529750823975,7.340399742126465,-1.121929168701172,76.0,8.0,3655.0,9.206,417134882.0
26.92436408996582,36.30661392211914,7.159066677093506,1.0,9.0,3656.0,45.764,417134885.0
5.493674755096436,7.40803861618042,-0.8068878650665283,12.0,10.0,3656.0,9.258000000000001,417134887.0
27.18653106689453,36.64676666259766,8.8695650100708,1.0,11.0,3657.0,46.484,417134889.0
11.63951110839844,15.68404960632324,-1.023586630821228,17.0,12.0,3658.0,19.558,417134892.0
24.20339584350586,32.60178375244141,9.374160766601562,1.0,13.0,3659.0,41.672,417134894.0
10.52295875549316,14.16917610168457,-0.3080698847770691,4.0,14.0,3660.0,17.652,417134896.0
24.97371864318848,33.62714004516602,11.22342872619629,2.0,15.0,3660.0,43.364,417134898.0
2.339122295379639,3.14046049118042,-1.049252390861511,2.0,0.0,3668.0,4.054,417134919.0
26.10373687744141,35.03360748291016,0.7626003623008728,0.0,1.0,3669.0,43.696,417134921.0
6.536990165710449,8.770045280456543,-2.5253005027771,72.0,2.0,3670.0,11.226,417134924.0
26.35157775878906,35.34048080444336,2.310318470001221,0.0,3.0,3671.0,44.144,417134926.0
5.372580051422119,7.205244541168213,-1.747047185897827,13.0,4.0,3671.0,9.156,417134928.0
26.54960060119629,35.59308624267578,3.884880065917969,0.0,5.0,3672.0,44.574,417134931.0
5.404739856719971,7.243096828460693,-1.43137538433075,20.0,6.0,3673.0,9.15,417134933.0
26.80554008483887,35.91004180908203,5.502157211303711,1.0,7.0,3674.0,45.148,417134935.0
5.467119216918945,7.32136058807373,-1.121929168701172,76.0,8.0,3675.0,9.206,417134938.0
27.04106712341309,36.21237945556641,7.158128261566162,1.0,9.0,3675.0,45.758,417134940.0
5.519500255584717,7.388816833496094,-0.8068878650665283,61.0,10.0,3676.0,9.258000000000001,417134942.0
27.30488586425781,36.5390625,8.866512298583984,1.0,11.0,3677.0,46.468,417134945.0
11.71332168579102,15.66891956329346,-1.025261402130127,16.0,12.0,3678.0,19.59,417134947.0
24.32755279541016,32.53114700317383,9.378209114074707,1.0,13.0,3679.0,41.69,417134949.0
7.390825271606445,9.879520416259766,-0.2153626978397369,3.0,14.0,3680.0,12.34,417134951.0
25.09564208984375,33.53383255004883,11.2229118347168,2.0,15.0,3681.0,43.362,417134954.0
2.285144805908203,3.045740842819214,-1.020264625549316,3.0,0.0,3688.0,3.942,417134974.0
26.2270679473877,34.94387435913086,0.7626352310180664,0.0,1.0,3689.0,43.698,417134977.0
6.564053535461426,8.742498397827148,-2.523950815200806,59.0,2.0,3690.0,11.22,417134979.0
26.43504905700684,35.20817947387695,2.307387590408325,1.0,3.0,3690.0,44.088,417134981.0
5.428353786468506,7.227261066436768,-1.756969213485718,41.0,4.0,3691.0,9.208,417134984.0
26.90447998046875,35.78134918212891,5.496794700622559,1.0,7.0,3694.0,45.104,417134991.0
5.492642402648926,7.302232265472412,-1.121929168701172,73.0,8.0,3695.0,9.206,417134993.0
27.16291999816895,36.09881973266602,7.155312538146973,1.0,9.0,3696.0,45.74,417134995.0
5.541664600372314,7.364728927612305,-0.8063649535179138,85.0,10.0,3696.0,9.252,417134998.0
27.40864944458008,36.41215896606445,8.858880043029785,1.0,11.0,3697.0,46.428,417135000.0
25.13039398193359,33.36127471923828,9.642751693725586,0.0,13.0,3699.0,42.866,417135004.0
10.71187973022461,14.21514415740967,-0.3106877505779266,3.0,14.0,3700.0,17.802,417135007.0
25.21835899353027,33.45374298095703,11.22549915313721,2.0,15.0,3701.0,43.372,417135009.0
2.238688707351685,2.962225914001465,-0.9949004054069519,3.0,0.0,3708.0,3.844,417135030.0
26.31994247436523,34.8138313293457,0.7617975473403931,0.0,1.0,3709.0,43.65,417135032.0
6.583950996398926,8.705543518066406,-2.519901752471924,72.0,2.0,3710.0,11.202,417135034.0
26.5324878692627,35.08223724365234,2.305189609527588,1.0,3.0,3710.0,44.046,417135037.0
5.442887783050537,7.194177627563477,-1.75353467464447,28.0,4.0,3711.0,9.19,417135039.0
26.82870101928711,35.44817733764648,3.88941216468811,0.0,5.0,3712.0,44.626,417135041.0
5.42536449432373,7.165815830230713,-1.423553586006165,3.0,6.0,3713.0,9.1,417135044.0
27.02202606201172,35.6777229309082,5.49533224105835,1.0,7.0,3714.0,45.092,417135046.0
5.506110191345215,7.267192363739014,-1.119491815567017,32.0,8.0,3715.0,9.186,417135048.0
27.27174377441406,35.99437713623047,7.152496814727783,1.0,9.0,3715.0,45.722,417135051.0
5.569745540618896,7.34851598739624,-0.8067135810852051,85.0,10.0,3716.0,9.256,417135053.0
27.53558540344238,36.31626129150391,8.858880043029785,1.0,11.0,3717.0,46.428,417135055.0
7.400029182434082,9.756248474121094,-0.6417434811592102,16.0,12.0,3718.0,12.262,417135057.0
6.908306121826172,9.101357460021973,-0.1994460970163345,4.0,14.0,3720.0,11.428,417135062.0
25.34315872192383,33.37628173828125,11.22912311553955,1.0,15.0,3721.0,43.386,417135064.0
2.210400581359863,2.903667449951172,-0.9778183698654175,4.0,0.0,3728.0,3.778,417135085.0
26.42313194274902,34.69787979125977,0.761273980140686,0.0,1.0,3729.0,43.62,417135087.0
6.615479946136475,8.68405818939209,-2.520351648330688,54.0,2.0,3730.0,11.204,417135090.0
26.63663101196289,34.965576171875,2.303619384765625,0.0,3.0,3730.0,44.016,417135092.0
5.471537113189697,7.179819107055664,-1.754679560661316,38.0,4.0,3731.0,9.196,417135094.0
26.92086982727051,35.31311416625977,3.884880065917969,0.0,5.0,3732.0,44.574,417135097.0
5.479093551635742,7.184531688690186,-1.431062459945679,28.0,6.0,3733.0,9.148,417135099.0
27.13676643371582,35.570556640625,5.493382453918457,1.0,7.0,3734.0,45.076,417135101.0
5.525422096252441,7.24003791809082,-1.118273138999939,25.0,8.0,3735.0,9.176,417135104.0
27.37564849853516,35.87069320678711,7.146864891052246,1.0,9.0,3735.0,45.686,417135106.0
5.584481239318848,7.314776420593262,-0.805144727230072,63.0,10.0,3736.0,9.238,417135108.0
26.08806037902832,34.15881729125977,8.35476303100586,0.0,11.0,3737.0,43.786,417135110.0
6.879912376403809,9.005064010620117,-0.593908429145813,18.0,12.0,3738.0,11.348,417135113.0
10.88008785247803,14.23056507110596,-0.3126773238182068,3.0,14.0,3740.0,17.916,417135117.0
25.48180770874023,33.31676864624023,11.23895835876465,1.0,15.0,3741.0,43.424,417135120.0
2.186433076858521,2.851475477218628,-0.9628068208694458,3.0,0.0,3748.0,3.72,417135140.0
10.23669624328613,13.34554386138916,0.2935843765735626,2.0,1.0,3749.0,16.822,417135143.0
6.648125171661377,8.664005279541016,-2.521251440048218,59.0,2.0,3750.0,11.208,417135145.0
26.74393081665039,34.85337066650391,2.302363395690918,0.0,3.0,3750.0,43.992,417135147.0
5.487002372741699,7.14821720123291,-1.75162661075592,46.0,4.0,3751.0,9.18,417135150.0
27.04397010803223,35.21892547607422,3.884880065917969,0.0,5.0,3752.0,44.574,417135152.0
5.397040843963623,7.02593994140625,-1.403217196464539,2.0,6.0,3753.0,8.97,417135154.0
27.25108909606934,35.46302032470703,5.491432666778564,1.0,7.0,3754.0,45.06,417135156.0
5.545821666717529,7.21441125869751,-1.117298126220703,42.0,8.0,3755.0,9.168000000000001,417135159.0
27.48624801635742,35.75612258911133,7.143110752105713,1.0,9.0,3755.0,45.662,417135161.0
5.611195087432861,7.296817779541016,-0.80531907081604,71.0,10.0,3756.0,9.24,417135163.0
27.74655151367188,36.06868362426758,8.845523834228516,1.0,11.0,3757.0,46.358,417135166.0
11.99916362762451,15.59248733520508,-1.031123042106628,19.0,12.0,3758.0,19.702,417135168.0
10.96629905700684,14.24002933502197,-0.3137244582176208,4.0,14.0,3760.0,17.976,417135173.0
25.62161827087402,33.27034759521484,11.25189876556396,1.0,15.0,3760.0,43.474,417135175.0
2.140873670578003,2.771965980529785,-0.9384778738021851,3.0,0.0,3768.0,3.626,417135196.0
10.24776268005371,13.26383972167969,0.2925721406936646,2.0,1.0,3769.0,16.764,417135198.0
6.677135944366455,8.639204025268555,-2.520801544189453,68.0,2.0,3770.0,11.206,417135200.0
26.86787223815918,34.76296234130859,2.302572727203369,0.0,3.0,3770.0,43.996,417135203.0
5.50711727142334,7.12280797958374,-1.750100135803223,36.0,4.0,3771.0,9.172,417135205.0
27.1667423248291,35.12431335449219,3.884880065917969,0.0,5.0,3772.0,44.574,417135207.0
5.367136001586914,6.936753273010254,-1.389138102531433,2.0,6.0,3773.0,8.88,417135209.0
27.35527229309082,35.34256362915039,5.487532615661621,1.0,7.0,3774.0,45.028,417135212.0
5.568540573120117,7.191869735717773,-1.11681067943573,67.0,8.0,3775.0,9.164,417135214.0
27.59517097473145,35.63965606689453,7.13904333114624,1.0,9.0,3775.0,45.636,417135216.0
5.626871109008789,7.264585494995117,-0.803924560546875,56.0,10.0,3776.0,9.224,417135219.0
27.84703254699707,35.93901824951172,8.837509155273438,1.0,11.0,3777.0,46.316,417135221.0
12.06330680847168,15.56313610076904,-1.031960368156433,17.0,12.0,3778.0,19.718,417135223.0
25.10295486450195,32.37419891357422,9.457841873168945,1.0,13.0,3779.0,42.044,417135226.0
11.06251335144043,14.26170539855957,-0.3150508403778076,3.0,14.0,3780.0,18.052,417135228.0
25.75759887695312,33.19453430175781,11.25811100006104,1.0,15.0,3781.0,43.498,417135230.0
2.093600034713745,2.691285371780396,-0.9136312007904053,4.0,0.0,3788.0,3.53,417135251.0
10.25715732574463,13.18064308166504,0.2915250062942505,4.0,1.0,3789.0,16.704,417135253.0
6.697675228118896,8.60354232788086,-2.517202377319336,65.0,2.0,3790.0,11.19,417135256.0
26.8564338684082,34.48619079589844,2.290744781494141,1.0,3.0,3791.0,43.77,417135258.0
5.535565853118896,7.108187675476074,-1.751244902610779,36.0,4.0,3791.0,9.178,417135260.0
5.386460304260254,6.911743640899658,-1.387886524200439,2.0,6.0,3793.0,8.872,417135265.0
27.46016693115234,35.2233772277832,5.483876705169678,1.0,7.0,3794.0,44.998,417135267.0
5.599714756011963,7.180214405059814,-1.118029356002808,86.0,8.0,3795.0,9.174,417135269.0
27.70726013183594,35.52753829956055,7.135914325714111,1.0,9.0,3795.0,45.616,417135272.0
5.649744033813477,7.241757869720459,-0.8035759329795837,59.0,10.0,3796.0,9.22,417135274.0
27.97231292724609,35.84159469604492,8.837509155273438,1.0,11.0,3797.0,46.316,417135276.0
6.975063323974609,8.934100151062012,-0.5940130949020386,55.0,12.0,3798.0,11.35,417135279.0
27.02824783325195,34.60702896118164,10.13764381408691,0.0,13.0,3799.0,45.066,417135281.0
11.16270446777344,14.28761100769043,-0.3164819478988647,3.0,14.0,3800.0,18.134,417135283.0
25.84136962890625,33.07544326782227,11.24672317504883,0.0,15.0,3800.0,43.454,417135286.0
2.036258220672607,2.598803997039795,-0.8846434950828552,6.0,0.0,3808.0,3.418,417135306.0
10.29446792602539,13.1337423324585,0.2912806570529938,4.0,1.0,3809.0,16.69,417135309.0
6.722856521606445,8.573976516723633,-2.515402793884277,68.0,2.0,3810.0,11.182,417135311.0
26.94583320617676,34.35294723510742,2.288127899169922,1.0,3.0,3811.0,43.72,417135313.0
5.565191268920898,7.095000743865967,-1.752771377563477,33.0,4.0,3811.0,9.186,417135315.0
5.443485736846924,6.934853553771973,-1.396334052085876,2.0,6.0,3813.0,8.926,417135320.0
27.54862403869629,35.08359527587891,5.477052211761475,1.0,7.0,3814.0,44.942,417135322.0
5.622291564941406,7.157502174377441,-1.117541909217834,86.0,8.0,3815.0,9.17,417135325.0
27.8153190612793,35.39778900146484,7.130282878875732,1.0,9.0,3816.0,45.58,417135327.0
5.678681373596191,7.226692199707031,-0.804098904132843,61.0,10.0,3816.0,9.226,417135329.0
28.07298851013184,35.71286773681641,8.829876899719238,1.0,11.0,3817.0,46.276,417135332.0
7.000033378601074,8.901847839355469,-0.5934897661209106,53.0,12.0,3818.0,11.34,417135334.0
27.18984794616699,34.56454467773438,10.15294075012207,0.0,13.0,3819.0,45.134,417135336.0
11.26939487457275,14.32084655761719,-0.3180875480175018,1.0,14.0,3820.0,18.226,417135339.0
25.68280792236328,32.62530899047852,11.12559509277344,0.0,15.0,3821.0,42.986,417135341.0
2.040823698043823,2.587843418121338,-0.8830905556678772,4.0,0.0,3826.0,3.412,417135362.0
10.32948589324951,13.09348678588867,0.2911061346530914,4.0,1.0,3827.0,16.68,417135364.0
6.755795478820801,8.560462951660156,-2.517652273178101,62.0,2.0,3828.0,11.192,417135366.0
27.04743576049805,34.26028442382812,2.287604570388794,1.0,3.0,3829.0,43.71,417135368.0
5.576504707336426,7.063613891601562,-1.749336838722229,38.0,4.0,3829.0,9.168000000000001,417135371.0
27.40976905822754,34.706787109375,3.869192123413086,0.0,5.0,3830.0,44.394,417135373.0
5.466469764709473,6.919268131256104,-1.396646857261658,3.0,6.0,3831.0,8.928,417135375.0
27.66116905212402,34.9999885559082,5.477539539337158,1.0,7.0,3832.0,44.946,417135378.0
5.63490104675293,7.127346038818359,-1.115592002868652,86.0,8.0,3833.0,9.154,417135380.0
27.91532325744629,35.30890655517578,7.129031658172607,1.0,9.0,3833.0,45.572,417135382.0
5.70382833480835,7.211942195892334,-0.8044475317001343,63.0,10.0,3834.0,9.23,417135385.0
28.18260765075684,35.62141799926758,8.829113960266113,1.0,11.0,3835.0,46.272,417135387.0
27.38297843933105,34.58590698242188,10.18443393707275,0.0,13.0,3837.0,45.274,417135392.0
11.24976825714111,14.203857421875,-0.316272497177124,16.0,14.0,3838.0,18.122,417135394.0
24.01152610778809,30.31673812866211,10.36259651184082,1.0,15.0,3838.0,40.038,417135396.0
2.002984046936035,2.521707773208618,-0.8629027009010315,4.0,0.0,3846.0,3.334,417135417.0
10.38010311126709,13.06361293792725,0.2912457585334778,4.0,1.0,3847.0,16.688,417135419.0
6.790486335754395,8.542930603027344,-2.519451856613159,48.0,2.0,3848.0,11.2,417135421.0
27.20290946960449,34.21099853515625,2.290640115737915,1.0,3.0,3849.0,43.768,417135424.0
5.597461700439453,7.03949499130249,-1.748192071914673,39.0,4.0,3849.0,9.162,417135426.0
27.40920257568359,34.45809173583984,3.852109432220459,1.0,5.0,3850.0,44.198,417135428.0
5.485669136047363,6.893961429595947,-1.395395398139954,3.0,6.0,3851.0,8.92,417135431.0
27.78440856933594,34.9047737121582,5.477783203125,1.0,7.0,3852.0,44.948,417135433.0
5.664691925048828,7.113844871520996,-1.116566896438599,86.0,8.0,3853.0,9.162,417135435.0
28.03224182128906,35.19090270996094,7.125902652740479,1.0,9.0,3854.0,45.552,417135438.0
5.717795372009277,7.177962303161621,-0.8028786778450012,59.0,10.0,3854.0,9.212,417135440.0
28.15628814697266,35.33396911621094,8.782175064086914,0.0,11.0,3855.0,46.026,417135442.0
12.35124015808105,15.49430370330811,-1.038450002670288,6.0,12.0,3856.0,19.842,417135444.0
27.66877555847168,34.69732284545898,10.24562072753906,0.0,13.0,3857.0,45.546,417135447.0
11.18580150604248,14.02224731445312,-0.3130961656570435,9.0,14.0,3858.0,17.94,417135449.0
23.72242736816406,29.72721099853516,10.19074153900146,0.0,15.0,3859.0,39.374,417135451.0
1.963501334190369,2.454359769821167,-0.8421971797943115,4.0,0.0,3866.0,3.254,417135472.0
10.40814781188965,13.00544166564941,0.2907570898532867,4.0,1.0,3867.0,16.66,417135474.0
6.832444190979004,8.534387588500977,-2.523950815200806,47.0,2.0,3868.0,11.22,417135477.0
27.36086654663086,34.16416168212891,2.293884992599487,1.0,3.0,3869.0,43.83,417135479.0
5.619545459747314,7.016848564147949,-1.747428774833679,40.0,4.0,3869.0,9.158,417135481.0
27.48447036743164,34.30622863769531,3.845834255218506,1.0,5.0,3870.0,44.126,417135484.0
5.513406276702881,6.879395008087158,-1.396334052085876,3.0,6.0,3871.0,8.926,417135486.0
27.88993835449219,34.78744125366211,5.47461462020874,1.0,7.0,3872.0,44.922,417135488.0
5.687005519866943,7.090930938720703,-1.116079449653625,86.0,8.0,3873.0,9.158,417135491.0
28.13642692565918,35.08234024047852,7.122774124145508,1.0,9.0,3873.0,45.532,417135493.0
5.740322589874268,7.154851913452148,-0.80253005027771,57.0,10.0,3874.0,9.208,417135495.0
28.29174423217773,35.25078201293945,8.785990715026855,1.0,11.0,3875.0,46.046,417135497.0
7.099789142608643,8.842991828918457,-0.5943270921707153,6.0,12.0,3876.0,11.356,417135500.0
27.31381034851074,34.00797653198242,10.07015895843506,0.0,13.0,3877.0,44.766,417135502.0
11.24344730377197,13.99402809143066,-0.3133405148983002,8.0,14.0,3878.0,17.954,417135504.0
26.34368515014648,32.78836441040039,11.27001667022705,2.0,15.0,3878.0,43.544,417135507.0
1.938118457794189,2.405370712280273,-0.8277032971382141,3.0,0.0,3886.0,3.198,417135527.0
10.45097255706787,12.96591758728027,0.2906872928142548,4.0,1.0,3887.0,16.656,417135530.0
27.49123954772949,34.08243942260742,2.294826984405518,1.0,3.0,3889.0,43.848,417135534.0
5.641539573669434,6.994133949279785,-1.746665596961975,42.0,4.0,3889.0,9.154,417135537.0
27.61406326293945,34.22248458862305,3.847228765487671,1.0,5.0,3890.0,44.142,417135539.0
5.507608890533447,6.823217391967773,-1.388825178146362,5.0,6.0,3891.0,8.878,417135541.0
27.96380996704102,34.63118743896484,5.465352535247803,1.0,7.0,3892.0,44.846,417135544.0
5.714217185974121,7.074124813079834,-1.116566896438599,84.0,8.0,3893.0,9.162,417135546.0
28.13694190979004,34.82072448730469,7.090548515319824,1.0,9.0,3894.0,45.326,417135548.0
5.764010906219482,7.13322114944458,-0.8023557662963867,61.0,10.0,3894.0,9.206,417135550.0
28.43683624267578,35.17929458618164,8.79286003112793,1.0,11.0,3895.0,46.082,417135553.0
12.48673725128174,15.44186592102051,-1.040752768516541,6.0,12.0,3896.0,19.886,417135555.0
26.31339073181152,32.52914047241211,9.659398078918457,1.0,13.0,3897.0,42.94,417135557.0
11.63563537597656,14.37907314300537,-0.3228695094585419,5.0,14.0,3898.0,18.5,417135560.0
26.47583770751953,32.70660781860352,11.2751932144165,2.0,15.0,3899.0,43.564,417135562.0
1.881984710693359,2.319087743759155,-0.8002684712409973,4.0,0.0,3906.0,3.092,417135583.0
10.50247001647949,12.93712043762207,0.2908618152141571,6.0,1.0,3907.0,16.666,417135585.0
7.418882846832275,9.13544750213623,-2.71695876121521,18.0,2.0,3908.0,12.078,417135587.0
27.61885833740234,33.99711990356445,2.295559644699097,1.0,3.0,3909.0,43.862,417135590.0
5.662205219268799,6.969827175140381,-1.745520710945129,45.0,4.0,3909.0,9.148,417135592.0
27.79618263244629,34.20319366455078,3.855944395065308,0.0,5.0,3910.0,44.242,417135594.0
5.518931865692139,6.788622856140137,-1.385696530342102,9.0,6.0,3911.0,8.858,417135597.0
28.00436401367188,34.43479537963867,5.449753284454346,1.0,7.0,3912.0,44.718,417135599.0
5.728853702545166,7.041816234588623,-1.114616990089417,81.0,8.0,3913.0,9.146,417135601.0
28.24602508544922,34.71956634521484,7.08898401260376,1.0,9.0,3913.0,45.316,417135603.0
5.788875102996826,7.113057613372803,-0.8023557662963867,63.0,10.0,3914.0,9.206,417135606.0
28.15042304992676,34.577392578125,8.666926383972168,0.0,11.0,3915.0,45.422,417135608.0
12.06255149841309,14.81124877929688,-1.001082181930542,8.0,12.0,3916.0,19.128,417135610.0
28.08968353271484,34.47819900512695,10.26721572875977,0.0,13.0,3917.0,45.642,417135613.0
11.75902938842773,14.4282751083374,-0.3248940110206604,7.0,14.0,3918.0,18.616,417135615.0
26.60856056213379,32.64857864379883,11.28554534912109,1.0,15.0,3918.0,43.604,417135617.0
1.855836868286133,2.27062201499939,-0.7857746481895447,3.0,0.0,3926.0,3.036,417135638.0
10.54756450653076,12.90038108825684,0.2908618152141571,6.0,1.0,3927.0,16.666,417135640.0
7.635791778564453,9.335761070251465,-2.784444093704224,7.0,2.0,3928.0,12.378,417135643.0
27.75633430480957,33.92369079589844,2.29712986946106,0.0,3.0,3929.0,43.892,417135645.0
5.685256958007812,6.948500633239746,-1.745139122009277,41.0,4.0,3929.0,9.146,417135647.0
27.94695281982422,34.14450454711914,3.860302209854126,1.0,5.0,3930.0,44.292,417135650.0
5.538840770721436,6.764731884002686,-1.384757876396179,13.0,6.0,3931.0,8.852,417135652.0
28.07156372070312,34.27233505249023,5.439516067504883,0.0,7.0,3932.0,44.634,417135654.0
28.43069076538086,34.68608093261719,7.103376388549805,1.0,9.0,3934.0,45.408,417135659.0
5.816195011138916,7.095889091491699,-0.802704393863678,61.0,10.0,3934.0,9.21,417135661.0
28.2535228729248,34.45766448974609,8.66158390045166,0.0,11.0,3935.0,45.394,417135663.0
12.12051200866699,14.77677345275879,-1.00160551071167,11.0,12.0,3936.0,19.138,417135666.0
28.09366798400879,34.23832321166992,10.22492504119873,0.0,13.0,3937.0,45.454,417135668.0
11.70274925231934,14.25730323791504,-0.3219619989395142,8.0,14.0,3938.0,18.448,417135670.0
26.73049736022949,32.5538215637207,11.28658103942871,1.0,15.0,3939.0,43.608,417135673.0
1.812185287475586,2.201486110687256,-0.7640337944030762,3.0,0.0,3946.0,2.952,417135693.0
10.60015773773193,12.87274646759033,0.2910712361335754,6.0,1.0,3947.0,16.678,417135696.0
5.667305946350098,6.879883289337158,-2.057852268218994,5.0,2.0,3948.0,9.148,417135698.0
27.87966156005859,33.832763671875,2.297548532485962,0.0,3.0,3949.0,43.9,417135700.0
5.708228588104248,6.927097797393799,-1.744757413864136,36.0,4.0,3949.0,9.144,417135703.0
28.04442405700684,34.02060699462891,3.857338905334473,1.0,5.0,3950.0,44.258,417135705.0
5.567447185516357,6.751452445983887,-1.386009335517883,15.0,6.0,3951.0,8.86,417135707.0
28.16955184936523,34.14810562133789,5.435372829437256,1.0,7.0,3952.0,44.6,417135709.0
28.11430740356445,34.06901931762695,6.996062278747559,0.0,9.0,3953.0,44.722,417135714.0
5.835855484008789,7.069397449493408,-0.8020071387290955,61.0,10.0,3954.0,9.202,417135716.0
28.38363075256348,34.37094116210938,8.664636611938477,0.0,11.0,3955.0,45.41,417135719.0
12.18855476379395,14.75439262390137,-1.002966284751892,13.0,12.0,3956.0,19.164,417135721.0
28.10625076293945,34.0108642578125,10.18623352050781,0.0,13.0,3957.0,45.282,417135723.0
11.90788745880127,14.40439796447754,-0.3262203931808472,15.0,14.0,3958.0,18.692,417135726.0
24.39375686645508,29.5079517364502,10.25855159759521,0.0,15.0,3958.0,39.636,417135728.0
1.734784126281738,2.092528343200684,-0.7283167839050293,3.0,0.0,3966.0,2.814,417135749.0
10.64502811431885,12.83566665649414,0.2910712361335754,6.0,1.0,3967.0,16.678,417135751.0
5.683820724487305,6.851059913635254,-2.055152893066406,6.0,2.0,3968.0,9.136000000000001,417135753.0
27.97207832336426,33.70449829101562,2.295454978942871,0.0,3.0,3969.0,43.86,417135756.0
5.739896774291992,6.916194915771484,-1.747047185897827,18.0,4.0,3969.0,9.156,417135758.0
28.03064918518066,33.76308059692383,3.839210510253906,0.0,5.0,3970.0,44.05,417135760.0
5.590980052947998,6.731977462768555,-1.386009335517883,19.0,6.0,3971.0,8.86,417135762.0
28.3050708770752,34.06941604614258,5.438541412353516,0.0,7.0,3972.0,44.626,417135765.0
28.20528030395508,33.93725204467773,6.989179134368896,1.0,9.0,3973.0,44.678,417135769.0
5.852854251861572,7.039791107177734,-0.8009612560272217,63.0,10.0,3974.0,9.19,417135772.0
28.73191452026367,34.54637145996094,8.734090805053711,1.0,11.0,3975.0,45.774,417135774.0
12.26042079925537,14.73632144927979,-1.004641056060791,11.0,12.0,3976.0,19.196,417135776.0
26.4770336151123,31.81257820129395,9.55547046661377,0.0,13.0,3977.0,42.478,417135779.0
12.47244930267334,14.98052883148193,-0.3402521014213562,20.0,14.0,3978.0,19.496,417135781.0
24.49042892456055,29.41519927978516,10.25596332550049,0.0,15.0,3978.0,39.626,417135783.0
1.687599182128906,2.021211862564087,-0.7055407166481018,3.0,0.0,3986.0,2.726,417135804.0
10.6820764541626,12.78922176361084,0.2908618152141571,9.0,1.0,3987.0,16.666,417135806.0
5.698954582214355,6.820709705352783,-2.052003622055054,6.0,2.0,3988.0,9.122,417135809.0
27.89742851257324,33.37678527832031,2.279754161834717,0.0,3.0,3989.0,43.56,417135811.0
5.764003753662109,6.896116733551025,-1.747047185897827,9.0,4.0,3989.0,9.156,417135813.0
28.15600204467773,33.67420196533203,3.840256452560425,0.0,5.0,3990.0,44.062,417135815.0
5.605573654174805,6.701813697814941,-1.383819222450256,20.0,6.0,3991.0,8.846,417135818.0
28.0938892364502,33.57609176635742,5.375412940979004,0.0,7.0,3992.0,44.108,417135820.0
28.44488143920898,33.97147369384766,7.017650127410889,1.0,9.0,3994.0,44.86,417135825.0
5.877391815185547,7.019318103790283,-0.8009612560272217,63.0,10.0,3994.0,9.19,417135827.0
29.07168006896973,34.70774459838867,8.800492286682129,1.0,11.0,3995.0,46.122,417135829.0
12.37207508087158,14.7653865814209,-1.009560585021973,6.0,12.0,3996.0,19.29,417135832.0
26.60043716430664,31.73489761352539,9.559969902038574,1.0,13.0,3997.0,42.498,417135834.0
12.54008388519287,14.95528793334961,-0.3406709730625153,28.0,14.0,3998.0,19.52,417135836.0
24.62026596069336,29.36209869384766,10.2673511505127,0.0,15.0,3998.0,39.67,417135838.0
1.651128053665161,1.963558316230774,-0.6874234080314636,3.0,0.0,4006.0,2.656,417135859.0
10.73695182800293,12.76409912109375,0.2911410331726074,9.0,1.0,4007.0,16.682,417135862.0
5.718964576721191,6.79630184173584,-2.050653696060181,16.0,2.0,4008.0,9.116,417135864.0
28.00733375549316,33.27156066894531,2.279230833053589,1.0,3.0,4009.0,43.55,417135866.0
5.84367036819458,6.94204044342041,-1.763838410377502,10.0,4.0,4009.0,9.244,417135868.0
28.34524345397949,33.66105651855469,3.850017786026001,0.0,5.0,4010.0,44.174,417135871.0
5.639114379882812,6.694292068481445,-1.386322259902954,19.0,6.0,4011.0,8.862,417135873.0
28.17638397216797,33.43683624267578,5.368832111358643,1.0,7.0,4012.0,44.054,417135875.0
5.841921806335449,6.930137157440186,-1.112910866737366,62.0,8.0,4013.0,9.132,417135878.0
28.67662620544434,34.00637435913086,7.045495510101318,1.0,9.0,4014.0,45.038,417135880.0
5.899289131164551,6.995713233947754,-0.8006126284599304,63.0,10.0,4014.0,9.186,417135882.0
29.17746543884277,34.58804702758789,8.795912742614746,1.0,11.0,4015.0,46.098,417135885.0
12.92202758789062,15.31282615661621,-1.050068616867065,7.0,12.0,4016.0,20.064,417135887.0
26.72613525390625,31.65971946716309,9.56536865234375,1.0,13.0,4017.0,42.522,417135889.0
12.59995174407959,14.92059135437012,-0.3408803939819336,28.0,14.0,4018.0,19.532,417135891.0
27.0814323425293,32.05789566040039,11.24465179443359,0.0,15.0,4019.0,43.446,417135894.0
1.647984385490417,1.945988893508911,-0.6832822561264038,3.0,0.0,4026.0,2.64,417135915.0
10.78014945983887,12.72501659393311,0.2911061346530914,9.0,1.0,4027.0,16.68,417135917.0
28.10263824462891,33.14921951293945,2.277556180953979,1.0,3.0,4029.0,43.518,417135921.0
5.888179779052734,6.945560455322266,-1.769944190979004,9.0,4.0,4029.0,9.276,417135924.0
28.03215789794922,33.05438613891602,3.791797637939453,0.0,5.0,4030.0,43.506,417135926.0
5.649668216705322,6.65950345993042,-1.383193492889404,20.0,6.0,4031.0,8.842,417135928.0
28.30962562561035,33.35795211791992,5.372000694274902,0.0,7.0,4032.0,44.08,417135931.0
5.867361545562744,6.911216259002686,-1.113154530525208,70.0,8.0,4033.0,9.134,417135933.0
28.88210868835449,34.00845336914062,7.066770553588867,1.0,9.0,4034.0,45.174,417135935.0
5.921093463897705,6.97204065322876,-0.8002640008926392,66.0,10.0,4034.0,9.182,417135938.0
29.30056381225586,34.48897933959961,8.796676635742188,1.0,11.0,4035.0,46.102,417135940.0
9.606090545654297,11.30309677124023,-0.7773982882499695,6.0,12.0,4036.0,14.854,417135942.0
26.86425399780273,31.59889984130859,9.57526683807373,1.0,13.0,4037.0,42.566,417135944.0
12.66232204437256,14.88870429992676,-0.3411596417427063,26.0,14.0,4038.0,19.548,417135947.0
27.35530090332031,32.16511154174805,11.31401538848877,2.0,15.0,4038.0,43.714,417135949.0
1.598354578018188,1.874080538749695,-0.6599885821342468,3.0,0.0,4046.0,2.55,417135970.0
10.834885597229,12.69947910308838,0.2913853824138641,11.0,1.0,4047.0,16.696,417135972.0
5.783982753753662,6.776962757110596,-2.056952476501465,37.0,2.0,4048.0,9.144,417135974.0
5.899641036987305,6.910033702850342,-1.766128063201904,5.0,4.0,4049.0,9.256,417135979.0
28.1447811126709,32.95330429077148,3.791449069976807,1.0,5.0,4050.0,43.502,417135981.0
5.678012371063232,6.645749568939209,-1.384445071220398,19.0,6.0,4051.0,8.85,417135984.0
28.62709426879883,33.49433898925781,5.41002368927002,1.0,7.0,4052.0,44.392,417135986.0
5.883710384368896,6.881640434265137,-1.111692190170288,43.0,8.0,4053.0,9.122,417135988.0
29.03787803649902,33.95096206665039,7.075843811035156,1.0,9.0,4054.0,45.232,417135991.0
5.945394515991211,6.951329708099365,-0.8002640008926392,66.0,10.0,4054.0,9.182,417135993.0
29.40928840637207,34.37306594848633,8.793241500854492,1.0,11.0,4055.0,46.084,417135995.0
9.6376953125,11.26039218902588,-0.7767702341079712,3.0,12.0,4056.0,14.842,417135997.0
29.00225639343262,33.87339019775391,10.29510974884033,0.0,13.0,4057.0,45.766,417136000.0
12.74153327941895,14.87630844116211,-0.3418926298618317,20.0,14.0,4058.0,19.59,417136002.0
27.4623851776123,32.06355667114258,11.31194496154785,2.0,15.0,4058.0,43.706,417136004.0
1.574676990509033,1.83331823348999,-0.6475652456283569,4.0,0.0,4066.0,2.502,417136025.0
10.88696765899658,12.67068099975586,0.2915948033332825,11.0,1.0,4067.0,16.708,417136027.0
5.821576595306396,6.772987842559814,-2.061901330947876,39.0,2.0,4068.0,9.166,417136030.0
27.99954986572266,32.57547378540039,2.251178741455078,1.0,3.0,4068.0,43.014,417136032.0
5.928845405578613,6.895352363586426,-1.767654538154602,4.0,4.0,4069.0,9.264,417136034.0
28.38176536560059,32.99684524536133,3.807834386825562,0.0,5.0,4070.0,43.69,417136037.0
5.698599338531494,6.622894287109375,-1.383819222450256,19.0,6.0,4071.0,8.846,417136039.0
29.02096748352051,33.7161750793457,5.462183952331543,0.0,7.0,4072.0,44.82,417136041.0
29.20572853088379,33.91884994506836,7.089297294616699,1.0,9.0,4073.0,45.318,417136046.0
5.96312141418457,6.922986030578613,-0.7993924617767334,71.0,10.0,4074.0,9.172,417136048.0
29.51884078979492,34.25830078125,8.790188789367676,1.0,11.0,4075.0,46.068,417136050.0
9.692590713500977,11.24483585357666,-0.7780263423919678,2.0,12.0,4076.0,14.866,417136053.0
29.12031936645508,33.77194976806641,10.29510974884033,0.0,13.0,4077.0,45.766,417136055.0
12.81689357757568,14.8589973449707,-0.3425209224224091,20.0,14.0,4078.0,19.626,417136057.0
27.57161712646484,31.96457481384277,11.31091022491455,1.0,15.0,4078.0,43.702,417136060.0
1.546943068504333,1.788361310958862,-0.6335890293121338,3.0,0.0,4086.0,2.448,417136080.0
10.93636417388916,12.63864994049072,0.2917344272136688,13.0,1.0,4087.0,16.716,417136083.0
5.831153869628906,6.7364182472229,-2.056952476501465,59.0,2.0,4088.0,9.144,417136085.0
28.12529563903809,32.48018264770508,2.251702070236206,1.0,3.0,4089.0,43.024,417136087.0
5.985007762908936,6.911718845367432,-1.777194976806641,4.0,4.0,4089.0,9.314,417136090.0
28.58547973632812,32.99998092651367,3.819687604904175,0.0,5.0,4090.0,43.826,417136092.0
5.724269866943359,6.605947971343994,-1.384445071220398,18.0,6.0,4091.0,8.85,417136094.0
5.901698112487793,6.805902481079102,-1.106086134910583,2.0,8.0,4093.0,9.076,417136099.0
29.34279441833496,33.82649993896484,7.09242582321167,1.0,9.0,4094.0,45.338,417136101.0
5.987250804901123,6.90212869644165,-0.7993924617767334,71.0,10.0,4094.0,9.172,417136103.0
29.62023162841797,34.13429260253906,8.784846305847168,1.0,11.0,4095.0,46.04,417136106.0
27.9227409362793,32.16676712036133,-2.232337951660156,1.0,12.0,4096.0,42.654,417136108.0
29.23802757263184,33.67009353637695,10.29510974884033,0.0,13.0,4097.0,45.766,417136110.0
12.88704299926758,14.83530235290527,-0.3430095911026001,18.0,14.0,4098.0,19.654,417136113.0
25.59905052185059,29.45872116088867,10.45732498168945,0.0,15.0,4099.0,40.404,417136115.0
1.518914937973022,1.743620753288269,-0.6196128129959106,4.0,0.0,4106.0,2.394,417136136.0
10.99618053436279,12.61848926544189,0.2921532690525055,15.0,1.0,4107.0,16.74,417136138.0
5.844388484954834,6.704270839691162,-2.053353309631348,58.0,2.0,4108.0,9.128,417136140.0
28.3719654083252,32.54632186889648,2.262797355651855,0.0,3.0,4108.0,43.236,417136143.0
6.145873069763184,7.047629356384277,-1.817646503448486,4.0,4.0,4109.0,9.526,417136145.0
5.769373893737793,6.611227989196777,-1.389763832092285,3.0,6.0,4111.0,8.884,417136149.0
5.925419330596924,6.785260200500488,-1.106086134910583,3.0,8.0,4113.0,9.076,417136154.0
29.46718978881836,33.73130798339844,7.093990325927734,1.0,9.0,4114.0,45.348,417136156.0
6.013928890228271,6.884188175201416,-0.7997410893440247,71.0,10.0,4114.0,9.176,417136159.0
29.69527816772461,33.98043060302734,8.771871566772461,1.0,11.0,4115.0,45.972,417136161.0
27.90866088867188,31.92474937438965,-2.222289323806763,1.0,12.0,4116.0,42.462,417136163.0
26.51130867004395,30.31563758850098,9.297677040100098,1.0,13.0,4117.0,41.332,417136166.0
12.9650821685791,14.82032871246338,-0.3437076807022095,18.0,14.0,4118.0,19.694,417136168.0
25.62918281555176,29.29660797119141,10.42988967895508,0.0,15.0,4118.0,40.298,417136170.0
1.496963858604431,1.706359267234802,-0.6082247495651245,4.0,0.0,4126.0,2.35,417136191.0
11.05466938018799,12.59656143188477,0.2925372421741486,18.0,1.0,4127.0,16.762,417136193.0
5.872897624969482,6.689687252044678,-2.055152893066406,10.0,2.0,4128.0,9.136000000000001,417136195.0
28.53942489624023,32.50862503051758,2.267088890075684,1.0,3.0,4128.0,43.318,417136198.0
6.191164493560791,7.049735546112061,-1.823752403259277,4.0,4.0,4129.0,9.558,417136200.0
29.04397010803223,33.06005859375,3.850017786026001,0.0,5.0,4130.0,44.174,417136202.0
5.847184658050537,6.653368473052979,-1.402904272079468,9.0,6.0,4131.0,8.968,417136205.0
5.964799404144287,6.78242301940918,-1.109011054039001,11.0,8.0,4133.0,9.1,417136209.0
29.5860595703125,33.62972640991211,7.094303131103516,1.0,9.0,4134.0,45.35,417136212.0
29.72940254211426,33.78076934814453,8.747065544128418,1.0,11.0,4135.0,45.842,417136216.0
28.02256774902344,31.83013343811035,-2.222498655319214,1.0,12.0,4136.0,42.466,417136219.0
26.5461311340332,30.14247703552246,9.272932052612305,1.0,13.0,4137.0,41.222,417136221.0
13.03788566589355,14.79898929595947,-0.3442661762237549,18.0,14.0,4138.0,19.726,417136223.0
25.81685256958008,29.30408668518066,10.46457195281982,0.0,15.0,4138.0,40.432,417136225.0
1.476342082023621,1.670462727546692,-0.5973543524742126,4.0,0.0,4147.0,2.308,417136246.0
11.11930656433105,12.57693386077881,0.2930259108543396,20.0,1.0,4148.0,16.79,417136248.0
5.894794940948486,6.665197372436523,-2.054253101348877,7.0,2.0,4149.0,9.132,417136251.0
6.224766731262207,7.035819053649902,-1.826042056083679,4.0,4.0,4150.0,9.57,417136255.0
29.16494560241699,32.95338439941406,3.850017786026001,0.0,5.0,4151.0,44.174,417136258.0
5.927837371826172,6.69549036026001,-1.416357636451721,23.0,6.0,4152.0,9.054,417136260.0
5.990934371948242,6.762001514434814,-1.109254717826843,11.0,8.0,4154.0,9.102,417136265.0
29.66921043395996,33.4878044128418,7.08616828918457,1.0,9.0,4154.0,45.298,417136267.0
29.81915283203125,33.63338470458984,8.737143516540527,1.0,11.0,4156.0,45.79,417136272.0
28.27554321289062,31.88111877441406,-2.233279943466187,1.0,12.0,4157.0,42.672,417136274.0
26.60857772827148,29.99104309082031,9.256285667419434,1.0,13.0,4158.0,41.148,417136276.0
13.11062335968018,14.7720422744751,-0.3447548449039459,18.0,14.0,4159.0,19.754,417136278.0
26.04076957702637,29.33042335510254,10.50960636138916,0.0,15.0,4160.0,40.606,417136281.0
1.448770403862,1.627779483795166,-0.583895742893219,4.0,0.0,4167.0,2.256,417136301.0
11.16712951660156,12.54252338409424,0.2931306064128876,22.0,1.0,4168.0,16.796,417136304.0
5.929689884185791,6.657677173614502,-2.058302164077759,6.0,2.0,4169.0,9.15,417136306.0
6.317201137542725,7.090271472930908,-1.84588623046875,5.0,4.0,4170.0,9.674,417136311.0
29.27979850769043,32.85137939453125,3.850017786026001,0.0,5.0,4171.0,44.174,417136313.0
5.923566341400146,6.643794536590576,-1.40978741645813,9.0,6.0,4172.0,9.012,417136315.0
6.009215354919434,6.735123157501221,-1.108279824256897,2.0,8.0,4174.0,9.094,417136320.0
29.79569625854492,33.38325500488281,7.087107181549072,1.0,9.0,4175.0,45.304,417136322.0
9.798973083496094,10.97882175445557,-1.287464618682861,2.0,10.0,4175.0,14.772,417136325.0
29.91806793212891,33.50858688354492,8.73180103302002,1.0,11.0,4176.0,45.762,417136327.0
9.878652572631836,11.06032085418701,-0.7771889567375183,3.0,12.0,4177.0,14.85,417136329.0
26.72479057312012,29.91105651855469,9.260334968566895,1.0,13.0,4178.0,41.166,417136331.0
12.80896759033203,14.33108329772949,-0.3355050683021545,20.0,14.0,4179.0,19.224,417136334.0
28.27404022216797,31.62279319763184,11.36629676818848,1.0,15.0,4180.0,43.916,417136336.0
1.425799131393433,1.591312646865845,-0.5725077390670776,4.0,0.0,4186.0,2.212,417136357.0
11.21800327301025,12.51584720611572,0.2933749556541443,24.0,1.0,4187.0,16.81,417136359.0
5.946531295776367,6.632173538208008,-2.0565025806427,2.0,2.0,4188.0,9.142,417136361.0
29.38857650756836,32.75410461425781,3.850017786026001,0.0,5.0,4190.0,44.174,417136368.0
5.973274230957031,6.654985904693604,-1.416357636451721,6.0,6.0,4191.0,9.054,417136371.0
6.032843589782715,6.716635704040527,-1.108523488044739,2.0,8.0,4193.0,9.096,417136375.0
29.89778518676758,33.28654861450195,7.086481094360352,1.0,9.0,4193.0,45.3,417136378.0
9.847311019897461,10.95960521697998,-1.28903341293335,2.0,10.0,4194.0,14.79,417136380.0
30.10514068603516,33.49388122558594,8.753934860229492,1.0,11.0,4195.0,45.878,417136382.0
9.901921272277832,11.01264953613281,-0.7761422395706177,2.0,12.0,4196.0,14.83,417136384.0
26.90723609924316,29.91499900817871,9.289129257202148,1.0,13.0,4197.0,41.294,417136387.0
13.16672992706299,14.63340377807617,-0.3436029851436615,16.0,14.0,4198.0,19.688,417136389.0
28.38521194458008,31.53603744506836,11.3688850402832,2.0,15.0,4199.0,43.926,417136391.0
1.408050179481506,1.560508728027344,-0.563190221786499,4.0,0.0,4206.0,2.176,417136412.0
11.28172206878662,12.49887847900391,0.2938985228538513,33.0,1.0,4207.0,16.84,417136414.0
7.403614521026611,8.199494361877441,-2.550495147705078,8.0,2.0,4208.0,11.338,417136417.0
26.99483299255371,29.8967456817627,2.111023187637329,0.0,3.0,4208.0,40.336,417136419.0
7.337813854217529,8.12376880645752,-2.127902030944824,88.0,4.0,4209.0,11.152,417136421.0
6.075944423675537,6.72202205657959,-1.435129761695862,5.0,6.0,4211.0,9.174,417136426.0
29.7069206237793,32.85424041748047,5.438541412353516,0.0,7.0,4212.0,44.626,417136428.0
10.10706996917725,11.17394828796387,-1.849976658821106,4.0,8.0,4213.0,15.18,417136431.0
29.9872932434082,33.15268325805664,7.08022403717041,1.0,9.0,4213.0,45.26,417136433.0
9.880160331726074,10.91925621032715,-1.288336157798767,4.0,10.0,4214.0,14.782,417136435.0
28.98475074768066,32.0218391418457,8.39559555053711,1.0,11.0,4215.0,44.0,417136437.0
29.93674850463867,33.05039215087891,10.29510974884033,0.0,13.0,4217.0,45.766,417136442.0
12.93038749694824,14.27023792266846,-0.3361333608627319,28.0,14.0,4218.0,19.26,417136444.0
27.82046318054199,30.69246101379395,11.09971332550049,0.0,15.0,4219.0,42.886,417136447.0
1.390103816986084,1.529848456382751,-0.5538727641105652,4.0,0.0,4226.0,2.14,417136467.0
11.35083866119385,12.4875373840332,0.2945617139339447,38.0,1.0,4227.0,16.878,417136470.0
7.438745975494385,8.18080997467041,-2.552744626998901,9.0,2.0,4228.0,11.348,417136472.0
9.861573219299316,10.84152793884277,-2.848778247833252,19.0,4.0,4229.0,14.93,417136477.0
28.47407531738281,31.29260063171387,3.701504468917847,0.0,5.0,4230.0,42.47,417136479.0
9.975470542907715,10.95905590057373,-2.347142696380615,7.0,6.0,4231.0,15.004,417136481.0
30.0842113494873,33.02735900878906,7.075843811035156,1.0,9.0,4233.0,45.232,417136488.0
9.91821575164795,10.88470077514648,-1.288336157798767,5.0,10.0,4234.0,14.782,417136490.0
29.06460952758789,31.88564682006836,8.38643741607666,1.0,11.0,4235.0,43.952,417136493.0
10.02566337585449,10.99490737915039,-0.7798057198524475,5.0,12.0,4236.0,14.9,417136495.0
13.41144371032715,14.69770526885986,-0.3473028838634491,16.0,14.0,4238.0,19.9,417136500.0
26.20975875854492,28.72347640991211,10.41901969909668,1.0,15.0,4238.0,40.256,417136502.0
1.36674439907074,1.493631839752197,-0.542484700679779,4.0,0.0,4246.0,2.096,417136523.0
11.41866207122803,12.47439002990723,0.2951900064945221,40.0,1.0,4247.0,16.914,417136525.0
7.473837375640869,8.161980628967285,-2.554994106292725,5.0,2.0,4248.0,11.358,417136527.0
29.44462203979492,32.15569305419922,2.284987926483154,0.0,3.0,4248.0,43.66,417136530.0
6.374576091766357,6.959066867828369,-1.834437727928162,4.0,4.0,4249.0,9.614,417136532.0
28.5885181427002,31.19889259338379,3.70220160484314,0.0,5.0,4250.0,42.478,417136534.0
10.02567768096924,10.93727397918701,-2.349958419799805,5.0,6.0,4251.0,15.022,417136536.0
11.10267448425293,12.1037130355835,-2.016693830490112,33.0,8.0,4253.0,16.548,417136541.0
28.62899398803711,31.21023941040039,6.707910060882568,1.0,9.0,4253.0,42.88,417136543.0
9.996562004089355,10.89405345916748,-1.293565511703491,11.0,10.0,4254.0,14.842,417136546.0
29.1385612487793,31.74350166320801,8.375751495361328,1.0,11.0,4255.0,43.896,417136548.0
10.07343769073486,10.97014236450195,-0.7805384397506714,9.0,12.0,4256.0,14.914,417136550.0
28.45691299438477,30.97920036315918,9.711586952209473,1.0,13.0,4257.0,43.172,417136553.0
13.48837471008301,14.67877769470215,-0.3479660749435425,16.0,14.0,4258.0,19.938,417136555.0
26.34623527526855,28.66135406494141,10.4314432144165,1.0,15.0,4259.0,40.304,417136557.0
1.358858704566956,1.474645376205444,-0.5373083353042603,4.0,0.0,4266.0,2.076,417136578.0
11.47433471679688,12.44768810272217,0.2955041527748108,45.0,1.0,4267.0,16.932,417136580.0
7.510209083557129,8.144437789916992,-2.557693481445312,2.0,2.0,4268.0,11.37,417136583.0
29.56228065490723,32.04755783081055,2.284987926483154,0.0,3.0,4269.0,43.66,417136585.0
6.318960189819336,6.850189685821533,-1.811540603637695,9.0,4.0,4269.0,9.494,417136587.0
29.41876602172852,31.88081169128418,3.795284032821655,1.0,5.0,4270.0,43.546,417136589.0
10.05039596557617,10.88769626617432,-2.346829891204834,6.0,6.0,4271.0,15.002,417136592.0
11.14755058288574,12.06780052185059,-2.017181396484375,24.0,8.0,4273.0,16.552,417136596.0
28.7243595123291,31.09560585021973,6.704781055450439,1.0,9.0,4273.0,42.86,417136599.0
10.02641487121582,10.85031318664551,-1.292519688606262,5.0,10.0,4274.0,14.83,417136601.0
29.22786712646484,31.61852836608887,8.369646072387695,1.0,11.0,4275.0,43.864,417136603.0
10.11709308624268,10.94077777862549,-0.7809571623802185,11.0,12.0,4276.0,14.922,417136606.0
28.59531211853027,30.9125804901123,9.72193431854248,1.0,13.0,4277.0,43.218,417136608.0
13.56669425964355,14.66095924377441,-0.3486641645431519,18.0,14.0,4278.0,19.978,417136610.0
26.46475410461426,28.59935188293457,10.44076061248779,1.0,15.0,4278.0,40.34,417136613.0
1.348229050636292,1.452900052070618,-0.5310966968536377,4.0,0.0,4286.0,2.052,417136633.0
11.5313196182251,12.42221546173096,0.2958531975746155,42.0,1.0,4287.0,16.952,417136636.0
14.85043048858643,15.99215793609619,-5.038453578948975,6.0,2.0,4288.0,22.398,417136638.0
29.62367248535156,31.89002799987793,2.281115055084229,1.0,3.0,4289.0,43.586,417136640.0
6.346841812133789,6.832406044006348,-1.812685489654541,9.0,4.0,4289.0,9.5,417136642.0
29.52580261230469,31.7735481262207,3.794760942459106,1.0,5.0,4290.0,43.54,417136645.0
6.487955093383789,6.979428291320801,-1.509279727935791,9.0,6.0,4291.0,9.648,417136647.0
28.55815315246582,30.71072959899902,5.149223327636719,0.0,7.0,4292.0,42.252,417136649.0
11.0936107635498,11.92561912536621,-1.999875903129578,5.0,8.0,4293.0,16.41,417136652.0
28.83813667297363,30.99011611938477,6.704781055450439,1.0,9.0,4294.0,42.86,417136654.0
10.10223197937012,10.85608768463135,-1.29740035533905,11.0,10.0,4294.0,14.886,417136656.0
29.29792785644531,31.47320175170898,8.358197212219238,1.0,11.0,4295.0,43.804,417136659.0
10.10758304595947,10.85423851013184,-0.7772936224937439,12.0,12.0,4296.0,14.852,417136661.0
28.74554824829102,30.85820388793945,9.736331939697266,1.0,13.0,4297.0,43.282,417136663.0
13.65323352813721,14.65155029296875,-0.349571704864502,18.0,14.0,4298.0,20.03,417136666.0
26.58915710449219,28.52335929870605,10.44852447509766,1.0,15.0,4299.0,40.37,417136668.0
1.328231453895569,1.421366810798645,-0.5212615728378296,5.0,0.0,4306.0,2.014,417136689.0
11.60738468170166,12.41694736480713,0.2966909110546112,36.0,1.0,4307.0,17.0,417136691.0
14.92346668243408,15.95872592926025,-5.044302463531494,19.0,2.0,4308.0,22.424,417136693.0
29.81258201599121,31.86956596374512,2.287081241607666,0.0,3.0,4309.0,43.7,417136695.0
29.64333915710449,31.67756462097168,3.795632600784302,1.0,5.0,4310.0,43.55,417136700.0
6.508228302001953,6.952412128448486,-1.508341073989868,23.0,6.0,4311.0,9.642,417136702.0
28.68281936645508,30.62969207763672,5.152391910552979,1.0,7.0,4312.0,42.278,417136705.0
6.605104446411133,7.050964832305908,-1.186276197433472,9.0,8.0,4313.0,9.734,417136707.0
28.93534469604492,30.8885498046875,6.703529834747314,1.0,9.0,4313.0,42.852,417136709.0
10.14142799377441,10.82221221923828,-1.297574639320374,16.0,10.0,4314.0,14.888,417136712.0
29.37270164489746,31.33349990844727,8.348275184631348,1.0,11.0,4315.0,43.752,417136714.0
10.20415592193604,10.88153648376465,-0.7817944884300232,15.0,12.0,4316.0,14.938,417136716.0
28.85175514221191,30.75625419616699,9.735881805419922,1.0,13.0,4317.0,43.28,417136719.0
13.73439788818359,14.63588237762451,-0.3503396213054657,20.0,14.0,4318.0,20.074,417136721.0
26.71400260925293,28.46743011474609,10.46043014526367,1.0,15.0,4318.0,40.416,417136723.0
1.305382609367371,1.387177348136902,-0.5103911757469177,4.0,0.0,4326.0,1.972,417136744.0
11.68081188201904,12.40838718414307,0.297458827495575,22.0,1.0,4327.0,17.044,417136746.0
29.89625549316406,31.73623085021973,2.284987926483154,0.0,3.0,4329.0,43.66,417136751.0
6.397078037261963,6.790788650512695,-1.813448667526245,9.0,4.0,4329.0,9.504,417136753.0
28.52259254455566,30.26744079589844,3.638577938079834,1.0,5.0,4330.0,41.748,417136755.0
6.556847095489502,6.955524921417236,-1.513972759246826,46.0,6.0,4331.0,9.678,417136758.0
28.780029296875,30.51927375793457,5.150685787200928,1.0,7.0,4332.0,42.264,417136760.0
6.624228000640869,7.02208948135376,-1.185301184654236,3.0,8.0,4333.0,9.726,417136762.0
29.05378532409668,30.78803443908691,6.704781055450439,1.0,9.0,4334.0,42.86,417136765.0
10.16136646270752,10.76790904998779,-1.295308589935303,24.0,10.0,4334.0,14.862,417136767.0
29.47111511230469,31.21935844421387,8.345222473144531,1.0,11.0,4335.0,43.736,417136769.0
10.17899894714355,10.77905368804932,-0.7769796252250671,12.0,12.0,4336.0,14.846,417136771.0
29.01514434814453,30.71485328674316,9.754777908325195,1.0,13.0,4337.0,43.364,417136774.0
13.81012535095215,14.61401271820068,-0.3509678840637207,20.0,14.0,4338.0,20.11,417136776.0
26.85664749145508,28.41003799438477,10.47544193267822,1.0,15.0,4339.0,40.474,417136778.0
1.290046811103821,1.361803770065308,-0.5026265978813171,4.0,0.0,4345.0,1.942,417136799.0
11.73840141296387,12.38700199127197,0.2978776693344116,11.0,1.0,4346.0,17.068,417136801.0
7.474312305450439,7.884545803070068,-2.508204221725464,50.0,2.0,4347.0,11.15,417136804.0
30.0013313293457,31.63691711425781,2.284987926483154,0.0,3.0,4348.0,43.66,417136806.0
12.4946403503418,13.17581176757812,-3.529584884643555,22.0,4.0,4348.0,18.498,417136808.0
28.62692070007324,30.17702674865723,3.639100790023804,1.0,5.0,4349.0,41.754,417136811.0
11.86934089660645,12.50767612457275,-2.731032848358154,20.0,6.0,4350.0,17.458,417136813.0
28.87970924377441,30.42222785949707,5.150442123413086,1.0,7.0,4351.0,42.262,417136815.0
10.2562255859375,10.80025386810303,-1.828771352767944,13.0,8.0,4352.0,15.006,417136818.0
29.12996101379395,30.67512130737305,6.700088024139404,1.0,9.0,4352.0,42.83,417136820.0
10.22720718383789,10.76593208312988,-1.299143552780151,34.0,10.0,4353.0,14.906,417136822.0
29.55284118652344,31.09868621826172,8.339116096496582,1.0,11.0,4354.0,43.704,417136824.0
10.28349208831787,10.81761741638184,-0.7822132110595703,14.0,12.0,4355.0,14.946,417136827.0
29.15309715270996,30.65659523010254,9.766924858093262,1.0,13.0,4356.0,43.418,417136829.0
13.87505054473877,14.58552265167236,-0.3513867557048798,20.0,14.0,4357.0,20.134,417136831.0
25.24409675598145,26.53672218322754,9.8139009475708,0.0,15.0,4357.0,37.918,417136834.0
1.26145601272583,1.322346687316895,-0.4896856248378754,4.0,0.0,4365.0,1.892,417136854.0
11.82436561584473,12.39079856872559,0.2989597320556641,4.0,1.0,4366.0,17.13,417136857.0
7.512554168701172,7.869684219360352,-2.511803388595581,9.0,2.0,4367.0,11.166,417136859.0
28.5004825592041,29.84490013122559,2.162731170654297,0.0,3.0,4368.0,41.324,417136861.0
12.45513534545898,13.0426664352417,-3.505542755126953,52.0,4.0,4368.0,18.372,417136864.0
28.71969604492188,30.06394958496094,3.637531995773315,1.0,5.0,4369.0,41.736,417136866.0
10.22063541412354,10.69528388977051,-2.343075513839722,23.0,6.0,4370.0,14.978,417136868.0
28.98435592651367,30.31979942321777,5.150198459625244,1.0,7.0,4371.0,42.26,417136871.0
29.25858116149902,30.58527755737305,6.703842639923096,1.0,9.0,4373.0,42.854,417136875.0
10.21652030944824,10.67977714538574,-1.293042540550232,17.0,10.0,4373.0,14.836,417136877.0
29.64764213562012,30.98115348815918,8.33530044555664,1.0,11.0,4374.0,43.684,417136880.0
10.32395172119141,10.78454113006592,-0.7824225425720215,15.0,12.0,4375.0,14.95,417136882.0
29.2841911315918,30.57997894287109,9.775023460388184,0.0,13.0,4376.0,43.454,417136884.0
13.95631122589111,14.56876945495605,-0.3521546423435211,18.0,14.0,4377.0,20.178,417136887.0
29.51281547546387,30.79719161987305,11.4294490814209,1.0,15.0,4378.0,44.16,417136889.0
1.248665809631348,1.299824118614197,-0.4829563498497009,4.0,0.0,4385.0,1.866,417136910.0
11.90772724151611,12.39126205444336,0.2999719679355621,6.0,1.0,4386.0,17.188,417136912.0
7.538628101348877,7.842007637023926,-2.511353492736816,4.0,2.0,4387.0,11.164,417136914.0
28.59894943237305,29.73947525024414,2.162312269210815,1.0,3.0,4388.0,41.316,417136917.0
28.78292083740234,29.93078422546387,-8.071601867675781,3.0,4.0,4388.0,42.302,417136919.0
28.82032012939453,29.95920753479004,3.637009143829346,1.0,5.0,4389.0,41.73,417136921.0
29.07211685180664,30.19984817504883,5.147029876708984,1.0,7.0,4391.0,42.234,417136926.0
11.95481777191162,12.41421699523926,-2.11613917350769,18.0,8.0,4392.0,17.364,417136928.0
29.32284927368164,30.44966697692871,6.695394992828369,1.0,9.0,4392.0,42.8,417136930.0
10.29658889770508,10.68853187561035,-1.298446297645569,22.0,10.0,4393.0,14.898,417136933.0
29.72290992736816,30.84354782104492,8.326141357421875,1.0,11.0,4394.0,43.636,417136935.0
10.38371276855469,10.77144432067871,-0.7840973138809204,11.0,12.0,4395.0,14.982,417136937.0
30.88687705993652,32.02901458740234,10.27261447906494,0.0,13.0,4396.0,45.666,417136940.0
14.0348482131958,14.54874801635742,-0.3528527617454529,20.0,14.0,4397.0,20.218,417136942.0
29.62282752990723,30.70749664306641,11.43255519866943,2.0,15.0,4397.0,44.172,417136944.0
1.241106748580933,1.282961249351501,-0.4782975912094116,4.0,0.0,4405.0,1.848,417136965.0
12.53496551513672,12.95316314697266,0.3146319687366486,9.0,1.0,4406.0,18.028,417136967.0
7.557823181152344,7.807244300842285,-2.508654117584229,1.0,2.0,4407.0,11.152,417136970.0
28.69146919250488,29.62798690795898,2.161474943161011,1.0,3.0,4408.0,41.3,417136972.0
28.89405250549316,29.83718299865723,-8.07351016998291,4.0,4.0,4408.0,42.312,417136974.0
28.93304061889648,29.86701011657715,3.638055086135864,1.0,5.0,4409.0,41.742,417136977.0
10.30879974365234,10.63785552978516,-2.346204042434692,7.0,6.0,4410.0,14.998,417136979.0
29.1815013885498,30.10245895385742,5.14776086807251,1.0,7.0,4411.0,42.24,417136981.0
12.01742553710938,12.39236259460449,-2.119551658630371,22.0,8.0,4412.0,17.392,417136983.0
29.45351028442383,30.36183929443359,6.699775218963623,1.0,9.0,4413.0,42.828,417136986.0
10.3477087020874,10.66682529449463,-1.30018937587738,23.0,10.0,4413.0,14.918,417136988.0
29.83039283752441,30.7396068572998,8.326141357421875,1.0,11.0,4414.0,43.636,417136990.0
10.41846656799316,10.73226737976074,-0.7838879823684692,15.0,12.0,4415.0,14.978,417136993.0
31.01206588745117,31.93498420715332,10.27711391448975,0.0,13.0,4416.0,45.686,417136995.0
14.12874126434326,14.54413223266602,-0.3539347946643829,22.0,14.0,4417.0,20.28,417136997.0
29.6692066192627,30.53083038330078,11.40719032287598,0.0,15.0,4418.0,44.074,417137000.0
1.219964981079102,1.252329111099243,-0.4684624671936035,4.0,0.0,4425.0,1.81,417137020.0
12.62057685852051,12.95086097717285,0.315644234418869,9.0,1.0,4426.0,18.086,417137023.0
8.387606620788574,8.604107856750488,-2.774096488952637,1.0,2.0,4427.0,12.332,417137025.0
28.78634834289551,29.51907539367676,2.160846948623657,1.0,3.0,4428.0,41.288,417137027.0
29.00351142883301,29.74176406860352,-8.075037002563477,2.0,4.0,4428.0,42.32,417137030.0
29.02877235412598,29.75727653503418,3.637009143829346,1.0,5.0,4429.0,41.73,417137032.0
15.51811504364014,15.90200328826904,-3.519149780273438,7.0,6.0,4430.0,22.496,417137034.0
29.28362846374512,29.99757194519043,5.147273540496826,1.0,7.0,4431.0,42.236,417137036.0
12.09112167358398,12.38158321380615,-2.124913930892944,33.0,8.0,4432.0,17.436,417137039.0
29.55403327941895,30.26399993896484,6.699775218963623,1.0,9.0,4432.0,42.828,417137041.0
10.37234878540039,10.61781311035156,-1.298620581626892,16.0,10.0,4433.0,14.9,417137043.0
29.91144180297852,30.60861396789551,8.318890571594238,1.0,11.0,4434.0,43.598,417137046.0
10.43631935119629,10.6758394241333,-0.7824225425720215,10.0,12.0,4435.0,14.95,417137048.0
31.04160308837891,31.74294090270996,10.25012016296387,0.0,13.0,4436.0,45.566,417137050.0
14.19480609893799,14.51044940948486,-0.354318767786026,21.0,14.0,4437.0,20.302,417137053.0
29.85404586791992,30.51789665222168,11.439284324646,1.0,15.0,4437.0,44.198,417137055.0
1.197272062301636,1.220481514930725,-0.4581097066402435,4.0,0.0,4445.0,1.77,417137076.0
12.71472835540771,12.9566822052002,0.3168658912181854,9.0,1.0,4446.0,18.156,417137078.0
6.449025630950928,6.569453239440918,-2.125337600708008,1.0,2.0,4447.0,9.448,417137080.0
28.88361740112305,29.41271209716797,2.160428285598755,1.0,3.0,4448.0,41.28,417137083.0
10.27966690063477,10.46797180175781,-2.851831197738647,5.0,4.0,4448.0,14.946,417137085.0
29.12269401550293,29.64581680297852,3.635788917541504,1.0,5.0,4449.0,41.716,417137087.0
29.34020614624023,29.8568115234375,-6.630005359649658,3.0,6.0,4450.0,42.382,417137089.0
29.38955307006836,29.89658737182617,5.147517204284668,1.0,7.0,4451.0,42.238,417137092.0
12.1704568862915,12.37610244750977,-2.131251096725464,30.0,8.0,4452.0,17.488,417137094.0
29.65395355224609,30.15501976013184,6.698523998260498,1.0,9.0,4452.0,42.82,417137096.0
10.35904884338379,10.53040981292725,-1.292345404624939,16.0,10.0,4453.0,14.828,417137099.0
30.02223587036133,30.50821495056152,8.320034980773926,1.0,11.0,4454.0,43.604,417137101.0
10.4749231338501,10.64076805114746,-0.7825272083282471,16.0,12.0,4455.0,14.952,417137103.0
31.20144081115723,31.68437957763672,10.26631641387939,0.0,13.0,4456.0,45.638,417137106.0
14.27484035491943,14.4907283782959,-0.3550517559051514,23.0,14.0,4457.0,20.344,417137108.0
29.98343849182129,30.4368953704834,11.44808387756348,2.0,15.0,4457.0,44.232,417137110.0
1.175729513168335,1.190182328224182,-0.4482745826244354,4.0,0.0,4465.0,1.732,417137131.0
12.79642295837402,12.94920253753662,0.3177734017372131,9.0,1.0,4466.0,18.208,417137133.0
6.437667846679688,6.51225471496582,-2.114089965820312,4.0,2.0,4467.0,9.398,417137136.0
29.00015449523926,29.32591247558594,2.161474943161011,1.0,3.0,4468.0,41.3,417137138.0
14.40919494628906,14.57105255126953,-3.983328580856323,12.0,4.0,4468.0,20.876,417137140.0
29.21198654174805,29.52981376647949,3.634045839309692,1.0,5.0,4469.0,41.696,417137142.0
29.43591117858887,29.74578857421875,-6.628128051757812,3.0,6.0,4470.0,42.37,417137145.0
29.49931907653809,29.79945945739746,5.148492336273193,1.0,7.0,4471.0,42.246,417137147.0
10.43825531005859,10.54077911376953,-1.821459174156189,17.0,8.0,4472.0,14.946,417137149.0
29.74620628356934,30.02788543701172,6.694456577301025,1.0,9.0,4473.0,42.794,417137152.0
10.35087394714355,10.44889163970947,-1.286767363548279,17.0,10.0,4473.0,14.764,417137154.0
31.6196346282959,31.90791511535645,8.73180103302002,1.0,11.0,4474.0,45.762,417137156.0
10.4557580947876,10.54740238189697,-0.7783403396606445,14.0,12.0,4475.0,14.872,417137159.0
31.29812812805176,31.56143569946289,10.26181697845459,0.0,13.0,4476.0,45.618,417137161.0
14.35068511962891,14.46636486053467,-0.3556800484657288,19.0,14.0,4477.0,20.38,417137163.0
30.07589530944824,30.31833457946777,11.44290733337402,2.0,15.0,4477.0,44.212,417137165.0
1.153990507125854,1.160048604011536,-0.4384394586086273,4.0,0.0,4485.0,1.694,417137186.0
12.88809394836426,12.95123100280762,0.3189252614974976,9.0,1.0,4486.0,18.274,417137189.0
6.419115543365479,6.448310852050781,-2.100592851638794,9.0,2.0,4487.0,9.338000000000001,417137191.0
29.09388732910156,29.21601295471191,2.160846948623657,1.0,3.0,4488.0,41.288,417137193.0
14.35191440582275,14.41215801239014,-3.953562498092651,14.0,4.0,4488.0,20.72,417137195.0
29.32332420349121,29.43613433837891,3.635091781616211,1.0,5.0,4489.0,41.708,417137198.0
29.54374694824219,29.64705467224121,-6.629066944122314,5.0,6.0,4490.0,42.376,417137200.0
29.59895324707031,29.69208717346191,5.14776086807251,1.0,7.0,4491.0,42.24,417137202.0
12.41074848175049,12.44545459747314,-2.158062219619751,10.0,8.0,4492.0,17.708,417137205.0
29.85642051696777,29.92946434020996,6.69570779800415,1.0,9.0,4493.0,42.802,417137207.0
10.38869190216064,10.41410732269287,-1.286941647529602,19.0,10.0,4493.0,14.766,417137209.0
31.83205604553223,31.89879417419434,8.759659767150879,1.0,11.0,4494.0,45.908,417137212.0
31.4411563873291,31.48508644104004,10.27261447906494,0.0,13.0,4496.0,45.666,417137216.0
14.43360042572021,14.44872283935547,-0.3564828634262085,21.0,14.0,4497.0,20.426,417137218.0
30.2059326171875,30.22702789306641,11.45015430450439,1.0,15.0,4498.0,44.24,417137221.0
1.148462295532227,1.146459579467773,-0.4348160028457642,4.0,0.0,4505.0,1.68,417137242.0
12.97427272796631,12.94712734222412,0.319937527179718,9.0,1.0,4506.0,18.332,417137244.0
5.907660484313965,5.893242835998535,-1.926480770111084,2.0,2.0,4507.0,8.564,417137246.0
29.1829662322998,29.10158538818359,2.159904956817627,1.0,3.0,4508.0,41.27,417137248.0
14.29092121124268,14.25106906890869,-3.923032999038696,16.0,4.0,4508.0,20.56,417137251.0
29.43436241149902,29.34203720092773,3.63613748550415,1.0,5.0,4509.0,41.72,417137253.0
10.42852115631104,10.39218139648438,-2.331812143325806,23.0,6.0,4510.0,14.906,417137255.0
29.69257354736328,29.57878112792969,5.146054744720459,1.0,7.0,4511.0,42.226,417137258.0
12.46958827972412,12.41746520996094,-2.160743474960327,21.0,8.0,4512.0,17.73,417137260.0
31.49087715148926,31.34829902648926,7.037673950195312,1.0,9.0,4513.0,44.988,417137262.0
10.42215633392334,10.37496852874756,-1.286593079566956,20.0,10.0,4513.0,14.762,417137265.0
28.14409065246582,28.00688743591309,7.717842102050781,1.0,11.0,4514.0,40.448,417137267.0
10.52488994598389,10.46992492675781,-0.7780263423919678,10.0,12.0,4515.0,14.866,417137269.0
31.50941276550293,31.33392143249512,10.25911808013916,0.0,13.0,4516.0,45.606,417137271.0
14.51798439025879,14.43208694458008,-0.3573205769062042,21.0,14.0,4517.0,20.474,417137274.0
30.307373046875,30.1280574798584,11.4506721496582,0.0,15.0,4517.0,44.242,417137276.0
1.135993480682373,1.126123070716858,-0.4286043345928192,4.0,0.0,4525.0,1.656,417137297.0
13.07052135467529,12.95243263244629,0.3211940824985504,9.0,1.0,4526.0,18.404,417137299.0
5.406260013580322,5.355545520782471,-1.75686776638031,1.0,2.0,4527.0,7.81,417137301.0
29.28153228759766,28.99672889709473,2.159695625305176,1.0,3.0,4528.0,41.266,417137304.0
14.23874473571777,14.10025310516357,-3.895174741744995,14.0,4.0,4528.0,20.414,417137306.0
29.53094291687012,29.23350715637207,3.635440349578857,1.0,5.0,4529.0,41.712,417137308.0
29.7415771484375,29.43174362182617,-6.627189636230469,4.0,6.0,4530.0,42.364,417137311.0
29.79846382141113,29.47774696350098,5.146542549133301,1.0,7.0,4531.0,42.23,417137313.0
12.52556133270264,12.38642501831055,-2.162937164306641,27.0,8.0,4532.0,17.748,417137315.0
31.75183296203613,31.38816833496094,7.071463584899902,1.0,9.0,4533.0,45.204,417137318.0
10.48097896575928,10.36093711853027,-1.289382100105286,11.0,10.0,4533.0,14.794,417137320.0
28.19141006469727,27.85879707336426,7.704103946685791,1.0,11.0,4534.0,40.376,417137322.0
10.5741605758667,10.44575500488281,-0.7789683938026428,9.0,12.0,4535.0,14.884,417137324.0
14.60242748260498,14.41503810882568,-0.3581582903862,25.0,14.0,4537.0,20.522,417137329.0
29.04578590393066,28.67304801940918,10.9361400604248,0.0,15.0,4537.0,42.254,417137331.0
1.130280494689941,1.112664103507996,-0.4249808788299561,4.0,0.0,4545.0,1.642,417137352.0
13.15841388702393,12.94880676269531,0.3222412467002869,7.0,1.0,4546.0,18.464,417137354.0
5.194310188293457,5.109783172607422,-1.682183980941772,3.0,2.0,4547.0,7.478,417137357.0
29.38322448730469,28.90507125854492,2.160114288330078,1.0,3.0,4547.0,41.274,417137359.0
14.23888397216797,14.00228595733643,-3.881818294525146,8.0,4.0,4548.0,20.344,417137361.0
29.62428283691406,29.12186622619629,3.634394407272339,1.0,5.0,4549.0,41.7,417137364.0
29.85117530822754,29.33466911315918,-6.628754138946533,3.0,6.0,4550.0,42.374,417137366.0
31.19692039489746,30.64642715454102,5.369563102722168,0.0,7.0,4551.0,44.06,417137368.0
12.58288478851318,12.35653591156006,-2.165374517440796,22.0,8.0,4552.0,17.768,417137370.0
31.84869766235352,31.27578353881836,7.069899082183838,1.0,9.0,4552.0,45.194,417137373.0
10.48864555358887,10.29637336730957,-1.285895824432373,24.0,10.0,4553.0,14.754,417137375.0
28.28568077087402,27.75747108459473,7.703340530395508,1.0,11.0,4554.0,40.372,417137377.0
10.62053871154785,10.41857147216797,-0.7797010540962219,4.0,12.0,4555.0,14.898,417137380.0
14.66979217529297,14.38077640533447,-0.3585771322250366,25.0,14.0,4557.0,20.546,417137384.0
29.18846130371094,28.6134090423584,10.95218658447266,0.0,15.0,4557.0,42.316,417137387.0
1.12725031375885,1.101959705352783,-0.4223926961421967,4.0,0.0,4565.0,1.632,417137407.0
13.25502014160156,12.95311069488525,0.3234978020191193,7.0,1.0,4566.0,18.536,417137410.0
4.989077091217041,4.873738765716553,-1.610199689865112,2.0,2.0,4567.0,7.158,417137412.0
29.48468208312988,28.79299545288086,2.159800291061401,1.0,3.0,4568.0,41.268,417137414.0
16.1712532043457,15.79189014434814,-4.39356803894043,7.0,4.0,4568.0,23.026,417137417.0
29.73431015014648,29.02663040161133,3.635440349578857,1.0,5.0,4569.0,41.712,417137419.0
10.55656623840332,10.30172157287598,-2.33619236946106,4.0,6.0,4570.0,14.934,417137421.0
31.33496856689453,30.56783866882324,5.37492561340332,0.0,7.0,4571.0,44.104,417137423.0
31.98291778564453,31.17814636230469,7.074279308319092,1.0,9.0,4573.0,45.222,417137428.0
10.52024269104004,10.25552654266357,-1.285372853279114,22.0,10.0,4573.0,14.748,417137430.0
28.42317581176758,27.69830131530762,7.714407920837402,0.0,11.0,4574.0,40.43,417137433.0
10.66399478912354,10.38840389251709,-0.7802244424819946,3.0,12.0,4575.0,14.908,417137435.0
14.75572299957275,14.36435317993164,-0.3594497740268707,24.0,14.0,4577.0,20.596,417137440.0
29.24191284179688,28.45638465881348,10.93303394317627,0.0,15.0,4578.0,42.242,417137442.0
1.115842461585999,1.083216428756714,-0.4166986644268036,4.0,0.0,4585.0,1.61,417137463.0
13.34464168548584,12.9499340057373,0.3245798647403717,7.0,1.0,4586.0,18.598,417137465.0
4.573851108551025,4.437016487121582,-1.471179842948914,2.0,2.0,4587.0,6.54,417137467.0
29.59433555603027,28.70896911621094,2.160846948623657,1.0,3.0,4587.0,41.288,417137470.0
7.178630352020264,6.951719760894775,-1.226980566978455,3.0,8.0,4592.0,10.068,417137481.0
32.08161926269531,31.05669784545898,7.072089195251465,1.0,9.0,4593.0,45.208,417137483.0
7.395196437835693,7.158938884735107,-0.9004931449890137,30.0,10.0,4593.0,10.332,417137486.0
32.35287857055664,31.30835342407227,8.751263618469238,0.0,11.0,4594.0,45.864,417137488.0
10.68727207183838,10.33861827850342,-0.7792823910713196,4.0,12.0,4595.0,14.89,417137490.0
14.83021545410156,14.33638668060303,-0.3600431382656097,20.0,14.0,4597.0,20.63,417137495.0
29.36945152282715,28.39148330688477,10.94545745849609,0.0,15.0,4597.0,42.29,417137497.0
1.104317665100098,1.064566373825073,-0.4110046327114105,4.0,0.0,4605.0,1.588,417137518.0
13.44160079956055,12.95322799682617,0.3258364200592041,5.0,1.0,4606.0,18.67,417137520.0
4.357740879058838,4.197944641113281,-1.39694607257843,2.0,2.0,4607.0,6.21,417137522.0
29.69580841064453,28.60687637329102,2.160951614379883,1.0,3.0,4607.0,41.29,417137525.0
12.51098346710205,12.04800319671631,-3.376174449920654,30.0,4.0,4608.0,17.694,417137527.0
12.63943576812744,12.16320037841797,-2.778276205062866,3.0,6.0,4610.0,17.76,417137532.0
31.85947799682617,30.64835166931152,5.428060531616211,0.0,7.0,4611.0,44.54,417137534.0
10.81715679168701,10.40231227874756,-1.842664480209351,7.0,8.0,4612.0,15.12,417137536.0
32.21831512451172,30.97190093994141,7.078346729278564,1.0,9.0,4613.0,45.248,417137539.0
7.410086154937744,7.123415946960449,-0.8992729783058167,48.0,10.0,4613.0,10.318,417137541.0
32.47895812988281,31.21155548095703,8.755843162536621,0.0,11.0,4614.0,45.888,417137543.0
10.73769950866699,10.31508636474609,-0.7803291082382202,6.0,12.0,4615.0,14.91,417137546.0
14.91623306274414,14.31915283203125,-0.3609157502651215,20.0,14.0,4617.0,20.68,417137550.0
29.50740051269531,28.32625198364258,10.95995140075684,0.0,15.0,4617.0,42.346,417137552.0
1.098258495330811,1.051353812217712,-0.4073811769485474,4.0,0.0,4625.0,1.574,417137573.0
13.52863121032715,12.94632339477539,0.3268486559391022,5.0,1.0,4626.0,18.728,417137575.0
4.144244194030762,3.964479446411133,-1.324061870574951,4.0,2.0,4627.0,5.886,417137578.0
29.76725769042969,28.46609497070312,2.158544063568115,0.0,3.0,4628.0,41.244,417137580.0
12.54444980621338,11.99611663818359,-3.373884677886963,30.0,4.0,4628.0,17.682,417137582.0
12.44617462158203,11.89382266998291,-2.7266526222229,6.0,6.0,4630.0,17.43,417137587.0
10.86775779724121,10.37819957733154,-1.845101833343506,18.0,8.0,4632.0,15.14,417137592.0
32.29941558837891,30.84442710876465,7.073653697967529,0.0,9.0,4632.0,45.218,417137594.0
7.410406589508057,7.074118614196777,-0.8963096737861633,37.0,10.0,4633.0,10.284,417137596.0
32.59764862060547,31.10747909545898,8.758514404296875,0.0,11.0,4634.0,45.902,417137599.0
10.76496887207031,10.2692699432373,-0.7797010540962219,3.0,12.0,4635.0,14.898,417137601.0
14.29308319091797,13.62539768218994,-0.3446850180625916,7.0,14.0,4637.0,19.75,417137605.0
29.64179039001465,28.24723243713379,10.97133922576904,0.0,15.0,4638.0,42.39,417137608.0
1.089320302009583,1.035534620285034,-0.4027224481105804,3.0,0.0,4645.0,1.556,417137628.0
13.65346622467041,12.9747838973999,0.3287684321403503,2.0,1.0,4646.0,18.838,417137631.0
4.013945579528809,3.813088417053223,-1.278171896934509,3.0,2.0,4647.0,5.682,417137633.0
12.57912921905518,11.94549560546875,-3.371976613998413,16.0,4.0,4648.0,17.672,417137638.0
31.84321784973145,30.22865104675293,3.841302156448364,0.0,5.0,4649.0,44.074,417137640.0
12.46755504608154,11.83126831054688,-2.722272634506226,8.0,6.0,4650.0,17.402,417137642.0
7.403717517852783,7.020955562591553,-1.252816796302795,19.0,8.0,4652.0,10.28,417137647.0
32.39791107177734,30.71224784851074,7.070525169372559,0.0,9.0,4653.0,45.198,417137649.0
7.416257381439209,7.030389308929443,-0.8940436244010925,32.0,10.0,4653.0,10.258,417137652.0
32.72598648071289,31.01240921020508,8.763856887817383,0.0,11.0,4654.0,45.93,417137654.0
7.475992679595947,7.0820631980896,-0.5396884083747864,3.0,12.0,4655.0,10.312,417137656.0
14.34346294403076,13.5781717300415,-0.3447548449039459,7.0,14.0,4657.0,19.754,417137661.0
1.054825186729431,0.9961045384407043,-0.3887462019920349,3.0,0.0,4664.0,1.502,417137684.0
13.72113704681396,12.95277118682861,0.3293618261814117,2.0,1.0,4665.0,18.872,417137686.0
3.772870063781738,3.560349225997925,-1.197639465332031,4.0,2.0,4666.0,5.324,417137688.0
16.39884757995605,15.46971130371094,-4.382119178771973,10.0,4.0,4667.0,22.966,417137693.0
30.4582691192627,28.71245956420898,-6.629692554473877,2.0,6.0,4669.0,42.38,417137698.0
7.396615505218506,6.967781066894531,-1.247698307037354,21.0,8.0,4671.0,10.238,417137702.0
32.10601425170898,30.24460029602051,6.986050128936768,0.0,9.0,4671.0,44.658,417137705.0
7.435178756713867,7.001659870147705,-0.8935206532478333,22.0,10.0,4672.0,10.252,417137707.0
32.82864761352539,30.90371513366699,8.763856887817383,0.0,11.0,4673.0,45.93,417137709.0
7.483436584472656,7.042176723480225,-0.5385369658470154,3.0,12.0,4674.0,10.29,417137711.0
29.16736793518066,27.43791961669922,9.245038032531738,0.0,13.0,4675.0,41.098,417137714.0
14.39715099334717,13.53875160217285,-0.3449642658233643,3.0,14.0,4676.0,19.766,417137716.0
1.039976477622986,0.9752374887466431,-0.3820168972015381,2.0,0.0,4684.0,1.476,417137739.0
13.82754135131836,12.96223640441895,0.3308278024196625,2.0,1.0,4685.0,18.956,417137741.0
3.623170852661133,3.395251035690308,-1.146350622177124,5.0,2.0,4686.0,5.096,417137744.0
31.81439018249512,29.81306838989258,2.284987926483154,0.0,3.0,4686.0,43.66,417137746.0
16.42122650146484,15.38284683227539,-4.373723983764648,10.0,4.0,4687.0,22.922,417137748.0
30.55254173278809,28.60056686401367,-6.628441333770752,2.0,6.0,4689.0,42.372,417137753.0
7.416543483734131,6.937850952148438,-1.246967077255249,18.0,8.0,4691.0,10.232,417137758.0
32.23447418212891,30.1539363861084,6.991056442260742,0.0,9.0,4691.0,44.69,417137760.0
7.453752994537354,6.97022008895874,-0.8928234577178955,18.0,10.0,4692.0,10.244,417137762.0
32.94492721557617,30.79697799682617,8.766146659851074,0.0,11.0,4693.0,45.942,417137764.0
7.499217510223389,7.007829666137695,-0.5379089713096619,3.0,12.0,4694.0,10.278,417137767.0
15.23501110076904,14.22677612304688,-0.3638477623462677,9.0,14.0,4696.0,20.848,417137771.0
1.027822613716125,0.9571194648742676,-0.3763228952884674,3.0,0.0,4704.0,1.454,417137794.0
13.96345138549805,12.998366355896,0.3329919278621674,2.0,1.0,4705.0,19.08,417137797.0
3.476646900177002,3.235225677490234,-1.096411466598511,6.0,2.0,4706.0,4.874,417137799.0
16.43744850158691,15.29066562652588,-4.363801956176758,7.0,4.0,4707.0,22.87,417137804.0
7.323769569396973,6.808049201965332,-1.583742499351501,4.0,6.0,4709.0,10.124,417137808.0
7.414536952972412,6.887601375579834,-1.242579817771912,19.0,8.0,4711.0,10.196,417137813.0
32.35400772094727,30.05467796325684,6.994184970855713,0.0,9.0,4711.0,44.71,417137815.0
7.478038311004639,6.944159030914307,-0.8928234577178955,15.0,10.0,4712.0,10.244,417137817.0
7.544129848480225,7.000629901885986,-0.5393743515014648,2.0,12.0,4714.0,10.306,417137822.0
15.3212366104126,14.20750141143799,-0.3647204041481018,7.0,14.0,4716.0,20.898,417137827.0
1.026902198791504,0.9495911002159119,-0.3747699856758118,2.0,0.0,4724.0,1.448,417137850.0
3.346226453781128,3.092137098312378,-1.051871180534363,6.0,2.0,4726.0,4.676,417137854.0
16.44745826721191,15.19323062896729,-4.352353096008301,7.0,4.0,4727.0,22.81,417137859.0
7.312653541564941,6.750286102294922,-1.576233625411987,18.0,6.0,4729.0,10.076,417137863.0
7.429779052734375,6.853602409362793,-1.241117358207703,14.0,8.0,4731.0,10.184,417137868.0
7.512485504150391,6.927468299865723,-0.8940436244010925,11.0,10.0,4732.0,10.258,417137873.0
7.636083602905273,7.036510944366455,-0.5441892743110657,1.0,12.0,4734.0,10.398,417137877.0
15.40604114532471,14.18644332885742,-0.3655581176280975,4.0,14.0,4736.0,20.946,417137882.0
1.010451316833496,0.9275315999984741,-0.3675230443477631,2.0,0.0,4745.0,1.42,417137905.0
3.274245023727417,3.003448247909546,-1.025776863098145,6.0,2.0,4747.0,4.56,417137910.0
16.46251678466797,15.09569263458252,-4.341667652130127,5.0,4.0,4748.0,22.754,417137914.0
7.332976341247559,6.71943473815918,-1.575295090675354,8.0,6.0,4750.0,10.07,417137919.0
7.440208435058594,6.812918663024902,-1.238680005073547,11.0,8.0,4752.0,10.164,417137923.0
7.540764331817627,6.90257740020752,-0.8943922519683838,6.0,10.0,4753.0,10.262,417137928.0
15.47269344329834,14.1433744430542,-0.3659071624279022,2.0,14.0,4757.0,20.966,417137937.0
31.85897064208984,29.1218433380127,11.56558799743652,0.0,15.0,4757.0,44.686,417137940.0
0.9965502619743347,0.9083819389343262,-0.3613113760948181,2.0,0.0,4765.0,1.396,417137960.0
3.20115065574646,2.91588830947876,-0.9996824860572815,3.0,2.0,4767.0,4.444,417137965.0
7.347620487213135,6.68582010269165,-1.573417901992798,6.0,6.0,4770.0,10.058,417137974.0
7.478631973266602,6.8002610206604,-1.241117358207703,6.0,8.0,4772.0,10.184,417137979.0
7.516160011291504,6.83198881149292,-0.8886399269104004,3.0,10.0,4773.0,10.196,417137983.0
33.43221664428711,30.37833786010742,8.780648231506348,0.0,11.0,4774.0,46.018,417137986.0
29.5830020904541,26.86188697814941,9.225242614746094,0.0,13.0,4776.0,41.01,417137990.0
15.61229038238525,14.17126274108887,-0.3680363595485687,2.0,14.0,4777.0,21.088,417137993.0
28.96394538879395,26.28133010864258,10.47958278656006,0.0,15.0,4778.0,40.49,417137995.0
0.9881008267402649,0.8946989178657532,-0.3571702837944031,2.0,0.0,4784.0,1.38,417138016.0
3.074971914291382,2.782352209091187,-0.9573916792869568,3.0,2.0,4786.0,4.256,417138020.0
7.396129131317139,6.685260772705078,-1.579049468040466,2.0,6.0,4789.0,10.094,417138029.0
7.496721744537354,6.771431922912598,-1.240386128425598,2.0,8.0,4791.0,10.178,417138034.0
7.362800598144531,6.648133754730225,-0.8678969144821167,2.0,10.0,4792.0,9.958,417138039.0
33.53277206420898,30.26730537414551,8.780648231506348,0.0,11.0,4793.0,46.018,417138041.0
29.66613006591797,26.7584171295166,9.223443031311035,0.0,13.0,4795.0,41.002,417138046.0
29.0922794342041,26.23160552978516,10.49614715576172,0.0,15.0,4796.0,40.554,417138050.0
0.9840351343154907,0.884786069393158,-0.3545821011066437,2.0,0.0,4804.0,1.37,417138071.0
7.230409622192383,6.49659252166748,-2.244111776351929,0.0,2.0,4806.0,9.976,417138075.0
7.260573863983154,6.521405696868896,-1.89702308177948,48.0,4.0,4807.0,9.942,417138080.0
7.573776721954346,6.797947883605957,-1.611900687217712,2.0,6.0,4809.0,10.304,417138085.0
7.536568164825439,6.759801864624023,-1.243067264556885,1.0,8.0,4811.0,10.2,417138089.0
7.378544807434082,6.615742206573486,-0.8670253157615662,5.0,10.0,4812.0,9.948,417138094.0
0.3859572410583496,0.3459350168704987,0.1007471531629562,1.0,11.0,4813.0,0.528,417138096.0
29.74773979187012,26.6442985534668,9.219843864440918,0.0,13.0,4815.0,40.986,417138101.0
29.18246841430664,26.1196460723877,10.4940767288208,0.0,15.0,4817.0,40.546,417138105.0
0.9309167861938477,0.8311669230461121,-0.3343942165374756,2.0,0.0,4824.0,1.292,417138126.0
7.234139442443848,6.454448223114014,-2.238262891769409,1.0,2.0,4826.0,9.950000000000001,417138131.0
7.258386135101318,6.473806381225586,-1.890535473823547,108.0,4.0,4827.0,9.908,417138135.0
7.588612079620361,6.763583183288574,-1.610023498535156,3.0,6.0,4829.0,10.292,417138140.0
7.563083171844482,6.736093997955322,-1.243554830551147,3.0,8.0,4831.0,10.204,417138145.0
7.401593208312988,6.589945793151855,-0.8670253157615662,6.0,10.0,4832.0,9.948,417138149.0
0.3915619850158691,0.3485014140605927,0.101892001926899,2.0,11.0,4833.0,0.534,417138151.0
29.83182716369629,26.53252601623535,9.217144966125488,0.0,13.0,4835.0,40.974,417138156.0
29.29491233825684,26.04583549499512,10.50339412689209,0.0,15.0,4836.0,40.582,417138161.0
0.9294758439064026,0.8240675926208496,-0.3328412771224976,1.0,0.0,4844.0,1.286,417138181.0
7.285798072814941,6.455003261566162,-2.247261047363281,1.0,2.0,4846.0,9.99,417138186.0
7.292697429656982,6.458844184875488,-1.893588423728943,31.0,4.0,4847.0,9.924,417138191.0
7.615133762359619,6.739670753479004,-1.610649228096008,4.0,6.0,4849.0,10.296,417138195.0
0.3984479904174805,0.3525170087814331,0.06532196700572968,1.0,7.0,4850.0,0.536,417138198.0
7.619264125823975,6.738584995269775,-1.248916983604431,6.0,8.0,4851.0,10.248,417138200.0
0.4321385324001312,0.3820550441741943,0.09135773032903671,2.0,9.0,4852.0,0.584,417138202.0
7.446941375732422,6.583864688873291,-0.8696399927139282,9.0,10.0,4852.0,9.978,417138204.0
0.3839496672153473,0.3393317461013794,0.09960229694843292,3.0,11.0,4853.0,0.522,417138207.0
29.95931816101074,26.45919227600098,9.22794246673584,0.0,13.0,4855.0,41.022,417138211.0
29.48867225646973,26.02521514892578,10.53859424591064,0.0,15.0,4857.0,40.718,417138216.0
0.9294466972351074,0.8182649612426758,-0.3318060040473938,1.0,0.0,4864.0,1.282,417138237.0
7.324380397796631,6.443690776824951,-2.252209901809692,0.0,2.0,4866.0,10.012,417138241.0
7.704398632049561,6.775630474090576,-1.994335651397705,100.0,4.0,4867.0,10.452,417138246.0
7.647515773773193,6.720871925354004,-1.612526416778564,5.0,6.0,4869.0,10.308,417138251.0
0.3862541317939758,0.3393325507640839,0.06312832236289978,1.0,7.0,4870.0,0.518,417138253.0
7.660638332366943,6.72766637802124,-1.251841902732849,5.0,8.0,4871.0,10.272,417138255.0
0.4363716244697571,0.3832269012928009,0.09198346734046936,3.0,9.0,4871.0,0.588,417138257.0
7.472872734069824,6.560458660125732,-0.8699886202812195,9.0,10.0,4872.0,9.982000000000001,417138260.0
0.3733270168304443,0.3276296257972717,0.09654935449361801,4.0,11.0,4873.0,0.506,417138262.0
30.03684425354004,26.34160423278809,9.223443031311035,0.0,13.0,4875.0,41.002,417138267.0
0.41200852394104,0.3611945807933807,-0.00956391915678978,1.0,14.0,4876.0,0.548,417138269.0
0.4023882746696472,0.3527608215808868,0.1433857530355453,1.0,15.0,4876.0,0.554,417138271.0
2.738549947738647,2.392358303070068,-0.83951735496521,3.0,2.0,4886.0,3.732,417138297.0
0.4097551107406616,0.3577041029930115,0.04758703708648682,1.0,5.0,4888.0,0.546,417138304.0
7.694743156433105,6.714917659759521,-1.61753237247467,7.0,6.0,4889.0,10.34,417138306.0
0.3754691183567047,0.3275425732135773,0.06117840856313705,3.0,7.0,4890.0,0.502,417138308.0
16.42441177368164,14.32288074493408,-2.675763368606567,3.0,8.0,4891.0,21.956,417138310.0
0.4124598503112793,0.3595581948757172,0.08666469156742096,6.0,9.0,4892.0,0.554,417138313.0
7.533273696899414,6.56706428527832,-0.8743464350700378,2.0,10.0,4892.0,10.032,417138315.0
0.3818689286708832,0.3327735662460327,0.0984574407339096,1.0,11.0,4893.0,0.516,417138317.0
0.3982661068439484,0.3468180894851685,0.1219234690070152,1.0,13.0,4895.0,0.542,417138322.0
0.3831013441085815,0.3334947526454926,-0.008865822106599808,1.0,14.0,4896.0,0.508,417138324.0
0.3687027394771576,0.3208475112915039,0.1309624314308167,1.0,15.0,4897.0,0.506,417138327.0
7.698930740356445,6.678436279296875,-2.352988004684448,0.0,2.0,4906.0,10.46,417138352.0
0.4350892007350922,0.3771519958972931,0.05037602037191391,1.0,5.0,4908.0,0.578,417138359.0
11.31296539306641,9.803054809570312,-2.370920658111572,13.0,6.0,4909.0,15.156,417138361.0
11.80873870849609,10.22544288635254,-1.917979717254639,7.0,8.0,4911.0,15.738,417138366.0
0.4226098656654358,0.365947037935257,0.0885419100522995,9.0,9.0,4911.0,0.5660000000000001,417138368.0
11.18509197235107,9.681999206542969,-1.294262766838074,5.0,10.0,4912.0,14.85,417138370.0
0.3741205632686615,0.3237306773662567,0.09616773575544357,2.0,11.0,4913.0,0.504,417138373.0
0.3726877272129059,0.3221497535705566,0.1319977194070816,1.0,15.0,4916.0,0.51,417138382.0
2.542566299438477,2.190042018890381,-0.774731457233429,2.0,2.0,4926.0,3.444,417138407.0
0.4031820595264435,0.347036212682724,0.04654116556048393,3.0,5.0,4928.0,0.534,417138414.0
11.36508369445801,9.778965950012207,-2.374675273895264,16.0,6.0,4929.0,15.18,417138416.0
11.84737014770508,10.18674945831299,-1.918467164039612,9.0,8.0,4931.0,15.742,417138421.0
0.4193911850452423,0.3606060147285461,0.08760330080986023,5.0,9.0,4931.0,0.56,417138423.0
11.24752807617188,9.667572021484375,-1.297574639320374,4.0,10.0,4932.0,14.888,417138426.0
0.3901391327381134,0.3352173566818237,0.09998391568660736,2.0,11.0,4933.0,0.524,417138428.0
0.4157682657241821,0.3568603098392487,-0.00956391915678978,1.0,14.0,4936.0,0.548,417138435.0
0.3826054930686951,0.328396201133728,0.1351035386323929,1.0,15.0,4936.0,0.522,417138437.0
0.402653306722641,0.344506561756134,0.009249775670468807,2.0,1.0,4945.0,0.53,417138460.0
2.46133828163147,2.105155229568481,-0.7477372884750366,2.0,2.0,4946.0,3.324,417138463.0
0.4053189158439636,0.3465422391891479,0.02794739976525307,4.0,3.0,4947.0,0.534,417138465.0
31.30043983459473,26.7614574432373,-8.0048189163208,0.0,4.0,4947.0,41.952,417138467.0
0.3937889933586121,0.336565375328064,0.04532098770141602,4.0,5.0,4948.0,0.52,417138469.0
0.3951669633388519,0.3372659683227539,0.08228452503681183,9.0,9.0,4952.0,0.526,417138479.0
11.24635028839111,9.598503112792969,-1.293565511703491,2.0,10.0,4952.0,14.842,417138481.0
0.3838391900062561,0.3274822235107422,0.09807582199573517,2.0,11.0,4953.0,0.514,417138483.0
0.3865726292133331,0.3294647336006165,-0.008865822106599808,1.0,14.0,4956.0,0.508,417138490.0
0.3896307051181793,0.3320710361003876,0.1371740996837616,1.0,15.0,4956.0,0.53,417138492.0
0.4401437938213348,0.374062180519104,-0.1547737866640091,1.0,0.0,4964.0,0.598,417138513.0
0.3886136412620544,0.3301517963409424,0.008900727145373821,2.0,1.0,4965.0,0.51,417138516.0
2.453818082809448,2.083935976028442,-0.7432382702827454,1.0,2.0,4966.0,3.304,417138518.0
0.4232743680477142,0.359343945980072,0.02909879200160503,6.0,3.0,4967.0,0.556,417138520.0
31.41162490844727,26.66728210449219,-8.009398460388184,0.0,4.0,4967.0,41.976,417138522.0
0.3888850808143616,0.3300319910049438,0.04462374001741409,8.0,5.0,4968.0,0.512,417138525.0
18.54448127746582,15.73242855072021,-3.851729393005371,6.0,6.0,4969.0,24.622,417138527.0
16.20335960388184,13.73658657073975,-2.608247756958008,3.0,8.0,4971.0,21.402,417138532.0
11.31170654296875,9.586237907409668,-1.297226071357727,1.0,10.0,4972.0,14.884,417138536.0
0.4160923361778259,0.3523728549480438,-0.02857543155550957,1.0,12.0,4974.0,0.546,417138541.0
0.4411463439464569,0.3733257949352264,-0.01008749101310968,1.0,14.0,4976.0,0.578,417138545.0
0.4414468109607697,0.3725235164165497,-0.1547737866640091,1.0,0.0,4984.0,0.598,417138569.0
0.3943491876125336,0.3326614201068878,0.009005441330373287,4.0,1.0,4985.0,0.516,417138571.0
0.4184178411960602,0.3527151346206665,0.02868010476231575,8.0,3.0,4987.0,0.548,417138575.0
31.4895076751709,26.54482078552246,-8.005581855773926,0.0,4.0,4987.0,41.956,417138578.0
0.3946054577827454,0.3325241506099701,0.04514667391777039,6.0,5.0,4988.0,0.518,417138580.0
31.79297637939453,26.78165626525879,-6.584013938903809,1.0,6.0,4989.0,42.088,417138582.0
16.1965389251709,13.63392066955566,-2.599472999572754,1.0,8.0,4991.0,21.33,417138587.0
0.440202385187149,0.3702910840511322,0.1118140742182732,1.0,11.0,4993.0,0.586,417138594.0
0.4326062500476837,0.3637724220752716,-0.02962215058505535,1.0,12.0,4994.0,0.5660000000000001,417138596.0
0.4256062805652618,0.3576326966285706,-0.009703538380563259,7.0,14.0,4996.0,0.556,417138601.0
0.3847771286964417,0.3222945630550385,0.008761107921600342,7.0,1.0,5005.0,0.502,417138626.0
0.4150518178939819,0.3474065959453583,0.0283660888671875,6.0,3.0,5007.0,0.542,417138631.0
31.61660194396973,26.46372222900391,-8.014359474182129,0.0,4.0,5007.0,42.002,417138633.0
0.3865955173969269,0.3234733939170837,0.0441008061170578,3.0,5.0,5008.0,0.506,417138635.0
11.6959753036499,9.782822608947754,-2.415035247802734,2.0,6.0,5009.0,15.438,417138638.0
0.3807234168052673,0.3183341920375824,0.06093467026948929,1.0,7.0,5010.0,0.5,417138640.0
11.70819187164307,9.786096572875977,-1.873619318008423,0.0,8.0,5011.0,15.374,417138642.0
0.3895817697048187,0.3255099356174469,0.08040731400251389,1.0,9.0,5012.0,0.514,417138645.0
0.4414922595024109,0.3687522113323212,0.1118140742182732,1.0,11.0,5013.0,0.586,417138649.0
0.4154759645462036,0.3468992710113525,-0.0283660888671875,4.0,12.0,5014.0,0.542,417138651.0
0.4145685434341431,0.3458960950374603,-0.0094242999330163,7.0,14.0,5016.0,0.54,417138656.0
0.3885571956634521,0.3230448961257935,0.026481993496418,4.0,3.0,5026.0,0.506,417138686.0
0.4001156091690063,0.3325364291667938,-0.1011287644505501,1.0,4.0,5027.0,0.53,417138688.0
11.74980735778809,9.758342742919922,-2.419102668762207,1.0,6.0,5029.0,15.464,417138693.0
0.4001602232456207,0.3322194218635559,0.06385953724384308,1.0,7.0,5030.0,0.524,417138695.0
0.4427767395973206,0.367208868265152,0.1118140742182732,1.0,11.0,5033.0,0.586,417138704.0
0.4089964330196381,0.3390733003616333,-0.02784272842109203,4.0,12.0,5034.0,0.532,417138707.0
0.3880551755428314,0.3214837610721588,-0.008796012960374355,7.0,14.0,5036.0,0.504,417138711.0
0.39935302734375,0.3297869563102722,0.0090403463691473,2.0,1.0,5045.0,0.518,417138737.0
0.3881981372833252,0.3203473687171936,0.02637732215225697,2.0,3.0,5047.0,0.504,417138741.0
0.3980659544467926,0.3283737003803253,0.04514667391777039,1.0,5.0,5048.0,0.518,417138746.0
0.4380793571472168,0.3611247539520264,0.06970926374197006,1.0,7.0,5050.0,0.5720000000000001,417138750.0
0.4192891120910645,0.3453895449638367,0.08603895455598831,1.0,9.0,5052.0,0.55,417138755.0
0.4834601283073425,0.3981088101863861,0.1217361390590668,1.0,11.0,5053.0,0.638,417138760.0
0.4163455963134766,0.3427209258079529,-0.02826141566038132,3.0,12.0,5054.0,0.54,417138762.0
0.4005017578601837,0.3283909559249878,0.0090403463691473,2.0,1.0,5065.0,0.518,417138792.0
0.3892583250999451,0.3190582990646362,0.02637732215225697,2.0,3.0,5066.0,0.504,417138797.0
0.4546986818313599,0.3721665740013123,0.07214665412902832,1.0,7.0,5070.0,0.592,417138806.0
0.478596568107605,0.3914478719234467,0.09792797267436981,2.0,9.0,5072.0,0.626,417138810.0
0.4605284929275513,0.3765357136726379,0.115630254149437,2.0,11.0,5073.0,0.606,417138815.0
0.4469217956066132,0.3652805089950562,-0.03025018237531185,1.0,12.0,5074.0,0.578,417138817.0
0.4478810131549835,0.3647624850273132,-0.1547737866640091,1.0,0.0,5084.0,0.598,417138845.0
0.4016456007957458,0.326990932226181,0.0090403463691473,2.0,1.0,5085.0,0.518,417138847.0
0.4337440729141235,0.3529973328113556,0.0293081346899271,2.0,3.0,5086.0,0.56,417138852.0
0.443629652261734,0.3607852458953857,0.05002739652991295,1.0,5.0,5088.0,0.5740000000000001,417138856.0
0.4868054986000061,0.3956161141395569,0.07702142745256424,1.0,7.0,5090.0,0.632,417138861.0
0.46615931391716,0.3785672783851624,0.0951121523976326,2.0,9.0,5092.0,0.608,417138866.0
0.4587916135787964,0.37245112657547,0.1148670166730881,3.0,11.0,5093.0,0.602,417138870.0
0.4481941163539886,0.3637182414531708,-0.03025018237531185,1.0,12.0,5094.0,0.578,417138873.0
33.97540283203125,27.55203628540039,11.72087955474854,0.0,15.0,5096.0,45.286,417138879.0
0.4121154844760895,0.333129495382309,0.009249775670468807,2.0,1.0,5105.0,0.53,417138902.0
0.4505719244480133,0.3639553785324097,0.03035485371947289,1.0,3.0,5107.0,0.58,417138907.0
11.65439510345459,9.41399097442627,-2.912126779556274,4.0,4.0,5107.0,15.262,417138909.0
0.4603875875473022,0.3717513680458069,0.05177051201462746,1.0,5.0,5108.0,0.594,417138912.0
0.46037557721138,0.3714762628078461,0.07263413071632385,1.0,7.0,5110.0,0.596,417138916.0
0.4750998020172119,0.3832203447818756,0.09667649865150452,3.0,9.0,5111.0,0.618,417138921.0
0.4808100163936615,0.3876877427101135,-0.05403656139969826,1.0,10.0,5112.0,0.62,417138923.0
0.4478606283664703,0.3609909415245056,0.1118140742182732,2.0,11.0,5113.0,0.586,417138926.0
0.4619028270244598,0.372176468372345,-0.03108755871653557,1.0,12.0,5114.0,0.594,417138928.0
0.4454631209373474,0.3586738705635071,-0.009982776828110218,1.0,14.0,5116.0,0.5720000000000001,417138932.0
34.0761604309082,27.42732429504395,11.72087955474854,0.0,15.0,5117.0,45.286,417138935.0
0.4257520735263824,0.3417021632194519,0.009529014118015766,2.0,1.0,5125.0,0.546,417138958.0
0.4704705476760864,0.3774575591087341,0.03161091729998589,1.0,3.0,5126.0,0.604,417138962.0
0.4492465555667877,0.3601718842983246,0.05037602037191391,1.0,5.0,5128.0,0.578,417138967.0
0.4678663611412048,0.3748316466808319,0.07360908389091492,1.0,7.0,5130.0,0.604,417138972.0
0.4672487378120422,0.3740691244602203,0.09479928761720657,2.0,9.0,5132.0,0.606,417138976.0
0.5023800134658813,0.4021944403648376,-0.05630261078476906,1.0,10.0,5132.0,0.646,417138979.0
0.4567821323871613,0.3655589818954468,0.1137221604585648,2.0,11.0,5133.0,0.596,417138981.0
0.4600799679756165,0.3680665194988251,-0.03087821416556835,1.0,12.0,5134.0,0.59,417138983.0
0.4641852080821991,0.3712178766727448,0.1372201442718506,1.0,13.0,5135.0,0.61,417138985.0
0.4482743442058563,0.358365386724472,-0.01001768093556166,1.0,14.0,5136.0,0.5740000000000001,417138988.0
0.420628160238266,0.3353025317192078,0.009389394894242287,2.0,1.0,5144.0,0.538,417139013.0
0.440479964017868,0.3510016202926636,0.02951747924089432,2.0,3.0,5145.0,0.5640000000000001,417139018.0
32.48265838623047,25.87491989135742,-8.072365760803223,0.0,4.0,5146.0,42.306,417139020.0
0.4816106557846069,0.3835023045539856,0.05386224761605263,1.0,5.0,5147.0,0.618,417139022.0
28.28604507446289,22.51586151123047,-5.726127147674561,1.0,6.0,5148.0,36.604,417139025.0
0.4380401074886322,0.3485576808452606,0.068734310567379,1.0,7.0,5149.0,0.5640000000000001,417139027.0
0.4560540318489075,0.3627617657184601,0.09229633212089539,1.0,9.0,5150.0,0.59,417139032.0
0.5052704215049744,0.401766300201416,-0.05647692084312439,1.0,10.0,5151.0,0.648,417139034.0
0.4718238115310669,0.3750367760658264,0.1171567216515541,3.0,11.0,5152.0,0.614,417139036.0
0.4519156515598297,0.3590837717056274,-0.03025018237531185,1.0,12.0,5153.0,0.578,417139038.0
0.4654136598110199,0.3696765303611755,0.1372201442718506,1.0,13.0,5154.0,0.61,417139041.0
0.4682530462741852,0.371798574924469,-0.0104365386068821,1.0,14.0,5155.0,0.598,417139043.0
0.8315195441246033,0.6583456993103027,-0.2841833233833313,1.0,0.0,5163.0,1.098,417139066.0
0.4468842744827271,0.3536884188652039,0.009947871789336205,2.0,1.0,5164.0,0.5700000000000001,417139068.0
0.4417024850845337,0.3494619131088257,0.02951747924089432,2.0,3.0,5165.0,0.5640000000000001,417139073.0
18.40909576416016,14.55950736999512,-4.562242984771729,2.0,4.0,5166.0,23.91,417139075.0
0.4610653221607208,0.3645195960998535,0.0514218881726265,1.0,5.0,5167.0,0.59,417139078.0
0.4672916233539581,0.3691771328449249,0.07312160730361938,1.0,7.0,5169.0,0.6,417139082.0
0.4666189253330231,0.3685134053230286,0.09417355060577393,1.0,9.0,5170.0,0.602,417139087.0
0.472266286611557,0.3728395998477936,-0.05264206975698471,1.0,10.0,5171.0,0.604,417139089.0
0.4515540897846222,0.3563600778579712,0.1118140742182732,2.0,11.0,5172.0,0.586,417139091.0
0.4907995462417603,0.3871930241584778,-0.0327623076736927,1.0,12.0,5173.0,0.626,417139094.0
0.4269168674945831,0.3366749584674835,0.1255226880311966,1.0,13.0,5174.0,0.558,417139096.0
0.4554144442081451,0.3590198159217834,-0.0101223960518837,1.0,14.0,5175.0,0.58,417139098.0
0.8140683770179749,0.6399187445640564,-0.2774540185928345,2.0,0.0,5183.0,1.072,417139121.0
0.4732735455036163,0.3718948364257812,0.01050634868443012,2.0,1.0,5184.0,0.602,417139124.0
0.4554847478866577,0.3577879667282104,0.03035485371947289,1.0,3.0,5185.0,0.58,417139128.0
18.47215843200684,14.50485801696777,-4.565296173095703,5.0,4.0,5186.0,23.926,417139131.0
0.4497970342636108,0.3530663847923279,0.05002739652991295,1.0,5.0,5187.0,0.5740000000000001,417139133.0
0.4654535949230194,0.3650934398174286,0.07263413071632385,1.0,7.0,5189.0,0.596,417139137.0
0.5076950788497925,0.3980837762355804,-0.07921507209539413,1.0,8.0,5190.0,0.65,417139140.0
0.4554664790630341,0.3571313321590424,0.09167059510946274,1.0,9.0,5190.0,0.586,417139142.0
0.5049267411231995,0.3957708775997162,-0.05612829700112343,1.0,10.0,5191.0,0.644,417139144.0
0.4327053725719452,0.3390405178070068,0.1068530380725861,1.0,11.0,5192.0,0.56,417139147.0
0.4701350927352905,0.3682356476783752,-0.03129690140485764,1.0,12.0,5193.0,0.598,417139149.0
0.4679831266403198,0.3664183616638184,0.1372201442718506,1.0,13.0,5194.0,0.61,417139151.0
0.4535154700279236,0.3549629151821136,-0.01005258597433567,1.0,14.0,5195.0,0.5760000000000001,417139154.0
0.814774215221405,0.6358846426010132,-0.2769363820552826,2.0,0.0,5203.0,1.07,417139177.0
0.4934884905815125,0.3850009441375732,0.01092520635575056,2.0,1.0,5204.0,0.626,417139179.0
1.678048610687256,1.30867862701416,-0.4912931025028229,1.0,2.0,5205.0,2.184,417139181.0
0.4976791739463806,0.3881306350231171,0.03307632356882095,1.0,3.0,5205.0,0.632,417139184.0
18.50719451904297,14.42821884155273,-4.561480045318604,2.0,4.0,5206.0,23.906,417139186.0
0.4667419493198395,0.3637413382530212,0.05177051201462746,1.0,5.0,5207.0,0.594,417139188.0
0.4510632753372192,0.3512696325778961,0.0701967403292656,1.0,7.0,5209.0,0.5760000000000001,417139193.0
0.504382312297821,0.3926509320735931,-0.07848385721445084,3.0,8.0,5210.0,0.644,417139195.0
0.4567103087902069,0.3555392920970917,0.09167059510946274,1.0,9.0,5210.0,0.586,417139197.0
0.4685681462287903,0.3646390438079834,-0.05194482207298279,1.0,10.0,5211.0,0.596,417139200.0
0.4478325545787811,0.348377138376236,0.1102875992655754,1.0,11.0,5212.0,0.578,417139202.0
0.4997972548007965,0.3886614441871643,-0.03318099677562714,1.0,12.0,5213.0,0.634,417139204.0
0.3923315703868866,0.3049821555614471,0.1147250384092331,1.0,13.0,5214.0,0.51,417139207.0
0.4863317310810089,0.3779177963733673,-0.01075068209320307,1.0,14.0,5215.0,0.616,417139209.0
0.8079355955123901,0.6257961988449097,-0.2738305628299713,3.0,0.0,5224.0,1.058,417139232.0
0.4759226143360138,0.368498682975769,0.01050634868443012,2.0,1.0,5225.0,0.602,417139234.0
1.644307494163513,1.272699952125549,-0.4800455570220947,2.0,2.0,5226.0,2.134,417139237.0
0.4549359381198883,0.3519950807094574,0.03014551103115082,1.0,3.0,5227.0,0.5760000000000001,417139239.0
12.14556503295898,9.397321701049805,-2.985015869140625,5.0,4.0,5227.0,15.644,417139241.0
0.493287980556488,0.3815314173698425,0.05455949530005455,1.0,5.0,5228.0,0.626,417139243.0
0.4680542349815369,0.3617534041404724,0.07263413071632385,1.0,7.0,5230.0,0.596,417139248.0
0.469688206911087,0.3628853857517242,-0.07287786900997162,3.0,8.0,5231.0,0.598,417139250.0
0.4423786103725433,0.341785728931427,0.0885419100522995,1.0,9.0,5231.0,0.5660000000000001,417139253.0
0.4762088656425476,0.3677905797958374,-0.05264206975698471,1.0,10.0,5232.0,0.604,417139255.0
0.4413364231586456,0.3407345712184906,0.1083795130252838,1.0,11.0,5233.0,0.5680000000000001,417139257.0
0.4727580845355988,0.3648620545864105,-0.03129690140485764,1.0,12.0,5234.0,0.598,417139260.0
0.4304770231246948,0.3321107923984528,0.1255226880311966,1.0,13.0,5235.0,0.558,417139262.0
0.4655448198318481,0.3590358197689056,-0.01026201527565718,1.0,14.0,5236.0,0.588,417139264.0
0.8070523142814636,0.6206168532371521,-0.2727952599525452,3.0,0.0,5244.0,1.054,417139287.0
0.5564761161804199,0.4277712106704712,0.0122515894472599,2.0,1.0,5245.0,0.7020000000000001,417139290.0
1.631742715835571,1.253891110420227,-0.4750966131687164,2.0,2.0,5246.0,2.112,417139292.0
0.4783363938331604,0.3674384951591492,0.03161091729998589,1.0,3.0,5247.0,0.604,417139294.0
12.18452167510986,9.359652519226074,-2.986542463302612,5.0,4.0,5247.0,15.652,417139296.0
0.4788143336772919,0.3676727712154388,0.05281637981534004,1.0,5.0,5248.0,0.606,417139299.0
0.4756136536598206,0.3649511933326721,0.07360908389091492,1.0,7.0,5250.0,0.604,417139303.0
0.4961535036563873,0.3805744051933289,-0.07677768915891647,1.0,8.0,5251.0,0.63,417139306.0
0.4498987197875977,0.3449699878692627,0.0897933840751648,1.0,9.0,5252.0,0.5740000000000001,417139308.0
0.4838141798973083,0.3709754347801208,-0.05333931371569633,1.0,10.0,5252.0,0.612,417139310.0
0.440964937210083,0.3379976153373718,0.1079978942871094,1.0,11.0,5253.0,0.5660000000000001,417139313.0
0.4771995544433594,0.3656390905380249,-0.0315062440931797,1.0,12.0,5254.0,0.602,417139315.0
0.4316336810588837,0.3306061327457428,0.1255226880311966,1.0,13.0,5255.0,0.558,417139317.0
0.4826726317405701,0.369565337896347,-0.01061106286942959,1.0,14.0,5256.0,0.608,417139320.0
0.4832341372966766,0.3698614835739136,0.1630560010671616,1.0,15.0,5257.0,0.63,417139322.0
0.7938586473464966,0.6060730814933777,-0.2676188945770264,3.0,0.0,5264.0,1.034,417139343.0
0.4784836173057556,0.3651671409606934,0.01050634868443012,2.0,1.0,5265.0,0.602,417139345.0
1.612869501113892,1.230457663536072,-0.4683480858802795,3.0,2.0,5266.0,2.082,417139347.0
0.4796160757541656,0.3657665550708771,0.03161091729998589,1.0,3.0,5267.0,0.604,417139349.0
12.22492408752441,9.323016166687012,-2.988450527191162,5.0,4.0,5267.0,15.662,417139352.0
0.4737569391727448,0.3611674904823303,0.05211913585662842,1.0,5.0,5268.0,0.598,417139354.0
0.4776298403739929,0.3639881908893585,-0.0951121523976326,1.0,6.0,5269.0,0.608,417139356.0
0.4610937833786011,0.35125932097435,0.07117169350385666,1.0,7.0,5270.0,0.584,417139359.0
0.4658929705619812,0.3547868430614471,-0.07190291583538055,1.0,8.0,5271.0,0.59,417139361.0
0.4541833400726318,0.3458697199821472,0.09041912108659744,1.0,9.0,5271.0,0.578,417139363.0
0.472423642873764,0.3596298396587372,-0.05194482207298279,1.0,10.0,5272.0,0.596,417139366.0
0.4515161216259003,0.3435896337032318,0.1102875992655754,1.0,11.0,5273.0,0.578,417139368.0
0.4848314225673676,0.3688079416751862,-0.03192493319511414,1.0,12.0,5274.0,0.61,417139370.0
0.4327850937843323,0.3290974199771881,0.1255226880311966,1.0,13.0,5275.0,0.558,417139373.0
0.4584881663322449,0.3485162258148193,-0.01005258597433567,1.0,14.0,5276.0,0.5760000000000001,417139375.0
0.4536987543106079,0.3448755741119385,0.1527032405138016,1.0,15.0,5276.0,0.59,417139377.0
0.7913506627082825,0.5997975468635559,-0.2660659849643707,2.0,0.0,5284.0,1.028,417139398.0
1.561230063438416,1.18246328830719,-0.4521516263484955,3.0,2.0,5286.0,2.01,417139402.0
0.4808899164199829,0.3640901446342468,0.03161091729998589,1.0,3.0,5287.0,0.604,417139405.0
12.24643611907959,9.271990776062012,-2.985779047012329,2.0,4.0,5287.0,15.648,417139407.0
0.4654827117919922,0.3522972762584686,0.05107326433062553,1.0,5.0,5288.0,0.586,417139409.0
0.466294914484024,0.3527840375900269,-0.09260920435190201,1.0,6.0,5289.0,0.592,417139412.0
0.4686501920223236,0.3544373512268066,0.07214665412902832,1.0,7.0,5290.0,0.592,417139414.0
0.4987983107566833,0.3771013617515564,-0.07677768915891647,1.0,8.0,5291.0,0.63,417139416.0
0.4522960782051086,0.3418207168579102,0.0897933840751648,1.0,9.0,5292.0,0.5740000000000001,417139419.0
0.480034202337265,0.362783670425415,-0.05264206975698471,1.0,10.0,5292.0,0.604,417139421.0
0.437047928571701,0.3301771581172943,0.1064714193344116,1.0,11.0,5293.0,0.558,417139423.0
0.4797405600547791,0.3622987270355225,-0.0315062440931797,1.0,12.0,5294.0,0.602,417139425.0
0.4743692576885223,0.3581123352050781,0.1372201442718506,1.0,13.0,5295.0,0.61,417139428.0
0.4724714159965515,0.3565501570701599,-0.01033182442188263,1.0,14.0,5296.0,0.592,417139430.0
0.4210305213928223,0.3176150321960449,0.1413151919841766,1.0,15.0,5297.0,0.546,417139432.0
0.7794442176818848,0.5867137312889099,-0.2614072263240814,2.0,0.0,5303.0,1.01,417139453.0
1.521536707878113,1.144479751586914,-0.439554363489151,4.0,2.0,5305.0,1.954,417139458.0
0.4820946455001831,0.3624934554100037,0.03161091729998589,1.0,3.0,5306.0,0.604,417139460.0
0.5397914052009583,0.4058764576911926,-0.1312765926122665,1.0,4.0,5306.0,0.6880000000000001,417139462.0
0.4602777659893036,0.345963329076767,0.05037602037191391,1.0,5.0,5307.0,0.578,417139465.0
0.4706207811832428,0.353609025478363,-0.09323494136333466,3.0,6.0,5308.0,0.596,417139467.0
0.4507761001586914,0.3385753035545349,0.06922178715467453,1.0,7.0,5309.0,0.5680000000000001,417139469.0
0.5000460743904114,0.3754452168941498,-0.07677768915891647,1.0,8.0,5310.0,0.63,417139472.0
0.4596864283084869,0.3451423346996307,0.09104485809803009,1.0,9.0,5310.0,0.582,417139474.0
0.503543496131897,0.3779337108135223,-0.05508242920041084,1.0,10.0,5311.0,0.632,417139476.0
0.4318588376045227,0.3240131139755249,0.1049449443817139,1.0,11.0,5312.0,0.55,417139478.0
0.4873305559158325,0.3654992878437042,-0.03192493319511414,1.0,12.0,5313.0,0.61,417139481.0
0.4350151419639587,0.3261439502239227,0.1255226880311966,1.0,13.0,5314.0,0.558,417139483.0
0.4736511707305908,0.3549814224243164,-0.01033182442188263,1.0,14.0,5315.0,0.592,417139485.0
0.4343933463096619,0.3255593478679657,0.1454562991857529,1.0,15.0,5315.0,0.562,417139488.0
0.7660124897956848,0.5724252462387085,-0.2562308609485626,2.0,0.0,5323.0,0.99,417139508.0
0.482218474149704,0.360220730304718,0.01050634868443012,2.0,1.0,5324.0,0.602,417139511.0
1.513031005859375,1.129833817481995,-0.435955137014389,4.0,2.0,5325.0,1.938,417139513.0
0.5057643055915833,0.3775346577167511,0.03307632356882095,1.0,3.0,5326.0,0.632,417139515.0
0.527045488357544,0.3934202492237091,-0.1278420239686966,1.0,4.0,5326.0,0.67,417139518.0
0.4774508476257324,0.3562699556350708,0.05211913585662842,1.0,5.0,5327.0,0.598,417139520.0
0.4560182690620422,0.3401532173156738,-0.09010624885559082,1.0,6.0,5328.0,0.5760000000000001,417139522.0
0.4583207666873932,0.3417462408542633,0.0701967403292656,1.0,7.0,5329.0,0.5760000000000001,417139525.0
0.4695216119289398,0.3499706089496613,-0.07190291583538055,1.0,8.0,5330.0,0.59,417139527.0
0.4926286339759827,0.3670603334903717,0.09730223566293716,1.0,9.0,5331.0,0.622,417139529.0
0.5176408886909485,0.3856970965862274,-0.05647692084312439,1.0,10.0,5331.0,0.648,417139531.0
0.4392852187156677,0.3271946310997009,0.1064714193344116,1.0,11.0,5332.0,0.558,417139534.0
0.4437480270862579,0.330398291349411,-0.028994120657444,1.0,12.0,5333.0,0.554,417139536.0
0.4330244064331055,0.3222964406013489,0.1246228814125061,1.0,13.0,5334.0,0.554,417139538.0
0.4588439166545868,0.3413892388343811,-0.009982776828110218,1.0,14.0,5335.0,0.5720000000000001,417139541.0
0.4262829422950745,0.3170476257801056,0.1423504799604416,1.0,15.0,5336.0,0.55,417139543.0
0.7555937170982361,0.5605398416519165,-0.2520897388458252,2.0,0.0,5343.0,0.974,417139564.0
1.479393720626831,1.09669291973114,-0.4251574873924255,3.0,2.0,5345.0,1.89,417139568.0
0.4461012184619904,0.3305797576904297,0.02909879200160503,2.0,3.0,5346.0,0.556,417139571.0
0.4937136173248291,0.3658625483512878,-0.1194464340806007,1.0,4.0,5346.0,0.626,417139573.0
0.4562779068946838,0.3379977643489838,0.04967877268791199,1.0,5.0,5347.0,0.5700000000000001,417139575.0
0.463552862405777,0.3432615697383881,-0.09135773032903671,1.0,6.0,5348.0,0.584,417139578.0
0.4595108926296234,0.3401443064212799,0.0701967403292656,1.0,7.0,5349.0,0.5760000000000001,417139580.0
0.4962720572948456,0.367222011089325,-0.07580272853374481,1.0,8.0,5350.0,0.622,417139582.0
0.452557235956192,0.3348747193813324,0.08916764706373215,1.0,9.0,5350.0,0.5700000000000001,417139584.0
0.4837444126605988,0.3578214049339294,-0.05264206975698471,1.0,10.0,5351.0,0.604,417139587.0
0.468839168548584,0.3466695249080658,0.1133405417203903,1.0,11.0,5352.0,0.594,417139589.0
0.4641722142696381,0.3430933952331543,-0.03025018237531185,1.0,12.0,5353.0,0.578,417139591.0
0.4247429072856903,0.3138345777988434,0.1219234690070152,1.0,13.0,5354.0,0.542,417139594.0
0.4729008376598358,0.3492899835109711,-0.01026201527565718,1.0,14.0,5355.0,0.588,417139596.0
0.4428713023662567,0.3271098136901855,0.1475268602371216,1.0,15.0,5355.0,0.5700000000000001,417139598.0
0.7528791427612305,0.5544621348381042,-0.2505368292331696,2.0,0.0,5363.0,0.968,417139619.0
1.439265847206116,1.059180855751038,-0.4125602245330811,3.0,2.0,5365.0,1.834,417139624.0
0.4665583074092865,0.3432228863239288,0.03035485371947289,1.0,3.0,5366.0,0.58,417139626.0
0.4507076740264893,0.3315623700618744,-0.1087611243128777,1.0,4.0,5366.0,0.5700000000000001,417139628.0
0.4414039254188538,0.3245993852615356,0.04793565720319748,1.0,5.0,5367.0,0.55,417139631.0
0.4838474988937378,0.3556814193725586,-0.0951121523976326,1.0,6.0,5368.0,0.608,417139633.0
0.4670939743518829,0.3432401716709137,0.07117169350385666,1.0,7.0,5369.0,0.584,417139635.0
0.513549268245697,0.377239465713501,-0.07824011892080307,1.0,8.0,5370.0,0.642,417139637.0
0.4537815749645233,0.3332137763500214,0.08916764706373215,1.0,9.0,5371.0,0.5700000000000001,417139640.0
0.5074735283851624,0.3726400136947632,-0.05508242920041084,1.0,10.0,5371.0,0.632,417139642.0
0.4637158215045929,0.3403839766979218,0.1118140742182732,1.0,11.0,5372.0,0.586,417139644.0
0.5072339177131653,0.3721916377544403,-0.03297165408730507,1.0,12.0,5373.0,0.63,417139647.0
0.4541200995445251,0.3330965042114258,0.1300217062234879,1.0,13.0,5374.0,0.578,417139649.0
0.4837930798530579,0.3547317385673523,-0.01047144364565611,1.0,14.0,5375.0,0.6,417139651.0
0.4378347098827362,0.3209162056446075,0.1454562991857529,1.0,15.0,5376.0,0.562,417139654.0
0.7548100352287292,0.5518307089805603,-0.2505368292331696,2.0,0.0,5383.0,0.968,417139674.0
1.4114830493927,1.031159043312073,-0.4035621881484985,3.0,2.0,5385.0,1.794,417139679.0
0.4819864332675934,0.3519862294197083,-0.1160118728876114,3.0,4.0,5386.0,0.608,417139684.0
0.4650633037090302,0.339503139257431,0.05037602037191391,1.0,5.0,5387.0,0.578,417139686.0
0.5106169581413269,0.3726213872432709,-0.1001180559396744,1.0,6.0,5388.0,0.64,417139688.0
0.4426295757293701,0.3228893876075745,0.0672718808054924,1.0,7.0,5389.0,0.552,417139690.0
0.4731606841087341,0.3450346887111664,-0.07190291583538055,1.0,8.0,5390.0,0.59,417139693.0
0.4421153664588928,0.3223960697650909,0.08666469156742096,1.0,9.0,5390.0,0.554,417139695.0
0.4540299773216248,0.3309629857540131,-0.04915583878755569,1.0,10.0,5391.0,0.5640000000000001,417139697.0
0.442687451839447,0.3225766122341156,0.1064714193344116,1.0,11.0,5392.0,0.558,417139700.0
0.4665561318397522,0.3398445248603821,-0.03025018237531185,1.0,12.0,5393.0,0.578,417139702.0
0.455280065536499,0.3315093219280243,0.1300217062234879,1.0,13.0,5394.0,0.578,417139704.0
0.4429925680160522,0.322443962097168,-0.00956391915678978,1.0,14.0,5395.0,0.548,417139707.0
0.401410698890686,0.2921774685382843,0.1330329924821854,1.0,15.0,5395.0,0.514,417139709.0
0.7520411610603333,0.5457885265350342,-0.2489839196205139,2.0,0.0,5403.0,0.962,417139730.0
1.375634789466858,0.9976242184638977,-0.3923146426677704,2.0,2.0,5405.0,1.744,417139734.0
0.4657089710235596,0.3376128077507019,0.03014551103115082,1.0,3.0,5406.0,0.5760000000000001,417139737.0
0.4577799439430237,0.3318647146224976,-0.109905980527401,3.0,4.0,5406.0,0.5760000000000001,417139739.0
0.4985117018222809,0.3612602353096008,0.05386224761605263,1.0,5.0,5407.0,0.618,417139741.0
0.5119145512580872,0.3708367347717285,-0.1001180559396744,1.0,6.0,5408.0,0.64,417139743.0
0.4308915436267853,0.3120280802249908,0.06532196700572968,1.0,7.0,5409.0,0.536,417139746.0
0.4743621945381165,0.3433809578418732,-0.07190291583538055,1.0,8.0,5410.0,0.59,417139748.0
0.4400377869606018,0.3185342252254486,0.08603895455598831,1.0,9.0,5410.0,0.55,417139750.0
0.4874649345874786,0.3527361154556274,-0.05264206975698471,1.0,10.0,5411.0,0.604,417139753.0
0.4469921886920929,0.3233306407928467,0.1072346568107605,1.0,11.0,5412.0,0.562,417139755.0
0.4677395522594452,0.3382138907909393,-0.03025018237531185,1.0,12.0,5413.0,0.578,417139757.0
0.4280060231685638,0.3093695342540741,0.1219234690070152,1.0,13.0,5414.0,0.542,417139760.0
0.4441154003143311,0.3208956718444824,-0.00956391915678978,1.0,14.0,5415.0,0.548,417139762.0
0.4055598676204681,0.2930373549461365,0.1340682655572891,1.0,15.0,5415.0,0.518,417139764.0
0.7523742914199829,0.5420308113098145,-0.248466283082962,2.0,0.0,5423.0,0.96,417139785.0
1.358548641204834,0.978015124797821,-0.3864659070968628,2.0,2.0,5425.0,1.718,417139790.0
0.4506733417510986,0.3243189752101898,0.02909879200160503,2.0,3.0,5426.0,0.556,417139792.0
0.4509679675102234,0.3245309889316559,-0.1079978942871094,3.0,4.0,5426.0,0.5660000000000001,417139794.0
0.4738916456699371,0.3409020900726318,0.05107326433062553,1.0,5.0,5427.0,0.586,417139796.0
0.513205885887146,0.3690475523471832,-0.1001180559396744,1.0,6.0,5428.0,0.64,417139799.0
0.4706627130508423,0.3383300304412842,0.07117169350385666,1.0,7.0,5429.0,0.584,417139801.0
0.4755579233169556,0.3417230248451233,-0.07190291583538055,1.0,8.0,5430.0,0.59,417139803.0
0.4508285522460938,0.3238338828086853,0.08791617304086685,1.0,9.0,5431.0,0.562,417139806.0
0.4886932373046875,0.3510324060916901,-0.05264206975698471,1.0,10.0,5431.0,0.604,417139808.0
0.4513075649738312,0.3240585625171661,0.1079978942871094,1.0,11.0,5432.0,0.5660000000000001,417139810.0
0.4689173102378845,0.3365791141986847,-0.03025018237531185,1.0,12.0,5433.0,0.578,417139813.0
0.4417499899864197,0.3169621527194977,0.1255226880311966,1.0,13.0,5434.0,0.558,417139815.0
0.4452328383922577,0.3193434476852417,-0.00956391915678978,1.0,14.0,5435.0,0.548,417139817.0
0.4222783744335175,0.3028793632984161,0.1392446458339691,1.0,15.0,5435.0,0.538,417139819.0
0.7448334693908691,0.5326587557792664,-0.2453604489564896,2.0,0.0,5443.0,0.9480000000000001,417139840.0
1.350855708122253,0.9653357863426208,-0.3833166062831879,1.0,2.0,5445.0,1.704,417139845.0
0.409547746181488,0.2925591766834259,0.02637732215225697,2.0,3.0,5446.0,0.504,417139847.0
0.4696707427501678,0.3355078399181366,-0.1121956929564476,1.0,4.0,5446.0,0.588,417139849.0
0.4588644504547119,0.3276674747467041,0.04933014884591103,1.0,5.0,5447.0,0.5660000000000001,417139852.0
0.5144909620285034,0.3672538697719574,-0.1001180559396744,1.0,6.0,5448.0,0.64,417139854.0
0.4492183327674866,0.3205426335334778,0.06775935739278793,1.0,7.0,5449.0,0.556,417139856.0
0.4767478704452515,0.3400609493255615,-0.07190291583538055,1.0,8.0,5450.0,0.59,417139859.0
0.4648232758045197,0.3314328193664551,0.09041912108659744,1.0,9.0,5451.0,0.578,417139861.0
0.4574708342552185,0.326190322637558,-0.04915583878755569,1.0,10.0,5451.0,0.5640000000000001,417139863.0
0.4636269807815552,0.3304578065872192,0.1106692180037498,1.0,11.0,5452.0,0.58,417139866.0
0.470089316368103,0.3349402248859406,-0.03025018237531185,1.0,12.0,5453.0,0.578,417139868.0
0.4523774385452271,0.3222014307975769,0.1282221078872681,1.0,13.0,5454.0,0.5700000000000001,417139870.0
0.4463448524475098,0.317787379026413,-0.00956391915678978,1.0,14.0,5455.0,0.548,417139872.0
0.4422727227210999,0.3147718012332916,0.1454562991857529,1.0,15.0,5456.0,0.562,417139875.0
0.7262094616889954,0.5155181288719177,-0.2386311590671539,2.0,0.0,5463.0,0.922,417139896.0
1.338322639465332,0.9493396878242493,-0.3788175880908966,1.0,2.0,5465.0,1.684,417139900.0
0.5148373246192932,0.3650650382041931,0.03307632356882095,1.0,3.0,5466.0,0.632,417139902.0
0.4404106438159943,0.3122899532318115,-0.1049449443817139,1.0,4.0,5466.0,0.55,417139905.0
0.4502526521682739,0.3191507160663605,0.04828428104519844,1.0,5.0,5467.0,0.554,417139907.0
0.5157697796821594,0.3654557466506958,-0.1001180559396744,1.0,6.0,5468.0,0.64,417139909.0
0.4665335714817047,0.3304464519023895,0.0701967403292656,1.0,7.0,5469.0,0.5760000000000001,417139912.0
0.4779320061206818,0.3383947014808655,-0.07190291583538055,1.0,8.0,5470.0,0.59,417139914.0
0.4466288089752197,0.3161137998104095,0.08666469156742096,1.0,9.0,5471.0,0.554,417139916.0
0.4586066603660583,0.3245914578437805,-0.04915583878755569,1.0,10.0,5471.0,0.5640000000000001,417139919.0
0.4615722894668579,0.3265695869922638,0.109905980527401,1.0,11.0,5472.0,0.5760000000000001,417139921.0
0.4712556302547455,0.3332972526550293,-0.03025018237531185,1.0,12.0,5473.0,0.578,417139923.0
0.4344046711921692,0.3071205615997314,0.1228232756257057,1.0,13.0,5474.0,0.546,417139925.0
0.729583740234375,0.5140928030014038,-0.2391487956047058,2.0,0.0,5483.0,0.924,417139951.0
0.4115802049636841,0.2896928787231445,0.02637732215225697,2.0,3.0,5486.0,0.504,417139958.0
0.4896614849567413,0.3446508049964905,-0.1163934841752052,1.0,4.0,5486.0,0.61,417139960.0
0.4513639509677887,0.3175770938396454,0.04828428104519844,1.0,5.0,5487.0,0.554,417139962.0
0.517042338848114,0.3636531233787537,-0.1001180559396744,1.0,6.0,5488.0,0.64,417139965.0
0.4611885845661163,0.3242490291595459,0.06922178715467453,1.0,7.0,5489.0,0.5680000000000001,417139967.0
0.4791103005409241,0.3367243707180023,-0.07190291583538055,1.0,8.0,5490.0,0.59,417139969.0
0.5026854872703552,0.3531622290611267,0.09730223566293716,1.0,9.0,5491.0,0.622,417139972.0
0.4597369134426117,0.3229886591434479,-0.04915583878755569,1.0,10.0,5491.0,0.5640000000000001,417139974.0
0.4482497572898865,0.3148015141487122,0.1064714193344116,1.0,11.0,5492.0,0.558,417139976.0
0.4724161624908447,0.3316502571105957,-0.03025018237531185,1.0,12.0,5493.0,0.578,417139978.0
0.4865186512470245,0.3414238393306732,0.1372201442718506,1.0,13.0,5494.0,0.61,417139981.0
0.4444050490856171,0.3117540776729584,0.1454562991857529,1.0,15.0,5495.0,0.562,417139985.0
0.6933803558349609,0.484969288110733,-0.2267254889011383,2.0,0.0,5503.0,0.876,417140006.0
0.4780209064483643,0.3340925574302673,0.0305641982704401,1.0,3.0,5505.0,0.584,417140013.0
0.4586739242076874,0.3204516470432281,-0.1087611243128777,1.0,4.0,5506.0,0.5700000000000001,417140015.0
0.449202835559845,0.3137180209159851,0.04793565720319748,1.0,5.0,5507.0,0.55,417140018.0
0.5183085799217224,0.3618460893630981,-0.1001180559396744,1.0,6.0,5508.0,0.64,417140020.0
0.4427830576896667,0.3090046346187592,0.06629692018032074,1.0,7.0,5509.0,0.544,417140022.0
0.4802827537059784,0.3350498974323273,-0.07190291583538055,1.0,8.0,5510.0,0.59,417140024.0
0.4487701654434204,0.3130663931369781,0.08666469156742096,1.0,9.0,5510.0,0.554,417140027.0
0.5425745844841003,0.3783645033836365,-0.05787141248583794,1.0,10.0,5511.0,0.664,417140029.0
0.430019199848175,0.2997624278068542,0.101892001926899,1.0,11.0,5512.0,0.534,417140031.0
0.407755434513092,0.2840311229228973,0.1147250384092331,1.0,13.0,5514.0,0.51,417140036.0
0.4423198103904724,0.307993084192276,0.1444210261106491,1.0,15.0,5515.0,0.558,417140041.0
0.7093512415885925,0.4924613237380981,-0.2313842326402664,2.0,0.0,5523.0,0.894,417140061.0
0.456264853477478,0.3164042532444,0.02909879200160503,2.0,3.0,5526.0,0.556,417140068.0
0.4404301345348358,0.3054234087467194,-0.1041817143559456,1.0,4.0,5526.0,0.546,417140071.0
0.5059680342674255,0.3507409691810608,0.05386224761605263,1.0,5.0,5527.0,0.618,417140073.0
0.5195685029029846,0.3600346744060516,-0.1001180559396744,1.0,6.0,5528.0,0.64,417140075.0
0.4471226632595062,0.3097178936004639,0.06678439676761627,1.0,7.0,5529.0,0.548,417140077.0
0.4814493954181671,0.3333713710308075,-0.07190291583538055,1.0,8.0,5530.0,0.59,417140080.0
0.5116357207298279,0.3541412651538849,0.09855370968580246,1.0,9.0,5531.0,0.63,417140082.0
0.4633522927761078,0.3206011056900024,0.1095243617892265,1.0,11.0,5532.0,0.5740000000000001,417140087.0
0.4747200012207031,0.3283441066741943,-0.03025018237531185,1.0,12.0,5533.0,0.578,417140089.0
0.4087443947792053,0.2826060652732849,0.1147250384092331,1.0,13.0,5534.0,0.51,417140091.0
0.4211939573287964,0.2909964323043823,0.1371740996837616,1.0,15.0,5536.0,0.53,417140096.0
0.711065948009491,0.4899822175502777,-0.2313842326402664,2.0,0.0,5543.0,0.894,417140117.0
0.4145414233207703,0.2854393720626831,0.02637732215225697,2.0,3.0,5545.0,0.504,417140124.0
0.4608998894691467,0.3172416985034943,-0.1087611243128777,1.0,4.0,5546.0,0.5700000000000001,417140126.0
0.5071892738342285,0.3489726483821869,0.05386224761605263,1.0,5.0,5547.0,0.618,417140128.0
0.5208221077919006,0.3582188487052917,-0.1001180559396744,1.0,6.0,5548.0,0.64,417140130.0
0.4580156803131104,0.3149031698703766,0.06824683398008347,1.0,7.0,5549.0,0.56,417140133.0
0.5153294801712036,0.3541761338710785,-0.07677768915891647,1.0,8.0,5550.0,0.63,417140135.0
0.4086668789386749,0.2807639539241791,0.07853010296821594,1.0,9.0,5551.0,0.502,417140137.0
0.5222123265266418,0.3587724268436432,-0.0554310530424118,1.0,10.0,5551.0,0.636,417140140.0
0.4579951465129852,0.3145360052585602,0.1079978942871094,1.0,11.0,5552.0,0.5660000000000001,417140142.0
0.4758632481098175,0.3266850113868713,-0.03025018237531185,1.0,12.0,5553.0,0.578,417140144.0
0.4540174901485443,0.311454564332962,0.1475268602371216,1.0,15.0,5555.0,0.5700000000000001,417140151.0
0.6920425891876221,0.4733193814754486,-0.2246549278497696,2.0,0.0,5563.0,0.868,417140172.0
0.4748974442481995,0.3245607018470764,0.03014551103115082,1.0,3.0,5565.0,0.5760000000000001,417140179.0
0.4295831024646759,0.2934814095497131,-0.1011287644505501,1.0,4.0,5566.0,0.53,417140181.0
0.4261382520198822,0.2910188734531403,0.04514667391777039,1.0,5.0,5567.0,0.518,417140183.0
0.5220693349838257,0.3563986420631409,-0.1001180559396744,1.0,6.0,5568.0,0.64,417140186.0
0.4459946155548096,0.3043509721755981,0.06629692018032074,1.0,7.0,5569.0,0.544,417140188.0
0.4837650060653687,0.330002099275589,-0.07190291583538055,1.0,8.0,5570.0,0.59,417140190.0
0.5465070009231567,0.3726620376110077,-0.05787141248583794,1.0,10.0,5571.0,0.664,417140195.0
0.4493569135665894,0.3063007295131683,0.1057081818580627,1.0,11.0,5572.0,0.554,417140197.0
0.4505923390388489,0.307027667760849,-0.02857543155550957,1.0,12.0,5573.0,0.546,417140200.0
0.4235923290252686,0.288521945476532,0.1183242574334145,1.0,13.0,5574.0,0.526,417140202.0
0.407196432352066,0.2772501707077026,0.1319977194070816,1.0,15.0,5575.0,0.51,417140206.0
0.7112725377082825,0.4828360974788666,-0.2303489446640015,2.0,0.0,5583.0,0.89,417140227.0
0.4741397798061371,0.3216205537319183,-0.1322712153196335,2.0,2.0,5585.0,0.588,417140232.0
0.4992268085479736,0.3385104835033417,0.03161091729998589,1.0,3.0,5586.0,0.604,417140234.0
0.4403544664382935,0.2985909581184387,-0.1034184768795967,1.0,4.0,5586.0,0.542,417140236.0
0.5096131563186646,0.3454233407974243,0.05386224761605263,1.0,5.0,5587.0,0.618,417140239.0
0.4644378125667572,0.3146845400333405,-0.08885477483272552,1.0,6.0,5588.0,0.5680000000000001,417140241.0
0.440479964017868,0.2983394861221313,0.06532196700572968,1.0,7.0,5589.0,0.536,417140243.0
0.4849139750003815,0.3283114433288574,-0.07190291583538055,1.0,8.0,5590.0,0.59,417140246.0
0.4923550486564636,0.3333494365215302,0.09417355060577393,1.0,9.0,5590.0,0.602,417140248.0
0.4341626167297363,0.2937292158603668,0.101892001926899,1.0,11.0,5592.0,0.534,417140253.0
0.4781323075294495,0.3233549296855927,-0.03025018237531185,1.0,12.0,5593.0,0.578,417140255.0
0.4375123679637909,0.2957728803157806,0.1219234690070152,1.0,13.0,5594.0,0.542,417140257.0
0.4242181181907654,0.2865698337554932,0.1371740996837616,1.0,15.0,5596.0,0.53,417140262.0
0.6937279105186462,0.4673970937728882,-0.2241372913122177,1.0,0.0,5603.0,0.866,417140282.0
0.5003466010093689,0.3368531167507172,0.03161091729998589,1.0,3.0,5605.0,0.604,417140289.0
0.4511666297912598,0.3036288022994995,-0.1057081818580627,1.0,4.0,5606.0,0.554,417140292.0
0.4678345322608948,0.3147274553775787,0.04933014884591103,1.0,5.0,5607.0,0.5660000000000001,417140294.0
0.465533435344696,0.3130614161491394,-0.08885477483272552,1.0,6.0,5608.0,0.5680000000000001,417140296.0
0.4217491745948792,0.2835105359554291,0.06239710375666618,1.0,7.0,5609.0,0.512,417140299.0
0.4860570430755615,0.3266167938709259,-0.07190291583538055,1.0,8.0,5610.0,0.59,417140301.0
0.4935735464096069,0.3315426111221313,0.09417355060577393,1.0,9.0,5611.0,0.602,417140303.0
0.4664002656936646,0.3132898211479187,-0.04915583878755569,1.0,10.0,5611.0,0.5640000000000001,417140306.0
0.4156263768672943,0.2790787816047668,0.09731258451938629,1.0,11.0,5612.0,0.51,417140308.0
0.479258120059967,0.3216839730739594,-0.03025018237531185,1.0,12.0,5613.0,0.578,417140310.0
0.4126503467559814,0.2768715620040894,0.1147250384092331,1.0,13.0,5614.0,0.51,417140312.0
0.4476800560951233,0.3001484870910645,0.1444210261106491,1.0,15.0,5616.0,0.558,417140317.0
0.692143440246582,0.4628250002861023,-0.223102018237114,1.0,0.0,5623.0,0.862,417140338.0
0.4489585757255554,0.2998712062835693,-0.1049449443817139,1.0,4.0,5626.0,0.55,417140347.0
0.512012243270874,0.3418571650981903,0.05386224761605263,1.0,5.0,5627.0,0.618,417140349.0
0.5257728099822998,0.3509120941162109,-0.1001180559396744,1.0,6.0,5628.0,0.64,417140352.0
0.4342954456806183,0.2897485792636871,0.06410327553749084,2.0,7.0,5629.0,0.526,417140354.0
0.4871941804885864,0.324918121099472,-0.07190291583538055,1.0,8.0,5630.0,0.59,417140356.0
0.4124991297721863,0.2751027047634125,0.07853010296821594,1.0,9.0,5630.0,0.502,417140359.0
0.455807238817215,0.3037558197975159,0.1064714193344116,1.0,11.0,5632.0,0.558,417140363.0
0.442810595035553,0.2948715388774872,0.1228232756257057,1.0,13.0,5634.0,0.546,417140368.0
0.4455083906650543,0.2964435815811157,0.1433857530355453,1.0,15.0,5636.0,0.554,417140372.0
0.6873161792755127,0.456133246421814,-0.2210314571857452,1.0,0.0,5643.0,0.854,417140393.0
0.47938272356987,0.3178984820842743,0.03014551103115082,1.0,3.0,5645.0,0.5760000000000001,417140400.0
0.433638870716095,0.2874548733234406,-0.1011287644505501,1.0,4.0,5646.0,0.53,417140402.0
0.4467684626579285,0.296046108007431,0.04688978940248489,1.0,5.0,5647.0,0.538,417140405.0
0.526994526386261,0.3490746915340424,-0.1001180559396744,1.0,6.0,5648.0,0.64,417140407.0
0.4452351033687592,0.2948064506053925,0.06556570529937744,2.0,7.0,5649.0,0.538,417140409.0
0.4883253872394562,0.323215514421463,-0.07190291583538055,1.0,8.0,5650.0,0.59,417140412.0
0.4464016556739807,0.295466810464859,0.08478748053312302,1.0,9.0,5650.0,0.542,417140414.0
0.4208395779132843,0.2783364355564117,0.09807582199573517,1.0,11.0,5652.0,0.514,417140418.0
0.4275794327259064,0.2825795710086823,0.1183242574334145,1.0,13.0,5654.0,0.526,417140423.0
0.6889042258262634,0.4537312686443329,-0.2210314571857452,1.0,0.0,5663.0,0.854,417140448.0
0.4204283058643341,0.2766952812671661,0.02637732215225697,2.0,3.0,5665.0,0.504,417140455.0
0.4412002265453339,0.2902555167675018,-0.1026552394032478,1.0,4.0,5666.0,0.538,417140458.0
0.4611165821552277,0.3032427132129669,0.04828428104519844,1.0,5.0,5667.0,0.554,417140460.0
0.5282098054885864,0.34723299741745,-0.1001180559396744,1.0,6.0,5668.0,0.64,417140462.0
0.4446024894714355,0.2921603322029114,0.06532196700572968,1.0,7.0,5669.0,0.536,417140464.0
0.4894506633281708,0.3215089738368988,-0.07190291583538055,1.0,8.0,5670.0,0.59,417140467.0
0.4540344476699829,0.2982448935508728,0.08603895455598831,1.0,9.0,5670.0,0.55,417140469.0
0.4696553945541382,0.3083885908126831,-0.04915583878755569,1.0,10.0,5671.0,0.5640000000000001,417140471.0
0.4415039420127869,0.2897933125495911,0.1026552394032478,1.0,11.0,5672.0,0.538,417140474.0
0.4285632073879242,0.2810853123664856,0.1183242574334145,1.0,13.0,5674.0,0.526,417140478.0
0.415204256772995,0.2722198367118835,0.1330329924821854,1.0,15.0,5675.0,0.514,417140483.0
0.6613767743110657,0.4322984218597412,-0.2117139846086502,1.0,0.0,5683.0,0.8180000000000001,417140504.0
0.4815903902053833,0.3145440220832825,0.03014551103115082,1.0,3.0,5685.0,0.5760000000000001,417140511.0
0.4422107338905334,0.288713663816452,-0.1026552394032478,1.0,4.0,5686.0,0.538,417140513.0
0.4888681471347809,0.3190540075302124,0.05107326433062553,1.0,5.0,5687.0,0.586,417140515.0
0.4698590636253357,0.3065310418605804,-0.08885477483272552,1.0,6.0,5688.0,0.5680000000000001,417140517.0
0.4356430470943451,0.2841005027294159,0.06385953724384308,1.0,7.0,5689.0,0.524,417140520.0
0.435215026140213,0.2837131023406982,0.08228452503681183,1.0,9.0,5690.0,0.526,417140524.0
0.4707289934158325,0.3067473173141479,-0.04915583878755569,1.0,10.0,5691.0,0.5640000000000001,417140527.0
0.4326426386833191,0.2818210422992706,0.1003655344247818,2.0,11.0,5692.0,0.526,417140529.0
0.4328082501888275,0.2817137837409973,0.1192240566015244,1.0,13.0,5694.0,0.53,417140534.0
0.6465279459953308,0.4196997284889221,-0.2065376043319702,1.0,0.0,5701.0,0.798,417140559.0
0.4223019480705261,0.2738271355628967,0.02637732215225697,2.0,3.0,5704.0,0.504,417140566.0
0.4266428649425507,0.276641845703125,-0.09883905947208405,1.0,4.0,5704.0,0.518,417140568.0
0.4497423470020294,0.2915084362030029,0.04688978940248489,1.0,5.0,5705.0,0.538,417140570.0
0.4873979091644287,0.3157947361469269,-0.09198346734046936,1.0,6.0,5706.0,0.588,417140573.0
0.4593188762664795,0.2973741888999939,0.08666469156742096,1.0,9.0,5708.0,0.554,417140580.0
0.4716903567314148,0.3052669763565063,-0.04915583878755569,1.0,10.0,5709.0,0.5640000000000001,417140582.0
0.4450645744800568,0.2879251837730408,0.1030368581414223,2.0,11.0,5710.0,0.54,417140584.0
0.4402374029159546,0.2845844328403473,0.1210236698389053,1.0,13.0,5712.0,0.538,417140589.0
0.4299811124801636,0.2778480052947998,0.1371740996837616,1.0,15.0,5713.0,0.53,417140594.0
0.544050931930542,0.3504825234413147,-0.1734087616205215,1.0,0.0,5721.0,0.67,417140614.0
0.4522576332092285,0.2912367880344391,0.009389394894242287,2.0,1.0,5722.0,0.538,417140617.0
0.4232552051544189,0.2723513543605804,0.02637732215225697,2.0,3.0,5724.0,0.504,417140621.0
0.4210019707679749,0.2709014713764191,-0.09731258451938629,1.0,4.0,5724.0,0.51,417140623.0
0.4474058151245117,0.2877810895442963,0.04654116556048393,1.0,5.0,5725.0,0.534,417140626.0
0.4652355015277863,0.2991347312927246,-0.08760330080986023,1.0,6.0,5726.0,0.56,417140628.0
0.4375176727771759,0.2812049686908722,0.06385953724384308,1.0,7.0,5727.0,0.524,417140630.0
0.4926801323890686,0.3165379464626312,-0.07190291583538055,1.0,8.0,5728.0,0.59,417140633.0
0.4803510904312134,0.3084983229637146,0.09041912108659744,1.0,9.0,5729.0,0.578,417140635.0
0.4727530479431152,0.3036186099052429,-0.04915583878755569,1.0,10.0,5729.0,0.5640000000000001,417140637.0
0.4444148242473602,0.2853092551231384,0.1026552394032478,3.0,11.0,5730.0,0.538,417140640.0
0.4309965968132019,0.2762701809406281,0.1371740996837616,1.0,15.0,5734.0,0.53,417140649.0
0.4867832958698273,0.3109519183635712,-0.1547737866640091,1.0,0.0,5743.0,0.598,417140670.0
0.4398893713951111,0.2808884978294373,0.009110156446695328,2.0,1.0,5744.0,0.522,417140672.0
0.4242978394031525,0.2707241773605347,0.02637732215225697,2.0,3.0,5746.0,0.504,417140676.0
0.4385896027088165,0.2798430621623993,-0.1011287644505501,1.0,4.0,5746.0,0.53,417140679.0
0.4518671333789825,0.2882038354873657,0.04688978940248489,1.0,5.0,5747.0,0.538,417140681.0
0.4730432331562042,0.3015939593315125,-0.08885477483272552,1.0,6.0,5748.0,0.5680000000000001,417140683.0
0.4519864022731781,0.2880580127239227,0.06580944359302521,1.0,7.0,5749.0,0.54,417140686.0
0.4938919246196747,0.3146438598632812,-0.07190291583538055,1.0,8.0,5750.0,0.59,417140688.0
0.4181699752807617,0.2664036452770233,0.07853010296821594,1.0,9.0,5750.0,0.502,417140690.0
0.4739153683185577,0.3018011152744293,-0.04915583878755569,1.0,10.0,5751.0,0.5640000000000001,417140693.0
0.4388824105262756,0.2793835997581482,0.1011287644505501,2.0,11.0,5752.0,0.53,417140695.0
0.4192917346954346,0.2667069435119629,0.1147250384092331,1.0,13.0,5754.0,0.51,417140700.0
0.4711313545703888,0.2995660901069641,0.1495974063873291,1.0,15.0,5755.0,0.578,417140704.0
0.4878657758235931,0.3092508316040039,-0.1547737866640091,1.0,0.0,5763.0,0.598,417140725.0
0.4611369371414185,0.2921950221061707,0.009529014118015766,2.0,1.0,5764.0,0.546,417140727.0
0.4252402782440186,0.2692414522171021,0.02637732215225697,2.0,3.0,5766.0,0.504,417140732.0
0.4262939095497131,0.2699085474014282,-0.09807582199573517,1.0,4.0,5766.0,0.514,417140734.0
0.4360350668430328,0.2759695649147034,0.04514667391777039,1.0,5.0,5767.0,0.518,417140736.0
0.4630555808544159,0.2928447127342224,0.0672718808054924,1.0,7.0,5769.0,0.552,417140741.0
0.4949872195720673,0.3129179179668427,-0.07190291583538055,1.0,8.0,5770.0,0.59,417140743.0
0.4191435873508453,0.2648691833019257,0.07853010296821594,1.0,9.0,5771.0,0.502,417140746.0
0.518757164478302,0.3278179466724396,-0.0536879375576973,1.0,10.0,5771.0,0.616,417140748.0
0.4265763163566589,0.269461989402771,0.09807582199573517,1.0,11.0,5772.0,0.514,417140750.0
0.465539813041687,0.292712390422821,0.009598823264241219,2.0,1.0,5784.0,0.55,417140782.0
0.4261775016784668,0.2677554190158844,0.02637732215225697,2.0,3.0,5786.0,0.504,417140787.0
0.4405325651168823,0.2767743170261383,-0.1011287644505501,1.0,4.0,5786.0,0.53,417140789.0
0.4639915823936462,0.2914000451564789,0.04793565720319748,1.0,5.0,5787.0,0.55,417140792.0
0.535365879535675,0.336094856262207,-0.1001180559396744,1.0,6.0,5788.0,0.64,417140794.0
0.4539863765239716,0.2848955392837524,0.06580944359302521,1.0,7.0,5789.0,0.54,417140796.0
0.4960764944553375,0.3111881911754608,-0.07190291583538055,1.0,8.0,5790.0,0.59,417140799.0
0.4601808488368988,0.2886708974838257,0.08603895455598831,1.0,9.0,5790.0,0.55,417140801.0
0.4760107696056366,0.2984852492809296,-0.04915583878755569,1.0,10.0,5791.0,0.5640000000000001,417140803.0
0.4474760890007019,0.280483603477478,0.1026552394032478,1.0,11.0,5792.0,0.538,417140805.0
0.4644060134887695,0.2907569110393524,-0.00956391915678978,1.0,14.0,5795.0,0.548,417140812.0
0.4502875208854675,0.281917542219162,0.1423504799604416,1.0,15.0,5795.0,0.55,417140815.0
0.4900128245353699,0.3058373630046844,-0.1547737866640091,1.0,0.0,5803.0,0.598,417140835.0
0.4631655812263489,0.288968563079834,0.009529014118015766,2.0,1.0,5804.0,0.546,417140838.0
0.4271095395088196,0.2662661671638489,0.02637732215225697,2.0,3.0,5806.0,0.504,417140842.0
0.4514921605587006,0.2814666330814362,-0.1034184768795967,1.0,4.0,5806.0,0.542,417140845.0
0.4785333871841431,0.2982085347175598,0.04933014884591103,1.0,5.0,5807.0,0.5660000000000001,417140847.0
0.5365357995033264,0.3342240452766418,-0.1001180559396744,1.0,6.0,5808.0,0.64,417140849.0
0.4549781084060669,0.2833091020584106,0.06580944359302521,1.0,7.0,5809.0,0.54,417140852.0
0.4478180110454559,0.2786337435245514,0.08353600651025772,1.0,9.0,5811.0,0.534,417140856.0
0.4451182186603546,0.276846170425415,0.101892001926899,1.0,11.0,5812.0,0.534,417140861.0
0.4220616519451141,0.2623015940189362,0.1147250384092331,1.0,13.0,5814.0,0.51,417140865.0
0.4654181301593781,0.2891340553760529,-0.00956391915678978,1.0,14.0,5815.0,0.548,417140868.0
0.4480354487895966,0.2782269716262817,0.1413151919841766,1.0,15.0,5816.0,0.546,417140870.0
0.4909712374210358,0.3042964339256287,-0.1547737866640091,1.0,0.0,5821.0,0.598,417140891.0
0.4402725994586945,0.2727678716182709,0.0090403463691473,2.0,1.0,5822.0,0.518,417140893.0
0.4279439449310303,0.2649230360984802,0.02637732215225697,2.0,3.0,5824.0,0.504,417140898.0
0.523517906665802,0.3239627182483673,0.05386224761605263,1.0,5.0,5825.0,0.618,417140902.0
0.5375831723213196,0.3325368165969849,-0.1001180559396744,1.0,6.0,5826.0,0.64,417140905.0
0.4288516044616699,0.2651744484901428,0.06190962716937065,1.0,7.0,5827.0,0.508,417140907.0
0.4217578172683716,0.2606863677501678,0.07853010296821594,1.0,9.0,5828.0,0.502,417140911.0
0.4459857642650604,0.2754464149475098,0.101892001926899,1.0,11.0,5830.0,0.534,417140916.0
0.4663241505622864,0.2876704931259155,-0.00956391915678978,1.0,14.0,5833.0,0.548,417140923.0
0.4920304417610168,0.3025807738304138,-0.1547737866640091,1.0,0.0,5841.0,0.598,417140946.0
0.441222071647644,0.2712293565273285,0.0090403463691473,2.0,1.0,5842.0,0.518,417140948.0
0.4288660883903503,0.2634276449680328,0.02637732215225697,2.0,3.0,5844.0,0.504,417140953.0
0.4700776934623718,0.2887415587902069,-0.1072346568107605,1.0,4.0,5844.0,0.562,417140955.0
0.4805006384849548,0.2950282692909241,0.04933014884591103,1.0,5.0,5845.0,0.5660000000000001,417140958.0
0.5387406349182129,0.3306582570075989,-0.1001180559396744,1.0,6.0,5846.0,0.64,417140960.0
0.4433108568191528,0.2719806134700775,0.06385953724384308,1.0,7.0,5847.0,0.524,417140962.0
0.4992011487483978,0.3061505854129791,-0.07190291583538055,1.0,8.0,5848.0,0.59,417140964.0
0.4227104485034943,0.2591387927532196,0.07853010296821594,1.0,9.0,5849.0,0.502,417140967.0
0.4402487277984619,0.2697847783565521,0.1003655344247818,1.0,11.0,5850.0,0.526,417140971.0
0.4202090501785278,0.2571010887622833,0.1319977194070816,1.0,15.0,5854.0,0.51,417140981.0
0.4930836260318756,0.3008614182472229,-0.1547737866640091,1.0,0.0,5861.0,0.598,417141001.0
0.4575309753417969,0.2790589332580566,0.009354489855468273,2.0,1.0,5862.0,0.536,417141004.0
0.4297830164432526,0.2619290053844452,0.02637732215225697,2.0,3.0,5864.0,0.504,417141008.0
0.4241421222686768,0.258491188287735,-0.09654935449361801,1.0,4.0,5864.0,0.506,417141011.0
0.5398916006088257,0.3287757039070129,-0.1001180559396744,1.0,6.0,5866.0,0.64,417141015.0
0.444257527589798,0.2704315185546875,0.06385953724384308,1.0,7.0,5867.0,0.524,417141017.0
0.4235674440860748,0.2577356100082397,0.07853010296821594,1.0,9.0,5868.0,0.502,417141022.0
0.4512528777122498,0.2743660509586334,0.1026552394032478,1.0,11.0,5870.0,0.538,417141027.0
0.42469522356987,0.2580157518386841,0.1147250384092331,1.0,13.0,5872.0,0.51,417141031.0
0.4512290954589844,0.274028092622757,-0.009214870631694794,1.0,14.0,5873.0,0.528,417141034.0
0.4375714361667633,0.2657338976860046,0.1371740996837616,1.0,15.0,5873.0,0.53,417141036.0
0.4790322482585907,0.2898837327957153,0.009773347526788712,2.0,1.0,5882.0,0.56,417141059.0
0.4720820188522339,0.2854527831077576,-0.1072346568107605,1.0,4.0,5884.0,0.562,417141066.0
0.4552666842937469,0.2751765847206116,0.04654116556048393,1.0,5.0,5885.0,0.534,417141068.0
0.4316049516201019,0.260669082403183,0.06190962716937065,1.0,7.0,5887.0,0.508,417141073.0
0.4244645237922668,0.2562555074691772,0.07853010296821594,1.0,9.0,5888.0,0.502,417141077.0
0.4488457143306732,0.2707610428333282,0.101892001926899,1.0,11.0,5890.0,0.534,417141082.0
0.4419060051441193,0.2662592530250549,-0.009005441330373287,1.0,14.0,5893.0,0.516,417141089.0
0.4186399281024933,0.2522408664226532,0.1309624314308167,1.0,15.0,5893.0,0.506,417141091.0
0.5143298506736755,0.3087962567806244,0.01047144364565611,2.0,1.0,5902.0,0.6,417141114.0
0.4461388885974884,0.267643541097641,-0.1011287644505501,1.0,4.0,5904.0,0.53,417141121.0
0.4596418738365173,0.2756350636482239,0.04688978940248489,1.0,5.0,5905.0,0.538,417141123.0
0.4631626904010773,0.2775266468524933,0.06629692018032074,1.0,7.0,5907.0,0.544,417141128.0
0.4254009127616882,0.2546980381011963,0.07853010296821594,1.0,9.0,5909.0,0.502,417141133.0
0.4295729100704193,0.2570940852165222,0.09731258451938629,1.0,11.0,5910.0,0.51,417141137.0
0.4264861643314362,0.255044549703598,0.1147250384092331,1.0,13.0,5912.0,0.51,417141142.0
0.4394159317016602,0.262672632932663,0.1371740996837616,1.0,15.0,5913.0,0.53,417141146.0
0.5154046416282654,0.3069990277290344,0.01047144364565611,2.0,1.0,5922.0,0.6,417141170.0
0.4434784948825836,0.263841986656189,0.04514667391777039,1.0,5.0,5925.0,0.518,417141179.0
0.4641286134719849,0.2759082019329071,0.06629692018032074,1.0,7.0,5927.0,0.544,417141183.0
0.4507250189781189,0.2676209509372711,0.101892001926899,1.0,11.0,5930.0,0.534,417141193.0
0.4540739059448242,0.2692878842353821,-0.009214870631694794,1.0,14.0,5933.0,0.528,417141199.0
0.4684664905071259,0.276388555765152,0.04758703708648682,1.0,5.0,5946.0,0.546,417141234.0
0.4272125661373138,0.2516474425792694,0.07853010296821594,1.0,9.0,5950.0,0.502,417141243.0
0.4483193457126617,0.2639748752117157,0.1011287644505501,1.0,11.0,5951.0,0.53,417141248.0
0.4516104459762573,0.2655943632125854,-0.009145060554146767,1.0,14.0,5954.0,0.524,417141255.0
0.4489630162715912,0.2628786563873291,-0.1011287644505501,1.0,4.0,5965.0,0.53,417141287.0
0.4318196773529053,0.2525372803211212,0.06142215058207512,1.0,7.0,5968.0,0.504,417141294.0
0.5133649706840515,0.2999862730503082,0.09417355060577393,1.0,9.0,5970.0,0.602,417141299.0
0.4356761574745178,0.2544865906238556,0.09807582199573517,1.0,11.0,5971.0,0.514,417141303.0
0.4326985776424408,0.2510284185409546,0.06142215058207512,1.0,7.0,5988.0,0.504,417141350.0
0.4289155900478363,0.2487336844205856,0.07853010296821594,1.0,9.0,5989.0,0.502,417141355.0
0.4433565437793732,0.2569014430046082,0.09960229694843292,1.0,11.0,5991.0,0.522,417141359.0
0.5143723487854004,0.2978115081787109,0.1372201442718506,1.0,13.0,5993.0,0.61,417141364.0
0.4430853426456451,0.2564344704151154,0.1371740996837616,1.0,15.0,5994.0,0.53,417141369.0
0.4507774412631989,0.2594179511070251,0.06385953724384308,1.0,7.0,6008.0,0.524,417141405.0
0.4510590434074402,0.2592657208442688,0.1011287644505501,1.0,11.0,6011.0,0.53,417141415.0
0.4309155344963074,0.2474872916936874,0.1147250384092331,1.0,13.0,6013.0,0.51,417141419.0
0.4440222382545471,0.254808783531189,0.1371740996837616,1.0,15.0,6015.0,0.53,417141424.0
0.4722326993942261,0.2699032127857208,0.04758703708648682,1.0,5.0,6025.0,0.546,417141456.0
0.4688732028007507,0.2677660286426544,0.06629692018032074,1.0,7.0,6027.0,0.544,417141461.0
0.4306415915489197,0.2457332611083984,0.07853010296821594,1.0,9.0,6029.0,0.502,417141465.0
0.4280414879322052,0.2441505640745163,0.09578611701726913,1.0,11.0,6030.0,0.502,417141470.0
0.5022906064987183,0.2852248251438141,-0.1547737866640091,1.0,0.0,6041.0,0.598,417141500.0
0.4731719493865967,0.2682531774044037,0.04758703708648682,1.0,5.0,6045.0,0.546,417141511.0
0.4422042369842529,0.2498815655708313,-0.008865822106599808,1.0,14.0,6053.0,0.508,417141532.0
0.4396228790283203,0.2469066828489304,0.06190962716937065,1.0,7.0,6068.0,0.508,417141571.0
0.4400511980056763,0.2468442320823669,0.09807582199573517,1.0,11.0,6071.0,0.514,417141581.0
0.5034638047218323,0.282299667596817,-0.03025018237531185,1.0,12.0,6072.0,0.578,417141583.0
0.4742819964885712,0.2658281922340393,0.1255226880311966,1.0,13.0,6073.0,0.558,417141585.0
0.4466662108898163,0.2501451075077057,0.1371740996837616,1.0,15.0,6075.0,0.53,417141590.0
0.5043187737464905,0.2816232442855835,-0.1547737866640091,1.0,0.0,6082.0,0.598,417141610.0
0.4332333505153656,0.2411345839500427,0.07853010296821594,1.0,9.0,6090.0,0.502,417141631.0
0.4789401590824127,0.2661368846893311,-0.00956391915678978,1.0,14.0,6094.0,0.548,417141643.0
0.4759550988674164,0.2632835209369659,0.04758703708648682,1.0,5.0,6105.0,0.546,417141677.0
0.4339887499809265,0.2397723644971848,0.07853010296821594,1.0,9.0,6108.0,0.502,417141687.0
0.4518013894557953,0.2490991950035095,-0.009005441330373287,1.0,14.0,6113.0,0.516,417141698.0
0.4452739655971527,0.2446902394294739,-0.1361388117074966,1.0,0.0,6121.0,0.526,417141721.0
0.4698841273784637,0.2577872574329376,0.04688978940248489,1.0,5.0,6125.0,0.538,417141733.0
0.43482306599617,0.2382559925317764,0.07853010296821594,1.0,9.0,6128.0,0.502,417141742.0
0.452668160200119,0.2475205957889557,-0.009005441330373287,1.0,14.0,6133.0,0.516,417141753.0
0.4492183327674866,0.2455323934555054,0.1371740996837616,1.0,15.0,6134.0,0.53,417141756.0
0.5683125853538513,0.3095968067646027,-0.1734087616205215,1.0,0.0,6142.0,0.67,417141776.0
0.4813274741172791,0.2617747485637665,0.04793565720319748,1.0,5.0,6146.0,0.55,417141788.0
0.4360505938529968,0.2369532734155655,0.06093467026948929,1.0,7.0,6148.0,0.5,417141792.0
0.4356934130191803,0.2366606891155243,0.07853010296821594,1.0,9.0,6149.0,0.502,417141797.0
0.4503568112850189,0.2444220334291458,0.09960229694843292,1.0,11.0,6151.0,0.522,417141802.0
0.5073562860488892,0.2752427160739899,-0.03025018237531185,1.0,12.0,6152.0,0.578,417141804.0
0.4368335604667664,0.236885204911232,0.1147250384092331,1.0,13.0,6153.0,0.51,417141806.0
0.4465401768684387,0.2420480400323868,-0.008865822106599808,1.0,14.0,6154.0,0.508,417141809.0
0.4538122117519379,0.2451706528663635,-0.1382093727588654,1.0,0.0,6162.0,0.534,417141832.0
0.4365168511867523,0.2351383864879608,0.07853010296821594,1.0,9.0,6169.0,0.502,417141852.0
0.5083139538764954,0.273470014333725,-0.03025018237531185,1.0,12.0,6172.0,0.578,417141859.0
0.4818209409713745,0.258350133895874,-0.1464915722608566,1.0,0.0,6180.0,0.5660000000000001,417141887.0
0.4406258463859558,0.2361624985933304,0.008726202882826328,2.0,1.0,6181.0,0.5,417141889.0
0.443692684173584,0.2376068979501724,0.02637732215225697,2.0,3.0,6183.0,0.504,417141894.0
0.4372534155845642,0.2337658703327179,0.07853010296821594,1.0,9.0,6187.0,0.502,417141908.0
0.5091705918312073,0.2718717753887177,-0.03025018237531185,1.0,12.0,6190.0,0.578,417141915.0
0.4963656067848206,0.2639222741127014,-0.1506326794624329,1.0,0.0,6200.0,0.582,417141942.0
0.4445193707942963,0.2360566854476929,0.02637732215225697,2.0,3.0,6203.0,0.504,417141949.0
0.4525609612464905,0.239315390586853,0.1371740996837616,1.0,15.0,6213.0,0.53,417141977.0
0.5110489130020142,0.2692175805568695,-0.1547737866640091,1.0,0.0,6222.0,0.598,417141998.0
0.445422500371933,0.2343481183052063,0.02637732215225697,2.0,3.0,6225.0,0.504,417142004.0
0.5111498236656189,0.2681320905685425,-0.03025018237531185,1.0,12.0,6232.0,0.578,417142025.0
0.542807400226593,0.2835316359996796,-0.1640912741422653,1.0,0.0,6242.0,0.634,417142053.0
0.4462378025054932,0.2327918708324432,0.02637732215225697,2.0,3.0,6245.0,0.504,417142060.0
0.4482938051223755,0.2331681251525879,-0.026481993496418,1.0,12.0,6252.0,0.506,417142080.0
0.5026232600212097,0.2603126168251038,-0.1516679674386978,1.0,0.0,6262.0,0.586,417142108.0
0.4617189168930054,0.2390257120132446,0.009075251407921314,2.0,1.0,6263.0,0.52,417142110.0
0.4470476806163788,0.2312327921390533,0.02637732215225697,2.0,3.0,6265.0,0.504,417142115.0
0.5378994345664978,0.276205450296402,-0.1620207279920578,1.0,0.0,6282.0,0.626,417142163.0
0.4676937162876129,0.2391249984502792,-0.02752871252596378,1.0,12.0,6292.0,0.526,417142191.0
0.5146664381027222,0.2622356414794922,-0.1547737866640091,1.0,0.0,6300.0,0.598,417142219.0
0.4454750120639801,0.2268829345703125,0.008726202882826328,2.0,1.0,6301.0,0.5,417142221.0
0.536270797252655,0.2708898782730103,-0.1609854400157928,1.0,0.0,6320.0,0.622,417142274.0
0.449365496635437,0.2266955971717834,0.02637732215225697,2.0,3.0,6323.0,0.504,417142281.0
0.5407623052597046,0.2705575525760651,-0.1620207279920578,1.0,0.0,6342.0,0.626,417142329.0
0.4721652269363403,0.2361336052417755,0.009214870631694794,2.0,1.0,6343.0,0.528,417142332.0
0.5243966579437256,0.2600846290588379,-0.1568443477153778,1.0,0.0,6362.0,0.606,417142385.0
0.4510151743888855,0.223395511507988,0.02637732215225697,2.0,3.0,6365.0,0.504,417142392.0
0.4905437231063843,0.2413774430751801,-0.1464915722608566,1.0,0.0,6380.0,0.5660000000000001,417142440.0
0.5400007367134094,0.2633759677410126,-0.1609854400157928,1.0,0.0,6400.0,0.622,417142495.0
0.5096096992492676,0.2463549673557281,-0.1516679674386978,1.0,0.0,6420.0,0.586,417142551.0
0.5034977197647095,0.241235688328743,-0.1495974063873291,1.0,0.0,6440.0,0.578,417142606.0
0.5113595128059387,0.24270199239254,-0.1516679674386978,1.0,0.0,6461.0,0.586,417142661.0
0.5258859395980835,0.24813611805439,0.1558090597391129,1.0,15.0,6474.0,0.602,417142696.0
0.4947628676891327,0.2326068133115768,-0.1464915722608566,1.0,0.0,6482.0,0.5660000000000001,417142716.0
0.5092489123344421,0.2381162345409393,0.1506326794624329,1.0,15.0,6494.0,0.582,417142751.0
0.4955717921257019,0.2308783531188965,-0.1464915722608566,1.0,0.0,6502.0,0.5660000000000001,417142772.0
0.506612241268158,0.234624445438385,0.1495974063873291,1.0,15.0,6515.0,0.578,417142806.0
0.4823817610740662,0.2225852310657501,-0.1423504799604416,1.0,0.0,6523.0,0.55,417142827.0
0.500404953956604,0.229631707072258,0.1475268602371216,1.0,15.0,6535.0,0.5700000000000001,417142861.0
0.5006051659584045,0.2291949242353439,-0.1475268602371216,1.0,0.0,6540.0,0.5700000000000001,417142882.0
0.5187071561813354,0.2360605597496033,0.1527032405138016,1.0,15.0,6553.0,0.59,417142917.0
0.4807835519313812,0.2167791128158569,0.1413151919841766,1.0,15.0,6573.0,0.546,417142972.0
0.4987079501152039,0.224023625254631,-0.1464915722608566,1.0,0.0,6581.0,0.5660000000000001,417142993.0
0.5097990036010742,0.2276171445846558,0.1495974063873291,1.0,15.0,6594.0,0.578,417143027.0
0.5565259456634521,0.2461536675691605,0.1630560010671616,1.0,15.0,6614.0,0.63,417143083.0
0.45508873462677,0.1995805501937866,0.1147250384092331,1.0,13.0,6632.0,0.51,417143133.0
0.5113756656646729,0.2240525484085083,0.1495974063873291,1.0,15.0,6634.0,0.578,417143138.0
0.447914183139801,0.1955958008766174,-0.1309624314308167,1.0,0.0,6641.0,0.506,417143159.0
0.4808424413204193,0.2087769508361816,0.1210236698389053,1.0,13.0,6653.0,0.538,417143189.0
0.4696227610111237,0.203808069229126,0.1371740996837616,1.0,15.0,6654.0,0.53,417143193.0
0.5342254042625427,0.2296317964792252,0.1558090597391129,1.0,15.0,6674.0,0.602,417143249.0
0.5002171993255615,0.2130512148141861,0.1255226880311966,1.0,13.0,6693.0,0.558,417143299.0
0.5847933292388916,0.248953104019165,0.1703029274940491,1.0,15.0,6694.0,0.658,417143304.0
0.4864204525947571,0.2056721597909927,0.1026552394032478,1.0,11.0,6708.0,0.538,417143350.0
0.5428560376167297,0.2290880978107452,0.1578796207904816,1.0,15.0,6712.0,0.61,417143359.0
0.4600053429603577,0.1925187408924103,0.09693097323179245,1.0,11.0,6729.0,0.508,417143405.0
0.4836400151252747,0.2022118270397186,0.1210236698389053,1.0,13.0,6731.0,0.538,417143410.0
0.5258277058601379,0.2197428643703461,0.1527032405138016,1.0,15.0,6732.0,0.59,417143414.0
0.458011269569397,0.1899018138647079,0.07853010296821594,1.0,9.0,6748.0,0.502,417143456.0
0.4987618327140808,0.2066958993673325,0.1049449443817139,1.0,11.0,6749.0,0.55,417143460.0
0.4879439771175385,0.2020132392644882,0.1219234690070152,1.0,13.0,6751.0,0.542,417143465.0
0.498066633939743,0.206000491976738,0.1444210261106491,1.0,15.0,6753.0,0.558,417143470.0
0.5416884422302246,0.2224940359592438,-0.07190291583538055,1.0,8.0,6767.0,0.59,417143509.0
0.458671361207962,0.1883019059896469,0.07853010296821594,1.0,9.0,6768.0,0.502,417143511.0
0.4813518226146698,0.1974167823791504,0.1011287644505501,1.0,11.0,6770.0,0.53,417143516.0
0.5416886806488037,0.2218314707279205,0.1568443477153778,1.0,15.0,6773.0,0.606,417143525.0
0.4947710931301117,0.2009057104587555,0.1038000956177711,1.0,11.0,6790.0,0.544,417143571.0
0.4749304950237274,0.1926561892032623,0.1183242574334145,1.0,13.0,6792.0,0.526,417143576.0
0.50310879945755,0.2038822770118713,0.1454562991857529,1.0,15.0,6794.0,0.562,417143580.0
0.4772870540618896,0.1917714178562164,0.09998391568660736,1.0,11.0,6811.0,0.524,417143626.0
0.4937183260917664,0.1981732696294785,0.1228232756257057,1.0,13.0,6813.0,0.546,417143631.0
0.5052120089530945,0.2012525796890259,0.1057081818580627,1.0,11.0,6828.0,0.554,417143682.0
0.4757268130779266,0.1891223639249802,0.1371740996837616,1.0,15.0,6832.0,0.53,417143691.0
0.4858545064926147,0.1914811432361603,0.1015103831887245,1.0,11.0,6849.0,0.532,417143737.0
0.4763840734958649,0.1874606162309647,0.1371740996837616,1.0,15.0,6852.0,0.53,417143746.0
0.4773748517036438,0.1862166672945023,0.09960229694843292,1.0,11.0,6869.0,0.522,417143792.0
0.4775416254997253,0.1860896944999695,0.1183242574334145,1.0,13.0,6871.0,0.526,417143797.0
0.5238746404647827,0.2039342522621155,0.1506326794624329,1.0,15.0,6873.0,0.582,417143801.0
0.4964037537574768,0.19134721159935,0.1228232756257057,1.0,13.0,6892.0,0.546,417143852.0
0.542610228061676,0.2090495079755783,0.1558090597391129,1.0,15.0,6893.0,0.602,417143857.0
0.4642330408096313,0.1772733628749847,0.1147250384092331,1.0,13.0,6910.0,0.51,417143907.0
0.4648796617984772,0.1755706667900085,0.1147250384092331,1.0,13.0,6931.0,0.51,417143963.0
0.5259467959403992,0.1985289603471756,0.1506326794624329,1.0,15.0,6932.0,0.582,417143967.0
0.4799282848834991,0.1795333176851273,0.09960229694843292,1.0,11.0,6949.0,0.522,417144013.0
0.4795831441879272,0.1791180074214935,0.1371740996837616,1.0,15.0,6952.0,0.53,417144023.0
0.4989640116691589,0.1846714019775391,0.1034184768795967,2.0,11.0,6969.0,0.542,417144069.0
0.466094046831131,0.1723209470510483,0.1147250384092331,1.0,13.0,6971.0,0.51,417144073.0
0.4655617773532867,0.1705557107925415,0.07853010296821594,1.0,9.0,6988.0,0.502,417144119.0
0.466692715883255,0.1706929206848145,0.1147250384092331,1.0,13.0,6991.0,0.51,417144129.0
0.4808219373226166,0.1757655590772629,0.1371740996837616,1.0,15.0,6992.0,0.53,417144133.0
0.4854738414287567,0.175834909081459,0.1003655344247818,2.0,11.0,7009.0,0.526,417144179.0
0.4749655723571777,0.1702493727207184,0.09807582199573517,1.0,11.0,7028.0,0.514,417144235.0
0.4826361536979675,0.1707208454608917,0.1371740996837616,1.0,15.0,7052.0,0.53,417144299.0
0.4907835721969604,0.1726396381855011,-0.1011287644505501,1.0,4.0,7062.0,0.53,417144329.0
0.4689753651618958,0.1609320342540741,0.07853010296821594,1.0,9.0,7106.0,0.502,417144451.0
0.4861336350440979,0.1604909896850586,0.1371740996837616,1.0,15.0,7173.0,0.53,417144631.0
0.4866354167461395,0.1589629799127579,0.1371740996837616,1.0,15.0,7191.0,0.53,417144686.0
0.4883270561695099,0.1536878645420074,0.1371740996837616,1.0,15.0,7253.0,0.53,417144852.0
24.78386878967285,7.615044593811035,6.947220802307129,3.0,15.0,7292.0,26.842,417144963.0
24.81268310546875,7.533939361572266,6.948256015777588,3.0,15.0,7311.0,26.846,417145018.0
24.93690490722656,7.476686000823975,6.975690841674805,10.0,15.0,7331.0,26.952,417145073.0
0.4799641370773315,0.1423541158437729,0.09731258451938629,1.0,11.0,7348.0,0.51,417145119.0
24.99619483947754,7.39946460723877,6.985008239746094,14.0,15.0,7351.0,26.988,417145128.0
0.4727762639522552,0.1389663070440292,-0.09578611701726913,1.0,4.0,7362.0,0.502,417145158.0
0.5066808462142944,0.1486439406871796,0.06483449041843414,1.0,7.0,7365.0,0.532,417145165.0
25.05838012695312,7.318089008331299,6.994843482971191,14.0,15.0,7372.0,27.026,417145184.0
0.4805020391941071,0.1391441524028778,0.06142215058207512,1.0,7.0,7385.0,0.504,417145221.0
25.14376449584961,7.252620697021484,7.01192569732666,17.0,15.0,7391.0,27.092,417145239.0
0.4767789542675018,0.1360839903354645,0.07853010296821594,1.0,9.0,7407.0,0.502,417145281.0
0.4852044284343719,0.1383972465991974,0.09807582199573517,1.0,11.0,7408.0,0.514,417145285.0
25.2302417755127,7.182262897491455,7.029007434844971,17.0,15.0,7411.0,27.158,417145294.0
0.5837829113006592,0.1649738401174545,-0.117919959127903,1.0,4.0,7422.0,0.618,417145324.0
0.478125274181366,0.1345750540494919,0.09654935449361801,1.0,11.0,7428.0,0.506,417145340.0
25.29607582092285,7.105642795562744,7.040395736694336,14.0,15.0,7431.0,27.202,417145350.0
0.6902577877044678,0.1924637407064438,-0.1392905712127686,1.0,4.0,7442.0,0.73,417145380.0
0.53165602684021,0.1479410231113434,0.06775935739278793,1.0,7.0,7445.0,0.556,417145386.0
28.52233505249023,7.899222373962402,7.930215358734131,7.0,15.0,7452.0,30.64,417145405.0
0.4823748469352722,0.1325059235095978,0.06142215058207512,1.0,7.0,7464.0,0.504,417145442.0
0.4781549572944641,0.1311672627925873,0.07853010296821594,1.0,9.0,7466.0,0.502,417145446.0
0.4790302217006683,0.1313174664974213,0.09654935449361801,1.0,11.0,7467.0,0.506,417145451.0
28.39234924316406,7.76726770401001,7.887251377105713,12.0,15.0,7470.0,30.474,417145460.0
0.4828344583511353,0.1308213174343109,0.06142215058207512,1.0,7.0,7484.0,0.504,417145497.0
0.5572258830070496,0.1505597680807114,-0.03025018237531185,1.0,12.0,7488.0,0.578,417145509.0
28.29618835449219,7.634897708892822,7.853087425231934,12.0,15.0,7490.0,30.342,417145515.0
0.4949957132339478,0.1324485242366791,-0.09960229694843292,1.0,4.0,7502.0,0.522,417145545.0
0.4833106994628906,0.1290507614612579,0.06142215058207512,1.0,7.0,7505.0,0.504,417145552.0
0.4790590405464172,0.1278259456157684,0.07853010296821594,1.0,9.0,7506.0,0.502,417145557.0
0.4875458776950836,0.1299081891775131,0.09807582199573517,1.0,11.0,7508.0,0.514,417145562.0
28.59041976928711,7.59663724899292,7.926591873168945,7.0,15.0,7512.0,30.626,417145571.0
0.5410141348838806,0.1427400857210159,-0.1087611243128777,1.0,4.0,7522.0,0.5700000000000001,417145601.0
0.4795243144035339,0.1260692477226257,0.07853010296821594,1.0,9.0,7527.0,0.502,417145612.0
0.4879963994026184,0.1282055377960205,0.09807582199573517,1.0,11.0,7528.0,0.514,417145617.0
28.63358306884766,7.501197814941406,7.931251049041748,11.0,15.0,7532.0,30.644,417145626.0
0.4806862473487854,0.1251198053359985,-0.09654935449361801,1.0,4.0,7541.0,0.506,417145656.0
0.9406304955482483,0.2444900274276733,-0.153931513428688,1.0,6.0,7543.0,0.984,417145661.0
0.5379754304885864,0.1397311240434647,0.06824683398008347,1.0,7.0,7544.0,0.56,417145663.0
25.70846557617188,6.653448581695557,6.130815982818604,5.0,13.0,7549.0,27.254,417145677.0
28.5498161315918,7.37816858291626,7.901227951049805,4.0,15.0,7551.0,30.528,417145681.0
0.9682682156562805,0.2480686902999878,-0.1583116799592972,1.0,6.0,7563.0,1.012,417145716.0
0.5038446187973022,0.1289904415607452,0.06385953724384308,1.0,7.0,7564.0,0.524,417145718.0
0.4774447083473206,0.1219654008746147,0.09578611701726913,1.0,11.0,7567.0,0.502,417145727.0
25.76174736022949,6.571375370025635,6.138014316558838,11.0,13.0,7569.0,27.286,417145732.0
4.601567268371582,1.172069549560547,1.272354483604431,5.0,15.0,7571.0,4.916,417145737.0
0.9538480639457703,0.2406522482633591,-0.1558087319135666,2.0,6.0,7584.0,0.996,417145771.0
0.5043140053749084,0.1271428912878036,0.06385953724384308,1.0,7.0,7585.0,0.524,417145773.0
25.57964515686035,6.425162792205811,6.088974952697754,11.0,13.0,7590.0,27.068,417145787.0
0.5159159302711487,0.1294934004545212,-0.009284679777920246,1.0,14.0,7591.0,0.532,417145790.0
4.598135948181152,1.154118776321411,1.270283818244934,9.0,15.0,7591.0,4.908,417145792.0
0.9508482217788696,0.2363681346178055,-0.1551829874515533,2.0,6.0,7604.0,0.992,417145826.0
0.4812169373035431,0.1194457411766052,0.07853010296821594,1.0,9.0,7606.0,0.502,417145833.0
4.570284843444824,1.131031155586243,1.086963534355164,2.0,13.0,7610.0,4.832,417145843.0
4.630466461181641,1.144209504127502,1.278048396110535,17.0,15.0,7612.0,4.938,417145847.0
0.5011762380599976,0.1229152083396912,0.04514667391777039,1.0,5.0,7622.0,0.518,417145879.0
0.9573826193809509,0.2346242666244507,-0.1561215966939926,2.0,6.0,7623.0,0.998,417145882.0
0.5051677823066711,0.1237072199583054,0.06385953724384308,1.0,7.0,7624.0,0.524,417145884.0
0.4816103875637054,0.117849312722683,0.07853010296821594,1.0,9.0,7625.0,0.502,417145889.0
4.549398422241211,1.109865069389343,1.081114768981934,8.0,13.0,7629.0,4.806,417145898.0
4.62840747833252,1.128284215927124,1.276495575904846,16.0,15.0,7630.0,4.932,417145903.0
0.9677969217300415,0.2335983961820602,-0.1576859354972839,3.0,6.0,7643.0,1.008,417145937.0
0.6020843982696533,0.1452146917581558,0.07604646682739258,1.0,7.0,7644.0,0.624,417145939.0
0.4820390939712524,0.1160833314061165,0.07853010296821594,1.0,9.0,7646.0,0.502,417145944.0
0.4791010916233063,0.1152873411774635,0.09578611701726913,1.0,11.0,7647.0,0.502,417145949.0
4.570298194885254,1.098075270652771,1.085163831710815,16.0,13.0,7649.0,4.824,417145953.0
4.623119354248047,1.10905933380127,1.27390730381012,10.0,15.0,7651.0,4.922,417145958.0
0.92824786901474,0.2206262797117233,-0.1511157006025314,2.0,6.0,7663.0,0.966,417145992.0
0.4828426539897919,0.1146731823682785,0.06093467026948929,1.0,7.0,7664.0,0.5,417145995.0
4.592507839202881,1.088162183761597,0.9174096584320068,3.0,11.0,7667.0,4.808,417146004.0
4.558932304382324,1.078526139259338,1.081564664840698,15.0,13.0,7669.0,4.808,417146009.0
4.639931678771973,1.096833467483521,1.277530789375305,9.0,15.0,7670.0,4.936,417146013.0
0.490031361579895,0.1148455888032913,0.02637732215225697,2.0,3.0,7681.0,0.504,417146041.0
0.9251654744148254,0.2164846062660217,-0.1504899561405182,3.0,6.0,7683.0,0.962,417146048.0
0.6030834913253784,0.1410078406333923,0.07604646682739258,1.0,7.0,7684.0,0.624,417146050.0
4.598189830780029,1.07257068157196,0.9177912473678589,4.0,11.0,7687.0,4.81,417146059.0
4.60062837600708,1.071446180343628,1.090562701225281,12.0,13.0,7689.0,4.848,417146064.0
0.5024950504302979,0.1169342622160912,-0.009005441330373287,1.0,14.0,7690.0,0.516,417146066.0
4.666500568389893,1.085070133209229,1.283742427825928,7.0,15.0,7691.0,4.96,417146068.0
0.4904292523860931,0.1131343618035316,0.02637732215225697,2.0,3.0,7701.0,0.504,417146096.0
0.5300242900848389,0.1221708878874779,0.04758703708648682,1.0,5.0,7702.0,0.546,417146101.0
0.9316904544830322,0.2145839184522629,-0.1514285653829575,2.0,6.0,7703.0,0.968,417146103.0
0.5339291095733643,0.1228746920824051,0.0672718808054924,1.0,7.0,7704.0,0.552,417146105.0
1.6966472864151,0.3901426792144775,-0.2137588262557983,1.0,8.0,7705.0,1.754,417146108.0
4.601905822753906,1.056513428688049,0.9177912473678589,7.0,11.0,7707.0,4.81,417146114.0
4.60244083404541,1.054945111274719,1.090112805366516,11.0,13.0,7709.0,4.846,417146119.0
0.4873063564300537,0.1116080582141876,-0.008726202882826328,1.0,14.0,7710.0,0.5,417146121.0
0.4908211827278137,0.1114217564463615,0.02637732215225697,2.0,3.0,7721.0,0.504,417146151.0
0.6003966331481934,0.1361863911151886,0.05386224761605263,1.0,5.0,7722.0,0.618,417146156.0
0.9016095995903015,0.2043442726135254,-0.1464226543903351,2.0,6.0,7723.0,0.936,417146158.0
1.711551785469055,0.3872846364974976,-0.2154649943113327,2.0,8.0,7725.0,1.768,417146163.0
4.595990657806396,1.038280248641968,0.9158831834793091,12.0,11.0,7727.0,4.8,417146170.0
0.5630418658256531,0.1270935088396072,-0.03025018237531185,1.0,12.0,7728.0,0.578,417146172.0
4.621303081512451,1.042303204536438,1.093711972236633,9.0,13.0,7729.0,4.862,417146174.0
29.11614418029785,6.556267261505127,7.99699068069458,3.0,15.0,7731.0,30.898,417146179.0
0.4912071228027344,0.1097077876329422,0.02637732215225697,2.0,3.0,7741.0,0.504,417146207.0
0.5036404728889465,0.1123924106359482,0.04514667391777039,1.0,5.0,7742.0,0.518,417146211.0
0.8791810274124146,0.1960369646549225,-0.1426682323217392,2.0,6.0,7743.0,0.912,417146214.0
1.639262080192566,0.3649167716503143,-0.2062029242515564,2.0,8.0,7745.0,1.692,417146218.0
0.4839728176593781,0.1077373772859573,0.07853010296821594,1.0,9.0,7745.0,0.502,417146220.0
4.624501705169678,1.027768015861511,0.9208441972732544,8.0,11.0,7747.0,4.826000000000001,417146225.0
4.643938064575195,1.030386686325073,1.098211050033569,5.0,13.0,7749.0,4.882,417146230.0
0.8721418976783752,0.1912741661071777,-0.1414167582988739,2.0,6.0,7763.0,0.904,417146269.0
1.636647582054138,0.3583433032035828,-0.2057154476642609,2.0,8.0,7765.0,1.688,417146273.0
4.62422513961792,1.010780692100525,0.9200809597969055,8.0,11.0,7767.0,4.822,417146280.0
29.10926818847656,6.352169036865234,6.87855339050293,6.0,13.0,7769.0,30.578,417146285.0
28.68931198120117,6.250036716461182,7.867581367492676,4.0,15.0,7771.0,30.398,417146290.0
0.8592873811721802,0.1853136122226715,-0.1392266750335693,2.0,6.0,7783.0,0.89,417146324.0
0.5549982190132141,0.1195893436670303,0.06970926374197006,1.0,7.0,7784.0,0.5720000000000001,417146326.0
1.614600896835327,0.3476144969463348,-0.2027905881404877,3.0,8.0,7785.0,1.664,417146329.0
4.635402679443359,0.9962831735610962,0.9216074347496033,8.0,11.0,7787.0,4.83,417146336.0
0.5357435941696167,0.1148534789681435,-0.00956391915678978,1.0,14.0,7790.0,0.548,417146343.0
28.54743194580078,6.120038986206055,7.82306432723999,4.0,15.0,7790.0,30.226,417146345.0
0.8464020490646362,0.1794451624155045,-0.1370365917682648,2.0,6.0,7803.0,0.876,417146379.0
0.5282242298126221,0.1118921563029289,0.06629692018032074,1.0,7.0,7804.0,0.544,417146382.0
1.584731340408325,0.3353998959064484,-0.1988907754421234,3.0,8.0,7805.0,1.632,417146384.0
4.419782161712646,0.9354231953620911,0.7155312299728394,1.0,9.0,7805.0,4.574,417146386.0
4.66190242767334,0.9849665760993958,0.9261868596076965,5.0,11.0,7807.0,4.854,417146391.0
12.27818870544434,2.591896772384644,-0.6576536297798157,1.0,12.0,7808.0,12.566,417146393.0
28.4741039276123,6.000434875488281,7.797182559967041,4.0,15.0,7810.0,30.126,417146400.0
0.6026819944381714,0.1256872862577438,0.05386224761605263,1.0,5.0,7822.0,0.618,417146432.0
0.8373540639877319,0.1744748502969742,-0.1354722529649734,2.0,6.0,7823.0,0.866,417146435.0
4.345498561859131,0.9046562314033508,0.5449997186660767,1.0,7.0,7824.0,4.472,417146437.0
1.550909519195557,0.322589635848999,-0.1945034712553024,3.0,8.0,7825.0,1.596,417146439.0
4.349687099456787,0.903944194316864,0.7036422491073608,1.0,9.0,7826.0,4.498,417146442.0
28.95300102233887,6.01168966293335,5.74793004989624,12.0,11.0,7827.0,30.124,417146446.0
12.33214092254639,2.558353185653687,-0.6600610613822937,2.0,12.0,7828.0,12.612,417146449.0
28.67424774169922,5.943370819091797,6.760678768157959,7.0,13.0,7829.0,30.054,417146451.0
0.5365323424339294,0.1111105158925056,-0.00956391915678978,1.0,14.0,7830.0,0.548,417146453.0
28.47217559814453,5.896304130554199,7.790970802307129,4.0,15.0,7830.0,30.102,417146455.0
0.603117048740387,0.1235827654600143,0.05386224761605263,1.0,5.0,7842.0,0.618,417146488.0
0.8244113326072693,0.1687775403261185,-0.1332821696996689,2.0,6.0,7843.0,0.852,417146490.0
4.305843830108643,0.8807305097579956,0.5396374464035034,1.0,7.0,7844.0,4.428,417146492.0
1.540356755256653,0.3147892355918884,-0.1930410414934158,3.0,8.0,7845.0,1.584,417146495.0
4.306365013122559,0.8792712092399597,0.6961333751678467,2.0,9.0,7846.0,4.45,417146497.0
10.63901996612549,2.172269105911255,-0.94999760389328,1.0,10.0,7846.0,10.9,417146499.0
28.85839080810547,5.887043476104736,5.725033283233643,18.0,11.0,7847.0,30.004,417146502.0
12.33121109008789,2.513296127319336,-0.6595377326011658,2.0,12.0,7848.0,12.602,417146504.0
28.49622535705566,5.802802085876465,6.713889122009277,7.0,13.0,7849.0,29.846,417146506.0
25.34531021118164,5.151955127716064,6.93013858795166,6.0,15.0,7851.0,26.776,417146511.0
0.4933969378471375,0.09939666092395782,0.02637732215225697,2.0,3.0,7861.0,0.504,417146538.0
4.310754776000977,0.8676348328590393,0.3847054541110992,1.0,5.0,7862.0,4.414,417146543.0
0.8249954581260681,0.1658987700939178,-0.1332821696996689,2.0,6.0,7863.0,0.852,417146545.0
4.242720603942871,0.8524006009101868,0.531350314617157,1.0,7.0,7864.0,4.36,417146548.0
1.506413340568542,0.3023784160614014,-0.1886537373065948,3.0,8.0,7865.0,1.548,417146550.0
4.249366760253906,0.8521928191184998,0.6864344477653503,2.0,9.0,7866.0,4.388,417146552.0
8.849324226379395,1.774695038795471,-0.7896310091018677,1.0,10.0,7866.0,9.06,417146555.0
28.79984092712402,5.770459175109863,5.709386825561523,24.0,11.0,7867.0,29.922,417146557.0
12.33599185943604,2.469452619552612,-0.6593284010887146,3.0,12.0,7868.0,12.598,417146559.0
28.45133781433105,5.69030237197876,6.698592662811279,13.0,13.0,7869.0,29.778,417146561.0
25.24480247497559,5.044409275054932,6.898045063018799,10.0,15.0,7870.0,26.652,417146566.0
4.533795356750488,0.8968933820724487,0.2422108054161072,1.0,3.0,7881.0,4.628,417146594.0
4.266847133636475,0.8433108329772949,0.3805219829082489,3.0,5.0,7882.0,4.366,417146598.0
0.7926242351531982,0.156512588262558,-0.1279633939266205,2.0,6.0,7883.0,0.8180000000000001,417146601.0
4.222299575805664,0.8329749703407288,0.5284254550933838,1.0,7.0,7884.0,4.336,417146603.0
1.476297616958618,0.2909762263298035,-0.1847539246082306,3.0,8.0,7885.0,1.516,417146605.0
4.258130073547363,0.8384995460510254,0.6873730421066284,2.0,9.0,7886.0,4.394,417146608.0
28.63873291015625,5.634269714355469,5.673514842987061,23.0,11.0,7887.0,29.734,417146612.0
12.39157104492188,2.435621738433838,-0.6618404984474182,2.0,12.0,7888.0,12.646,417146614.0
28.47485160827637,5.591704845428467,6.699492454528809,6.0,13.0,7889.0,29.782,417146617.0
12.52723693847656,2.457746028900146,-0.2228323221206665,1.0,14.0,7890.0,12.768,417146619.0
25.1466178894043,4.933570384979248,6.866469383239746,10.0,15.0,7890.0,26.53,417146621.0
4.450479984283447,0.8650856614112854,0.2376052439212799,1.0,3.0,7900.0,4.54,417146649.0
4.236514568328857,0.8219603896141052,0.3775586783885956,5.0,5.0,7902.0,4.332,417146654.0
0.7834693193435669,0.1518653333187103,-0.1263990551233292,2.0,6.0,7903.0,0.808,417146656.0
4.182306289672852,0.8099282383918762,0.5230632424354553,1.0,7.0,7904.0,4.292,417146658.0
1.450019121170044,0.2805421948432922,-0.1813415884971619,3.0,8.0,7905.0,1.488,417146660.0
4.239553928375244,0.8202469348907471,0.6839314699172974,4.0,9.0,7905.0,4.372,417146663.0
6.705787181854248,1.296186804771423,-0.5975397825241089,1.0,10.0,7906.0,6.856,417146665.0
28.57148170471191,5.517516613006592,5.656342029571533,5.0,11.0,7907.0,29.644,417146667.0
4.485022068023682,0.8653028011322021,-0.2393846660852432,4.0,12.0,7908.0,4.574,417146670.0
25.29670715332031,4.875957012176514,5.947705745697021,10.0,13.0,7909.0,26.44,417146672.0
4.46134090423584,0.8591188192367554,-0.07930373400449753,4.0,14.0,7910.0,4.544,417146674.0
25.05745315551758,4.825304985046387,6.837481498718262,10.0,15.0,7910.0,26.418,417146677.0
4.317333221435547,0.8243563175201416,0.07672078162431717,2.0,1.0,7919.0,4.396,417146700.0
4.381028652191162,0.8349334597587585,0.2337323874235153,2.0,3.0,7921.0,4.466,417146704.0
4.21195650100708,0.8019500374794006,0.3751183152198792,8.0,5.0,7922.0,4.304,417146709.0
0.7839946746826172,0.1491295844316483,-0.1263990551233292,2.0,6.0,7923.0,0.808,417146711.0
4.179257392883301,0.7942125201225281,0.5223320126533508,2.0,7.0,7924.0,4.286,417146713.0
1.411984443664551,0.2680736184120178,-0.1764668077230453,3.0,8.0,7925.0,1.448,417146716.0
4.190130710601807,0.7947635650634766,0.6754840016365051,4.0,9.0,7926.0,4.318000000000001,417146718.0
6.387285232543945,1.211509108543396,-0.568778395652771,1.0,10.0,7926.0,6.526,417146720.0
4.423031330108643,0.8381392359733582,0.8750500679016113,4.0,11.0,7927.0,4.586,417146723.0
4.436992645263672,0.8399826884269714,-0.2366631925106049,4.0,12.0,7928.0,4.522,417146725.0
25.21974945068359,4.769880294799805,5.925660610198975,10.0,13.0,7929.0,26.342,417146727.0
4.464312553405762,0.843540608882904,-0.07930373400449753,4.0,14.0,7930.0,4.544,417146730.0
25.16419219970703,4.750275135040283,6.861810684204102,6.0,15.0,7931.0,26.512,417146732.0
4.221909046173096,0.7908715009689331,0.07497553527355194,2.0,1.0,7939.0,4.296,417146755.0
4.342546463012695,0.812685489654541,0.2315342724323273,2.0,3.0,7940.0,4.424,417146760.0
4.183393955230713,0.781389594078064,0.3723293244838715,9.0,5.0,7942.0,4.272,417146764.0
0.7922778725624084,0.1478414535522461,-0.1276505291461945,2.0,6.0,7943.0,0.8160000000000001,417146766.0
4.180052757263184,0.7792555689811707,0.5220882892608643,1.0,7.0,7944.0,4.284,417146769.0
1.381687045097351,0.2573279142379761,-0.1725669950246811,3.0,8.0,7945.0,1.416,417146771.0
4.177343368530273,0.7772417068481445,0.6729810833930969,4.0,9.0,7946.0,4.302,417146773.0
6.009514808654785,1.118137836456299,-0.534787654876709,1.0,10.0,7946.0,6.136,417146776.0
4.39890718460083,0.8176718950271606,0.8697074055671692,8.0,11.0,7947.0,4.558,417146778.0
4.412405967712402,0.8193843364715576,-0.2351977825164795,4.0,12.0,7948.0,4.494,417146780.0
25.12319946289062,4.660845279693604,5.899116516113281,10.0,13.0,7949.0,26.224,417146783.0
4.467229843139648,0.8279520869255066,-0.07930373400449753,4.0,14.0,7950.0,4.544,417146785.0
25.44573783874512,4.716088771820068,6.934279918670654,6.0,15.0,7950.0,26.792,417146787.0
4.195142269134521,0.7707095742225647,0.07445196807384491,1.0,1.0,7959.0,4.266,417146810.0
4.270708084106445,0.7838215827941895,0.2275567352771759,4.0,3.0,7960.0,4.348,417146815.0
4.144940376281738,0.7592434883117676,0.368668794631958,14.0,5.0,7962.0,4.23,417146819.0
0.7539269328117371,0.1379634737968445,-0.1213931441307068,2.0,6.0,7963.0,0.776,417146822.0
0.6404954195022583,0.1170907467603683,0.07994628697633743,1.0,7.0,7964.0,0.656,417146824.0
1.374765634536743,0.2510767877101898,-0.17159204185009,2.0,8.0,7965.0,1.408,417146826.0
4.148938179016113,0.7569823861122131,0.6679751873016357,5.0,9.0,7966.0,4.27,417146829.0
5.595893859863281,1.020982503890991,-0.497659295797348,2.0,10.0,7966.0,5.71,417146831.0
4.37469482421875,0.7973832488059998,0.864364743232727,10.0,11.0,7967.0,4.53,417146833.0
4.411309242248535,0.8032615780830383,-0.2349884361028671,4.0,12.0,7968.0,4.49,417146836.0
25.03194808959961,4.553589344024658,5.873921871185303,10.0,13.0,7969.0,26.112,417146838.0
4.430743217468262,0.8052025437355042,-0.07860563695430756,4.0,14.0,7970.0,4.504,417146840.0
25.52286720275879,4.638290882110596,6.950844287872314,6.0,15.0,7970.0,26.856,417146842.0
4.154510498046875,0.7482630014419556,0.07368405908346176,1.0,1.0,7979.0,4.222,417146865.0
4.13594913482666,0.7434294819831848,0.2202297002077103,5.0,3.0,7981.0,4.208,417146870.0
4.135799407958984,0.742657482624054,0.3676229119300842,16.0,5.0,7982.0,4.218,417146875.0
0.7505152225494385,0.1346333473920822,-0.1207674071192741,2.0,6.0,7983.0,0.772,417146877.0
0.6721636652946472,0.1204569339752197,0.08384610712528229,2.0,7.0,7984.0,0.6880000000000001,417146879.0
1.33655321598053,0.2392799407243729,-0.1667172610759735,2.0,8.0,7985.0,1.368,417146882.0
4.15920352935791,0.7446122765541077,0.6692266464233398,5.0,9.0,7985.0,4.278,417146884.0
5.22678279876709,0.9347970485687256,-0.4645400941371918,1.0,10.0,7986.0,5.33,417146886.0
4.3523268699646,0.7776188850402832,0.8594037294387817,6.0,11.0,7987.0,4.504,417146889.0
4.398356914520264,0.7850508689880371,-0.2341510653495789,4.0,12.0,7988.0,4.474,417146891.0
24.97670555114746,4.453526973724365,5.857275485992432,15.0,13.0,7989.0,26.038,417146893.0
4.421714782714844,0.7876273393630981,-0.07839620858430862,4.0,14.0,7990.0,4.492,417146895.0
25.57963752746582,4.551821231842041,6.961714744567871,6.0,15.0,7991.0,26.898,417146898.0
4.159066200256348,0.7341040968894958,0.07371896505355835,5.0,1.0,7999.0,4.224,417146921.0
4.075450420379639,0.7186118364334106,0.216880202293396,8.0,3.0,8000.0,4.144,417146925.0
4.132480144500732,0.7271804213523865,0.3671000003814697,19.0,5.0,8002.0,4.212,417146930.0
0.758762776851654,0.1333807557821274,-0.1220188811421394,2.0,6.0,8003.0,0.78,417146932.0
0.6471627354621887,0.1136464551091194,0.08067750185728073,3.0,7.0,8004.0,0.662,417146935.0
1.302186131477356,0.2284390181303024,-0.1623299717903137,2.0,8.0,8005.0,1.332,417146937.0
4.161904335021973,0.7293630242347717,0.6692266464233398,8.0,9.0,8006.0,4.278,417146939.0
4.904242038726807,0.8594557642936707,-0.4356043934822083,1.0,10.0,8006.0,4.998,417146942.0
4.242851734161377,0.742785632610321,0.8372698426246643,4.0,11.0,8007.0,4.388,417146944.0
4.401070594787598,0.7696929574012756,-0.2341510653495789,4.0,12.0,8008.0,4.474,417146946.0
25.37219429016113,4.432719707489014,5.946356296539307,10.0,13.0,8009.0,26.434,417146948.0
4.396858215332031,0.7673746347427368,-0.07790753990411758,4.0,14.0,8010.0,4.464,417146951.0
25.34415626525879,4.418705463409424,6.893386363983154,10.0,15.0,8011.0,26.634,417146953.0
4.147810459136963,0.7171968221664429,0.07347463071346283,9.0,1.0,8019.0,4.21,417146976.0
4.054316520690918,0.7003020644187927,0.215624138712883,12.0,3.0,8020.0,4.12,417146981.0
4.105541706085205,0.7076743841171265,0.3644853234291077,17.0,5.0,8022.0,4.182,417146985.0
0.7144489884376526,0.1230215653777122,-0.1148228943347931,2.0,6.0,8023.0,0.734,417146988.0
0.5790828466415405,0.09960868954658508,0.07214665412902832,4.0,7.0,8024.0,0.592,417146990.0
1.265803575515747,0.2175048291683197,-0.157698929309845,2.0,8.0,8025.0,1.294,417146992.0
4.138991355895996,0.7112087607383728,0.6651593446731567,8.0,9.0,8025.0,4.252,417146995.0
4.58124303817749,0.7863783240318298,-0.4066686928272247,1.0,10.0,8026.0,4.666,417146997.0
4.20478343963623,0.721002995967865,0.8292558789253235,4.0,11.0,8027.0,4.346,417146999.0
4.423416137695312,0.7576977014541626,-0.2351977825164795,4.0,12.0,8028.0,4.494,417147001.0
25.4336109161377,4.352015495300293,5.957153797149658,10.0,13.0,8029.0,26.482,417147004.0
4.352203369140625,0.743935763835907,-0.07706982642412186,4.0,14.0,8030.0,4.416,417147006.0
25.76503944396973,4.399470806121826,7.00364351272583,7.0,15.0,8031.0,27.06,417147008.0
4.154231548309326,0.7033815383911133,0.073544442653656,7.0,1.0,8039.0,4.214,417147031.0
4.050828456878662,0.6851463913917542,0.215310126543045,13.0,3.0,8040.0,4.114,417147036.0
4.08441162109375,0.6893600821495056,0.3623935878276825,17.0,5.0,8042.0,4.158,417147041.0
0.7148740887641907,0.1205269172787666,-0.1148228943347931,2.0,6.0,8043.0,0.734,417147043.0
0.577469527721405,0.09725702553987503,0.07190291583538055,4.0,7.0,8044.0,0.59,417147045.0
1.258724808692932,0.2117676585912704,-0.1567239761352539,2.0,8.0,8045.0,1.286,417147048.0
4.123916625976562,0.693807065486908,0.6623435020446777,8.0,9.0,8045.0,4.234,417147050.0
4.326566696166992,0.7271243929862976,-0.3838338851928711,2.0,10.0,8046.0,4.404,417147052.0
4.168551445007324,0.6998202800750732,0.8216235637664795,4.0,11.0,8047.0,4.306,417147054.0
4.422094821929932,0.7415918111801147,-0.2349884361028671,4.0,12.0,8048.0,4.49,417147057.0
25.50246238708496,4.272224426269531,5.969750881195068,10.0,13.0,8049.0,26.538,417147059.0
4.139796257019043,0.6927643418312073,-0.0732652023434639,10.0,14.0,8050.0,4.198,417147061.0
25.84502220153809,4.320336818695068,7.021243095397949,7.0,15.0,8051.0,27.128,417147064.0
4.1427321434021,0.6873106956481934,0.07330010831356049,7.0,1.0,8058.0,4.2,417147087.0
4.033374309539795,0.6684440970420837,0.2142634093761444,13.0,3.0,8059.0,4.094,417147091.0
4.067018032073975,0.6725612282752991,0.3606504499912262,11.0,5.0,8061.0,4.138,417147096.0
0.7211167216300964,0.1191214993596077,-0.1157615035772324,2.0,6.0,8062.0,0.74,417147098.0
0.5934576988220215,0.09792706370353699,0.07385282218456268,5.0,7.0,8063.0,0.606,417147100.0
1.228081464767456,0.2024268209934235,-0.1528241634368896,2.0,8.0,8064.0,1.254,417147103.0
4.100856781005859,0.675951361656189,0.6582762002944946,8.0,9.0,8064.0,4.208,417147105.0
3.76080322265625,0.6192255616188049,-0.3334578573703766,2.0,10.0,8065.0,3.826,417147107.0
4.128230571746826,0.6789833307266235,0.8132279515266418,4.0,11.0,8066.0,4.262,417147110.0
4.440296173095703,0.7295138835906982,-0.2358258217573166,4.0,12.0,8067.0,4.506,417147112.0
25.4703369140625,4.180057525634766,5.958953380584717,10.0,13.0,8068.0,26.49,417147114.0
4.13615083694458,0.6780619621276855,-0.07316048443317413,10.0,14.0,8069.0,4.192,417147117.0
25.93281745910645,4.251309394836426,7.041430950164795,7.0,15.0,8069.0,27.206,417147119.0
4.056282520294189,0.6584275364875793,0.0717293918132782,7.0,1.0,8078.0,4.11,417147142.0
4.019911289215088,0.6518035531044006,0.2134260237216949,17.0,3.0,8079.0,4.078,417147147.0
4.089009284973145,0.6615425944328308,0.3623935878276825,9.0,5.0,8081.0,4.158,417147151.0
0.7020273804664612,0.1134521588683128,-0.1126328185200691,1.0,6.0,8082.0,0.72,417147153.0
0.5859570503234863,0.09458950161933899,0.07287786900997162,6.0,7.0,8083.0,0.598,417147156.0
1.220941543579102,0.196874737739563,-0.1518491953611374,2.0,8.0,8084.0,1.246,417147158.0
4.095390319824219,0.6603747606277466,0.6570247411727905,8.0,9.0,8084.0,4.2,417147160.0
3.55246901512146,0.572193443775177,-0.3148065507411957,3.0,10.0,8085.0,3.612,417147163.0
4.095685482025146,0.6589555144309998,0.806358814239502,4.0,11.0,8086.0,4.226,417147165.0
4.509862422943115,0.7247850298881531,-0.2393846660852432,4.0,12.0,8087.0,4.574,417147167.0
25.69065284729004,4.124174118041992,6.007092952728271,10.0,13.0,8088.0,26.704,417147170.0
4.118747711181641,0.6604538559913635,-0.07281143963336945,10.0,14.0,8089.0,4.172,417147172.0
25.9825611114502,4.161732196807861,7.050748348236084,7.0,15.0,8090.0,27.242,417147174.0
4.0427565574646,0.6417563557624817,0.07145015150308609,12.0,1.0,8098.0,4.094,417147197.0
4.000573635101318,0.6336286067962646,0.2122746407985687,16.0,3.0,8100.0,4.056,417147202.0
4.116876602172852,0.6513126492500305,0.3646596372127533,10.0,5.0,8101.0,4.184,417147206.0
0.7141261100769043,0.1128509491682053,-0.1145100295543671,2.0,6.0,8102.0,0.732,417147209.0
0.5823619961738586,0.09192453324794769,0.07239039242267609,7.0,7.0,8103.0,0.594,417147211.0
1.180443048477173,0.1861191242933273,-0.1467306911945343,2.0,8.0,8104.0,1.204,417147213.0
4.093768119812012,0.6454598307609558,0.6563990116119385,8.0,9.0,8104.0,4.196,417147216.0
3.385185241699219,0.5331328511238098,-0.2998157441616058,3.0,10.0,8105.0,3.44,417147218.0
4.084384918212891,0.6425192952156067,0.8036875128746033,4.0,11.0,8106.0,4.212,417147220.0
4.449227333068848,0.6991173028945923,-0.236035168170929,4.0,12.0,8107.0,4.51,417147223.0
25.78189849853516,4.046558380126953,6.025089263916016,11.0,13.0,8108.0,26.784,417147225.0
4.095345973968506,0.642046332359314,-0.072357676923275,15.0,14.0,8109.0,4.146,417147227.0
26.10691452026367,4.092902183532715,7.080771446228027,7.0,15.0,8109.0,27.358,417147230.0
4.023235321044922,0.6242678761482239,0.07106620073318481,14.0,1.0,8118.0,4.072,417147253.0
3.992892503738403,0.6181324124336243,0.2117512822151184,15.0,3.0,8120.0,4.046,417147257.0
4.113217830657959,0.6360247135162354,0.3641366958618164,14.0,5.0,8121.0,4.178,417147262.0
0.7106112241744995,0.1097544506192207,-0.1138842925429344,1.0,6.0,8122.0,0.728,417147264.0
0.5885649919509888,0.09079914540052414,0.07312160730361938,7.0,7.0,8123.0,0.6,417147266.0
1.155580401420593,0.1780672967433929,-0.1435620933771133,2.0,8.0,8124.0,1.178,417147269.0
4.064868450164795,0.6256430745124817,0.6513931155204773,8.0,9.0,8125.0,4.164,417147271.0
3.132998704910278,0.482214629650116,-0.2773295640945435,4.0,10.0,8125.0,3.182,417147273.0
4.067198276519775,0.6252750158309937,0.7998713254928589,4.0,11.0,8126.0,4.192,417147276.0
4.479278087615967,0.6878263354301453,-0.2375005632638931,4.0,12.0,8127.0,4.538,417147278.0
25.8555793762207,3.965696811676025,6.039035797119141,11.0,13.0,8128.0,26.846,417147280.0
4.063959121704102,0.6225990653038025,-0.07176429778337479,15.0,14.0,8129.0,4.112,417147283.0
26.19430541992188,4.008292198181152,7.100441455841064,3.0,15.0,8130.0,27.434,417147285.0
4.015398025512695,0.6094225645065308,0.07089167833328247,14.0,1.0,8137.0,4.062,417147308.0
3.975172758102417,0.6018980145454407,0.2107045650482178,12.0,3.0,8139.0,4.026,417147312.0
4.099544525146484,0.6199977993965149,0.3627422153949738,17.0,5.0,8140.0,4.162,417147317.0
0.6992520093917847,0.1056270897388458,-0.1120070740580559,1.0,6.0,8141.0,0.716,417147319.0
0.5986772179603577,0.0903276726603508,0.07434029877185822,9.0,7.0,8142.0,0.61,417147322.0
1.156164526939392,0.1742342710494995,-0.1435620933771133,2.0,8.0,8143.0,1.178,417147324.0
4.019934177398682,0.6058050394058228,0.6438842415809631,8.0,9.0,8143.0,4.116,417147326.0
2.953322649002075,0.4445393085479736,-0.2612929046154022,4.0,10.0,8144.0,2.998,417147329.0
4.055659294128418,0.6097410917282104,0.7971999645233154,4.0,11.0,8145.0,4.178,417147331.0
4.542762756347656,0.6821631193161011,-0.2407453954219818,8.0,12.0,8146.0,4.600000000000001,417147333.0
25.93603897094727,3.890051603317261,6.054782390594482,11.0,13.0,8147.0,26.916,417147336.0
4.046225070953369,0.6061564087867737,-0.0714152455329895,15.0,14.0,8148.0,4.092000000000001,417147338.0
26.27172660827637,3.935711860656738,7.118041515350342,7.0,15.0,8148.0,27.502,417147340.0
3.991785764694214,0.591591477394104,0.07043791562318802,17.0,1.0,8157.0,4.036,417147363.0
3.967370748519897,0.5865578651428223,0.2101812064647675,12.0,3.0,8159.0,4.016,417147368.0
4.083944320678711,0.6030644774436951,0.3611733913421631,20.0,5.0,8160.0,4.144,417147372.0
0.672257125377655,0.0991504117846489,-0.1076269149780273,1.0,6.0,8161.0,0.6880000000000001,417147375.0
0.5970249772071838,0.08794804662466049,0.07409656047821045,7.0,7.0,8162.0,0.608,417147377.0
1.121414542198181,0.1649961620569229,-0.1391747891902924,2.0,8.0,8163.0,1.142,417147379.0
4.006492137908936,0.5887695550918579,0.6413813233375549,8.0,9.0,8164.0,4.1,417147382.0
2.787302732467651,0.40960493683815,-0.2464764416217804,5.0,10.0,8164.0,2.828,417147384.0
4.034453392028809,0.5921592712402344,0.7926205396652222,4.0,11.0,8165.0,4.154,417147386.0
4.566854000091553,0.6694883704185486,-0.2418967932462692,8.0,12.0,8166.0,4.622,417147388.0
26.04201316833496,3.813045740127563,6.076377868652344,11.0,13.0,8167.0,27.012,417147391.0
4.032487392425537,0.5897138714790344,-0.0711360052227974,15.0,14.0,8168.0,4.076000000000001,417147393.0
26.23245239257812,3.831576824188232,7.1035475730896,3.0,15.0,8169.0,27.446,417147395.0
3.980073213577271,0.5749555230140686,0.0701935812830925,24.0,1.0,8178.0,4.022,417147418.0
3.955656051635742,0.5700187087059021,0.2094485014677048,11.0,3.0,8180.0,4.002,417147423.0
4.080211162567139,0.5872405171394348,0.3606504499912262,24.0,5.0,8181.0,4.138,417147428.0
0.699989914894104,0.1006206870079041,-0.1120070740580559,1.0,6.0,8182.0,0.716,417147430.0
0.5894835591316223,0.08463083952665329,0.07312160730361938,6.0,7.0,8183.0,0.6,417147432.0
1.102361798286438,0.1580672711133957,-0.1367374062538147,2.0,8.0,8184.0,1.122,417147435.0
4.006567478179932,0.574500322341919,0.6410684585571289,9.0,9.0,8184.0,4.098,417147437.0
2.688199758529663,0.3849811851978302,-0.2375865578651428,5.0,10.0,8185.0,2.726,417147439.0
4.005501270294189,0.572920560836792,0.7865146994590759,5.0,11.0,8186.0,4.122,417147441.0
4.57520866394043,0.6535928845405579,-0.2422108054161072,4.0,12.0,8187.0,4.628,417147444.0
26.12912368774414,3.728030920028687,6.093474388122559,11.0,13.0,8188.0,27.088,417147446.0
4.030662059783936,0.5743659138679504,-0.07106620073318481,15.0,14.0,8189.0,4.072,417147448.0
26.16916656494141,3.729083776473999,7.082841873168945,3.0,15.0,8189.0,27.366,417147451.0
3.974135398864746,0.5599430203437805,0.07005395740270615,22.0,1.0,8198.0,4.014,417147474.0
3.947732448577881,0.5548176169395447,0.2089251428842545,10.0,3.0,8200.0,3.992,417147478.0
4.074344158172607,0.5718865990638733,0.3599532246589661,23.0,5.0,8201.0,4.13,417147483.0
0.6768618822097778,0.09488581120967865,-0.10825265198946,1.0,6.0,8202.0,0.6920000000000001,417147485.0
0.5779798626899719,0.08092118799686432,0.07165917754173279,6.0,7.0,8203.0,0.588,417147488.0
1.110770702362061,0.155317947268486,-0.1377123594284058,2.0,8.0,8204.0,1.13,417147490.0
4.00669002532959,0.5595384240150452,0.6407555937767029,9.0,9.0,8205.0,4.096,417147492.0
2.579025745391846,0.3601636290550232,-0.2278251051902771,5.0,10.0,8205.0,2.614,417147494.0
3.986088037490845,0.5559520721435547,0.7823168635368347,4.0,11.0,8206.0,4.1,417147497.0
4.524052143096924,0.6301786303520203,-0.2393846660852432,4.0,12.0,8207.0,4.574,417147499.0
26.23269462585449,3.649420976638794,6.114619731903076,5.0,13.0,8208.0,27.182,417147501.0
4.024719715118408,0.5591920018196106,-0.07092657685279846,16.0,14.0,8209.0,4.064,417147504.0
26.41802024841309,3.665803194046021,7.146511554718018,3.0,15.0,8210.0,27.612,417147506.0
3.966065168380737,0.5453990697860718,0.0698794350028038,24.0,1.0,8217.0,4.004,417147529.0
3.937678098678589,0.5400949716567993,0.2082971036434174,8.0,3.0,8219.0,3.98,417147534.0
4.05450439453125,0.5553980469703674,0.3580358028411865,19.0,5.0,8220.0,4.108,417147538.0
0.6576013565063477,0.08996325731277466,-0.1051239594817162,1.0,6.0,8221.0,0.672,417147541.0
0.5959464311599731,0.0814225822687149,0.07385282218456268,7.0,7.0,8222.0,0.606,417147543.0
1.077842950820923,0.1470712125301361,-0.1335687935352325,2.0,8.0,8223.0,1.096,417147545.0
3.984941244125366,0.5437435507774353,0.6370011568069458,9.0,9.0,8223.0,4.072,417147547.0
2.505188465118408,0.3413865268230438,-0.2212012708187103,5.0,10.0,8224.0,2.538,417147550.0
3.98790979385376,0.5427306890487671,0.7823168635368347,5.0,11.0,8225.0,4.1,417147552.0
4.462786674499512,0.6065652966499329,-0.236035168170929,4.0,12.0,8226.0,4.51,417147554.0
4.163304328918457,0.5651207566261292,0.9699889421463013,2.0,13.0,8227.0,4.312,417147557.0
3.998810052871704,0.5420817732810974,-0.07043791562318802,16.0,14.0,8228.0,4.036,417147559.0
3.969926834106445,0.5318171381950378,0.06991434097290039,19.0,1.0,8237.0,4.006,417147584.0
3.923702239990234,0.5242306590080261,0.2074597328901291,8.0,3.0,8239.0,3.964,417147589.0
4.046544075012207,0.5399242639541626,0.3571642339229584,17.0,5.0,8240.0,4.098,417147594.0
0.6265822649002075,0.08349262177944183,-0.1001180559396744,1.0,6.0,8241.0,0.64,417147596.0
0.5942592620849609,0.0790799930691719,0.07360908389091492,7.0,7.0,8242.0,0.604,417147598.0
1.040961742401123,0.1383392363786697,-0.128937765955925,2.0,8.0,8243.0,1.058,417147600.0
3.961450576782227,0.525755763053894,0.6329338550567627,11.0,9.0,8244.0,4.046,417147603.0
2.38588547706604,0.3166499435901642,-0.2105682790279388,6.0,10.0,8244.0,2.416,417147605.0
3.983941078186035,0.5280331373214722,0.7811720371246338,8.0,11.0,8245.0,4.094,417147607.0
4.528236389160156,0.5993700623512268,-0.2393846660852432,4.0,12.0,8246.0,4.574,417147610.0
4.111157417297363,0.543434202671051,0.9573916792869568,6.0,13.0,8247.0,4.256,417147612.0
3.98878288269043,0.526549756526947,-0.07022847980260849,16.0,14.0,8248.0,4.024,417147614.0
4.71733570098877,0.6218866109848022,1.274942636489868,1.0,15.0,8249.0,4.926,417147617.0
3.944087982177734,0.5136476159095764,0.06942567229270935,12.0,1.0,8258.0,3.978,417147640.0
3.92757773399353,0.5101032853126526,0.2075643986463547,5.0,3.0,8260.0,3.966,417147644.0
4.016882419586182,0.5209890604019165,0.3543752431869507,17.0,5.0,8261.0,4.066,417147649.0
0.6268841028213501,0.08119552582502365,-0.1001180559396744,1.0,6.0,8262.0,0.64,417147651.0
3.945259571075439,0.5102993249893188,0.4884523153305054,7.0,7.0,8263.0,4.008,417147653.0
1.027680635452271,0.1327429115772247,-0.1272315979003906,2.0,8.0,8264.0,1.044,417147656.0
3.953466176986694,0.5106592774391174,0.6313694715499878,12.0,9.0,8264.0,4.036,417147658.0
2.294157266616821,0.2959234416484833,-0.2023756355047226,6.0,10.0,8265.0,2.322,417147660.0
3.974166870117188,0.5119227766990662,0.7788823246955872,6.0,11.0,8266.0,4.082,417147663.0
4.530403137207031,0.5827692151069641,-0.2393846660852432,4.0,12.0,8267.0,4.574,417147665.0
4.084128856658936,0.5246380567550659,0.9506431818008423,8.0,13.0,8268.0,4.226,417147667.0
3.974818468093872,0.509891152381897,-0.06994924694299698,21.0,14.0,8269.0,4.008,417147670.0
4.665825366973877,0.5985337495803833,1.260448694229126,1.0,15.0,8269.0,4.87,417147672.0
3.957760095596313,0.501384973526001,0.06963510066270828,10.0,1.0,8278.0,3.99,417147695.0
3.911500930786133,0.4941374659538269,0.2066223621368408,8.0,3.0,8280.0,3.948,417147700.0
4.0186767578125,0.5069643259048462,0.3543752431869507,17.0,5.0,8281.0,4.066,417147704.0
0.6271637082099915,0.07900679111480713,-0.1001180559396744,1.0,6.0,8282.0,0.64,417147706.0
3.923382043838501,0.49355149269104,0.4855274558067322,8.0,7.0,8283.0,3.984,417147709.0
1.024198532104492,0.1286599785089493,-0.1267441213130951,2.0,8.0,8284.0,1.04,417147711.0
3.955224752426147,0.4968560039997101,0.6313694715499878,12.0,9.0,8284.0,4.036,417147713.0
2.214123487472534,0.2777460515499115,-0.1952288597822189,6.0,10.0,8285.0,2.24,417147716.0
3.954501152038574,0.4953629970550537,0.7746845483779907,7.0,11.0,8286.0,4.06,417147718.0
4.40557336807251,0.551085889339447,-0.2326856553554535,4.0,12.0,8287.0,4.446,417147720.0
4.087869167327881,0.5106201171875,0.9510930776596069,11.0,13.0,8288.0,4.228,417147723.0
3.964668273925781,0.4945282340049744,-0.06973981857299805,21.0,14.0,8289.0,3.996,417147725.0
4.675554275512695,0.5831997990608215,1.262519359588623,1.0,15.0,8289.0,4.878,417147727.0
3.927730798721313,0.4836564660072327,0.06907662749290466,15.0,1.0,8298.0,3.958,417147750.0
3.909237146377563,0.4799939692020416,0.2064130157232285,10.0,3.0,8300.0,3.944,417147755.0
4.004601001739502,0.4909937381744385,0.352980762720108,17.0,5.0,8301.0,4.05,417147759.0
3.92113995552063,0.4793715476989746,0.4850399792194366,9.0,7.0,8303.0,3.98,417147764.0
1.028582334518433,0.1255651712417603,-0.1272315979003906,2.0,8.0,8304.0,1.044,417147766.0
3.947214841842651,0.4811609089374542,0.6298051476478577,12.0,9.0,8305.0,4.026,417147769.0
2.147835969924927,0.2618187069892883,-0.1893022805452347,6.0,10.0,8305.0,2.172,417147771.0
3.932819843292236,0.4787095487117767,0.7701051235198975,8.0,11.0,8306.0,4.036,417147773.0
4.470915794372559,0.5434156656265259,-0.236035168170929,4.0,12.0,8307.0,4.51,417147776.0
4.079953670501709,0.4951737523078918,0.9488435387611389,10.0,13.0,8308.0,4.218,417147778.0
3.964385032653809,0.480445384979248,-0.06970491260290146,21.0,14.0,8309.0,3.994,417147780.0
4.662219047546387,0.5650161504745483,1.258378148078918,1.0,15.0,8309.0,4.862,417147782.0
3.92145299911499,0.4689933061599731,0.06893700361251831,21.0,1.0,8318.0,3.95,417147806.0
3.89303994178772,0.4642169177532196,0.2054709643125534,8.0,3.0,8320.0,3.926,417147810.0
3.990463256835938,0.4751275777816772,0.351586252450943,18.0,5.0,8321.0,4.034,417147815.0
3.910961866378784,0.4642772078514099,0.48357754945755,14.0,7.0,8323.0,3.968,417147819.0
1.001416206359863,0.118702657520771,-0.1238192543387413,2.0,8.0,8324.0,1.016,417147822.0
3.931215286254883,0.465289980173111,0.6269893646240234,12.0,9.0,8325.0,4.008,417147824.0
2.099272489547729,0.2484652549028397,-0.1849444806575775,6.0,10.0,8325.0,2.122,417147826.0
3.924718379974365,0.463826447725296,0.7681970000267029,8.0,11.0,8326.0,4.026,417147829.0
4.575927257537842,0.5399770736694336,-0.2414781004190445,4.0,12.0,8327.0,4.614,417147831.0
4.017790794372559,0.4734038412570953,0.9339967966079712,5.0,13.0,8328.0,4.152,417147833.0
3.932276010513306,0.4626320600509644,-0.06911152601242065,21.0,14.0,8329.0,3.96,417147835.0
4.629722595214844,0.5438674092292786,1.249060750007629,1.0,15.0,8330.0,4.826000000000001,417147838.0
3.923066139221191,0.4553020298480988,0.06893700361251831,25.0,1.0,8338.0,3.95,417147861.0
3.892652750015259,0.4503952860832214,0.2053662985563278,6.0,3.0,8340.0,3.924,417147865.0
3.982201337814331,0.460052102804184,0.3507147133350372,19.0,5.0,8341.0,4.024,417147870.0
3.908614635467529,0.4501683115959167,0.4830900728702545,15.0,7.0,8343.0,3.964,417147875.0
0.9742151498794556,0.1120313555002213,-0.120406910777092,2.0,8.0,8344.0,0.988,417147877.0
3.909265756607056,0.4488606750965118,0.6232349276542664,11.0,9.0,8345.0,3.984,417147879.0
2.040745258331299,0.2343177497386932,-0.1797151416540146,6.0,10.0,8345.0,2.062,417147882.0
3.947768688201904,0.4525834918022156,0.7723948359489441,8.0,11.0,8346.0,4.048,417147884.0
4.625407218933105,0.5294520258903503,-0.2439902275800705,4.0,12.0,8347.0,4.662,417147886.0
3.984568357467651,0.4553931951522827,0.925898551940918,5.0,13.0,8348.0,4.116,417147888.0
3.93386697769165,0.4489030539989471,-0.06911152601242065,15.0,14.0,8349.0,3.96,417147891.0
4.619984149932861,0.527197539806366,1.245954871177673,1.0,15.0,8349.0,4.814,417147893.0
3.900785684585571,0.4389220476150513,0.06851814687252045,21.0,1.0,8358.0,3.926,417147916.0
3.884277105331421,0.4356914758682251,0.2048429399728775,8.0,3.0,8360.0,3.914,417147921.0
3.963982820510864,0.443931370973587,0.3489716053009033,16.0,5.0,8361.0,4.004,417147925.0
0.6282056570053101,0.07024252414703369,-0.1001180559396744,1.0,6.0,8362.0,0.64,417147928.0
3.90424370765686,0.4358612298965454,0.4823588728904724,18.0,7.0,8363.0,3.958,417147930.0
0.9726274013519287,0.1084101349115372,-0.1201631724834442,2.0,8.0,8364.0,0.986,417147932.0
3.912771940231323,0.4354305267333984,0.6235477924346924,11.0,9.0,8365.0,3.986,417147935.0
1.986106276512146,0.2210226655006409,-0.1748344153165817,4.0,10.0,8365.0,2.006,417147937.0
3.923958301544189,0.4359820783138275,0.767433762550354,10.0,11.0,8366.0,4.022,417147939.0
18.24886322021484,2.024365425109863,-0.9622488617897034,1.0,12.0,8367.0,18.386,417147941.0
3.966764688491821,0.4393365085124969,0.9213995337486267,5.0,13.0,8368.0,4.096,417147944.0
3.943360328674316,0.4360476732254028,-0.069251149892807,15.0,14.0,8369.0,3.968,417147946.0
4.617956161499023,0.510642945766449,1.244919657707214,1.0,15.0,8369.0,4.81,417147948.0
3.918197393417358,0.4270363450050354,0.06879738718271255,21.0,1.0,8378.0,3.942,417147971.0
3.905555963516235,0.4249688386917114,0.2058896571397781,10.0,3.0,8379.0,3.934,417147976.0
3.951642751693726,0.4285879731178284,0.3477514088153839,17.0,5.0,8381.0,3.99,417147981.0
0.6284470558166504,0.06804924458265305,-0.1001180559396744,1.0,6.0,8382.0,0.64,417147983.0
3.891926288604736,0.4207367599010468,0.4806526899337769,18.0,7.0,8383.0,3.944,417147985.0
0.9374745488166809,0.1011801734566689,-0.1157758757472038,2.0,8.0,8384.0,0.9500000000000001,417147987.0
3.906338453292847,0.4216050505638123,0.6222962737083435,11.0,9.0,8384.0,3.978,417147990.0
1.935361623764038,0.2085388600826263,-0.1703023165464401,4.0,10.0,8385.0,1.954,417147992.0
3.905936479568481,0.4201823770999908,0.7636175751686096,13.0,11.0,8386.0,4.002,417147994.0
18.1763858795166,1.952121615409851,-0.9580619931221008,7.0,12.0,8387.0,18.306,417147997.0
3.970211744308472,0.4256949722766876,0.9218494296073914,5.0,13.0,8388.0,4.098,417147999.0
3.952811717987061,0.4231314957141876,-0.06939076632261276,21.0,14.0,8389.0,3.976,417148001.0
4.610105991363525,0.4934920370578766,1.242331385612488,1.0,15.0,8389.0,4.8,417148004.0
3.931596279144287,0.4146150052547455,0.06900681555271149,21.0,1.0,8398.0,3.954,417148027.0
3.887224197387695,0.4085637032985687,0.2048429399728775,10.0,3.0,8400.0,3.914,417148031.0
3.929336786270142,0.4122965633869171,0.3456596732139587,10.0,5.0,8401.0,3.966,417148036.0
0.6286807656288147,0.06585513800382614,-0.1001180559396744,1.0,6.0,8402.0,0.64,417148038.0
3.873627901077271,0.4050841629505157,0.4782153069972992,18.0,7.0,8403.0,3.924,417148040.0
0.9180784225463867,0.09584595263004303,-0.1133384928107262,2.0,8.0,8404.0,0.93,417148043.0
3.896069049835205,0.4060561656951904,0.6204190850257874,13.0,9.0,8405.0,3.966,417148045.0
1.866719841957092,0.1945533007383347,-0.1642014235258102,3.0,10.0,8405.0,1.884,417148047.0
3.905426502227783,0.4063423871994019,0.7632359862327576,12.0,11.0,8406.0,4.0,417148050.0
18.17911529541016,1.888249516487122,-0.9578526616096497,6.0,12.0,8407.0,18.302,417148052.0
3.934844970703125,0.4080148935317993,0.9133012890815735,6.0,13.0,8408.0,4.06,417148054.0
3.992056846618652,0.4132431447505951,-0.07005395740270615,16.0,14.0,8409.0,4.014,417148057.0
4.609962463378906,0.4763932526111603,1.241813778877258,1.0,15.0,8410.0,4.798,417148059.0
3.968828439712524,0.404538631439209,0.06963510066270828,13.0,1.0,8418.0,3.99,417148082.0
3.868687629699707,0.3936491310596466,0.2037962079048157,7.0,3.0,8419.0,3.894,417148087.0
3.914894104003906,0.396970123052597,0.3442651927471161,9.0,5.0,8421.0,3.95,417148091.0
0.628906786441803,0.06366023421287537,-0.1001180559396744,1.0,6.0,8422.0,0.64,417148093.0
3.873043298721313,0.3913606405258179,0.4779715538024902,21.0,7.0,8423.0,3.922,417148096.0
0.8927314877510071,0.09005072712898254,-0.1101698875427246,2.0,8.0,8424.0,0.904,417148098.0
3.893531799316406,0.3920580446720123,0.6197933554649353,11.0,9.0,8425.0,3.962,417148100.0
1.81981086730957,0.1832453161478043,-0.1600179374217987,3.0,10.0,8425.0,1.836,417148103.0
3.893147230148315,0.3913329541683197,0.7605646848678589,15.0,11.0,8426.0,3.986,417148105.0
17.91135215759277,1.797262787818909,-0.9434079527854919,6.0,12.0,8427.0,18.026,417148107.0
3.920732975006104,0.3927234411239624,0.9097020626068115,7.0,13.0,8428.0,4.044,417148110.0
4.071076393127441,0.4070650637149811,-0.0714152455329895,10.0,14.0,8429.0,4.092000000000001,417148112.0
4.630739212036133,0.4630255103111267,1.246990203857422,1.0,15.0,8429.0,4.818000000000001,417148114.0
4.037879467010498,0.3973405957221985,0.0708218663930893,14.0,1.0,8438.0,4.058,417148137.0
3.885939598083496,0.3817044794559479,0.2046335935592651,5.0,3.0,8439.0,3.91,417148142.0
3.856768608093262,0.3774798810482025,0.339035838842392,17.0,5.0,8441.0,3.89,417148146.0
0.5976688861846924,0.05839132517576218,-0.0951121523976326,1.0,6.0,8442.0,0.608,417148149.0
3.866482973098755,0.3770681023597717,0.4769966006278992,21.0,7.0,8443.0,3.914,417148151.0
0.8969918489456177,0.08731862902641296,-0.1106573641300201,2.0,8.0,8444.0,0.908,417148153.0
3.88111400604248,0.3771273791790009,0.6176032423973083,16.0,9.0,8445.0,3.948,417148156.0
1.75698184967041,0.1707257032394409,-0.1544399708509445,3.0,10.0,8445.0,1.772,417148158.0
3.902305841445923,0.3784990906715393,0.7620911002159119,15.0,11.0,8446.0,3.994,417148160.0
17.9075756072998,1.73376727104187,-0.9428845643997192,10.0,12.0,8447.0,18.016,417148163.0
3.906562328338623,0.377535492181778,0.9061028361320496,7.0,13.0,8448.0,4.028,417148165.0
4.144128799438477,0.399764209985733,-0.07267182320356369,5.0,14.0,8449.0,4.164,417148167.0
4.57271671295166,0.4411080479621887,1.230943322181702,1.0,15.0,8449.0,4.756,417148169.0
4.049195289611816,0.3841877579689026,0.07099638879299164,14.0,1.0,8458.0,4.068000000000001,417148192.0
3.905208110809326,0.369150847196579,0.205575630068779,5.0,3.0,8460.0,3.928,417148197.0
3.830292701721191,0.3613947629928589,0.3365954756736755,24.0,5.0,8461.0,3.862,417148202.0
0.629335880279541,0.05926812067627907,-0.1001180559396744,1.0,6.0,8462.0,0.64,417148204.0
3.861846446990967,0.3630119264125824,0.4762654006481171,23.0,7.0,8463.0,3.908,417148206.0
0.9131025075912476,0.08567047864198685,-0.1126072704792023,2.0,8.0,8464.0,0.924,417148209.0
3.88037633895874,0.3640705347061157,0.6172903776168823,20.0,9.0,8464.0,3.946,417148211.0
1.690120935440063,0.1582754999399185,-0.1485133916139603,3.0,10.0,8465.0,1.704,417148213.0
3.878191709518433,0.3624999523162842,0.7571300864219666,9.0,11.0,8466.0,3.968,417148216.0
15.32631969451904,1.429874062538147,-0.806706428527832,4.0,12.0,8467.0,15.414,417148218.0
3.892333507537842,0.3624512851238251,0.9025036096572876,8.0,13.0,8468.0,4.012,417148220.0
4.151472091674805,0.385851263999939,-0.07277653366327286,5.0,14.0,8469.0,4.17,417148222.0
3.954905986785889,0.3668855428695679,1.064263939857483,2.0,15.0,8470.0,4.112,417148225.0
4.072417259216309,0.3720523715019226,0.07138033956289291,13.0,1.0,8478.0,4.09,417148248.0
3.985970973968506,0.3634532392024994,0.2097625136375427,4.0,3.0,8479.0,4.008,417148252.0
3.84145188331604,0.3489235043525696,0.3374670445919037,27.0,5.0,8481.0,3.872,417148257.0
0.6295389533042908,0.05707096680998802,-0.1001180559396744,1.0,6.0,8482.0,0.64,417148259.0
3.865067005157471,0.3497082591056824,0.4765091240406036,22.0,7.0,8483.0,3.91,417148262.0
0.883740246295929,0.07980462908744812,-0.1089511960744858,2.0,8.0,8484.0,0.894,417148264.0
3.867913007736206,0.3486045897006989,0.6151003241539001,25.0,9.0,8485.0,3.932,417148266.0
1.6390700340271,0.1477249711751938,-0.1439812928438187,3.0,10.0,8485.0,1.652,417148269.0
3.855969190597534,0.3468496799468994,0.7525506615638733,14.0,11.0,8486.0,3.944,417148271.0
15.30734634399414,1.374223470687866,-0.8054503798484802,6.0,12.0,8487.0,15.39,417148273.0
3.901338815689087,0.3495579361915588,0.904303252696991,10.0,13.0,8488.0,4.02,417148275.0
4.142835140228271,0.3704670071601868,-0.07260201126337051,5.0,14.0,8489.0,4.16,417148278.0
4.083651065826416,0.3587096035480499,0.07155486941337585,10.0,1.0,8498.0,4.1,417148303.0
3.983236312866211,0.3491885662078857,0.2095531672239304,5.0,3.0,8499.0,4.004,417148308.0
3.850585699081421,0.3362054228782654,0.3381642699241638,23.0,5.0,8501.0,3.88,417148312.0
0.5982475876808167,0.05212946236133575,-0.0951121523976326,1.0,6.0,8502.0,0.608,417148315.0
3.846487998962402,0.3344947397708893,0.474071741104126,25.0,7.0,8503.0,3.89,417148317.0
0.8741251826286316,0.07586115598678589,-0.1077324971556664,2.0,8.0,8504.0,0.884,417148319.0
3.863143682479858,0.3352638185024261,0.6141617298126221,23.0,9.0,8504.0,3.926,417148322.0
1.597891569137573,0.1383924186229706,-0.140320748090744,3.0,10.0,8505.0,1.61,417148324.0
3.849332571029663,0.3327114582061768,0.7510241866111755,25.0,11.0,8506.0,3.936,417148326.0
15.30011081695557,1.31975257396698,-0.8048223257064819,6.0,12.0,8507.0,15.378,417148328.0
3.898652076721191,0.3356033265590668,0.9034034609794617,11.0,13.0,8508.0,4.016,417148331.0
4.16801118850708,0.35805743932724,-0.07302086800336838,5.0,14.0,8509.0,4.184,417148333.0
3.916950225830078,0.3358010947704315,1.053393483161926,13.0,15.0,8510.0,4.07,417148335.0
4.10081958770752,0.3457970321178436,0.07183410227298737,12.0,1.0,8518.0,4.116,417148358.0
4.008313655853271,0.3372920155525208,0.2108092308044434,5.0,3.0,8519.0,4.028,417148363.0
3.837837934494019,0.321597695350647,0.3369441032409668,30.0,5.0,8521.0,3.866,417148368.0
0.6299220323562622,0.05267460271716118,-0.1001180559396744,1.0,6.0,8522.0,0.64,417148370.0
3.853566646575928,0.321561187505722,0.4748029708862305,21.0,7.0,8523.0,3.896,417148372.0
0.8625151515007019,0.07182106375694275,-0.1062700673937798,2.0,8.0,8524.0,0.872,417148375.0
3.854447603225708,0.3209572732448578,0.6125973463058472,32.0,9.0,8524.0,3.916,417148377.0
1.578509449958801,0.1311640292406082,-0.1385776251554489,4.0,10.0,8525.0,1.59,417148379.0
3.858296632766724,0.3199217021465302,0.7525506615638733,30.0,11.0,8526.0,3.944,417148381.0
14.06257915496826,1.163567781448364,-0.7395070791244507,1.0,12.0,8527.0,14.13,417148384.0
3.884262800216675,0.320709615945816,0.8998042345046997,13.0,13.0,8528.0,4.0,417148386.0
4.105461597442627,0.3382517695426941,-0.07190391421318054,5.0,14.0,8529.0,4.12,417148388.0
3.931576013565063,0.3232344090938568,1.057016968727112,35.0,15.0,8530.0,4.084000000000001,417148391.0
4.11196756362915,0.3322857320308685,0.0720086321234703,17.0,1.0,8538.0,4.126,417148414.0
4.029374599456787,0.3249036073684692,0.211855947971344,5.0,3.0,8539.0,4.048,417148418.0
3.82702112197876,0.3072425425052643,0.335898220539093,31.0,5.0,8541.0,3.854,417148423.0
0.5907206535339355,0.04732072725892067,-0.0938606783747673,1.0,6.0,8542.0,0.6,417148425.0
3.840814352035522,0.307000607252121,0.4730967879295349,19.0,7.0,8543.0,3.882,417148427.0
0.862760603427887,0.0688098818063736,-0.1062700673937798,2.0,8.0,8544.0,0.872,417148430.0
3.839791536331177,0.3062444031238556,0.610094428062439,38.0,9.0,8544.0,3.9,417148432.0
1.529304981231689,0.1217018440365791,-0.1342198401689529,4.0,10.0,8545.0,1.54,417148434.0
3.847647428512573,0.3055193722248077,0.7502609491348267,28.0,11.0,8546.0,3.932,417148437.0
14.05460929870605,1.113526582717896,-0.7388790249824524,1.0,12.0,8547.0,14.118,417148439.0
3.854275703430176,0.3046918511390686,0.8926057815551758,11.0,13.0,8548.0,3.968,417148441.0
4.056779861450195,0.3199879229068756,-0.07103129476308823,5.0,14.0,8549.0,4.07,417148444.0
3.911441802978516,0.3085240721702576,1.051322937011719,21.0,15.0,8549.0,4.062,417148446.0
4.127058506011963,0.3190090358257294,0.07225295901298523,10.0,1.0,8558.0,4.14,417148469.0
4.068319797515869,0.3137544095516205,0.2138447165489197,8.0,3.0,8559.0,4.086,417148474.0
3.824097156524658,0.2935768663883209,0.3355496227741241,30.0,5.0,8561.0,3.85,417148478.0
0.5908822417259216,0.04525844007730484,-0.0938606783747673,1.0,6.0,8562.0,0.6,417148480.0
3.849779844284058,0.2941968142986298,0.474071741104126,16.0,7.0,8563.0,3.89,417148483.0
0.8412227034568787,0.06413783133029938,-0.1035889387130737,2.0,8.0,8564.0,0.85,417148485.0
3.844776391983032,0.2931395173072815,0.610720157623291,26.0,9.0,8564.0,3.904,417148487.0
1.480054259300232,0.1125848144292831,-0.129862055182457,4.0,10.0,8565.0,1.49,417148490.0
3.836944580078125,0.2911953032016754,0.74797123670578,33.0,11.0,8566.0,3.92,417148492.0
9.483800888061523,0.7180845737457275,-0.4984476566314697,1.0,12.0,8567.0,9.524000000000001,417148494.0
3.855315923690796,0.2912360727787018,0.8926057815551758,15.0,13.0,8568.0,3.968,417148497.0
4.117693424224854,0.3103336691856384,-0.07207843661308289,5.0,14.0,8569.0,4.13,417148499.0
3.883650064468384,0.2920131087303162,1.043558359146118,8.0,15.0,8570.0,4.032,417148501.0
4.169919013977051,0.3091467320919037,0.07298596203327179,5.0,1.0,8576.0,4.182,417148524.0
4.095231533050537,0.3021722733974457,0.2152054458856583,11.0,3.0,8578.0,4.112,417148529.0
3.834935665130615,0.2822930216789246,0.3364211618900299,25.0,5.0,8579.0,3.86,417148533.0
0.5476799607276917,0.04021910205483437,-0.08697756379842758,1.0,6.0,8580.0,0.556,417148536.0
3.846725463867188,0.2818108797073364,0.4735842645168304,12.0,7.0,8581.0,3.886,417148538.0
0.855278730392456,0.06250759214162827,-0.1052951142191887,2.0,8.0,8582.0,0.864,417148540.0
1.460529446601868,0.1064857542514801,-0.1281189471483231,4.0,10.0,8583.0,1.47,417148545.0
3.830008268356323,0.2785700857639313,0.7464447617530823,33.0,11.0,8584.0,3.912,417148547.0
9.071669578552246,0.658223032951355,-0.4766758978366852,2.0,12.0,8585.0,9.108,417148550.0
3.852324485778809,0.2788414359092712,0.8917059898376465,23.0,13.0,8586.0,3.964,417148552.0
4.148565292358398,0.2995562851428986,-0.07260201126337051,5.0,14.0,8587.0,4.16,417148554.0
3.903767824172974,0.2818801403045654,1.048734784126282,7.0,15.0,8587.0,4.052,417148557.0
4.244777679443359,0.2998018264770508,0.07427743822336197,5.0,1.0,8596.0,4.256,417148580.0
4.068368911743164,0.2859151661396027,0.2137400507926941,9.0,3.0,8598.0,4.084000000000001,417148584.0
3.823972702026367,0.2680688798427582,0.3353753089904785,30.0,5.0,8599.0,3.848,417148589.0
0.6069339513778687,0.04244095459580421,-0.09636363387107849,1.0,6.0,8600.0,0.616,417148591.0
3.859567403793335,0.2692103385925293,0.475046694278717,10.0,7.0,8601.0,3.898,417148593.0
0.8218265771865845,0.05717944353818893,-0.1011515557765961,2.0,8.0,8602.0,0.8300000000000001,417148596.0
3.826976299285889,0.2655947208404541,0.607591450214386,3.0,9.0,8603.0,3.884,417148598.0
1.44499135017395,0.1002833768725395,-0.1267244517803192,4.0,10.0,8603.0,1.454,417148600.0
3.836833000183105,0.2656059265136719,0.747589647769928,35.0,11.0,8604.0,3.918,417148603.0
7.854492664337158,0.5423521995544434,-0.4126166701316833,2.0,12.0,8605.0,7.884,417148605.0
3.857162714004517,0.2656604051589966,0.8926057815551758,12.0,13.0,8606.0,3.968,417148607.0
4.155570983886719,0.2854844331741333,-0.07270672172307968,5.0,14.0,8607.0,4.166,417148610.0
3.947175979614258,0.2704757153987885,1.060122847557068,8.0,15.0,8608.0,4.096,417148612.0
4.301764488220215,0.2872311472892761,0.07525477558374405,6.0,1.0,8618.0,4.312,417148635.0
4.06345796585083,0.2698945701122284,0.2134260237216949,9.0,3.0,8620.0,4.078,417148639.0
3.826961755752563,0.2535156607627869,0.3355496227741241,30.0,5.0,8621.0,3.85,417148644.0
0.6307454109191895,0.04167292267084122,-0.1001180559396744,1.0,6.0,8622.0,0.64,417148646.0
3.862553358078003,0.2545192241668701,0.475290447473526,12.0,7.0,8623.0,3.9,417148649.0
0.8260017037391663,0.05428379774093628,-0.1016390323638916,2.0,8.0,8624.0,0.834,417148651.0
3.845664262771606,0.2527322471141815,0.610407292842865,6.0,9.0,8624.0,3.902,417148653.0
1.417532086372375,0.09290996193885803,-0.1242840886116028,4.0,10.0,8625.0,1.426,417148656.0
3.835865497589111,0.2507435381412506,0.7472079992294312,29.0,11.0,8626.0,3.916,417148658.0
7.437981605529785,0.4849036335945129,-0.3906355798244476,2.0,12.0,8627.0,7.464,417148660.0
3.862043619155884,0.2511009275913239,0.8935055732727051,12.0,13.0,8628.0,3.972,417148663.0
4.138676643371582,0.2683615982532501,-0.07239258289337158,5.0,14.0,8629.0,4.148,417148665.0
3.96163535118103,0.2568818032741547,1.063746333122253,8.0,15.0,8629.0,4.11,417148667.0
4.169028759002686,0.26375412940979,0.07291615754365921,7.0,1.0,8638.0,4.178,417148690.0
4.052415370941162,0.2549563646316528,0.212797999382019,9.0,3.0,8640.0,4.066,417148695.0
3.821857929229736,0.2397812455892563,0.3350266814231873,30.0,5.0,8641.0,3.844,417148699.0
0.5638552904129028,0.03527716919779778,-0.08948051184415817,1.0,6.0,8642.0,0.5720000000000001,417148702.0
3.863418340682983,0.2410348504781723,0.475290447473526,11.0,7.0,8643.0,3.9,417148704.0
0.8103360533714294,0.05041408538818359,-0.09968912601470947,2.0,8.0,8644.0,0.8180000000000001,417148706.0
1.386030673980713,0.0859873965382576,-0.1214951053261757,4.0,10.0,8645.0,1.394,417148711.0
3.85631251335144,0.2385645806789398,0.7510241866111755,19.0,11.0,8646.0,3.936,417148713.0
6.588417053222656,0.4064275622367859,-0.3459406793117523,1.0,12.0,8647.0,6.61,417148715.0
3.888182401657104,0.2391737550497055,0.8993543386459351,10.0,13.0,8648.0,3.998,417148718.0
4.175515174865723,0.2561169564723969,-0.07302086800336838,5.0,14.0,8649.0,4.184,417148720.0
3.954837322235107,0.2418882101774216,1.061675667762756,7.0,15.0,8650.0,4.102,417148722.0
4.034186840057373,0.2410880625247955,0.07054262608289719,9.0,1.0,8658.0,4.042,417148745.0
4.051286697387695,0.2406907975673676,0.2126933187246323,9.0,3.0,8660.0,4.064,417148750.0
3.810738325119019,0.2257321327924728,0.3339807987213135,23.0,5.0,8661.0,3.832,417148755.0
0.5994699001312256,0.03540508449077606,-0.0951121523976326,1.0,6.0,8662.0,0.608,417148757.0
3.868199586868286,0.2277809232473373,0.4757779240608215,12.0,7.0,8663.0,3.904,417148759.0
0.7986170053482056,0.04688710719347,-0.09822668880224228,2.0,8.0,8664.0,0.806,417148762.0
3.845362901687622,0.2257627248764038,0.610094428062439,43.0,9.0,8664.0,3.9,417148764.0
1.354498624801636,0.07928591221570969,-0.1187061220407486,4.0,10.0,8665.0,1.362,417148766.0
3.849282026290894,0.2246445566415787,0.7494977116584778,18.0,11.0,8666.0,3.928,417148768.0
5.98166036605835,0.3480428755283356,-0.3140157461166382,3.0,12.0,8667.0,6.0,417148771.0
3.908448219299316,0.2267285734415054,0.9038533568382263,10.0,13.0,8668.0,4.018,417148773.0
4.136456489562988,0.2392309457063675,-0.0723227709531784,5.0,14.0,8669.0,4.144,417148775.0
3.981097459793091,0.2239719331264496,0.0696001946926117,4.0,1.0,8678.0,3.988,417148801.0
4.054096698760986,0.2266591787338257,0.212797999382019,11.0,3.0,8680.0,4.066,417148805.0
3.805535078048706,0.2120961844921112,0.3334578573703766,19.0,5.0,8681.0,3.826,417148810.0
0.568032443523407,0.0315590500831604,-0.09010624885559082,1.0,6.0,8682.0,0.5760000000000001,417148812.0
3.853114604949951,0.213398814201355,0.4738280177116394,11.0,7.0,8683.0,3.888,417148815.0
0.8106682300567627,0.04475568979978561,-0.09968912601470947,2.0,8.0,8684.0,0.8180000000000001,417148817.0
3.840247392654419,0.211341604590416,0.6091558337211609,32.0,9.0,8685.0,3.894,417148819.0
1.330894589424133,0.07324356585741043,-0.1166143864393234,3.0,10.0,8685.0,1.338,417148821.0
3.857883930206299,0.2116368412971497,0.7510241866111755,15.0,11.0,8686.0,3.936,417148824.0
5.71959400177002,0.3127657771110535,-0.300199031829834,3.0,12.0,8687.0,5.736,417148826.0
3.916999340057373,0.2135084271430969,0.9056529402732849,11.0,13.0,8688.0,4.026,417148828.0
4.121292591094971,0.2239226400852203,-0.0720435306429863,5.0,14.0,8689.0,4.128,417148831.0
3.838041543960571,0.2031583935022354,0.06708704680204391,3.0,1.0,8697.0,3.844,417148856.0
4.096710205078125,0.2154164761304855,0.2149961143732071,8.0,3.0,8699.0,4.108,417148861.0
3.816165685653687,0.1999967694282532,0.3343294262886047,19.0,5.0,8700.0,3.836,417148865.0
0.6312599778175354,0.03297245875000954,-0.1001180559396744,1.0,6.0,8701.0,0.64,417148868.0
3.847853899002075,0.2003106623888016,0.4730967879295349,11.0,7.0,8702.0,3.882,417148870.0
0.783058226108551,0.04062721878290176,-0.09627678245306015,2.0,8.0,8703.0,0.79,417148872.0
3.836946964263916,0.1990713775157928,0.6085300445556641,36.0,9.0,8703.0,3.89,417148874.0
1.297304749488831,0.06708071380853653,-0.1136510893702507,3.0,10.0,8704.0,1.304,417148877.0
3.893856287002563,0.2006611526012421,0.7578933238983154,6.0,11.0,8705.0,3.972,417148879.0
5.321673393249512,0.2733092606067657,-0.2792646586894989,5.0,12.0,8706.0,5.336,417148881.0
3.933255195617676,0.2013148963451385,0.9092521667480469,10.0,13.0,8707.0,4.042,417148884.0
4.11402416229248,0.2098472416400909,-0.07190391421318054,5.0,14.0,8708.0,4.12,417148886.0
5.546862125396729,0.2829331457614899,1.48820948600769,12.0,15.0,8708.0,5.75,417148888.0
3.822749137878418,0.1889700442552567,0.0668078139424324,3.0,1.0,8717.0,3.828,417148911.0
4.203165054321289,0.2063044160604477,0.2205437123775482,5.0,3.0,8719.0,4.214,417148916.0
3.81087064743042,0.1863826662302017,0.3338064849376678,22.0,5.0,8720.0,3.83,417148921.0
3.850512266159058,0.1869741976261139,0.4733405411243439,11.0,7.0,8722.0,3.884,417148925.0
0.7831952571868896,0.03789358958601952,-0.09627678245306015,2.0,8.0,8723.0,0.79,417148927.0
1.277630209922791,0.06159248575568199,-0.1119079738855362,2.0,10.0,8724.0,1.284,417148932.0
3.886688947677612,0.1866910606622696,0.7563668489456177,7.0,11.0,8725.0,3.964,417148934.0
5.079207897186279,0.2430833280086517,-0.2664946913719177,3.0,12.0,8726.0,5.092000000000001,417148937.0
3.945613145828247,0.1881409585475922,0.9119516015052795,10.0,13.0,8727.0,4.054,417148939.0
3.827099800109863,0.181820347905159,-0.06687761843204498,4.0,14.0,8728.0,3.832,417148941.0
24.27937316894531,1.149233222007751,6.512922286987305,21.0,15.0,8729.0,25.164,417148944.0
3.813428163528442,0.1745006591081619,0.06663328409194946,1.0,1.0,8738.0,3.818,417148967.0
4.231825828552246,0.1921660751104355,0.2220091223716736,8.0,3.0,8740.0,4.242,417148971.0
3.797595739364624,0.1717836409807205,0.3325863182544708,26.0,5.0,8741.0,3.816,417148976.0
0.631479799747467,0.02845445089042187,-0.1001180559396744,1.0,6.0,8742.0,0.64,417148978.0
3.880918264389038,0.1741952747106552,0.4769966006278992,7.0,7.0,8743.0,3.914,417148980.0
0.7476329207420349,0.03342680633068085,-0.09188948571681976,2.0,8.0,8744.0,0.754,417148983.0
3.87774133682251,0.1733745336532593,0.6147874593734741,8.0,9.0,8744.0,3.93,417148985.0
1.253962397575378,0.05584559589624405,-0.109816238284111,3.0,10.0,8745.0,1.26,417148987.0
3.901076555252075,0.1730534136295319,0.7590382099151611,5.0,11.0,8746.0,3.978,417148990.0
3.95795726776123,0.1741923987865448,0.9146509766578674,10.0,13.0,8748.0,4.066,417148994.0
3.821747064590454,0.1675293743610382,-0.06677290797233582,4.0,14.0,8749.0,3.826,417148997.0
24.20989799499512,1.061260461807251,6.493252277374268,27.0,15.0,8749.0,25.088,417148999.0
3.835990905761719,0.1621170490980148,0.06701724231243134,1.0,1.0,8758.0,3.84,417149022.0
4.254421234130859,0.1783130764961243,0.223160520195961,8.0,3.0,8760.0,4.264,417149027.0
3.818078756332397,0.1593573689460754,0.3343294262886047,27.0,5.0,8761.0,3.836,417149031.0
0.6315752863883972,0.02625000104308128,-0.1001180559396744,1.0,6.0,8762.0,0.64,417149033.0
3.871585607528687,0.1602368354797363,0.4757779240608215,6.0,7.0,8763.0,3.904,417149036.0
0.7596454620361328,0.03130733221769333,-0.09335191547870636,2.0,8.0,8764.0,0.766,417149038.0
3.866480588912964,0.1593495756387711,0.6129102110862732,25.0,9.0,8764.0,3.918,417149040.0
1.214335441589355,0.04983420297503471,-0.106330007314682,3.0,10.0,8765.0,1.22,417149043.0
3.913426399230957,0.1599160134792328,0.761327862739563,6.0,11.0,8766.0,3.99,417149045.0
3.929351806640625,0.1598798334598541,-0.2060989886522293,4.0,12.0,8767.0,3.938,417149047.0
3.98190712928772,0.1613221168518066,0.920049786567688,6.0,13.0,8768.0,4.09,417149050.0
3.82830286026001,0.1544297784566879,-0.06687761843204498,4.0,14.0,8769.0,3.832,417149052.0
24.1285228729248,0.9733195900917053,6.470476150512695,24.0,15.0,8769.0,25.0,417149054.0
3.792573213577271,0.1470218002796173,0.06624933332204819,1.0,1.0,8778.0,3.796,417149077.0
4.251026153564453,0.1633079499006271,0.2229511737823486,5.0,3.0,8780.0,4.26,417149082.0
3.826575517654419,0.1463333517313004,0.3350266814231873,26.0,5.0,8781.0,3.844,417149086.0
3.872121334075928,0.1467215120792389,0.4757779240608215,4.0,7.0,8783.0,3.904,417149091.0
0.763717532157898,0.02880511991679668,-0.09383939206600189,2.0,8.0,8784.0,0.77,417149093.0
3.898622512817383,0.1463628709316254,0.6179161071777344,23.0,9.0,8785.0,3.95,417149096.0
1.218483924865723,0.04574456810951233,-0.1066786274313927,3.0,10.0,8785.0,1.224,417149098.0
3.923770189285278,0.1466211825609207,0.7632359862327576,6.0,11.0,8786.0,4.0,417149100.0
3.434907913208008,0.1277533173561096,-0.1801403611898422,2.0,12.0,8787.0,3.442,417149103.0
4.07202672958374,0.1507377773523331,0.9407452940940857,3.0,13.0,8788.0,4.182,417149105.0
3.800841808319092,0.1400348097085953,-0.06638895720243454,4.0,14.0,8789.0,3.804,417149107.0
24.03910636901855,0.885675311088562,6.445629596710205,24.0,15.0,8789.0,24.904,417149109.0
3.793063402175903,0.1337823420763016,0.06624933332204819,1.0,1.0,8798.0,3.796,417149133.0
3.952163934707642,0.1380126029253006,0.2072503864765167,2.0,3.0,8800.0,3.96,417149137.0
3.831045389175415,0.1331135928630829,0.3353753089904785,26.0,5.0,8801.0,3.848,417149142.0
0.6317431330680847,0.0218401700258255,-0.1001180559396744,1.0,6.0,8802.0,0.64,417149144.0
3.870625972747803,0.1331361532211304,0.4755341708660126,4.0,7.0,8803.0,3.902,417149146.0
0.7439740896224976,0.025460135191679,-0.09140200912952423,2.0,8.0,8804.0,0.75,417149149.0
3.897135496139526,0.1326860338449478,0.6176032423973083,22.0,9.0,8805.0,3.948,417149151.0
1.174829006195068,0.03999948129057884,-0.102843776345253,3.0,10.0,8805.0,1.18,417149153.0
3.947803735733032,0.1337213218212128,0.7678154110908508,5.0,11.0,8806.0,4.024,417149156.0
3.283627271652222,0.110650360584259,-0.1721853017807007,2.0,12.0,8807.0,3.29,417149158.0
4.01020336151123,0.1344335228204727,0.9263484477996826,2.0,13.0,8808.0,4.118,417149160.0
3.785318851470947,0.1262333542108536,-0.06610971689224243,4.0,14.0,8809.0,3.788,417149162.0
23.9765453338623,0.7953839302062988,6.428030014038086,24.0,15.0,8810.0,24.836,417149165.0
3.79348611831665,0.1212033629417419,0.06624933332204819,1.0,1.0,8817.0,3.796,417149188.0
3.870753049850464,0.1223195642232895,0.2029588371515274,2.0,3.0,8819.0,3.878,417149192.0
3.839431285858154,0.1206589862704277,0.3360725343227386,22.0,5.0,8820.0,3.856,417149197.0
0.6318120956420898,0.01974511332809925,-0.1001180559396744,1.0,6.0,8821.0,0.64,417149199.0
3.892871856689453,0.1209782287478447,0.4782153069972992,4.0,7.0,8822.0,3.924,417149202.0
0.7123081088066101,0.02201185747981071,-0.08750218898057938,2.0,8.0,8823.0,0.718,417149204.0
3.909400701522827,0.1201259568333626,0.6194804906845093,22.0,9.0,8824.0,3.96,417149206.0
1.170972347259521,0.03598100319504738,-0.1024951562285423,2.0,10.0,8824.0,1.176,417149209.0
3.975698232650757,0.1214685663580894,0.773158073425293,5.0,11.0,8825.0,4.052,417149211.0
3.172181367874146,0.09636474400758743,-0.1663236618041992,3.0,12.0,8826.0,3.178,417149213.0
4.010626792907715,0.1211344748735428,0.9263484477996826,1.0,13.0,8827.0,4.118,417149215.0
3.801707029342651,0.1141602545976639,-0.06638895720243454,4.0,14.0,8828.0,3.804,417149218.0
23.90168571472168,0.7177361845970154,6.407324314117432,20.0,15.0,8828.0,24.756,417149220.0
3.793885946273804,0.1079608872532845,0.06624933332204819,1.0,1.0,8837.0,3.796,417149243.0
3.833223581314087,0.1077411770820618,0.2009700685739517,2.0,3.0,8839.0,3.84,417149248.0
3.859745264053345,0.1078124493360519,0.3378156721591949,20.0,5.0,8840.0,3.876,417149252.0
3.915097951889038,0.1079909130930901,0.4808964431285858,4.0,7.0,8842.0,3.946,417149257.0
0.7342084050178528,0.02012357302010059,-0.0901833176612854,2.0,8.0,8843.0,0.74,417149259.0
3.913745403289795,0.1065864190459251,0.6201062202453613,22.0,9.0,8844.0,3.964,417149262.0
1.127274394035339,0.03070004098117352,-0.09866029769182205,3.0,10.0,8844.0,1.132,417149264.0
4.011423587799072,0.1085459291934967,0.7800271511077881,6.0,11.0,8845.0,4.088,417149266.0
3.012775421142578,0.08099709451198578,-0.1579499095678329,3.0,12.0,8846.0,3.018,417149268.0
4.049986362457275,0.1081746742129326,0.9353464841842651,1.0,13.0,8847.0,4.158,417149271.0
3.798084259033203,0.1007830426096916,-0.06631914526224136,4.0,14.0,8848.0,3.8,417149273.0
23.79203796386719,0.631327211856842,6.377301216125488,23.0,15.0,8848.0,24.64,417149275.0
3.774249076843262,0.09421806037425995,0.0659002885222435,1.0,1.0,8857.0,3.776,417149298.0
3.855522871017456,0.09557359665632248,0.2021214663982391,2.0,3.0,8858.0,3.862,417149303.0
3.854122638702393,0.09419272840023041,0.3372927308082581,19.0,5.0,8860.0,3.87,417149308.0
3.91942024230957,0.09441962093114853,0.4813839197158813,4.0,7.0,8862.0,3.95,417149312.0
0.7243515849113464,0.01732327975332737,-0.08896461874246597,1.0,8.0,8863.0,0.73,417149314.0
3.925926208496094,0.09389075636863708,0.6219834089279175,21.0,9.0,8863.0,3.976,417149317.0
1.119407415390015,0.02657578140497208,-0.09796305745840073,2.0,10.0,8864.0,1.124,417149319.0
4.021591663360596,0.09477405995130539,0.7819352746009827,6.0,11.0,8865.0,4.098,417149321.0
2.837328910827637,0.06636988371610641,-0.1487387865781784,3.0,12.0,8866.0,2.842,417149324.0
4.069821357727051,0.09448924660682678,0.9398455023765564,1.0,13.0,8867.0,4.178,417149326.0
3.780420541763306,0.08711005002260208,-0.06600499898195267,4.0,14.0,8868.0,3.782,417149328.0
23.74388122558594,0.5471165776252747,6.363842487335205,23.0,15.0,8868.0,24.588,417149331.0
3.776554107666016,0.08108582347631454,0.06593519449234009,1.0,1.0,8877.0,3.778,417149354.0
3.843866348266602,0.08118870109319687,0.201493427157402,2.0,3.0,8879.0,3.85,417149358.0
3.856419801712036,0.08078048378229141,0.3374670445919037,19.0,5.0,8880.0,3.872,417149363.0
0.5332366824150085,0.0110766077414155,-0.0844746083021164,1.0,6.0,8881.0,0.54,417149365.0
3.935603141784668,0.08106476068496704,0.4833338260650635,4.0,7.0,8882.0,3.966,417149367.0
0.6926527619361877,0.01414617989212275,-0.08506479859352112,1.0,8.0,8883.0,0.6980000000000001,417149370.0
3.94006872177124,0.07978082448244095,0.6241735219955444,17.0,9.0,8884.0,3.99,417149372.0
1.099573612213135,0.02226481027901173,-0.09621994197368622,3.0,10.0,8884.0,1.104,417149374.0
4.023860931396484,0.08077491074800491,0.7823168635368347,5.0,11.0,8885.0,4.1,417149377.0
2.695765972137451,0.05364407226443291,-0.1413070857524872,3.0,12.0,8886.0,2.7,417149379.0
4.070126533508301,0.08028233796358109,0.9398455023765564,1.0,13.0,8887.0,4.178,417149381.0
3.776702880859375,0.07383521646261215,-0.06593519449234009,4.0,14.0,8888.0,3.778,417149384.0
23.68778228759766,0.4589644968509674,6.348313331604004,23.0,15.0,8889.0,24.528,417149386.0
3.80079460144043,0.06899741291999817,0.06635405123233795,1.0,1.0,8896.0,3.802,417149409.0
3.852090120315552,0.06925606727600098,0.2019121199846268,2.0,3.0,8897.0,3.858,417149414.0
3.874595403671265,0.06830776482820511,0.339035838842392,18.0,5.0,8899.0,3.89,417149418.0
0.6320242881774902,0.01103202439844608,-0.1001180559396744,1.0,6.0,8900.0,0.64,417149420.0
3.941804885864258,0.06811627745628357,0.4840650260448456,4.0,7.0,8901.0,3.972,417149423.0
0.6728478670120239,0.01150966435670853,-0.08262741565704346,1.0,8.0,8902.0,0.678,417149425.0
3.958087682723999,0.06701561063528061,0.6269893646240234,8.0,9.0,8903.0,4.008,417149427.0
1.087688684463501,0.01841599680483341,-0.09517407417297363,2.0,10.0,8903.0,1.092,417149430.0
4.047662258148193,0.06782557815313339,0.786896288394928,5.0,11.0,8904.0,4.124,417149432.0
2.538167238235474,0.04208826646208763,-0.1330379992723465,3.0,12.0,8905.0,2.542,417149434.0
4.097649097442627,0.06723245233297348,0.946144163608551,1.0,13.0,8906.0,4.206,417149437.0
3.790923118591309,0.06153800711035728,-0.06617952883243561,4.0,14.0,8907.0,3.792,417149439.0
23.58480072021484,0.382851779460907,6.320361137390137,25.0,15.0,8907.0,24.42,417149441.0
3.854998350143433,0.05652127787470818,0.06729648262262344,3.0,1.0,8916.0,3.856,417149464.0
3.856302499771118,0.05586720630526543,0.2021214663982391,2.0,3.0,8917.0,3.862,417149469.0
3.892739772796631,0.05503597855567932,0.3406046330928802,21.0,5.0,8919.0,3.908,417149473.0
0.6320589184761047,0.00882578082382679,-0.1001180559396744,1.0,6.0,8920.0,0.64,417149476.0
3.947973251342773,0.0544385053217411,0.4847962558269501,4.0,7.0,8921.0,3.978,417149478.0
0.672883927822113,0.00916091725230217,-0.08262741565704346,1.0,8.0,8922.0,0.678,417149480.0
3.97607421875,0.05343781784176826,0.6298051476478577,5.0,9.0,8923.0,4.026,417149483.0
1.069816470146179,0.01437816675752401,-0.09360526502132416,2.0,10.0,8923.0,1.074,417149485.0
4.065542221069336,0.05393055453896523,0.7903308868408203,6.0,11.0,8924.0,4.142,417149487.0
2.422467708587646,0.03171183913946152,-0.1269670277833939,3.0,12.0,8925.0,2.426,417149490.0
4.097858905792236,0.05292857810854912,0.946144163608551,1.0,13.0,8926.0,4.206,417149492.0
3.783116579055786,0.04820293188095093,-0.06603990495204926,4.0,14.0,8927.0,3.784,417149494.0
23.55508613586426,0.3001293241977692,6.312078952789307,14.0,15.0,8927.0,24.388,417149496.0
3.875175476074219,0.0426114946603775,0.06764552742242813,4.0,1.0,8937.0,3.876,417149519.0
3.888442993164062,0.04139990732073784,0.2037962079048157,2.0,3.0,8939.0,3.894,417149524.0
3.900884628295898,0.04085145890712738,0.3413018882274628,20.0,5.0,8940.0,3.916,417149529.0
3.962041139602661,0.04010875523090363,0.4865024089813232,4.0,7.0,8942.0,3.992,417149533.0
0.661003053188324,0.006576124113053083,-0.08116498589515686,1.0,8.0,8943.0,0.666,417149536.0
3.978211879730225,0.03957805410027504,0.6301180124282837,5.0,9.0,8943.0,4.028,417149538.0
1.057908296585083,0.01034015882760286,-0.09255939722061157,2.0,10.0,8944.0,1.062,417149540.0
4.097123146057129,0.03933076560497284,0.7964367270469666,6.0,11.0,8945.0,4.174,417149543.0
2.324706315994263,0.02191048860549927,-0.1218381077051163,3.0,12.0,8946.0,2.328,417149545.0
4.098025321960449,0.03790881857275963,0.946144163608551,1.0,13.0,8947.0,4.206,417149547.0
3.791266202926636,0.03440938517451286,-0.06617952883243561,4.0,14.0,8948.0,3.792,417149549.0
23.50584030151367,0.2092352211475372,6.298620223999023,5.0,15.0,8949.0,24.336,417149552.0
3.903295516967773,0.029294453561306,0.06813419610261917,4.0,1.0,8957.0,3.904,417149575.0
3.906533718109131,0.02863690070807934,0.2047382593154907,2.0,3.0,8958.0,3.912,417149579.0
3.901003360748291,0.02723458409309387,0.3413018882274628,20.0,5.0,8960.0,3.916,417149584.0
0.5609939694404602,0.003818623954430223,-0.08885477483272552,1.0,6.0,8961.0,0.5680000000000001,417149586.0
3.956202030181885,0.02623890899121761,0.4857712090015411,4.0,7.0,8962.0,3.986,417149589.0
0.6729322671890259,0.00434566754847765,-0.08262741565704346,1.0,8.0,8963.0,0.678,417149591.0
4.000058650970459,0.02513344213366508,0.6335595846176147,5.0,9.0,8964.0,4.05,417149593.0
1.030045032501221,0.006472048815339804,-0.09011904150247574,2.0,10.0,8964.0,1.034,417149596.0
4.103125095367432,0.02506487630307674,0.7975816130638123,5.0,11.0,8965.0,4.18,417149598.0
2.270843505859375,0.01347561553120613,-0.1190119609236717,3.0,12.0,8966.0,2.274,417149600.0
4.141004085540771,0.02385073527693748,0.9560419917106628,1.0,13.0,8967.0,4.25,417149602.0
3.823358058929443,0.02135388180613518,-0.06673800200223923,4.0,14.0,8968.0,3.824,417149605.0
23.12585830688477,0.1251241564750671,6.196645736694336,2.0,15.0,8969.0,23.942,417149607.0
3.899374485015869,0.01565317623317242,0.068064384162426,4.0,1.0,8977.0,3.9,417149630.0
3.9525465965271,0.01517676375806332,0.2071457207202911,2.0,3.0,8978.0,3.958,417149635.0
3.913028955459595,0.01365910284221172,0.3423477709293365,21.0,5.0,8980.0,3.928,417149639.0
3.964209794998169,0.01245397329330444,0.4867461621761322,4.0,7.0,8982.0,3.994,417149644.0
0.6729433536529541,0.001996668986976147,-0.08262741565704346,1.0,8.0,8983.0,0.678,417149646.0
4.0139479637146,0.01190965808928013,0.6357496380805969,5.0,9.0,8983.0,4.064,417149649.0
1.0300612449646,0.002876481274142861,-0.09011904150247574,2.0,10.0,8984.0,1.034,417149651.0
4.107113838195801,0.0107524236664176,0.7983448505401611,5.0,11.0,8985.0,4.184,417149653.0
2.177005767822266,0.005319439340382814,-0.1140923872590065,3.0,12.0,8986.0,2.18,417149655.0
4.156651973724365,0.009431160055100918,0.9596412181854248,1.0,13.0,8987.0,4.266,417149658.0
3.815410375595093,0.007990988902747631,-0.06659838557243347,4.0,14.0,8988.0,3.816,417149660.0
20.3945198059082,0.03915471583604813,5.464705467224121,8.0,15.0,8989.0,21.114,417149662.0
3.895406007766724,0.002039629966020584,0.06799457222223282,4.0,1.0,8997.0,3.896,417149685.0
3.940591812133789,0.001375526073388755,0.206517681479454,2.0,3.0,8998.0,3.946,417149690.0
3.934968948364258,2.409473627528727e-16,0.3442651927471161,23.0,5.0,9000.0,3.95,417149695.0
3.968199253082275,-0.001385162933729589,0.4872336387634277,4.0,7.0,9002.0,3.998,417149699.0
0.6570654511451721,-0.0003440387081354856,-0.08067750185728073,1.0,8.0,9003.0,0.662,417149702.0
4.03766918182373,-0.002114119008183479,0.639504075050354,5.0,9.0,9003.0,4.088,417149704.0
0.9862325191497803,-0.0006885203183628619,-0.08628418296575546,1.0,10.0,9004.0,0.99,417149706.0
4.134612083435059,-0.003608130617067218,0.8036875128746033,5.0,11.0,9005.0,4.212,417149708.0
2.091129064559937,-0.002189825987443328,-0.1095914915204048,3.0,12.0,9006.0,2.094,417149711.0
4.144967079162598,-0.005064035300165415,0.9569417834281921,1.0,13.0,9007.0,4.254,417149713.0
3.795418262481689,-0.005299407057464123,-0.06624933332204819,4.0,14.0,9008.0,3.796,417149715.0
20.04680061340332,-0.03148946538567543,5.371530532836914,10.0,15.0,9009.0,20.754,417149718.0
3.909387350082397,-0.01159941963851452,0.06823890656232834,3.0,1.0,9017.0,3.91,417149741.0
3.954553365707397,-0.01242363732308149,0.2072503864765167,2.0,3.0,9018.0,3.96,417149745.0
3.948891639709473,-0.01378428842872381,0.3454853594303131,21.0,5.0,9020.0,3.964,417149750.0
0.5610032081604004,-0.002056193305179477,-0.08885477483272552,1.0,6.0,9021.0,0.5680000000000001,417149752.0
3.9880211353302,-0.01531297713518143,0.4896710216999054,4.0,7.0,9022.0,4.018,417149754.0
0.6570602655410767,-0.00263762311078608,-0.08067750185728073,1.0,8.0,9023.0,0.662,417149757.0
4.053440093994141,-0.01627163961529732,0.642007052898407,5.0,9.0,9023.0,4.104,417149759.0
0.9922012090682983,-0.004156147129833698,-0.08680711686611176,1.0,10.0,9024.0,0.996,417149761.0
4.150279998779297,-0.01810912787914276,0.806740403175354,5.0,11.0,9025.0,4.228,417149764.0
2.051163911819458,-0.009307950735092163,-0.1074980571866035,3.0,12.0,9026.0,2.054,417149766.0
4.152719020843506,-0.01956937275826931,0.9587413668632507,1.0,13.0,9027.0,4.262,417149768.0
3.835370063781738,-0.01874330267310143,-0.06694743037223816,4.0,14.0,9028.0,3.836,417149771.0
20.52374649047852,-0.100298747420311,5.499387264251709,6.0,15.0,9028.0,21.248,417149773.0
3.947316408157349,-0.0254910122603178,0.06890209764242172,4.0,1.0,9037.0,3.948,417149796.0
3.966469287872314,-0.02630700543522835,0.2078784108161926,2.0,3.0,9038.0,3.972,417149801.0
3.950811862945557,-0.0275823175907135,0.3456596732139587,21.0,5.0,9040.0,3.966,417149805.0
0.5240502953529358,-0.003841558005660772,0.06434701383113861,4.0,7.0,9042.0,0.528,417149810.0
0.6570470333099365,-0.004931175149977207,-0.08067750185728073,1.0,8.0,9043.0,0.662,417149812.0
4.059284687042236,-0.03046516142785549,0.6429456472396851,5.0,9.0,9043.0,4.11,417149814.0
0.9443647265434265,-0.007252342998981476,-0.08262364566326141,2.0,10.0,9044.0,0.9480000000000001,417149817.0
4.177676677703857,-0.03281207010149956,0.8120830655097961,4.0,11.0,9045.0,4.256,417149819.0
1.995197534561157,-0.01601881720125675,-0.1045672371983528,2.0,12.0,9046.0,1.998,417149821.0
4.179906845092773,-0.03428874537348747,0.9650400280952454,1.0,13.0,9047.0,4.29,417149824.0
3.875273704528809,-0.03246617689728737,-0.06764552742242813,4.0,14.0,9048.0,3.876,417149826.0
20.53096771240234,-0.1755874454975128,5.501457691192627,8.0,15.0,9049.0,21.256,417149828.0
3.999192953109741,-0.03978678956627846,0.06980962306261063,4.0,1.0,9057.0,4.0,417149851.0
3.988314867019653,-0.04107089713215828,0.20902980864048,2.0,3.0,9059.0,3.994,417149856.0
3.972606658935547,-0.04160255938768387,0.3475770950317383,24.0,5.0,9060.0,3.988,417149860.0
0.5220487117767334,-0.005649331025779247,0.06410327553749084,4.0,7.0,9062.0,0.526,417149865.0
0.6490859389305115,-0.007137360516935587,-0.07970254868268967,1.0,8.0,9063.0,0.654,417149867.0
4.096683502197266,-0.04504720494151115,0.6488901376724243,5.0,9.0,9063.0,4.148,417149870.0
0.9244109988212585,-0.01032619923353195,-0.0808805301785469,2.0,10.0,9064.0,0.928,417149872.0
4.191278457641602,-0.04755058512091637,0.8147544264793396,3.0,11.0,9065.0,4.27,417149874.0
1.935215592384338,-0.02229307033121586,-0.1014270856976509,2.0,12.0,9066.0,1.938,417149877.0
4.214836597442627,-0.04928930848836899,0.9731382727622986,1.0,13.0,9067.0,4.326000000000001,417149879.0
3.883134841918945,-0.04608813673257828,-0.06778514385223389,4.0,14.0,9068.0,3.884,417149881.0
20.36028289794922,-0.2416520416736603,5.455905437469482,8.0,15.0,9068.0,21.08,417149884.0
4.003028869628906,-0.05380008369684219,0.0698794350028038,4.0,1.0,9077.0,4.004,417149907.0
4.141921520233154,-0.05711285397410393,0.2170895487070084,4.0,3.0,9079.0,4.148,417149911.0
3.988374710083008,-0.05569183453917503,0.3489716053009033,23.0,5.0,9080.0,4.004,417149916.0
0.5180560350418091,-0.007414768915623426,0.06361579895019531,4.0,7.0,9082.0,0.522,417149920.0
0.6252384781837463,-0.009057983756065369,-0.07677768915891647,1.0,8.0,9083.0,0.63,417149923.0
4.104391574859619,-0.06017783656716347,0.6501416563987732,4.0,9.0,9084.0,4.156,417149925.0
0.9104241132736206,-0.01334847044199705,-0.07966034859418869,1.0,10.0,9084.0,0.914,417149927.0
4.195013046264648,-0.06223883479833603,0.8155176639556885,1.0,11.0,9085.0,4.274,417149930.0
1.863232851028442,-0.02796891145408154,-0.09765889495611191,2.0,12.0,9086.0,1.866,417149932.0
4.241918087005615,-0.06441578269004822,0.9794368743896484,1.0,13.0,9087.0,4.354,417149934.0
3.914941787719727,-0.0601339191198349,-0.0683436244726181,5.0,14.0,9088.0,3.916,417149937.0
20.1970043182373,-0.3137539923191071,5.412424087524414,10.0,15.0,9089.0,20.912,417149939.0
3.988820552825928,-0.06753596663475037,0.06963510066270828,4.0,1.0,9097.0,3.99,417149962.0
4.179639339447021,-0.07222616672515869,0.219078317284584,8.0,3.0,9099.0,4.186,417149966.0
3.996124505996704,-0.06975261121988297,0.3496688306331635,22.0,5.0,9100.0,4.012,417149971.0
0.5021487474441528,-0.0089403772726655,0.06166588887572289,3.0,7.0,9102.0,0.506,417149976.0
0.6331421136856079,-0.01138315349817276,-0.07775264233350754,1.0,8.0,9103.0,0.638,417149978.0
4.119969844818115,-0.07407223433256149,0.6526445746421814,5.0,9.0,9103.0,4.172,417149980.0
0.9422449469566345,-0.01710496656596661,-0.08244933187961578,1.0,10.0,9104.0,0.9460000000000001,417149983.0
4.198696136474609,-0.07695373892784119,0.8162809014320374,1.0,11.0,9105.0,4.278,417149985.0
1.819191694259644,-0.03365977853536606,-0.09535611420869827,2.0,12.0,9106.0,1.822,417149987.0
4.268945217132568,-0.07973191887140274,0.9857355356216431,1.0,13.0,9107.0,4.382,417149990.0
3.94269871711731,-0.07432692497968674,-0.06883229315280914,5.0,14.0,9108.0,3.944,417149992.0
20.12825012207031,-0.3794535100460052,5.394306659698486,8.0,15.0,9108.0,20.842,417149994.0
4.010552406311035,-0.08190828561782837,0.07001905143260956,1.0,1.0,9117.0,4.012,417150017.0
4.173371315002441,-0.08669095486402512,0.2187642902135849,11.0,3.0,9119.0,4.18,417150022.0
4.01577615737915,-0.08411851525306702,0.3514119684696198,21.0,5.0,9120.0,4.032,417150026.0
0.5060837864875793,-0.01077767927199602,0.06215336546301842,3.0,7.0,9122.0,0.51,417150031.0
0.6251599788665771,-0.0134227154776454,-0.07677768915891647,1.0,8.0,9123.0,0.63,417150033.0
4.135469913482666,-0.08951415866613388,0.6551475524902344,4.0,9.0,9124.0,4.188,417150036.0
0.8903895020484924,-0.01927289180457592,-0.07791723310947418,1.0,10.0,9124.0,0.894,417150038.0
4.233731746673584,-0.09238035976886749,0.8231499791145325,1.0,11.0,9125.0,4.314,417150040.0
1.775133967399597,-0.03904353082180023,-0.09305333346128464,2.0,12.0,9126.0,1.778,417150042.0
4.280330181121826,-0.0948919802904129,0.988434910774231,1.0,13.0,9127.0,4.394,417150045.0
3.97440242767334,-0.08880377560853958,-0.06939076632261276,5.0,14.0,9128.0,3.976,417150047.0
20.20011520385742,-0.4548773467540741,5.413976669311523,6.0,15.0,9129.0,20.918,417150049.0
4.026251792907715,-0.09558699280023575,0.07029829174280167,1.0,1.0,9136.0,4.028,417150072.0
4.151097297668457,-0.1000007688999176,0.2176129072904587,9.0,3.0,9138.0,4.158,417150077.0
4.037384986877441,-0.09796648472547531,0.3533293902873993,21.0,5.0,9139.0,4.054,417150082.0
4.115834712982178,-0.1013076156377792,0.5055140256881714,3.0,7.0,9141.0,4.148,417150086.0
0.6330499649047852,-0.01569251902401447,-0.07775264233350754,1.0,8.0,9142.0,0.638,417150089.0
4.162815093994141,-0.1031909883022308,0.6595277190208435,5.0,9.0,9142.0,4.216,417150091.0
0.8843454122543335,-0.02207626029849052,-0.07739429920911789,1.0,10.0,9143.0,0.888,417150093.0
4.254991054534912,-0.106962114572525,0.8273478150367737,1.0,11.0,9144.0,4.336,417150095.0
1.747042059898376,-0.04422231391072273,-0.09158792346715927,2.0,12.0,9145.0,1.75,417150098.0
4.260510921478271,-0.1085890233516693,0.9839358925819397,1.0,13.0,9146.0,4.374,417150100.0
3.982082366943359,-0.1021880805492401,-0.06953039020299911,5.0,14.0,9147.0,3.984,417150102.0
20.23141670227051,-0.519178032875061,5.422776699066162,4.0,15.0,9147.0,20.952,417150105.0
4.033889770507812,-0.1098584085702896,0.07043791562318802,1.0,1.0,9156.0,4.036,417150128.0
4.140740394592285,-0.1142148450016975,0.2170895487070084,9.0,3.0,9158.0,4.148,417150132.0
4.027060031890869,-0.11178258061409,0.3524578213691711,11.0,5.0,9159.0,4.044,417150137.0
0.4960771501064301,-0.01394333969801664,0.06093467026948929,3.0,7.0,9161.0,0.5,417150142.0
0.6607715487480164,-0.01868785545229912,-0.08116498589515686,1.0,8.0,9162.0,0.666,417150144.0
4.195976734161377,-0.1194030046463013,0.6648464798927307,5.0,9.0,9163.0,4.25,417150146.0
0.8643471002578735,-0.024596331641078,-0.07565118372440338,1.0,10.0,9163.0,0.868,417150148.0
4.26832914352417,-0.1222074702382088,0.8300191164016724,1.0,11.0,9164.0,4.350000000000001,417150151.0
1.706948399543762,-0.04917018115520477,-0.0894944816827774,2.0,12.0,9165.0,1.71,417150153.0
4.322439670562744,-0.1252667903900146,0.9983327984809875,1.0,13.0,9166.0,4.438,417150155.0
3.953717470169067,-0.1152716428041458,-0.06904172152280807,5.0,14.0,9167.0,3.956,417150158.0
5.852925300598145,-0.1716659367084503,1.568961024284363,0.0,15.0,9168.0,6.062,417150160.0
4.045474052429199,-0.1243071407079697,0.07064734399318695,1.0,1.0,9176.0,4.048,417150183.0
4.118357181549072,-0.1279856115579605,0.2159381508827209,9.0,3.0,9178.0,4.126,417150188.0
4.06448221206665,-0.1270214170217514,0.3557697534561157,5.0,5.0,9179.0,4.082,417150192.0
0.5138823986053467,-0.01623918302357197,0.06312832236289978,3.0,7.0,9181.0,0.518,417150197.0
0.644829511642456,-0.0204898975789547,-0.07921507209539413,1.0,8.0,9182.0,0.65,417150199.0
4.223199367523193,-0.1341950297355652,0.6692266464233398,5.0,9.0,9182.0,4.278,417150201.0
0.8682387471199036,-0.02774056605994701,-0.07599981129169464,1.0,10.0,9183.0,0.872,417150204.0
4.265914440155029,-0.1370429396629333,0.8296375274658203,1.0,11.0,9184.0,4.348,417150206.0
1.65486478805542,-0.05345182865858078,-0.08677301555871964,2.0,12.0,9185.0,1.658,417150208.0
4.290812492370605,-0.1393421292304993,0.9911343455314636,1.0,13.0,9186.0,4.406,417150211.0
4.061216831207275,-0.1325956881046295,-0.07092657685279846,5.0,14.0,9187.0,4.064,417150213.0
5.85232400894165,-0.1910739988088608,1.568961024284363,1.0,15.0,9187.0,6.062,417150215.0
4.100974082946777,-0.1403427273035049,0.07162467390298843,1.0,1.0,9196.0,4.104,417150238.0
4.143834114074707,-0.143257662653923,0.2172988951206207,9.0,3.0,9198.0,4.152,417150243.0
4.081934928894043,-0.1418310105800629,0.357338547706604,5.0,5.0,9199.0,4.1,417150248.0
0.6249154806137085,-0.02204093523323536,-0.07677768915891647,1.0,8.0,9202.0,0.63,417150254.0
4.242420196533203,-0.1503726541996002,0.6723553538322449,5.0,9.0,9203.0,4.298,417150257.0
0.8661454916000366,-0.03070054017007351,-0.07582549750804901,1.0,10.0,9203.0,0.87,417150259.0
4.314460277557373,-0.1536800712347031,0.8391779661178589,1.0,11.0,9204.0,4.398,417150261.0
1.622732400894165,-0.05808493494987488,-0.0850982666015625,2.0,12.0,9205.0,1.626,417150264.0
4.333144664764404,-0.155860111117363,1.00103223323822,1.0,13.0,9206.0,4.45,417150266.0
5.677427291870117,-0.2052051723003387,-0.09916457533836365,2.0,14.0,9207.0,5.682,417150268.0
5.838070392608643,-0.2120317369699478,1.565337538719177,1.0,15.0,9208.0,6.048,417150271.0
4.180362701416016,-0.1584013253450394,0.07302086800336838,1.0,1.0,9217.0,4.184,417150294.0
4.137293815612793,-0.1582156419754028,0.2169848680496216,9.0,3.0,9219.0,4.146,417150298.0
4.095324039459229,-0.1573264896869659,0.358558714389801,5.0,5.0,9220.0,4.114,417150303.0
0.5137529969215393,-0.01991600170731544,0.06312832236289978,3.0,7.0,9222.0,0.518,417150307.0
0.608961820602417,-0.02371328137814999,-0.07482777535915375,1.0,8.0,9223.0,0.614,417150310.0
4.261608600616455,-0.1659491956233978,0.6754840016365051,5.0,9.0,9223.0,4.318000000000001,417150312.0
0.8560727834701538,-0.03348555043339729,-0.07495393604040146,1.0,10.0,9224.0,0.86,417150314.0
4.321714878082275,-0.1698006391525269,0.8407044410705566,1.0,11.0,9225.0,4.406,417150317.0
1.578603029251099,-0.06229943037033081,-0.08279548585414886,2.0,12.0,9226.0,1.582,417150319.0
4.336438655853271,-0.1718952059745789,1.00193202495575,1.0,13.0,9227.0,4.454,417150321.0
5.656655788421631,-0.2252170741558075,-0.09881552308797836,5.0,14.0,9228.0,5.662,417150324.0
5.841155052185059,-0.2325628250837326,1.566372871398926,1.0,15.0,9228.0,6.052,417150326.0
4.155808448791504,-0.1720002293586731,0.07260201126337051,1.0,1.0,9237.0,4.16,417150349.0
4.134720802307129,-0.1725732535123825,0.216880202293396,5.0,3.0,9239.0,4.144,417150354.0
4.114656448364258,-0.1724552065134048,0.3603018522262573,5.0,5.0,9240.0,4.134,417150358.0
0.5116970539093018,-0.02162539213895798,0.06288458406925201,3.0,7.0,9242.0,0.516,417150363.0
0.5850756168365479,-0.02482882514595985,-0.07190291583538055,1.0,8.0,9243.0,0.59,417150365.0
4.274818420410156,-0.1814102530479431,0.6776741147041321,5.0,9.0,9243.0,4.332,417150367.0
0.8121578693389893,-0.03460750728845596,-0.07111908495426178,2.0,10.0,9244.0,0.8160000000000001,417150370.0
4.366209506988525,-0.186815470457077,0.8494816422462463,1.0,11.0,9245.0,4.452,417150372.0
1.538467645645142,-0.06609488278627396,-0.080702044069767,2.0,12.0,9246.0,1.542,417150374.0
4.347493648529053,-0.1875350475311279,1.004631400108337,1.0,13.0,9247.0,4.466,417150377.0
5.637855052947998,-0.244182363152504,-0.09850138425827026,2.0,14.0,9248.0,5.644,417150379.0
5.851888179779053,-0.2534523904323578,1.569478631019592,2.0,15.0,9248.0,6.064,417150381.0
4.13723611831665,-0.1849765926599503,0.07228786498308182,3.0,1.0,9256.0,4.142,417150404.0
4.088235378265381,-0.18421570956707,0.2144727557897568,5.0,3.0,9258.0,4.098,417150409.0
4.118042469024658,-0.1862790137529373,0.3606504499912262,5.0,5.0,9259.0,4.138,417150413.0
4.206013202667236,-0.1917295455932617,0.5169697403907776,4.0,7.0,9261.0,4.242,417150418.0
0.5849900841712952,-0.02676886878907681,-0.07190291583538055,1.0,8.0,9262.0,0.59,417150420.0
4.282052040100098,-0.1966936141252518,0.6789255738258362,5.0,9.0,9263.0,4.34,417150423.0
0.796116292476654,-0.03656914457678795,-0.06972459703683853,2.0,10.0,9263.0,0.8,417150425.0
4.37144947052002,-0.2015645951032639,0.850626528263092,1.0,11.0,9264.0,4.458,417150427.0
1.498337507247925,-0.06934940069913864,-0.07860860973596573,1.0,12.0,9265.0,1.502,417150430.0
4.409140586853027,-0.2048448771238327,1.019028306007385,1.0,13.0,9266.0,4.53,417150432.0
5.637014389038086,-0.2628768086433411,-0.09850138425827026,5.0,14.0,9267.0,5.644,417150434.0
5.798912048339844,-0.2704267799854279,1.555502414703369,4.0,15.0,9267.0,6.01,417150436.0
4.098615169525146,-0.1975875943899155,0.07162467390298843,5.0,1.0,9276.0,4.104,417150460.0
4.101531982421875,-0.1991632729768753,0.2152054458856583,8.0,3.0,9278.0,4.112,417150464.0
4.147217750549316,-0.202107235789299,0.3632651269435883,5.0,5.0,9279.0,4.168,417150469.0
0.5214515328407288,-0.02559446357190609,0.06410327553749084,4.0,7.0,9281.0,0.526,417150473.0
0.5848931074142456,-0.02881070226430893,-0.07190291583538055,1.0,8.0,9282.0,0.59,417150476.0
4.310934066772461,-0.2131025046110153,0.6836186051368713,5.0,9.0,9283.0,4.37,417150478.0
0.7959837913513184,-0.03934788703918457,-0.06972459703683853,2.0,10.0,9283.0,0.8,417150480.0
4.384445190429688,-0.2175034880638123,0.8532978296279907,1.0,11.0,9284.0,4.472,417150483.0
1.456195712089539,-0.07249371707439423,-0.07641049474477768,2.0,12.0,9285.0,1.46,417150485.0
4.396720886230469,-0.219650998711586,1.016328811645508,1.0,13.0,9286.0,4.518,417150487.0
5.650042533874512,-0.2832529544830322,-0.09874571859836578,5.0,14.0,9287.0,5.658,417150489.0
5.822964191436768,-0.2929408550262451,1.562231779098511,2.0,15.0,9288.0,6.036,417150492.0
4.091909408569336,-0.2115834504365921,0.07151996344327927,7.0,1.0,9296.0,4.098,417150515.0
4.122751712799072,-0.2146212309598923,0.2163568437099457,23.0,3.0,9298.0,4.134,417150519.0
4.150466442108154,-0.2167903482913971,0.3636137545108795,5.0,5.0,9299.0,4.172,417150524.0
4.333835124969482,-0.229402169585228,0.6873730421066284,5.0,9.0,9303.0,4.394,417150533.0
0.8057896494865417,-0.04265272617340088,-0.07059615105390549,2.0,10.0,9303.0,0.81,417150536.0
4.395421981811523,-0.2334314435720444,0.8555875420570374,1.0,11.0,9304.0,4.484,417150538.0
1.418039679527283,-0.07555723935365677,-0.074421726167202,2.0,12.0,9305.0,1.422,417150540.0
4.392035484313965,-0.2347890287637711,1.015429019927979,1.0,13.0,9306.0,4.514,417150542.0
5.637038230895996,-0.3023309707641602,-0.09853629022836685,5.0,14.0,9307.0,5.646,417150545.0
5.800741195678711,-0.3111108243465424,1.556537747383118,5.0,15.0,9307.0,6.014,417150547.0
4.077168941497803,-0.2250939607620239,0.07127562910318375,4.0,1.0,9316.0,4.084000000000001,417150570.0
4.112006664276123,-0.228457048535347,0.2158334851264954,17.0,3.0,9318.0,4.124,417150575.0
4.179523944854736,-0.2329399287700653,0.3662284314632416,5.0,5.0,9319.0,4.202,417150579.0
0.5014403462409973,-0.02812266163527966,0.06166588887572289,3.0,7.0,9321.0,0.506,417150584.0
4.346813678741455,-0.2453077882528305,0.6895630955696106,4.0,9.0,9323.0,4.408,417150589.0
0.7917112708091736,-0.04467937722802162,-0.06937596946954727,1.0,10.0,9323.0,0.796,417150591.0
4.412221431732178,-0.2497715502977371,0.8590220808982849,1.0,11.0,9324.0,4.502,417150593.0
1.405802965164185,-0.07982727885246277,-0.07379370182752609,2.0,12.0,9325.0,1.41,417150595.0
4.418426990509033,-0.2516701221466064,1.021727681159973,1.0,13.0,9326.0,4.542,417150598.0
5.66190242767334,-0.3234889209270477,-0.0989900529384613,2.0,14.0,9327.0,5.672,417150600.0
5.836265087127686,-0.3334510028362274,1.566372871398926,1.0,15.0,9327.0,6.052,417150602.0
4.092328548431396,-0.2402621656656265,0.07155486941337585,5.0,1.0,9336.0,4.1,417150625.0
4.141133785247803,-0.2438527941703796,0.2174035608768463,23.0,3.0,9337.0,4.154,417150630.0
4.202552318572998,-0.2489415407180786,0.3683201670646667,5.0,5.0,9339.0,4.226,417150635.0
0.5845593214035034,-0.03493399545550346,-0.07190291583538055,1.0,8.0,9342.0,0.59,417150641.0
4.349920272827148,-0.2599566876888275,0.6901888847351074,4.0,9.0,9342.0,4.412,417150644.0
0.7656958103179932,-0.04589305818080902,-0.06710992008447647,1.0,10.0,9343.0,0.77,417150646.0
4.417201995849609,-0.2655249536037445,0.8601669669151306,1.0,11.0,9344.0,4.508,417150648.0
1.36564302444458,-0.08233015984296799,-0.07170026004314423,2.0,12.0,9345.0,1.37,417150651.0
4.479767799377441,-0.2708553075790405,1.036124587059021,1.0,13.0,9346.0,4.606,417150653.0
5.638782501220703,-0.3419193029403687,-0.09860609471797943,5.0,14.0,9347.0,5.65,417150655.0
5.81578254699707,-0.3526520729064941,1.561196446418762,2.0,15.0,9347.0,6.032,417150658.0
4.091464996337891,-0.2545455992221832,0.07155486941337585,19.0,1.0,9356.0,4.1,417150681.0
4.156158924102783,-0.2600268721580505,0.2182409316301346,22.0,3.0,9358.0,4.17,417150685.0
4.201657772064209,-0.2636096775531769,0.3683201670646667,5.0,5.0,9359.0,4.226,417150690.0
0.5844337940216064,-0.03697427734732628,-0.07190291583538055,1.0,8.0,9362.0,0.59,417150697.0
4.366681098937988,-0.2770237922668457,0.6930046677589417,4.0,9.0,9363.0,4.43,417150699.0
0.7337166666984558,-0.04654724895954132,-0.06432093679904938,1.0,10.0,9363.0,0.738,417150701.0
4.471108436584473,-0.2844322025775909,0.8708522319793701,5.0,11.0,9364.0,4.564,417150704.0
1.345415234565735,-0.08582516014575958,-0.07065354287624359,2.0,12.0,9365.0,1.35,417150706.0
4.506021499633789,-0.2882325351238251,1.042423129081726,1.0,13.0,9366.0,4.634,417150708.0
5.59963846206665,-0.3591682314872742,-0.09794290363788605,5.0,14.0,9367.0,5.612,417150711.0
5.901205062866211,-0.3795453310012817,1.584490180015564,4.0,15.0,9368.0,6.122,417150713.0
4.110552787780762,-0.2694198489189148,0.07190391421318054,17.0,1.0,9375.0,4.12,417150736.0
4.181230068206787,-0.274785190820694,0.2196016758680344,23.0,3.0,9376.0,4.196,417150741.0
4.230581283569336,-0.2795116603374481,0.3709348440170288,5.0,5.0,9378.0,4.256,417150745.0
4.306102752685547,-0.2860110402107239,0.5298879146575928,2.0,7.0,9380.0,4.348,417150750.0
0.5843079686164856,-0.03891212493181229,-0.07190291583538055,1.0,8.0,9381.0,0.59,417150752.0
4.397274017333984,-0.2936083674430847,0.6980105638504028,4.0,9.0,9382.0,4.462,417150754.0
0.7474740147590637,-0.04990924522280693,-0.06554111838340759,1.0,10.0,9382.0,0.752,417150757.0
1.303274989128113,-0.08747734129428864,-0.06845542788505554,2.0,12.0,9384.0,1.308,417150761.0
4.485597610473633,-0.3018649816513062,1.03792417049408,1.0,13.0,9385.0,4.614,417150764.0
5.532576084136963,-0.3732929825782776,-0.09679104387760162,2.0,14.0,9386.0,5.546,417150766.0
5.899983406066895,-0.3980826139450073,1.584490180015564,2.0,15.0,9386.0,6.122,417150768.0
4.129536628723145,-0.2851442396640778,0.07225295901298523,17.0,1.0,9395.0,4.14,417150791.0
4.190207958221436,-0.2900683879852295,0.2201250344514847,22.0,3.0,9396.0,4.206,417150796.0
4.251442909240723,-0.2957985997200012,0.3728522658348083,4.0,5.0,9398.0,4.278,417150800.0
4.301117420196533,-0.3007634282112122,0.5294004082679749,2.0,7.0,9400.0,4.344,417150805.0
0.5841686129570007,-0.04095150530338287,-0.07190291583538055,1.0,8.0,9401.0,0.59,417150807.0
4.417898178100586,-0.3104792535305023,0.7014521360397339,4.0,9.0,9402.0,4.484,417150810.0
0.7353703379631042,-0.0516800582408905,-0.06449525058269501,3.0,10.0,9402.0,0.74,417150812.0
4.478860855102539,-0.3155491352081299,0.8727603554725647,17.0,11.0,9403.0,4.574,417150814.0
1.285030961036682,-0.09075967222452164,-0.06751338392496109,1.0,12.0,9404.0,1.29,417150817.0
4.515618801116943,-0.3197229504585266,1.045122623443604,1.0,13.0,9405.0,4.646,417150819.0
5.883141994476318,-0.4175807535648346,1.580349087715149,5.0,15.0,9406.0,6.106,417150823.0
4.152396678924561,-0.3020185530185699,0.07267182320356369,14.0,1.0,9416.0,4.164,417150846.0
4.201014995574951,-0.3070289492607117,0.2207530587911606,22.0,3.0,9418.0,4.218,417150851.0
4.268213748931885,-0.3126890957355499,0.3744210600852966,4.0,5.0,9419.0,4.296,417150856.0
4.331662178039551,-0.3188574910163879,0.5333002209663391,3.0,7.0,9421.0,4.376,417150860.0
0.5840145945549011,-0.04309231415390968,-0.07190291583538055,1.0,8.0,9422.0,0.59,417150863.0
4.430577754974365,-0.3269162178039551,0.7036422491073608,1.0,9.0,9422.0,4.498,417150865.0
0.7510716915130615,-0.05555065348744392,-0.06588973850011826,1.0,10.0,9423.0,0.756,417150867.0
1.260788440704346,-0.09369277209043503,-0.06625732034444809,1.0,12.0,9425.0,1.266,417150872.0
4.522190093994141,-0.3368504047393799,1.046922206878662,1.0,13.0,9426.0,4.654,417150874.0
20.78654861450195,-1.555651783943176,5.585315227508545,4.0,15.0,9428.0,21.58,417150879.0
4.157299041748047,-0.3169673681259155,0.07277653366327286,12.0,1.0,9436.0,4.17,417150902.0
4.225862503051758,-0.3229367136955261,0.2221138030290604,22.0,3.0,9437.0,4.244,417150906.0
4.27901554107666,-0.3285010755062103,0.3754669427871704,4.0,5.0,9439.0,4.308,417150911.0
4.348335742950439,-0.3353496193885803,0.5354939103126526,3.0,7.0,9441.0,4.394,417150916.0
0.5838605761528015,-0.0451306439936161,-0.07190291583538055,1.0,8.0,9442.0,0.59,417150918.0
4.456922054290771,-0.345289021730423,0.70802241563797,1.0,9.0,9443.0,4.526,417150920.0
0.7548460960388184,-0.05847983062267303,-0.06623836606740952,1.0,10.0,9443.0,0.76,417150923.0
4.529336929321289,-0.3516944348812103,0.8830640316009521,9.0,11.0,9444.0,4.628,417150925.0
1.228593945503235,-0.09561372548341751,-0.06458257138729095,1.0,12.0,9445.0,1.234,417150927.0
4.548186302185059,-0.354755312204361,1.053220868110657,1.0,13.0,9446.0,4.682,417150929.0
3.732043266296387,-0.2917520701885223,-0.06534180790185928,4.0,14.0,9447.0,3.744,417150932.0
20.83299255371094,-1.632275104522705,5.599291324615479,6.0,15.0,9448.0,21.634,417150934.0
4.180087566375732,-0.3333849012851715,0.07319539040327072,7.0,1.0,9456.0,4.194,417150957.0
4.254572868347168,-0.3400728106498718,0.2236838787794113,23.0,3.0,9457.0,4.274,417150962.0
4.287773132324219,-0.3442328274250031,0.3763385117053986,4.0,5.0,9459.0,4.318000000000001,417150966.0
0.5836995244026184,-0.04716842249035835,-0.07190291583538055,1.0,8.0,9462.0,0.59,417150973.0
4.495131969451904,-0.3632490336894989,0.7142797708511353,1.0,9.0,9462.0,4.566,417150976.0
0.7308067083358765,-0.05918445438146591,-0.06414662301540375,1.0,10.0,9463.0,0.736,417150978.0
4.55743408203125,-0.3698849081993103,0.8887882828712463,3.0,11.0,9464.0,4.658,417150980.0
1.234224796295166,-0.1003874838352203,-0.0648965835571289,2.0,12.0,9465.0,1.24,417150982.0
4.562458515167236,-0.3718958497047424,1.056820034980774,1.0,13.0,9466.0,4.698,417150985.0
3.463932514190674,-0.2829612195491791,-0.06066456437110901,3.0,14.0,9467.0,3.476,417150987.0
20.93691635131836,-1.713970303535461,5.628796577453613,6.0,15.0,9468.0,21.748,417150989.0
4.192848205566406,-0.3491356670856476,0.07343972474336624,7.0,1.0,9476.0,4.208,417151012.0
4.269282817840576,-0.3562506437301636,0.2245212495326996,23.0,3.0,9477.0,4.29,417151017.0
4.322282791137695,-0.3621925711631775,0.3794761002063751,4.0,5.0,9479.0,4.354,417151022.0
0.5835313200950623,-0.04920562729239464,-0.07190291583538055,1.0,8.0,9482.0,0.59,417151029.0
4.470215797424316,-0.376945972442627,0.7105253338813782,1.0,9.0,9482.0,4.542,417151031.0
0.696845293045044,-0.0588831901550293,-0.06118332967162132,1.0,10.0,9483.0,0.7020000000000001,417151033.0
4.552202701568604,-0.3854597508907318,0.8880250453948975,6.0,11.0,9484.0,4.654,417151035.0
1.172173500061035,-0.09946036338806152,-0.06165175512433052,2.0,12.0,9485.0,1.178,417151038.0
4.603850841522217,-0.3914517164230347,1.066717863082886,1.0,13.0,9486.0,4.742,417151040.0
3.21187162399292,-0.2736605107784271,-0.05626655742526054,2.0,14.0,9487.0,3.224,417151042.0
21.04822158813477,-1.797068119049072,5.660372734069824,6.0,15.0,9488.0,21.87,417151045.0
4.199572563171387,-0.3644608855247498,0.0735793486237526,7.0,1.0,9496.0,4.216,417151068.0
4.273982524871826,-0.371670126914978,0.2248352617025375,5.0,3.0,9497.0,4.296,417151072.0
4.330916404724121,-0.3781444430351257,0.3803476691246033,3.0,5.0,9499.0,4.364,417151077.0
3.500189542770386,-0.3068424761295319,0.4314174652099609,18.0,7.0,9501.0,3.54,417151081.0
0.5833559632301331,-0.05124222859740257,-0.07190291583538055,1.0,8.0,9502.0,0.59,417151084.0
4.539713382720947,-0.3987703025341034,0.7217886447906494,1.0,9.0,9502.0,4.614,417151086.0
0.6906813383102417,-0.06079121306538582,-0.06066039577126503,1.0,10.0,9503.0,0.6960000000000001,417151088.0
4.576252937316895,-0.4035897254943848,0.8929861187934875,4.0,11.0,9504.0,4.68,417151091.0
1.155903100967407,-0.1021449342370033,-0.06081438064575195,2.0,12.0,9505.0,1.162,417151093.0
4.614103317260742,-0.408551037311554,1.069417357444763,1.0,13.0,9506.0,4.754,417151095.0
3.063498497009277,-0.2717932164669037,-0.05368360131978989,2.0,14.0,9507.0,3.076,417151098.0
21.15567970275879,-1.87692928314209,5.690913200378418,4.0,15.0,9507.0,21.988,417151100.0
4.238106727600098,-0.3827148377895355,0.07427743822336197,5.0,1.0,9516.0,4.256,417151123.0
4.292550563812256,-0.388386607170105,0.2258819937705994,5.0,3.0,9517.0,4.316,417151128.0
4.353380680084229,-0.3954226076602936,0.3824394047260284,3.0,5.0,9519.0,4.388,417151132.0
3.497120141983032,-0.3188782930374146,0.4311737418174744,28.0,7.0,9521.0,3.538,417151137.0
0.5831735730171204,-0.05327821150422096,-0.07190291583538055,1.0,8.0,9522.0,0.59,417151139.0
4.557965755462646,-0.4164116382598877,0.7249172925949097,1.0,9.0,9522.0,4.634,417151141.0
0.7083218097686768,-0.0648363009095192,-0.06222920119762421,3.0,10.0,9523.0,0.714,417151144.0
4.613917350769043,-0.4231473803520203,0.9006184339523315,8.0,11.0,9524.0,4.72,417151146.0
1.115761876106262,-0.1025241166353226,-0.05872094258666039,2.0,12.0,9525.0,1.122,417151148.0
4.647578716278076,-0.427870512008667,1.077515602111816,1.0,13.0,9526.0,4.79,417151151.0
2.831546783447266,-0.2611793875694275,-0.04963464289903641,3.0,14.0,9527.0,2.844,417151153.0
21.19290161132812,-1.958544969558716,5.702818870544434,6.0,15.0,9528.0,22.034,417151155.0
4.254733085632324,-0.3984448611736298,0.07459158450365067,8.0,1.0,9535.0,4.274,417151178.0
4.322984218597412,-0.4063587188720703,0.2275567352771759,5.0,3.0,9537.0,4.348,417151183.0
3.528846502304077,-0.3323314487934113,0.3101001381874084,4.0,5.0,9538.0,3.558,417151187.0
3.494067192077637,-0.3302865922451019,0.4309299886226654,22.0,7.0,9540.0,3.536,417151192.0
0.5829936861991882,-0.05521178990602493,-0.07190291583538055,1.0,8.0,9541.0,0.59,417151194.0
4.556560039520264,-0.4315240979194641,0.7249172925949097,1.0,9.0,9541.0,4.634,417151197.0
0.6902515888214111,-0.06549108773469925,-0.06066039577126503,1.0,10.0,9542.0,0.6960000000000001,417151199.0
4.626169681549072,-0.4397458136081696,0.903289794921875,8.0,11.0,9543.0,4.734,417151201.0
1.111439228057861,-0.1058448627591133,-0.05851159989833832,2.0,12.0,9544.0,1.118,417151204.0
4.661653518676758,-0.4447607696056366,1.081114768981934,1.0,13.0,9545.0,4.806,417151206.0
2.687340497970581,-0.2568680644035339,-0.04712149873375893,4.0,14.0,9546.0,2.7,417151208.0
21.11933708190918,-2.018681049346924,5.684701442718506,6.0,15.0,9546.0,21.964,417151211.0
4.279190540313721,-0.4158084094524384,0.07504534721374512,6.0,1.0,9555.0,4.3,417151234.0
4.341417789459229,-0.4233848452568054,0.2286034524440765,5.0,3.0,9557.0,4.368,417151238.0
3.515767335891724,-0.3434849977493286,0.3090542554855347,9.0,5.0,9558.0,3.546,417151243.0
3.496844291687012,-0.3428685963153839,0.4314174652099609,31.0,7.0,9560.0,3.54,417151247.0
0.5827974081039429,-0.05724648013710976,-0.07190291583538055,1.0,8.0,9561.0,0.59,417151250.0
4.551015853881836,-0.4478349387645721,0.7242915630340576,1.0,9.0,9562.0,4.63,417151252.0
0.6682078242301941,-0.06575384736061096,-0.05874297022819519,3.0,10.0,9562.0,0.674,417151254.0
4.644144535064697,-0.4578175246715546,0.9071059823036194,6.0,11.0,9563.0,4.754,417151257.0
1.111063003540039,-0.1097238659858704,-0.05851159989833832,1.0,12.0,9564.0,1.118,417151259.0
4.718250751495361,-0.4667859375476837,1.094611883163452,1.0,13.0,9565.0,4.866,417151261.0
2.52325177192688,-0.2500750124454498,-0.04425930231809616,4.0,14.0,9566.0,2.536,417151264.0
21.05027961730957,-2.089966058731079,5.668137073516846,4.0,15.0,9567.0,21.9,417151266.0
4.273733615875244,-0.4303423464298248,0.07497553527355194,6.0,1.0,9575.0,4.296,417151289.0
4.359785079956055,-0.440544605255127,0.2296501696109772,5.0,3.0,9577.0,4.388,417151293.0
3.524458169937134,-0.3567584753036499,0.3099258244037628,13.0,5.0,9578.0,3.556,417151298.0
3.495626211166382,-0.3550727665424347,0.4314174652099609,32.0,7.0,9580.0,3.54,417151303.0
4.584879875183105,-0.4665235877037048,0.7299231886863708,1.0,9.0,9581.0,4.666,417151307.0
0.6659920811653137,-0.06788389384746552,-0.05856866016983986,1.0,10.0,9582.0,0.672,417151310.0
4.646424293518066,-0.4744246602058411,0.9078692197799683,4.0,11.0,9583.0,4.758,417151312.0
1.082856774330139,-0.1107564121484756,-0.05704619362950325,1.0,12.0,9584.0,1.09,417151314.0
4.70883846282959,-0.4824583828449249,1.092812180519104,1.0,13.0,9585.0,4.858000000000001,417151317.0
2.323438882827759,-0.2384647876024246,-0.0407688207924366,3.0,14.0,9586.0,2.336,417151319.0
21.20658302307129,-2.176525115966797,5.712136268615723,4.0,15.0,9586.0,22.07,417151321.0
4.304028511047363,-0.4485744833946228,0.07553401589393616,6.0,1.0,9595.0,4.328,417151344.0
4.378085136413574,-0.457837700843811,0.230696901679039,4.0,3.0,9597.0,4.408,417151349.0
3.52517294883728,-0.369266539812088,0.3101001381874084,8.0,5.0,9598.0,3.558,417151353.0
3.480545997619629,-0.3658201098442078,0.4297113120555878,36.0,7.0,9600.0,3.526,417151358.0
3.522318363189697,-0.371453732252121,0.5609740018844604,1.0,9.0,9602.0,3.586,417151363.0
0.661788284778595,-0.069790318608284,-0.0582200363278389,1.0,10.0,9602.0,0.668,417151365.0
4.687692642211914,-0.4951780736446381,0.9162647724151611,2.0,11.0,9603.0,4.802,417151367.0
1.072532653808594,-0.1134848222136497,-0.05652283132076263,1.0,12.0,9604.0,1.08,417151369.0
4.742007732391357,-0.5025893449783325,1.100910425186157,1.0,13.0,9605.0,4.894,417151372.0
2.243051528930664,-0.2381293475627899,-0.03937263041734695,3.0,14.0,9606.0,2.256,417151374.0
2.967976808547974,-0.3156135380268097,0.7997508645057678,1.0,15.0,9607.0,3.09,417151376.0
4.308400630950928,-0.464238315820694,0.07563872635364532,4.0,1.0,9615.0,4.334000000000001,417151399.0
4.396317005157471,-0.475263923406601,0.2317436188459396,4.0,3.0,9617.0,4.428,417151404.0
3.515939235687256,-0.3807114958763123,0.3094028830528259,6.0,5.0,9618.0,3.55,417151409.0
3.487141609191895,-0.3788248002529144,0.4306862652301788,38.0,7.0,9620.0,3.534,417151413.0
3.487682819366455,-0.3794995248317719,0.5556552410125732,3.0,9.0,9621.0,3.552,417151418.0
0.6575793027877808,-0.07166822999715805,-0.05787141248583794,1.0,10.0,9622.0,0.664,417151420.0
4.703500270843506,-0.5134556293487549,0.9196993708610535,2.0,11.0,9623.0,4.82,417151422.0
1.060217499732971,-0.1159254387021065,-0.05589479953050613,1.0,12.0,9624.0,1.068,417151425.0
3.070394515991211,-0.3362629115581512,0.7130948305130005,4.0,13.0,9625.0,3.17,417151427.0
2.158720254898071,-0.2367996126413345,-0.03790662810206413,2.0,14.0,9626.0,2.172,417151429.0
4.344515323638916,-0.4834768176078796,0.07630191743373871,2.0,1.0,9635.0,4.372,417151455.0
4.402570724487305,-0.4914934039115906,0.2321622967720032,5.0,3.0,9637.0,4.436,417151459.0
3.516568899154663,-0.3932034969329834,0.3095771968364716,5.0,5.0,9638.0,3.552,417151464.0
3.497634410858154,-0.3923225700855255,0.4321486949920654,42.0,7.0,9640.0,3.546,417151469.0
3.486268520355225,-0.3922799527645111,0.5556552410125732,4.0,9.0,9642.0,3.552,417151473.0
0.6414859890937805,-0.07218092679977417,-0.05647692084312439,1.0,10.0,9642.0,0.648,417151475.0
4.750452041625977,-0.5353673696517944,0.929239809513092,2.0,11.0,9643.0,4.87,417151478.0
1.039959788322449,-0.1173854023218155,-0.0548480823636055,1.0,12.0,9644.0,1.048,417151480.0
2.066478490829468,-0.2339842021465302,-0.03630100563168526,1.0,14.0,9646.0,2.08,417151485.0
2.973379373550415,-0.3371967971324921,0.8018214106559753,15.0,15.0,9647.0,3.098,417151487.0
5.773183822631836,-0.6628751754760742,0.1014333888888359,4.0,1.0,9655.0,5.812,417151510.0
4.428606510162354,-0.5100575685501099,0.2336277067661285,4.0,3.0,9657.0,4.464,417151515.0
3.499340772628784,-0.4036497473716736,0.3081827163696289,5.0,5.0,9658.0,3.536,417151519.0
3.496243715286255,-0.4045291841030121,0.4321486949920654,43.0,7.0,9660.0,3.546,417151524.0
0.5817095637321472,-0.0674089789390564,-0.07190291583538055,1.0,8.0,9661.0,0.59,417151526.0
3.498684167861938,-0.4054303765296936,0.5578452944755554,22.0,9.0,9661.0,3.566,417151528.0
0.6432092189788818,-0.0746493861079216,-0.05665123462677002,1.0,10.0,9662.0,0.65,417151531.0
3.094848394393921,-0.3597284257411957,0.6056277751922607,2.0,11.0,9663.0,3.174,417151533.0
1.015737295150757,-0.1182434931397438,-0.0535920187830925,1.0,12.0,9664.0,1.024,417151535.0
2.031883716583252,-0.2372535020112991,-0.03570762276649475,1.0,14.0,9666.0,2.046,417151540.0
3.064347982406616,-0.3578094840049744,0.8266680240631104,13.0,15.0,9666.0,3.194,417151542.0
6.021049976348877,-0.7126381993293762,0.1058313921093941,4.0,1.0,9675.0,6.064,417151565.0
4.450599193572998,-0.5283384919166565,0.2348837703466415,4.0,3.0,9677.0,4.488,417151570.0
3.517695188522339,-0.4182144403457642,0.3099258244037628,5.0,5.0,9678.0,3.556,417151575.0
3.48889684677124,-0.4160257577896118,0.4314174652099609,50.0,7.0,9680.0,3.54,417151579.0
3.483444929122925,-0.4166089594364166,0.5556552410125732,24.0,9.0,9682.0,3.552,417151584.0
0.6488795876502991,-0.07760394364595413,-0.05717416852712631,1.0,10.0,9682.0,0.656,417151586.0
3.068232536315918,-0.3674940466880798,0.6006667017936707,12.0,11.0,9683.0,3.148,417151588.0
0.9935049414634705,-0.1191718131303787,-0.05244062840938568,1.0,12.0,9684.0,1.002,417151591.0
3.029943227767944,-0.3639808595180511,0.7045466899871826,24.0,13.0,9685.0,3.132,417151593.0
2.007218599319458,-0.241478443145752,-0.03528876602649689,1.0,14.0,9686.0,2.022,417151595.0
3.249060153961182,-0.3914534747600555,0.8768789172172546,14.0,15.0,9687.0,3.388,417151598.0
5.99669075012207,-0.7309895753860474,0.1054474413394928,8.0,1.0,9695.0,6.042,417151621.0
4.468552589416504,-0.5462944507598877,0.2359304875135422,6.0,3.0,9697.0,4.508,417151625.0
3.512258529663086,-0.4300066828727722,0.3095771968364716,7.0,5.0,9698.0,3.552,417151630.0
3.479542255401611,-0.4272340536117554,0.4304425120353699,49.0,7.0,9700.0,3.532,417151634.0
3.48988676071167,-0.4291225075721741,0.5569067001342773,49.0,9.0,9701.0,3.56,417151639.0
0.644649863243103,-0.07938148081302643,-0.05682554468512535,1.0,10.0,9702.0,0.652,417151641.0
3.070828199386597,-0.3786825239658356,0.6014299392700195,16.0,11.0,9703.0,3.152,417151644.0
0.9831718802452087,-0.1214151233434677,-0.05191726982593536,1.0,12.0,9704.0,0.992,417151646.0
2.94162392616272,-0.3637920320034027,0.6843010783195496,18.0,13.0,9705.0,3.042,417151648.0
2.014301776885986,-0.249466598033905,-0.03542838618159294,1.0,14.0,9706.0,2.03,417151651.0
3.240075349807739,-0.4012758135795593,0.8748083710670471,13.0,15.0,9706.0,3.38,417151653.0
6.000054836273193,-0.7526642084121704,0.105552151799202,4.0,1.0,9715.0,6.048,417151676.0
4.482471466064453,-0.5638835430145264,0.2367678731679916,6.0,3.0,9717.0,4.524,417151681.0
3.518643140792847,-0.4432602226734161,0.3102744519710541,8.0,5.0,9718.0,3.56,417151685.0
3.485907554626465,-0.4403725266456604,0.4314174652099609,50.0,7.0,9720.0,3.54,417151690.0
3.50208568572998,-0.4430373013019562,0.5590967535972595,52.0,9.0,9721.0,3.574,417151694.0
0.6285561323165894,-0.07962802052497864,-0.0554310530424118,1.0,10.0,9722.0,0.636,417151697.0
0.9609473943710327,-0.1220775246620178,-0.05076587572693825,0.0,12.0,9724.0,0.97,417151701.0
2.969333648681641,-0.3777469396591187,0.6910496354103088,19.0,13.0,9725.0,3.072,417151704.0
1.959859728813171,-0.2496732473373413,-0.03448595479130745,1.0,14.0,9726.0,1.976,417151706.0
3.232905864715576,-0.4118509590625763,0.8732554316520691,16.0,15.0,9726.0,3.374,417151708.0
6.072755336761475,-0.7833248972892761,0.1068785339593887,4.0,1.0,9735.0,6.124000000000001,417151731.0
4.500283718109131,-0.5820888876914978,0.2378145903348923,6.0,3.0,9737.0,4.544,417151736.0
3.519050359725952,-0.4557957947254181,0.3104487657546997,8.0,5.0,9738.0,3.562,417151740.0
3.488286256790161,-0.4530492722988129,0.4319049417972565,50.0,7.0,9740.0,3.544,417151745.0
3.091041803359985,-0.4025534689426422,0.4937071800231934,22.0,9.0,9742.0,3.156,417151750.0
0.632225751876831,-0.08233620971441269,-0.05577967688441277,1.0,10.0,9742.0,0.64,417151752.0
3.066162824630737,-0.3998576700687408,0.6010483503341675,34.0,11.0,9743.0,3.15,417151754.0
0.9506132006645203,-0.1241380050778389,-0.05024251714348793,1.0,12.0,9744.0,0.96,417151757.0
3.010507345199585,-0.3936684131622314,0.7009474635124207,41.0,13.0,9745.0,3.116,417151759.0
1.869751572608948,-0.2448296248912811,-0.03291523829102516,2.0,14.0,9746.0,1.886,417151761.0
3.212293386459351,-0.4206251800060272,0.8680790662765503,17.0,15.0,9746.0,3.354,417151763.0
6.030336856842041,-0.7992631793022156,0.1061804443597794,4.0,1.0,9755.0,6.084000000000001,417151787.0
4.52990198135376,-0.6020040512084961,0.2394893318414688,4.0,3.0,9757.0,4.576000000000001,417151791.0
3.495713233947754,-0.465185821056366,0.3085313439369202,12.0,5.0,9758.0,3.54,417151796.0
3.48668360710144,-0.4652228951454163,0.4319049417972565,50.0,7.0,9760.0,3.544,417151800.0
3.07787036895752,-0.4117691218852997,0.4918299615383148,45.0,9.0,9762.0,3.144,417151805.0
0.627984881401062,-0.08401419222354889,-0.0554310530424118,1.0,10.0,9762.0,0.636,417151807.0
2.98302173614502,-0.3996099233627319,0.5850203633308411,15.0,11.0,9763.0,3.066,417151810.0
0.9323583245277405,-0.1250657141208649,-0.04930046945810318,0.0,12.0,9764.0,0.9420000000000001,417151812.0
3.009114742279053,-0.4041746258735657,0.7009474635124207,44.0,13.0,9765.0,3.116,417151814.0
1.837175965309143,-0.2470900267362595,-0.03235676139593124,2.0,14.0,9766.0,1.854,417151816.0
3.030760765075684,-0.4081591367721558,0.819421112537384,17.0,15.0,9767.0,3.166,417151819.0
6.047467708587646,-0.8219492435455322,0.106529489159584,4.0,1.0,9774.0,6.104,417151842.0
4.557565212249756,-0.6210675835609436,0.2410594075918198,4.0,3.0,9776.0,4.606,417151846.0
3.509944200515747,-0.4789303839206696,0.3099258244037628,14.0,5.0,9777.0,3.556,417151851.0
3.471354246139526,-0.4748991429805756,0.4301987886428833,42.0,7.0,9779.0,3.53,417151856.0
0.5801841616630554,-0.07947534322738647,-0.07190291583538055,1.0,8.0,9780.0,0.59,417151858.0
3.074530839920044,-0.421705037355423,0.4915170967578888,50.0,9.0,9781.0,3.142,417151860.0
0.6000680923461914,-0.08230580389499664,-0.05299068987369537,1.0,10.0,9781.0,0.608,417151863.0
2.96806526184082,-0.4076299071311951,0.5823490619659424,18.0,11.0,9782.0,3.052,417151865.0
0.8765366077423096,-0.1205381751060486,-0.04636965692043304,1.0,12.0,9783.0,0.886,417151867.0
3.003896951675415,-0.4136193692684174,0.7000476717948914,49.0,13.0,9784.0,3.112,417151869.0
1.765032052993774,-0.2433486878871918,-0.03110018745064735,2.0,14.0,9785.0,1.782,417151872.0
3.004584789276123,-0.4142484366893768,0.8126918077468872,26.0,15.0,9785.0,3.14,417151874.0
6.103977680206299,-0.8513407111167908,0.1075766310095787,4.0,1.0,9794.0,6.164,417151897.0
4.573171615600586,-0.6394619345664978,0.2420014590024948,4.0,3.0,9796.0,4.624,417151902.0
3.510224103927612,-0.4914557039737701,0.3101001381874084,13.0,5.0,9797.0,3.558,417151906.0
3.060784339904785,-0.4296204447746277,0.3795011341571808,44.0,7.0,9799.0,3.114,417151911.0
0.5799031853675842,-0.08150007575750351,-0.07190291583538055,1.0,8.0,9800.0,0.59,417151913.0
3.065215587615967,-0.4313335418701172,0.4902656078338623,52.0,9.0,9801.0,3.134,417151916.0
0.6116148829460144,-0.08606572449207306,-0.05403656139969826,1.0,10.0,9801.0,0.62,417151918.0
3.032721996307373,-0.4273008704185486,0.5953240394592285,35.0,11.0,9802.0,3.12,417151920.0
0.8761104941368103,-0.1235971227288246,-0.04636965692043304,1.0,12.0,9803.0,0.886,417151922.0
2.996645927429199,-0.4232847094535828,0.6986979842185974,48.0,13.0,9804.0,3.106,417151925.0
1.706752181053162,-0.2413873970508575,-0.03008794784545898,3.0,14.0,9805.0,1.724,417151927.0
3.001207828521729,-0.4244633615016937,0.8121741414070129,39.0,15.0,9805.0,3.138,417151929.0
6.168119430541992,-0.8833457827568054,0.1087633967399597,4.0,1.0,9815.0,6.232,417151952.0
4.570911884307861,-0.6554214358329773,0.2420014590024948,4.0,3.0,9816.0,4.624,417151957.0
3.516287803649902,-0.5054519772529602,0.310797393321991,13.0,5.0,9818.0,3.566,417151962.0
3.053294897079468,-0.4399864971637726,0.3787699341773987,47.0,7.0,9820.0,3.108,417151966.0
2.975710391998291,-0.4293365776538849,0.4761865139007568,13.0,9.0,9821.0,3.044,417151971.0
0.6310145258903503,-0.09115543216466904,-0.05577967688441277,1.0,10.0,9822.0,0.64,417151973.0
3.036964654922485,-0.4392565786838531,0.5964689254760742,50.0,11.0,9823.0,3.126,417151975.0
0.8914647102355957,-0.1290973722934723,-0.04720703139901161,1.0,12.0,9824.0,0.902,417151978.0
2.985431671142578,-0.4328669905662537,0.6964484453201294,50.0,13.0,9825.0,3.096,417151980.0
1.652424216270447,-0.2398845851421356,-0.02914551831781864,3.0,14.0,9826.0,1.67,417151982.0
2.995808124542236,-0.4349054098129272,0.8111388683319092,51.0,15.0,9826.0,3.134,417151985.0
6.224353313446045,-0.913582980632782,0.1098105385899544,4.0,1.0,9835.0,6.292,417152008.0
4.606022357940674,-0.6776941418647766,0.2439902275800705,4.0,3.0,9837.0,4.662,417152012.0
3.524357557296753,-0.5191748738288879,0.3116689324378967,15.0,5.0,9838.0,3.576,417152017.0
3.049776554107666,-0.4503518342971802,0.3785261809825897,46.0,7.0,9840.0,3.106,417152021.0
2.97216272354126,-0.4399509727954865,0.4758736491203308,25.0,9.0,9842.0,3.042,417152026.0
0.6385761499404907,-0.09452449530363083,-0.05647692084312439,1.0,10.0,9842.0,0.648,417152028.0
3.025702714920044,-0.4484158158302307,0.5945608019828796,54.0,11.0,9843.0,3.116,417152031.0
0.8514961004257202,-0.1263454854488373,-0.04511359333992004,1.0,12.0,9844.0,0.862,417152033.0
2.980047225952148,-0.4427127242088318,0.6955486536026001,50.0,13.0,9845.0,3.092,417152035.0
1.625863671302795,-0.2418266534805298,-0.02869175560772419,3.0,14.0,9846.0,1.644,417152038.0
2.969353914260864,-0.4421835839748383,0.8044095635414124,49.0,15.0,9847.0,3.108,417152040.0
19.65658569335938,-2.951727151870728,0.3469538390636444,2.0,1.0,9854.0,19.88,417152063.0
4.629546642303467,-0.6960211992263794,0.2453509569168091,4.0,3.0,9855.0,4.688,417152068.0
3.493064403533936,-0.5264056921005249,0.3090542554855347,17.0,5.0,9857.0,3.546,417152072.0
3.040415048599243,-0.4592767655849457,0.3775512278079987,42.0,7.0,9859.0,3.098,417152077.0
2.970687389373779,-0.4498046040534973,0.4758736491203308,12.0,9.0,9861.0,3.042,417152081.0
0.6303794384002686,-0.09544846415519714,-0.05577967688441277,1.0,10.0,9861.0,0.64,417152084.0
3.008670330047607,-0.4560929238796234,0.5915079116821289,47.0,11.0,9862.0,3.1,417152086.0
0.8076302409172058,-0.1225751638412476,-0.04281081259250641,1.0,12.0,9863.0,0.8180000000000001,417152088.0
2.970856189727783,-0.4514214694499969,0.6937490701675415,50.0,13.0,9864.0,3.084,417152091.0
1.581559896469116,-0.2406003773212433,-0.02792385034263134,3.0,14.0,9865.0,1.6,417152093.0
2.952671051025391,-0.4491854906082153,0.8002684712409973,39.0,15.0,9865.0,3.092,417152095.0
15.83551788330078,-2.434490203857422,0.2796573638916016,2.0,1.0,9874.0,16.024,417152118.0
4.652750968933105,-0.7161268591880798,0.2467117011547089,3.0,3.0,9875.0,4.714,417152123.0
3.504989147186279,-0.5407219529151917,0.3102744519710541,18.0,5.0,9877.0,3.56,417152127.0
2.97405481338501,-0.4598765075206757,0.3695078492164612,12.0,7.0,9879.0,3.032,417152132.0
3.051086187362671,-0.4728783965110779,0.4890141487121582,74.0,9.0,9881.0,3.126,417152137.0
3.543988466262817,-0.549271821975708,-0.3137606680393219,1.0,10.0,9881.0,3.6,417152139.0
2.991539716720581,-0.4641841351985931,0.5884549617767334,48.0,11.0,9882.0,3.084,417152141.0
0.894035279750824,-0.1388833522796631,-0.04741637781262398,1.0,12.0,9883.0,0.906,417152144.0
2.957708835601807,-0.4599921107292175,0.6910496354103088,52.0,13.0,9884.0,3.072,417152146.0
1.560951590538025,-0.2430430799722672,-0.02757480181753635,3.0,14.0,9885.0,1.58,417152148.0
2.95490288734436,-0.460083931684494,0.8013037443161011,24.0,15.0,9885.0,3.096,417152150.0
15.41999053955078,-2.425736427307129,0.2724669575691223,4.0,1.0,9894.0,15.612,417152173.0
4.679688453674316,-0.7378411889076233,0.2482817769050598,3.0,3.0,9896.0,4.744,417152178.0
3.499144315719604,-0.5523320436477661,0.3099258244037628,18.0,5.0,9897.0,3.556,417152183.0
2.923413753509521,-0.4625002145767212,0.3634143769741058,28.0,7.0,9899.0,2.982,417152187.0
3.020235538482666,-0.4783582985401154,0.484321117401123,40.0,9.0,9900.0,3.096,417152192.0
3.549920797348022,-0.5628873705863953,-0.3144579231739044,1.0,10.0,9901.0,3.608,417152194.0
2.993779182434082,-0.4752393364906311,0.5892181992530823,46.0,11.0,9902.0,3.088,417152197.0
2.954160690307617,-0.470007449388504,0.6905997395515442,53.0,13.0,9904.0,3.07,417152201.0
1.514673233032227,-0.2412558197975159,-0.02677199058234692,3.0,14.0,9905.0,1.534,417152203.0
2.966551065444946,-0.4730405509471893,0.8049272298812866,48.0,15.0,9906.0,3.11,417152206.0
11.166672706604,-1.796607851982117,0.1974216252565384,2.0,1.0,9914.0,11.312,417152229.0
4.681159496307373,-0.7539907693862915,0.2484911233186722,3.0,3.0,9915.0,4.748,417152233.0
2.992327451705933,-0.4841153621673584,0.3721889853477478,17.0,7.0,9919.0,3.054,417152243.0
0.5780692100524902,-0.09362678229808807,-0.07190291583538055,1.0,8.0,9920.0,0.59,417152245.0
3.010662317276001,-0.4881601333618164,0.4830696284770966,51.0,9.0,9921.0,3.088,417152247.0
3.528267383575439,-0.5720865726470947,-0.3127148151397705,1.0,10.0,9921.0,3.588,417152250.0
2.980474710464478,-0.4837993085384369,0.5869284868240356,46.0,11.0,9922.0,3.076,417152252.0
2.939037799835205,-0.4781261682510376,0.6874504089355469,52.0,13.0,9924.0,3.056,417152256.0
1.482242703437805,-0.2413985580205917,-0.026213513687253,3.0,14.0,9925.0,1.502,417152259.0
2.949628353118896,-0.4809059500694275,0.8007861375808716,51.0,15.0,9926.0,3.094,417152261.0
9.009561538696289,-1.481831550598145,0.1593753695487976,2.0,1.0,9934.0,9.132,417152284.0
4.706089019775391,-0.7748692035675049,0.2499565333127975,3.0,3.0,9935.0,4.776,417152289.0
2.964435577392578,-0.4891645312309265,0.2628617286682129,3.0,5.0,9937.0,3.016,417152293.0
3.002370357513428,-0.4965008199214935,0.3736514151096344,52.0,7.0,9939.0,3.066,417152298.0
2.999282598495483,-0.4965280294418335,0.481505274772644,62.0,9.0,9940.0,3.078,417152303.0
3.538042306900024,-0.5863535404205322,-0.3137606680393219,1.0,10.0,9941.0,3.6,417152305.0
2.97876763343811,-0.4942001402378082,0.5869284868240356,46.0,11.0,9942.0,3.076,417152307.0
2.937350988388062,-0.4883823990821838,0.6874504089355469,50.0,13.0,9944.0,3.056,417152312.0
1.422214388847351,-0.2367213666439056,-0.02516636997461319,3.0,14.0,9945.0,1.442,417152314.0
2.932687044143677,-0.488658994436264,0.7966450452804565,31.0,15.0,9946.0,3.078,417152316.0
8.529072761535645,-1.433399081230164,0.1509633213281631,2.0,1.0,9954.0,8.65,417152339.0
4.756534576416016,-0.8002386093139648,0.2527826726436615,3.0,3.0,9955.0,4.83,417152344.0
2.946992635726929,-0.4968594610691071,0.2614672183990479,3.0,5.0,9957.0,3.0,417152349.0
2.983002662658691,-0.5040016174316406,0.3714577555656433,50.0,7.0,9959.0,3.048,417152353.0
0.5774014592170715,-0.09766014665365219,-0.07190291583538055,1.0,8.0,9960.0,0.59,417152356.0
2.966367721557617,-0.5017235279083252,0.4764993786811829,53.0,9.0,9960.0,3.046,417152358.0
3.484898805618286,-0.5900521874427795,-0.3092285692691803,1.0,10.0,9961.0,3.548,417152360.0
2.969281911849976,-0.5032826066017151,0.5854020118713379,46.0,11.0,9962.0,3.068,417152362.0
2.926022052764893,-0.497001051902771,0.6852009296417236,57.0,13.0,9964.0,3.046,417152367.0
1.391808390617371,-0.2366562783718109,-0.02464279718697071,3.0,14.0,9965.0,1.412,417152369.0
2.934772253036499,-0.4995413422584534,0.7976803183555603,47.0,15.0,9966.0,3.082,417152372.0
7.660775661468506,-1.314985513687134,0.1356750130653381,5.0,1.0,9974.0,7.774,417152395.0
4.759617328643799,-0.8178518414497375,0.2530966699123383,1.0,3.0,9975.0,4.836,417152399.0
2.925605297088623,-0.5037623643875122,0.2597241103649139,3.0,5.0,9977.0,2.98,417152404.0
2.985137701034546,-0.51508629322052,0.3719452321529388,50.0,7.0,9979.0,3.052,417152408.0
2.968491554260254,-0.5127475261688232,0.4771251082420349,53.0,9.0,9980.0,3.05,417152413.0
3.541715621948242,-0.6123971343040466,-0.3144579231739044,1.0,10.0,9981.0,3.608,417152415.0
2.952031135559082,-0.5109655857086182,0.5823490619659424,46.0,11.0,9982.0,3.052,417152418.0
0.8166936635971069,-0.1415079087018967,-0.04343884438276291,1.0,12.0,9983.0,0.8300000000000001,417152420.0
2.924269437789917,-0.5072117447853088,0.6852009296417236,54.0,13.0,9984.0,3.046,417152422.0
1.363390803337097,-0.2367239445447922,-0.02415413036942482,3.0,14.0,9985.0,1.384,417152425.0
2.923582792282104,-0.507618248462677,0.7950921058654785,39.0,15.0,9985.0,3.072,417152427.0
7.404019832611084,-1.297535419464111,0.1312071979045868,6.0,1.0,9994.0,7.518,417152450.0
4.774438381195068,-0.8375669121742249,0.2540387213230133,3.0,3.0,9995.0,4.854,417152455.0
2.923829078674316,-0.5139715671539307,0.2597241103649139,3.0,5.0,9997.0,2.98,417152459.0
2.96377158164978,-0.5220595598220825,0.3695078492164612,52.0,7.0,9999.0,3.032,417152464.0
2.9608473777771,-0.5220773220062256,0.4761865139007568,59.0,9.0,10000.0,3.044,417152468.0
3.51208758354187,-0.6199078559875488,-0.312017560005188,1.0,10.0,10001.0,3.58,417152471.0
2.944429636001587,-0.5202422142028809,0.5812041759490967,44.0,11.0,10002.0,3.046,417152473.0
0.78866046667099,-0.1394879370927811,-0.04197343811392784,1.0,12.0,10003.0,0.802,417152475.0
2.907130002975464,-0.5146983861923218,0.6816017031669617,57.0,13.0,10004.0,3.03,417152478.0
1.336959004402161,-0.2369451224803925,-0.02370036765933037,3.0,14.0,10005.0,1.358,417152480.0
2.915996074676514,-0.5173179507255554,0.7935391664505005,57.0,15.0,10006.0,3.066,417152482.0
6.566786289215088,-1.174453377723694,0.1164424568414688,7.0,1.0,10014.0,6.672,417152505.0
4.804757595062256,-0.8610498309135437,0.2558181583881378,4.0,3.0,10016.0,4.888,417152510.0
2.933783769607544,-0.5262852907180786,0.2607699930667877,3.0,5.0,10017.0,2.992,417152514.0
2.956069707870483,-0.5313482880592346,0.3687766194343567,53.0,7.0,10019.0,3.026,417152519.0
2.947342157363892,-0.5303105711936951,0.4743092954158783,57.0,9.0,10020.0,3.032,417152524.0
3.521667242050171,-0.6342825293540955,-0.3130634427070618,1.0,10.0,10021.0,3.592,417152526.0
2.93873143196106,-0.5298203229904175,0.5804409384727478,44.0,11.0,10022.0,3.042,417152528.0
0.7724447250366211,-0.1394023299217224,-0.04113605991005898,1.0,12.0,10023.0,0.786,417152531.0
2.897644758224487,-0.5234572887420654,0.6798020601272583,55.0,13.0,10024.0,3.022,417152533.0
1.302671432495117,-0.2355613708496094,-0.02310698665678501,3.0,14.0,10025.0,1.324,417152535.0
2.883848428726196,-0.5214847326278687,0.7852569818496704,46.0,15.0,10025.0,3.034,417152538.0
6.448547840118408,-1.176550984382629,0.1144179776310921,3.0,1.0,10034.0,6.556,417152561.0
4.821369647979736,-0.8814080357551575,0.2568648755550385,6.0,3.0,10036.0,4.908,417152565.0
2.916249990463257,-0.5336537957191467,0.2593754827976227,3.0,5.0,10037.0,2.976,417152570.0
2.950291872024536,-0.540947675704956,0.3682891428470612,53.0,7.0,10039.0,3.022,417152574.0
2.9317786693573,-0.5386109948158264,0.4721192121505737,53.0,9.0,10041.0,3.018,417152579.0
3.527270317077637,-0.6480116248130798,-0.3137606680393219,1.0,10.0,10041.0,3.6,417152581.0
2.936864137649536,-0.5400751829147339,0.5804409384727478,44.0,11.0,10042.0,3.042,417152584.0
0.7699891328811646,-0.14173623919487,-0.04103139042854309,1.0,12.0,10043.0,0.784,417152586.0
2.88430118560791,-0.5314500331878662,0.6771026849746704,55.0,13.0,10044.0,3.01,417152588.0
1.28217601776123,-0.2364801168441772,-0.02275793813169003,3.0,14.0,10045.0,1.304,417152591.0
2.876218318939209,-0.5309988856315613,0.7837040424346924,45.0,15.0,10046.0,3.028,417152593.0
5.011220455169678,-0.9323939085006714,0.08897236734628677,3.0,1.0,10054.0,5.098,417152616.0
4.814336776733398,-0.8975003361701965,0.2566555440425873,6.0,3.0,10056.0,4.904,417152620.0
2.898700714111328,-0.5409063696861267,0.25798100233078,3.0,5.0,10057.0,2.96,417152625.0
2.944483280181885,-0.5505131483078003,0.3678016662597656,55.0,7.0,10059.0,3.018,417152630.0
2.926093101501465,-0.5476034283638,0.4714934825897217,53.0,9.0,10060.0,3.014,417152634.0
3.583736419677734,-0.6713254451751709,-0.318990021944046,1.0,10.0,10061.0,3.66,417152637.0
2.923383235931396,-0.5481525659561157,0.578151285648346,50.0,11.0,10062.0,3.03,417152639.0
0.7380819320678711,-0.1385283172130585,-0.03935663774609566,1.0,12.0,10063.0,0.752,417152641.0
2.878597974777222,-0.5407952666282654,0.6762028932571411,55.0,13.0,10064.0,3.006,417152644.0
1.25382924079895,-0.2357804328203201,-0.02226927131414413,3.0,14.0,10065.0,1.276,417152646.0
2.866847515106201,-0.5391057729721069,0.7816334962844849,49.0,15.0,10065.0,3.02,417152648.0
4.32030200958252,-0.819453775882721,0.07675568014383316,2.0,1.0,10074.0,4.398,417152671.0
4.820985317230225,-0.9161643981933594,0.2571789026260376,4.0,3.0,10076.0,4.914,417152676.0
2.888965845108032,-0.5495321750640869,0.2572837471961975,3.0,5.0,10077.0,2.952,417152680.0
2.93864369392395,-0.5600447058677673,0.3673141896724701,53.0,7.0,10079.0,3.014,417152685.0
2.918245315551758,-0.5572129487991333,0.4705548584461212,59.0,9.0,10081.0,3.008,417152690.0
3.53440260887146,-0.6748626828193665,-0.3148065507411957,1.0,10.0,10081.0,3.612,417152692.0
2.909882068634033,-0.5561424493789673,0.5758615732192993,50.0,11.0,10082.0,3.018,417152694.0
0.7395555973052979,-0.1414791345596313,-0.03946131095290184,1.0,12.0,10083.0,0.754,417152696.0
2.876692771911621,-0.5508401393890381,0.6762028932571411,57.0,13.0,10084.0,3.006,417152699.0
1.22943115234375,-0.2356386482715607,-0.02185041271150112,3.0,14.0,10085.0,1.252,417152701.0
2.851571559906006,-0.5470618009567261,0.7780100703239441,46.0,15.0,10086.0,3.006,417152703.0
4.109299659729004,-0.7943019866943359,0.07305577397346497,1.0,1.0,10094.0,4.186,417152726.0
4.851091861724854,-0.9394425749778748,0.2589583098888397,1.0,3.0,10096.0,4.948,417152731.0
2.883117914199829,-0.558854877948761,0.2569351196289062,4.0,5.0,10097.0,2.948,417152736.0
2.924978733062744,-0.568028450012207,0.3658517599105835,55.0,7.0,10099.0,3.002,417152740.0
2.918320655822754,-0.5672640800476074,0.4708677530288696,61.0,9.0,10100.0,3.01,417152745.0
3.481176614761353,-0.6773027777671814,-0.3102744519710541,1.0,10.0,10101.0,3.56,417152747.0
2.900214672088623,-0.5647953152656555,0.5743350982666016,52.0,11.0,10102.0,3.01,417152749.0
0.7037706971168518,-0.1371816098690033,-0.03757721558213234,1.0,12.0,10103.0,0.718,417152752.0
2.859451055526733,-0.557892918586731,0.6726036667823792,55.0,13.0,10104.0,2.99,417152754.0
1.203087091445923,-0.2349461764097214,-0.02139665000140667,3.0,14.0,10105.0,1.226,417152756.0
2.845949649810791,-0.5557743906974792,0.7769747972488403,46.0,15.0,10105.0,3.002,417152759.0
3.845553636550903,-0.757256031036377,0.06841343641281128,3.0,1.0,10114.0,3.92,417152782.0
4.871296882629395,-0.96100914478302,0.2602143883705139,3.0,3.0,10116.0,4.972,417152786.0
2.875285863876343,-0.5677575469017029,0.2564122080802917,4.0,5.0,10117.0,2.942,417152791.0
2.915188550949097,-0.5766941905021667,0.3648768067359924,56.0,7.0,10119.0,2.994,417152796.0
2.906533479690552,-0.5760363340377808,0.4693033993244171,57.0,9.0,10121.0,3.0,417152800.0
3.549148797988892,-0.7033941149711609,-0.3165496587753296,1.0,10.0,10121.0,3.632,417152802.0
2.894374132156372,-0.5741515159606934,0.5735718607902527,50.0,11.0,10122.0,3.006,417152805.0
0.707205593585968,-0.1404153257608414,-0.03778656199574471,1.0,12.0,10123.0,0.722,417152807.0
2.847929239273071,-0.5659716725349426,0.6703541278839111,59.0,13.0,10124.0,2.98,417152809.0
1.163034200668335,-0.2313418835401535,-0.02069855481386185,2.0,14.0,10125.0,1.186,417152812.0
2.853366851806641,-0.5680876970291138,0.7795629501342773,54.0,15.0,10126.0,3.012,417152814.0
3.517663955688477,-0.7041756510734558,0.06261923164129257,2.0,1.0,10132.0,3.588,417152837.0
4.872170448303223,-0.9770933985710144,0.2604237198829651,3.0,3.0,10134.0,4.976,417152842.0
2.867627620697021,-0.575611412525177,0.2558892667293549,4.0,5.0,10135.0,2.936,417152846.0
2.909470319747925,-0.5850669145584106,0.3643893301486969,65.0,7.0,10137.0,2.99,417152851.0
2.887382507324219,-0.581149697303772,0.4664875864982605,55.0,9.0,10138.0,2.982,417152855.0
2.888706922531128,-0.5824655294418335,0.5728086233139038,50.0,11.0,10140.0,3.002,417152860.0
0.695014238357544,-0.1402656883001328,-0.0371585302054882,1.0,12.0,10141.0,0.71,417152862.0
2.832766056060791,-0.5722149610519409,0.6672048568725586,57.0,13.0,10142.0,2.966,417152865.0
1.138781189918518,-0.230239138007164,-0.02027969621121883,2.0,14.0,10143.0,1.162,417152867.0
2.840307474136353,-0.5742542743682861,0.7764571309089661,48.0,15.0,10143.0,3.0,417152869.0
3.325121641159058,-0.6777124404907227,0.05923346802592278,3.0,1.0,10152.0,3.394,417152892.0
3.647633790969849,-0.7447717785835266,0.1951084434986115,1.0,3.0,10154.0,3.728,417152897.0
2.85193657875061,-0.5828253030776978,0.2546690702438354,5.0,5.0,10155.0,2.922,417152902.0
2.903520822525024,-0.5944230556488037,0.3639018535614014,61.0,7.0,10157.0,2.986,417152906.0
3.486822843551636,-0.7144736051559448,-0.4370234608650208,1.0,8.0,10158.0,3.586,417152908.0
2.885233163833618,-0.5917285680770874,0.4664875864982605,53.0,9.0,10159.0,2.982,417152911.0
2.877040386199951,-0.5905715823173523,0.5709004998207092,54.0,11.0,10160.0,2.992,417152915.0
0.6984331607818604,-0.1434947848320007,-0.03736787289381027,1.0,12.0,10161.0,0.714,417152918.0
2.838386535644531,-0.5836697220802307,0.6690044403076172,57.0,13.0,10162.0,2.974,417152920.0
1.124260067939758,-0.2313909828662872,-0.02003536187112331,2.0,14.0,10163.0,1.148,417152922.0
2.826830863952637,-0.5823220014572144,0.7733513116836548,53.0,15.0,10164.0,2.988,417152925.0
3.066236972808838,-0.6361034512519836,0.05466093868017197,3.0,1.0,10172.0,3.132,417152948.0
2.838181018829346,-0.5903424620628357,0.2536232173442841,6.0,5.0,10175.0,2.91,417152957.0
2.880051136016846,-0.6001003980636597,0.3612207472324371,60.0,7.0,10177.0,2.964,417152961.0
2.879387617111206,-0.6004865169525146,0.4658618271350861,55.0,9.0,10178.0,2.978,417152966.0
0.5500004291534424,-0.1148008927702904,-0.04915583878755569,1.0,10.0,10179.0,0.5640000000000001,417152968.0
2.861509084701538,-0.5978003740310669,0.5682291984558105,55.0,11.0,10180.0,2.978,417152971.0
0.7213878035545349,-0.150837168097496,-0.03862393647432327,1.0,12.0,10181.0,0.738,417152973.0
2.830609798431396,-0.5923764705657959,0.6676547527313232,59.0,13.0,10182.0,2.968,417152975.0
1.123445510864258,-0.2353139817714691,-0.02003536187112331,2.0,14.0,10183.0,1.148,417152978.0
2.817321062088013,-0.5901086926460266,0.7712807655334473,53.0,15.0,10183.0,2.98,417152980.0
2.874209880828857,-0.6067389249801636,0.05127517133951187,3.0,1.0,10192.0,2.938,417153003.0
2.843899726867676,-0.6018961668014526,0.2543204426765442,6.0,5.0,10195.0,2.918,417153012.0
2.875997066497803,-0.609738290309906,0.3609769940376282,61.0,7.0,10197.0,2.962,417153017.0
2.873409271240234,-0.6097137331962585,0.465236097574234,55.0,9.0,10198.0,2.974,417153021.0
3.176744699478149,-0.674658477306366,-0.2841277122497559,1.0,10.0,10199.0,3.26,417153024.0
2.851723432540894,-0.6061525344848633,0.5667027235031128,61.0,11.0,10200.0,2.97,417153026.0
0.6974143981933594,-0.1483672261238098,-0.03736787289381027,1.0,12.0,10201.0,0.714,417153028.0
2.813276529312134,-0.5990068316459656,0.6640555262565613,59.0,13.0,10202.0,2.952,417153031.0
1.085457563400269,-0.2313152104616165,-0.01937217079102993,2.0,14.0,10203.0,1.11,417153033.0
2.81524395942688,-0.5999394059181213,0.7712807655334473,49.0,15.0,10203.0,2.98,417153035.0
2.700023651123047,-0.5798208117485046,0.04820354655385017,3.0,1.0,10212.0,2.762,417153058.0
2.870997905731201,-0.6181096434593201,0.2569351196289062,7.0,5.0,10215.0,2.948,417153067.0
2.869970083236694,-0.6189367175102234,0.3604895174503326,61.0,7.0,10217.0,2.958,417153072.0
3.091068506240845,-0.6671833395957947,-0.3882757425308228,1.0,8.0,10218.0,3.186,417153074.0
2.865362644195557,-0.618989884853363,0.4642975032329559,59.0,9.0,10219.0,2.968,417153077.0
2.857265949249268,-0.6177627444267273,0.5682291984558105,58.0,11.0,10220.0,2.978,417153081.0
0.6695631146430969,-0.1448870003223419,-0.0359024666249752,1.0,12.0,10221.0,0.686,417153084.0
2.797836303710938,-0.6059359908103943,0.660906195640564,53.0,13.0,10222.0,2.938,417153086.0
1.047511458396912,-0.2270541787147522,-0.01870897971093655,2.0,14.0,10223.0,1.072,417153088.0
2.815020561218262,-0.6101720333099365,0.7717983722686768,56.0,15.0,10223.0,2.982,417153090.0
2.545598983764648,-0.5559612512588501,0.04548097029328346,3.0,1.0,10232.0,2.606,417153114.0
2.956405639648438,-0.6473037600517273,0.2647791504859924,9.0,5.0,10235.0,3.038,417153123.0
2.856158018112183,-0.6263995170593262,0.359027087688446,63.0,7.0,10237.0,2.946,417153127.0
2.849678993225098,-0.626021146774292,0.4621074199676514,63.0,9.0,10239.0,2.954,417153132.0
2.847422361373901,-0.6260464191436768,0.5667027235031128,58.0,11.0,10240.0,2.97,417153137.0
0.6807568669319153,-0.1497986614704132,-0.0365304984152317,1.0,12.0,10241.0,0.6980000000000001,417153139.0
2.793801069259644,-0.6152794361114502,0.6604562997817993,63.0,13.0,10242.0,2.936,417153141.0
1.027184367179871,-0.2264050245285034,-0.01835993118584156,2.0,14.0,10243.0,1.052,417153143.0
2.801446437835693,-0.6179885864257812,0.7686925530433655,56.0,15.0,10244.0,2.97,417153146.0
2.447892904281616,-0.5440296530723572,0.04377063363790512,2.0,1.0,10253.0,2.508,417153169.0
3.04152512550354,-0.6776322722434998,0.2726231515407562,11.0,5.0,10256.0,3.128,417153178.0
2.855780601501465,-0.6372960209846497,0.3592708110809326,60.0,7.0,10258.0,2.948,417153183.0
2.843509674072266,-0.6355997323989868,0.4614816606044769,63.0,9.0,10260.0,2.95,417153187.0
2.833613157272339,-0.633906900882721,0.5644130110740662,60.0,11.0,10261.0,2.958,417153192.0
0.6217330694198608,-0.1392016857862473,-0.0333903394639492,1.0,12.0,10262.0,0.638,417153194.0
2.791527271270752,-0.6255151033401489,0.6604562997817993,61.0,13.0,10263.0,2.936,417153196.0
0.989274263381958,-0.2218542546033859,-0.01769674010574818,2.0,14.0,10264.0,1.014,417153199.0
2.787961959838867,-0.6252272725105286,0.7655867338180542,61.0,15.0,10264.0,2.958,417153201.0
2.268479824066162,-0.5124722123146057,0.04059429839253426,2.0,1.0,10273.0,2.326,417153224.0
3.072175264358521,-0.6957259774208069,0.2755864560604095,10.0,5.0,10276.0,3.162,417153233.0
2.841922998428345,-0.6446259617805481,0.357808381319046,58.0,7.0,10278.0,2.936,417153238.0
2.848978996276855,-0.6472721099853516,0.4627331495285034,61.0,9.0,10280.0,2.958,417153243.0
2.816068172454834,-0.6403118371963501,0.5613600611686707,58.0,11.0,10281.0,2.942,417153247.0
0.6601927876472473,-0.1502344906330109,-0.03548377752304077,1.0,12.0,10282.0,0.678,417153249.0
2.779826402664185,-0.6330918669700623,0.6582067608833313,57.0,13.0,10283.0,2.926,417153252.0
0.9767956137657166,-0.2226397693157196,-0.01748731173574924,2.0,14.0,10284.0,1.002,417153254.0
2.781995534896851,-0.634096622467041,0.7645514607429504,61.0,15.0,10284.0,2.954,417153256.0
2.130247592926025,-0.4890658855438232,0.03815095871686935,2.0,1.0,10293.0,2.186,417153279.0
3.091086149215698,-0.7113608121871948,0.2775038778781891,12.0,5.0,10296.0,3.184,417153289.0
2.828049421310425,-0.6518669128417969,0.3563459515571594,50.0,7.0,10298.0,2.924,417153293.0
2.84296727180481,-0.655828058719635,0.4621074199676514,63.0,9.0,10299.0,2.954,417153298.0
2.813815832138062,-0.6501379013061523,0.5613600611686707,60.0,11.0,10301.0,2.942,417153302.0
0.6129624247550964,-0.1417389214038849,-0.03297165408730507,1.0,12.0,10302.0,0.63,417153305.0
2.768106698989868,-0.6405946016311646,0.6559572815895081,59.0,13.0,10303.0,2.916,417153307.0
0.9799087643623352,-0.2269504517316818,-0.01755711995065212,2.0,14.0,10304.0,1.006,417153309.0
2.78541111946106,-0.6451113820075989,0.7661044001579285,54.0,15.0,10304.0,2.96,417153312.0
2.062315225601196,-0.4810542464256287,0.03696419671177864,2.0,1.0,10313.0,2.118,417153335.0
3.183779239654541,-0.7438180446624756,0.1713479161262512,3.0,3.0,10315.0,3.274,417153339.0
3.088584184646606,-0.7221463918685913,0.2775038778781891,12.0,5.0,10316.0,3.184,417153344.0
2.827689409255981,-0.6621873378753662,0.3565897047519684,44.0,7.0,10318.0,2.926,417153348.0
2.823235750198364,-0.662183940410614,0.4592915773391724,65.0,9.0,10320.0,2.936,417153353.0
2.803884029388428,-0.6581614017486572,0.5598335862159729,60.0,11.0,10321.0,2.934,417153358.0
0.6591278910636902,-0.1548397988080978,-0.03548377752304077,1.0,12.0,10322.0,0.678,417153360.0
2.756368637084961,-0.648023247718811,0.65370774269104,55.0,13.0,10323.0,2.906,417153362.0
0.9615917205810547,-0.2262476682662964,-0.01724297739565372,2.0,14.0,10324.0,0.988,417153365.0
2.77362585067749,-0.6531022191047668,0.7635161876678467,58.0,15.0,10325.0,2.95,417153367.0
1.992602229118347,-0.4717656970024109,0.03574252873659134,1.0,1.0,10332.0,2.048,417153390.0
3.187257051467896,-0.7551980018615723,0.1716619431972504,3.0,3.0,10333.0,3.28,417153395.0
3.066787004470825,-0.7277841567993164,0.2757607698440552,14.0,5.0,10335.0,3.164,417153399.0
2.813890218734741,-0.6688064336776733,0.3551272749900818,30.0,7.0,10337.0,2.914,417153404.0
2.805650949478149,-0.6678828597068787,0.4567886292934418,68.0,9.0,10339.0,2.92,417153408.0
2.80168604850769,-0.667455792427063,0.5598335862159729,60.0,11.0,10340.0,2.934,417153413.0
0.6197546720504761,-0.1477607041597366,-0.0333903394639492,1.0,12.0,10341.0,0.638,417153415.0
2.750413417816162,-0.6562555432319641,0.6528079509735107,57.0,13.0,10342.0,2.902,417153418.0
0.955001175403595,-0.2280418425798416,-0.01713826321065426,2.0,14.0,10343.0,0.982,417153420.0
2.764044284820557,-0.6600178480148315,0.7614456415176392,58.0,15.0,10343.0,2.942,417153422.0
1.920949220657349,-0.4618883430957794,0.03448595479130745,1.0,1.0,10352.0,1.976,417153445.0
3.178776025772095,-0.7649171948432922,0.1713479161262512,5.0,3.0,10353.0,3.274,417153450.0
3.054543256759644,-0.7361507415771484,0.274889200925827,18.0,5.0,10355.0,3.154,417153454.0
2.805749654769897,-0.6772273778915405,0.3543960452079773,21.0,7.0,10357.0,2.908,417153459.0
2.807142496109009,-0.6786006689071655,0.4574143886566162,68.0,9.0,10359.0,2.924,417153464.0
2.780257225036621,-0.6726149916648865,0.5560173988342285,58.0,11.0,10360.0,2.914,417153468.0
0.619235098361969,-0.1499231457710266,-0.0333903394639492,1.0,12.0,10361.0,0.638,417153471.0
2.757575750350952,-0.6681467890739441,0.6550574898719788,59.0,13.0,10362.0,2.912,417153473.0
0.9269919991493225,-0.2247768193483353,-0.01664959639310837,3.0,14.0,10363.0,0.9540000000000001,417153475.0
2.7467041015625,-0.6660201549530029,0.7573045492172241,61.0,15.0,10363.0,2.926,417153477.0
1.88427746295929,-0.4603826999664307,0.03385766968131065,1.0,1.0,10373.0,1.94,417153500.0
3.166115522384644,-0.7747435569763184,0.1708245575428009,4.0,3.0,10375.0,3.264,417153505.0
3.055695056915283,-0.7482890486717224,0.2752378284931183,25.0,5.0,10376.0,3.158,417153510.0
2.760833501815796,-0.6771039962768555,0.3490338027477264,15.0,7.0,10378.0,2.864,417153514.0
3.071102857589722,-0.7537668943405151,-0.3882757425308228,1.0,8.0,10379.0,3.186,417153517.0
2.808593511581421,-0.6893370151519775,0.4580401182174683,65.0,9.0,10379.0,2.928,417153519.0
2.777773141860962,-0.6828006505966187,0.5560173988342285,55.0,11.0,10381.0,2.914,417153524.0
0.6206209063529968,-0.1526688486337662,-0.03349501267075539,1.0,12.0,10382.0,0.64,417153526.0
2.747539281845093,-0.6763859987258911,0.6532578468322754,59.0,13.0,10383.0,2.904,417153528.0
0.9281035661697388,-0.2286512553691864,-0.01668450050055981,2.0,14.0,10384.0,0.9560000000000001,417153530.0
2.74037504196167,-0.6756369471549988,0.7562692761421204,58.0,15.0,10385.0,2.922,417153533.0
1.859368324279785,-0.4611804485321045,0.03343880921602249,1.0,1.0,10393.0,1.916,417153556.0
3.146083116531372,-0.7809081077575684,0.169882521033287,4.0,3.0,10394.0,3.246,417153560.0
3.078200340270996,-0.7651993632316589,0.2775038778781891,11.0,5.0,10396.0,3.184,417153565.0
2.729558706283569,-0.6795434951782227,0.3453777134418488,15.0,7.0,10398.0,2.834,417153570.0
2.804131507873535,-0.6991484761238098,0.4577272534370422,74.0,9.0,10400.0,2.926,417153574.0
2.76775336265564,-0.69059157371521,0.5544909238815308,55.0,11.0,10401.0,2.906,417153579.0
0.6239597201347351,-0.155801996588707,-0.03370435535907745,1.0,12.0,10402.0,0.644,417153581.0
2.735708475112915,-0.6836103796958923,0.6510083675384521,53.0,13.0,10403.0,2.894,417153583.0
0.9311797022819519,-0.2328597903251648,-0.01675431057810783,2.0,14.0,10404.0,0.96,417153586.0
2.736125946044922,-0.6847295165061951,0.7557516098022461,65.0,15.0,10405.0,2.92,417153588.0
1.824780821800232,-0.4593691527843475,0.03284543007612228,1.0,1.0,10413.0,1.882,417153611.0
3.131717443466187,-0.7889577746391296,0.16925448179245,4.0,3.0,10414.0,3.234,417153616.0
3.108352184295654,-0.7842254042625427,0.2804671823978424,9.0,5.0,10416.0,3.218,417153620.0
2.727169990539551,-0.6890673041343689,0.3453777134418488,15.0,7.0,10418.0,2.834,417153625.0
2.969539642333984,-0.7508575916290283,-0.3760887980461121,1.0,8.0,10419.0,3.086,417153627.0
2.786476850509644,-0.7045695781707764,0.4552243053913116,74.0,9.0,10419.0,2.91,417153630.0
2.76151967048645,-0.6992847323417664,0.5537276864051819,54.0,11.0,10421.0,2.902,417153634.0
0.6117957234382629,-0.1550353616476059,-0.03307632356882095,1.0,12.0,10422.0,0.632,417153636.0
2.725749731063843,-0.6912395358085632,0.6492087244987488,54.0,13.0,10423.0,2.886,417153639.0
0.8799666166305542,-0.2233195751905441,-0.01584678515791893,2.0,14.0,10424.0,0.908,417153641.0
2.728101968765259,-0.6928496360778809,0.7541986703872681,69.0,15.0,10425.0,2.914,417153643.0
1.817353844642639,-0.4642511904239655,0.03274071589112282,1.0,1.0,10433.0,1.876,417153666.0
3.136684656143188,-0.8018633723258972,0.1696731746196747,4.0,3.0,10434.0,3.242,417153671.0
3.113316297531128,-0.7970473766326904,0.2811644375324249,6.0,5.0,10436.0,3.226,417153676.0
2.722825288772583,-0.6980896592140198,0.3451339900493622,12.0,7.0,10438.0,2.832,417153680.0
2.76295280456543,-0.708891749382019,0.4517827332019806,68.0,9.0,10439.0,2.888,417153685.0
2.762864828109741,-0.7098971605300903,0.5544909238815308,60.0,11.0,10441.0,2.906,417153689.0
0.6015791296958923,-0.1546831130981445,-0.03255296498537064,1.0,12.0,10442.0,0.622,417153692.0
2.719545841217041,-0.69977867603302,0.6483089327812195,55.0,13.0,10443.0,2.882,417153694.0
0.8598164916038513,-0.2214033007621765,-0.01549773663282394,2.0,14.0,10444.0,0.888,417153696.0
2.714442253112793,-0.6994758248329163,0.7510928511619568,69.0,15.0,10445.0,2.902,417153699.0
3.138016939163208,-0.8127151131629944,0.169882521033287,3.0,3.0,10452.0,3.246,417153726.0
2.714854717254639,-0.7051430940628052,0.3444027602672577,13.0,7.0,10456.0,2.826,417153735.0
2.991392135620117,-0.7775269746780396,-0.3795011341571808,1.0,8.0,10457.0,3.114,417153738.0
2.762624025344849,-0.7180652618408203,0.4520955979824066,74.0,9.0,10457.0,2.89,417153740.0
2.749221324920654,-0.715606153011322,0.5522012114524841,55.0,11.0,10459.0,2.894,417153745.0
0.612686812877655,-0.1595929563045502,-0.03318099677562714,1.0,12.0,10460.0,0.634,417153747.0
2.709790945053101,-0.7063527703285217,0.6465093493461609,55.0,13.0,10461.0,2.874,417153749.0
0.8513768911361694,-0.2220844477415085,-0.01535811740905046,2.0,14.0,10462.0,0.88,417153752.0
2.699269771575928,-0.7041133642196655,0.747469425201416,65.0,15.0,10462.0,2.888,417153754.0
5.58456563949585,-1.467167139053345,0.3026064932346344,3.0,3.0,10472.0,5.782,417153782.0
3.158058881759644,-0.8308581709861755,0.2856965363025665,18.0,5.0,10474.0,3.278,417153786.0
2.704698324203491,-0.7125924825668335,0.3434278070926666,10.0,7.0,10476.0,2.818,417153791.0
2.934913873672485,-0.7737939357757568,-0.3726764619350433,1.0,8.0,10477.0,3.058,417153793.0
2.762010812759399,-0.7282078266143799,0.4524084627628326,71.0,9.0,10477.0,2.892,417153795.0
2.735317468643188,-0.722191333770752,0.5499114990234375,58.0,11.0,10479.0,2.882,417153800.0
0.6198499798774719,-0.1637714207172394,-0.03359968215227127,1.0,12.0,10480.0,0.642,417153802.0
2.711076974868774,-0.7168036699295044,0.6474091410636902,54.0,13.0,10481.0,2.878,417153805.0
0.8447969555854797,-0.2235204875469208,-0.015253403224051,2.0,14.0,10482.0,0.874,417153807.0
2.692935943603516,-0.7130130529403687,0.7464341521263123,65.0,15.0,10483.0,2.884,417153809.0
5.61774730682373,-1.497917175292969,0.3046999275684357,3.0,3.0,10493.0,5.822,417153837.0
3.905904769897461,-1.042201399803162,0.3536780178546906,17.0,5.0,10494.0,4.058,417153841.0
2.70411229133606,-0.7225416898727417,0.3436715602874756,11.0,7.0,10496.0,2.82,417153846.0
2.932194948196411,-0.7840339541435242,-0.3726764619350433,1.0,8.0,10497.0,3.058,417153848.0
2.767085552215576,-0.739885687828064,0.4536599516868591,77.0,9.0,10497.0,2.9,417153851.0
0.5427598357200623,-0.1452290117740631,-0.04915583878755569,1.0,10.0,10498.0,0.5640000000000001,417153853.0
2.732779741287231,-0.7317349314689636,0.5499114990234375,57.0,11.0,10499.0,2.882,417153855.0
0.599982500076294,-0.1607648283243179,-0.03255296498537064,1.0,12.0,10500.0,0.622,417153858.0
2.691617965698242,-0.7217203974723816,0.6433600187301636,59.0,13.0,10501.0,2.86,417153860.0
0.8073154091835022,-0.2166215926408768,-0.01459021214395761,2.0,14.0,10502.0,0.836,417153862.0
2.690556764602661,-0.721939206123352,0.7464341521263123,65.0,15.0,10502.0,2.884,417153865.0
5.643332958221436,-1.525858521461487,0.3063746988773346,3.0,3.0,10513.0,5.854,417153892.0
3.925321817398071,-1.062073588371277,0.3557697534561157,6.0,5.0,10514.0,4.082,417153897.0
2.686245679855347,-0.7278233766555786,0.3417216241359711,12.0,7.0,10516.0,2.804,417153901.0
2.898785591125488,-0.7859529852867126,-0.3687766194343567,1.0,8.0,10517.0,3.026,417153904.0
2.743384122848511,-0.7443327307701111,0.4502183794975281,74.0,9.0,10518.0,2.878,417153906.0
2.726419448852539,-0.7402408719062805,0.5491482615470886,60.0,11.0,10519.0,2.878,417153911.0
0.5801437497138977,-0.1576215773820877,-0.0315062440931797,1.0,12.0,10520.0,0.602,417153913.0
2.68532133102417,-0.7300889492034912,0.6424602270126343,59.0,13.0,10521.0,2.856,417153915.0
0.785329282283783,-0.213663637638092,-0.01420625858008862,2.0,14.0,10522.0,0.8140000000000001,417153918.0
2.693484783172607,-0.7333182096481323,0.7479870319366455,69.0,15.0,10523.0,2.89,417153920.0
5.767027378082275,-1.580926179885864,0.3133876919746399,3.0,3.0,10533.0,5.988,417153947.0
7.187981605529785,-1.971804022789001,0.6520992517471313,2.0,5.0,10534.0,7.482,417153952.0
2.685602903366089,-0.7377215027809143,0.34196537733078,10.0,7.0,10536.0,2.806,417153957.0
2.907509088516235,-0.799223780632019,-0.3702390789985657,1.0,8.0,10537.0,3.038,417153959.0
2.727567672729492,-0.7497609853744507,0.4480282962322235,77.0,9.0,10537.0,2.864,417153961.0
2.723819017410278,-0.7497532963752747,0.5491482615470886,57.0,11.0,10539.0,2.878,417153966.0
0.5872922539710999,-0.1617672294378281,-0.03192493319511414,1.0,12.0,10540.0,0.61,417153968.0
2.678999185562134,-0.7384223937988281,0.641560435295105,59.0,13.0,10541.0,2.852,417153971.0
0.7787954807281494,-0.2148085236549377,-0.01410154439508915,2.0,14.0,10542.0,0.808,417153973.0
2.679864168167114,-0.7391641139984131,0.7448812127113342,69.0,15.0,10542.0,2.878,417153975.0
5.821128368377686,-1.617624521255493,0.3166325390338898,3.0,3.0,10553.0,6.05,417154003.0
7.161859512329102,-1.991544842720032,0.6503561735153198,2.0,5.0,10554.0,7.462,417154007.0
2.681098937988281,-0.7465590238571167,0.3417216241359711,11.0,7.0,10556.0,2.804,417154012.0
2.893228054046631,-0.8061710000038147,-0.3687766194343567,1.0,8.0,10557.0,3.026,417154014.0
2.734315156936646,-0.7624057531356812,0.449592649936676,80.0,9.0,10558.0,2.874,417154017.0
2.713621139526367,-0.7571461200714111,0.5476218461990356,57.0,11.0,10559.0,2.87,417154021.0
0.6021134853363037,-0.1681130975484848,-0.0327623076736927,1.0,12.0,10560.0,0.626,417154023.0
2.676405191421509,-0.7477693557739258,0.641560435295105,61.0,13.0,10561.0,2.852,417154026.0
0.7645600438117981,-0.2137567102909088,-0.0138572109863162,1.0,14.0,10562.0,0.794,417154028.0
2.658532857894897,-0.7437764406204224,0.7397048473358154,58.0,15.0,10563.0,2.858,417154030.0
14.02435684204102,-3.94999361038208,0.7635815739631653,2.0,3.0,10573.0,14.59,417154058.0
15.07104682922363,-4.247635364532471,1.369913935661316,7.0,5.0,10574.0,15.718,417154063.0
2.661282539367676,-0.7510607242584229,0.3395279943943024,11.0,7.0,10576.0,2.786,417154067.0
2.890396356582642,-0.816265344619751,-0.3687766194343567,1.0,8.0,10577.0,3.026,417154070.0
2.718464851379395,-0.7677108645439148,0.4474025666713715,77.0,9.0,10577.0,2.86,417154072.0
2.703405141830444,-0.7644769549369812,0.5460953712463379,60.0,11.0,10579.0,2.862,417154076.0
0.636115312576294,-0.1800024956464767,-0.0346464030444622,1.0,12.0,10580.0,0.662,417154079.0
2.673778772354126,-0.7571071982383728,0.641560435295105,61.0,13.0,10581.0,2.852,417154081.0
0.7464936375617981,-0.2115178853273392,-0.01354306749999523,1.0,14.0,10582.0,0.776,417154083.0
2.661628007888794,-0.7541683316230774,0.7412577271461487,73.0,15.0,10582.0,2.864,417154086.0
11.22759246826172,-3.204620599746704,0.6119120121002197,1.0,3.0,10593.0,11.692,417154113.0
15.04846477508545,-4.298028469085693,1.369216680526733,5.0,5.0,10594.0,15.71,417154118.0
2.641467332839966,-0.7554332613945007,0.3373343348503113,10.0,7.0,10596.0,2.768,417154123.0
2.887529373168945,-0.8263497352600098,-0.3687766194343567,1.0,8.0,10597.0,3.026,417154125.0
2.715632677078247,-0.777669370174408,0.4474025666713715,77.0,9.0,10598.0,2.86,417154127.0
2.696945428848267,-0.7728272676467896,0.545332133769989,60.0,11.0,10599.0,2.858,417154132.0
0.5778864622116089,-0.1657062768936157,-0.0315062440931797,1.0,12.0,10600.0,0.602,417154134.0
2.652388095855713,-0.7610610723495483,0.637061357498169,63.0,13.0,10601.0,2.832,417154136.0
0.7457507848739624,-0.2141223400831223,-0.01354306749999523,1.0,14.0,10602.0,0.776,417154139.0
2.649562120437622,-0.7612513303756714,0.7386695742607117,61.0,15.0,10603.0,2.854,417154141.0
10.10736751556396,-2.923075675964355,0.5514116287231445,2.0,3.0,10613.0,10.536,417154169.0
15.01997375488281,-4.346654415130615,1.367996573448181,3.0,5.0,10614.0,15.696,417154173.0
2.648347616195679,-0.7674115896224976,0.3385530412197113,10.0,7.0,10616.0,2.778,417154178.0
2.899879693984985,-0.8408466577529907,-0.3707265555858612,1.0,8.0,10617.0,3.042,417154180.0
2.707347393035889,-0.785020112991333,0.4464639723300934,80.0,9.0,10617.0,2.854,417154182.0
2.690460681915283,-0.7811418771743774,0.5445688962936401,60.0,11.0,10619.0,2.854,417154187.0
0.5657967925071716,-0.1643791645765305,-0.03087821416556835,1.0,12.0,10620.0,0.59,417154189.0
2.649715423583984,-0.7703149914741516,0.637061357498169,63.0,13.0,10621.0,2.832,417154192.0
0.7296379804611206,-0.2122556567192078,-0.01326382905244827,1.0,14.0,10622.0,0.76,417154194.0
2.64702320098877,-0.7700334191322327,0.7386695742607117,61.0,15.0,10622.0,2.854,417154196.0
8.324167251586914,-2.438888788223267,0.4545901119709015,3.0,3.0,10633.0,8.686,417154224.0
12.69702816009521,-3.722494840621948,1.157602548599243,5.0,5.0,10634.0,13.282,417154229.0
2.641843318939209,-0.7755330801010132,0.3380655646324158,13.0,7.0,10636.0,2.774,417154233.0
2.874071598052979,-0.8442503213882446,-0.3678016662597656,1.0,8.0,10637.0,3.018,417154235.0
2.687395095825195,-0.789924144744873,0.4436481297016144,77.0,9.0,10638.0,2.836,417154238.0
2.699018239974976,-0.7938524484634399,0.5468586087226868,58.0,11.0,10639.0,2.866,417154242.0
0.5997075438499451,-0.176503524184227,-0.0327623076736927,1.0,12.0,10640.0,0.626,417154245.0
2.635794162750244,-0.7762563228607178,0.634361982345581,61.0,13.0,10641.0,2.82,417154247.0
0.7346470355987549,-0.2164970636367798,-0.01336854323744774,3.0,14.0,10642.0,0.766,417154249.0
2.642330169677734,-0.7791836261749268,0.7381519079208374,65.0,15.0,10643.0,2.852,417154252.0
8.127119064331055,-2.41507887840271,0.4443322718143463,5.0,3.0,10655.0,8.49,417154279.0
7.058431148529053,-2.098845243453979,0.6442552208900452,2.0,5.0,10656.0,7.392,417154284.0
2.638845920562744,-0.7856712937355042,0.3380655646324158,15.0,7.0,10658.0,2.774,417154288.0
2.840369462966919,-0.8462111353874207,-0.3639018535614014,1.0,8.0,10659.0,2.986,417154291.0
2.684481859207153,-0.7997686266899109,0.4436481297016144,77.0,9.0,10659.0,2.836,417154293.0
2.677136898040771,-0.7985979914665222,0.5430424213409424,61.0,11.0,10661.0,2.846,417154298.0
0.5530937314033508,-0.1650946438312531,-0.03025018237531185,1.0,12.0,10662.0,0.578,417154300.0
2.621590852737427,-0.7830250263214111,0.6316625475883484,61.0,13.0,10663.0,2.808,417154302.0
0.7223146557807922,-0.2158805429935455,-0.01315911486744881,3.0,14.0,10664.0,0.754,417154305.0
2.624649047851562,-0.7844374179840088,0.7340108156204224,73.0,15.0,10664.0,2.836,417154307.0
7.852799415588379,-2.363424301147461,0.4297828674316406,5.0,3.0,10675.0,8.212,417154335.0
14.80036163330078,-4.457220554351807,1.352308511734009,3.0,5.0,10676.0,15.516,417154339.0
2.628485202789307,-0.7925854325294495,0.3370906114578247,16.0,7.0,10678.0,2.766,417154344.0
2.875407695770264,-0.8675891757011414,-0.3687766194343567,1.0,8.0,10679.0,3.026,417154346.0
2.676000118255615,-0.8074225187301636,0.4427095353603363,80.0,9.0,10679.0,2.83,417154348.0
2.659298181533813,-0.8033959269523621,0.5399894714355469,63.0,11.0,10681.0,2.83,417154353.0
0.5525140762329102,-0.1670242995023727,-0.03025018237531185,1.0,12.0,10682.0,0.578,417154355.0
2.626302719116211,-0.7944282293319702,0.6334621906280518,66.0,13.0,10683.0,2.816,417154358.0
0.7158148288726807,-0.2166626453399658,-0.01305439975112677,3.0,14.0,10684.0,0.748,417154360.0
2.618196725845337,-0.7924751043319702,0.7329755425453186,65.0,15.0,10684.0,2.832,417154362.0
6.024438381195068,-1.833810329437256,0.3300305306911469,3.0,3.0,10693.0,6.306,417154390.0
18.84403228759766,-5.739627838134766,1.723417639732361,15.0,5.0,10694.0,19.774,417154394.0
2.60699462890625,-0.7950485348701477,0.334653228521347,18.0,7.0,10696.0,2.746,417154399.0
2.834694623947144,-0.8650304079055786,-0.3639018535614014,1.0,8.0,10697.0,2.986,417154401.0
2.67519736289978,-0.8168689012527466,0.4430224001407623,77.0,9.0,10698.0,2.832,417154404.0
2.660516262054443,-0.8128936886787415,0.5407527089118958,63.0,11.0,10699.0,2.834,417154408.0
2.840152740478516,-0.8683218359947205,-0.1556471288204193,1.0,12.0,10700.0,2.974,417154411.0
2.612612962722778,-0.7992545962333679,0.6307627558708191,68.0,13.0,10701.0,2.804,417154413.0
0.701745867729187,-0.2148131132125854,-0.01281006634235382,3.0,14.0,10702.0,0.734,417154415.0
2.619388580322266,-0.8018273711204529,0.7340108156204224,73.0,15.0,10702.0,2.836,417154417.0
5.573282718658447,-1.717760562896729,0.3056419789791107,3.0,3.0,10713.0,5.84,417154445.0
18.81245994567871,-5.8018479347229,1.722371816635132,23.0,5.0,10714.0,19.762,417154450.0
2.604203462600708,-0.8041437864303589,0.334653228521347,11.0,7.0,10716.0,2.746,417154454.0
2.831657886505127,-0.8749200701713562,-0.3639018535614014,1.0,8.0,10717.0,2.986,417154457.0
2.661006212234497,-0.8227012157440186,0.4411451816558838,77.0,9.0,10718.0,2.82,417154459.0
2.653911352157593,-0.8210152387619019,0.5399894714355469,63.0,11.0,10719.0,2.83,417154464.0
2.837104320526123,-0.8782305121421814,-0.1556471288204193,1.0,12.0,10720.0,2.974,417154466.0
2.591192245483398,-0.8026036024093628,0.6262637376785278,66.0,13.0,10721.0,2.784,417154468.0
0.7048118710517883,-0.2184453457593918,-0.01287987548857927,3.0,14.0,10722.0,0.738,417154470.0
2.616432189941406,-0.8114225268363953,0.7340108156204224,73.0,15.0,10723.0,2.836,417154473.0
4.939983367919922,-1.541471481323242,0.2712049186229706,3.0,3.0,10733.0,5.182,417154500.0
12.02153778076172,-3.753500938415527,1.101822853088379,5.0,5.0,10734.0,12.642,417154505.0
2.612748622894287,-0.81678307056427,0.3361156582832336,12.0,7.0,10736.0,2.758,417154510.0
2.828586578369141,-0.884799063205719,-0.3639018535614014,1.0,8.0,10737.0,2.986,417154512.0
2.6392662525177,-0.8260842561721802,0.4380165040493011,71.0,9.0,10738.0,2.8,417154514.0
0.5362021923065186,-0.1678300499916077,-0.04915583878755569,1.0,10.0,10738.0,0.5640000000000001,417154517.0
2.647282361984253,-0.8291006088256836,0.539226233959198,66.0,11.0,10739.0,2.826,417154519.0
2.83402156829834,-0.8881285190582275,-0.1556471288204193,1.0,12.0,10740.0,2.974,417154521.0
2.595812797546387,-0.813975989818573,0.6280633211135864,63.0,13.0,10741.0,2.792,417154523.0
0.6773332953453064,-0.2125230729579926,-0.01239120867103338,3.0,14.0,10742.0,0.71,417154526.0
2.597137928009033,-0.8148893713951111,0.7293520569801331,61.0,15.0,10742.0,2.818,417154528.0
4.422260761260986,-1.396879553794861,0.2430481761693954,3.0,3.0,10753.0,4.644,417154556.0
11.97226715087891,-3.784032583236694,1.098510980606079,5.0,5.0,10754.0,12.604,417154560.0
2.606096506118774,-0.8247004747390747,0.3356281816959381,12.0,7.0,10756.0,2.754,417154565.0
2.848190546035767,-0.9018582105636597,-0.3668267130851746,1.0,8.0,10757.0,3.01,417154567.0
2.640132904052734,-0.8364852666854858,0.4386422336101532,71.0,9.0,10758.0,2.804,417154570.0
2.811018943786621,-0.890627920627594,-0.25798100233078,1.0,10.0,10758.0,2.96,417154572.0
2.633143186569214,-0.8347764611244202,0.5369365215301514,66.0,11.0,10759.0,2.814,417154574.0
2.792828798294067,-0.8859374523162842,-0.153553694486618,1.0,12.0,10760.0,2.934,417154576.0
2.589240789413452,-0.82185298204422,0.6271635293960571,66.0,13.0,10761.0,2.788,417154579.0
0.6727755665779114,-0.2136754840612411,-0.01232139859348536,3.0,14.0,10762.0,0.706,417154581.0
2.586912631988525,-0.8216109871864319,0.7272815108299255,58.0,15.0,10762.0,2.81,417154583.0
4.054226875305176,-1.295428395271301,0.2230558395385742,2.0,3.0,10772.0,4.262,417154612.0
11.95519065856934,-3.824586391448975,1.098162412643433,3.0,5.0,10774.0,12.6,417154617.0
2.597530364990234,-0.8319758772850037,0.3348969519138336,14.0,7.0,10776.0,2.748,417154621.0
2.822340726852417,-0.9045246243476868,-0.3639018535614014,1.0,8.0,10777.0,2.986,417154623.0
2.639225482940674,-0.8458385467529297,0.4389550983905792,80.0,9.0,10777.0,2.806,417154626.0
2.807893037796021,-0.9004347324371338,-0.25798100233078,1.0,10.0,10778.0,2.96,417154628.0
2.626474618911743,-0.8427630662918091,0.5361732840538025,64.0,11.0,10779.0,2.81,417154630.0
2.789719104766846,-0.895680844783783,-0.153553694486618,1.0,12.0,10780.0,2.934,417154633.0
2.578934669494629,-0.8285018801689148,0.6253639459609985,66.0,13.0,10781.0,2.78,417154635.0
0.6796406507492065,-0.2184704542160034,-0.01246101781725883,3.0,14.0,10782.0,0.714,417154637.0
2.587707281112671,-0.8318184018135071,0.7283167839050293,61.0,15.0,10782.0,2.814,417154640.0
3.779614925384521,-1.222968220710754,0.2081924378871918,2.0,3.0,10793.0,3.978,417154667.0
11.90764808654785,-3.855247974395752,1.095024704933167,7.0,5.0,10794.0,12.564,417154672.0
2.577615261077881,-0.8355289101600647,0.3327033221721649,13.0,7.0,10796.0,2.73,417154676.0
2.819165945053101,-0.9143708944320679,-0.3639018535614014,1.0,8.0,10797.0,2.986,417154679.0
2.637986660003662,-0.8561158776283264,0.4392679631710052,83.0,9.0,10798.0,2.808,417154681.0
2.804732799530029,-0.9102306365966797,-0.25798100233078,1.0,10.0,10798.0,2.96,417154683.0
2.614180326461792,-0.8488942980766296,0.5342651605606079,68.0,11.0,10799.0,2.8,417154686.0
2.824565887451172,-0.9177570343017578,-0.1556471288204193,1.0,12.0,10800.0,2.974,417154688.0
2.56861400604248,-0.8350889682769775,0.6235643029212952,70.0,13.0,10801.0,2.772,417154690.0
0.6389400959014893,-0.207850843667984,-0.01172801759094,1.0,14.0,10802.0,0.672,417154693.0
2.58096718788147,-0.8401013612747192,0.7272815108299255,58.0,15.0,10803.0,2.81,417154695.0
3.576022386550903,-1.170897006988525,0.1972018778324127,2.0,3.0,10813.0,3.768,417154723.0
11.90101051330566,-3.901348352432251,1.095721960067749,3.0,5.0,10815.0,12.572,417154727.0
2.578307628631592,-0.8462087512016296,0.3331907987594604,10.0,7.0,10817.0,2.734,417154732.0
2.8157958984375,-0.9246975183486938,-0.3639018535614014,1.0,8.0,10818.0,2.986,417154734.0
2.631077766418457,-0.8645455241203308,0.4386422336101532,83.0,9.0,10819.0,2.804,417154736.0
2.614781618118286,-0.8596964478492737,0.5350283980369568,68.0,11.0,10820.0,2.804,417154741.0
2.783238410949707,-0.9156205654144287,-0.153553694486618,1.0,12.0,10821.0,2.934,417154743.0
2.554429769515991,-0.8408419489860535,0.6208649277687073,70.0,13.0,10822.0,2.76,417154746.0
0.6134827733039856,-0.2020588666200638,-0.01127425488084555,1.0,14.0,10823.0,0.646,417154748.0
2.581688642501831,-0.850314199924469,0.7283167839050293,69.0,15.0,10823.0,2.814,417154750.0
3.298900842666626,-1.092923641204834,0.1821291297674179,3.0,3.0,10833.0,3.48,417154778.0
12.93875980377197,-4.29161548614502,1.192639231681824,5.0,5.0,10835.0,13.684,417154782.0
2.594177484512329,-0.8614596724510193,0.3356281816959381,10.0,7.0,10837.0,2.754,417154787.0
2.812550783157349,-0.9345208406448364,-0.3639018535614014,1.0,8.0,10838.0,2.986,417154789.0
2.605549812316895,-0.8662460446357727,0.4348878264427185,77.0,9.0,10839.0,2.78,417154792.0
2.798147439956665,-0.930277407169342,-0.25798100233078,1.0,10.0,10839.0,2.96,417154794.0
2.609901905059814,-0.868198812007904,0.5346468091011047,66.0,11.0,10840.0,2.802,417154796.0
2.817926168441772,-0.937945544719696,-0.1556471288204193,1.0,12.0,10841.0,2.974,417154799.0
2.555176973342896,-0.8509849905967712,0.6217647194862366,68.0,13.0,10842.0,2.764,417154801.0
0.6165679693222046,-0.2054634839296341,-0.011344064027071,1.0,14.0,10843.0,0.65,417154803.0
2.56037712097168,-0.8532133102416992,0.7231404185295105,61.0,15.0,10843.0,2.794,417154805.0
3.090544462203979,-1.035881400108337,0.1708245575428009,4.0,3.0,10853.0,3.264,417154833.0
8.581673622131348,-2.878051042556763,0.7918970584869385,4.0,5.0,10854.0,9.086,417154838.0
2.691044569015503,-0.9035455584526062,0.3485463261604309,8.0,7.0,10856.0,2.86,417154842.0
2.809436321258545,-0.9438424706459045,-0.3639018535614014,1.0,8.0,10857.0,2.986,417154845.0
2.610305786132812,-0.8769436478614807,0.4361392855644226,83.0,9.0,10857.0,2.788,417154847.0
2.795047283172607,-0.9395512938499451,-0.25798100233078,1.0,10.0,10858.0,2.96,417154849.0
2.595843553543091,-0.8730935454368591,0.5323570966720581,64.0,11.0,10859.0,2.79,417154852.0
2.814800262451172,-0.947284996509552,-0.1556471288204193,1.0,12.0,10860.0,2.974,417154854.0
2.552340984344482,-0.859453558921814,0.6217647194862366,68.0,13.0,10861.0,2.764,417154856.0
0.5798777341842651,-0.1953758001327515,-0.01068087294697762,1.0,14.0,10862.0,0.612,417154858.0
2.542738199234009,-0.8572083711624146,0.7189993262290955,58.0,15.0,10863.0,2.778,417154861.0
2.988729000091553,-1.012791872024536,0.1653816252946854,4.0,3.0,10872.0,3.16,417154888.0
8.582895278930664,-2.911829948425293,0.7929429411888123,2.0,5.0,10874.0,9.098,417154893.0
2.843883752822876,-0.9659219980239868,0.3687766194343567,10.0,7.0,10876.0,3.026,417154898.0
2.603333711624146,-0.8852331638336182,0.4355135560035706,71.0,9.0,10878.0,2.784,417154902.0
2.577911138534546,-0.8770904541015625,0.5293041467666626,64.0,11.0,10879.0,2.774,417154907.0
2.811476469039917,-0.9571046829223633,-0.1556471288204193,1.0,12.0,10880.0,2.974,417154909.0
2.545635938644409,-0.8671010136604309,0.6208649277687073,68.0,13.0,10881.0,2.76,417154911.0
0.5602644085884094,-0.1909478157758713,-0.01033182442188263,1.0,14.0,10882.0,0.592,417154914.0
2.545215845108032,-0.8679495453834534,0.7205522060394287,54.0,15.0,10883.0,2.784,417154916.0
0.9969624876976013,-0.341530978679657,0.01839483715593815,1.0,1.0,10891.0,1.054,417154939.0
2.841584920883179,-0.9740002751350403,0.1574265509843826,4.0,3.0,10892.0,3.008,417154944.0
17.64475631713867,-6.054915904998779,1.632078409194946,7.0,5.0,10894.0,18.726,417154948.0
2.885552167892456,-0.9913224577903748,0.3746263682842255,11.0,7.0,10896.0,3.074,417154953.0
2.802778720855713,-0.9634328484535217,-0.3639018535614014,1.0,8.0,10897.0,2.986,417154955.0
2.5929114818573,-0.8912926912307739,0.4342620670795441,57.0,9.0,10897.0,2.776,417154958.0
2.578546524047852,-0.8873614072799683,0.5300673842430115,66.0,11.0,10899.0,2.778,417154962.0
2.759018898010254,-0.9500064253807068,-0.1529256701469421,1.0,12.0,10900.0,2.922,417154964.0
2.531538963317871,-0.872173011302948,0.6181654930114746,70.0,13.0,10901.0,2.748,417154967.0
0.5369082093238831,-0.1850819736719131,-0.009912966750562191,1.0,14.0,10902.0,0.5680000000000001,417154969.0
2.553128242492676,-0.8806081414222717,0.72365802526474,37.0,15.0,10903.0,2.796,417154971.0
0.9882062673568726,-0.3423902690410614,0.01825521700084209,1.0,1.0,10911.0,1.046,417154994.0
2.643798351287842,-0.916530966758728,0.1466453522443771,4.0,3.0,10912.0,2.802,417154999.0
17.57645606994629,-6.100139141082764,1.627720594406128,32.0,5.0,10914.0,18.676,417155004.0
2.898950338363647,-1.00725257396698,0.3768199980258942,11.0,7.0,10916.0,3.092,417155008.0
2.582321166992188,-0.8977435827255249,0.43301060795784,46.0,9.0,10917.0,2.768,417155013.0
2.568016767501831,-0.8937755227088928,0.5285409092903137,63.0,11.0,10919.0,2.77,417155017.0
2.73682427406311,-0.9530630707740784,-0.1518789380788803,1.0,12.0,10920.0,2.902,417155020.0
2.5211181640625,-0.8784396648406982,0.616365909576416,68.0,13.0,10921.0,2.74,417155022.0
0.5041588544845581,-0.1757640391588211,-0.00931958481669426,3.0,14.0,10922.0,0.534,417155024.0
2.546390771865845,-0.8882423043251038,0.7226227521896362,61.0,15.0,10923.0,2.792,417155027.0
1.002102732658386,-0.3511277437210083,0.01853445544838905,2.0,1.0,10931.0,1.062,417155050.0
2.499224185943604,-0.8761953711509705,0.1387949585914612,4.0,3.0,10932.0,2.652,417155054.0
17.54941558837891,-6.159475803375244,1.627197742462158,10.0,5.0,10934.0,18.67,417155059.0
2.908526659011841,-1.021972060203552,0.3785261809825897,13.0,7.0,10936.0,3.106,417155063.0
2.795984506607056,-0.9829763174057007,-0.3639018535614014,1.0,8.0,10937.0,2.986,417155066.0
2.56053614616394,-0.9002004265785217,0.4298819005489349,35.0,9.0,10937.0,2.748,417155068.0
2.563029289245605,-0.9020823240280151,0.5281593203544617,71.0,11.0,10939.0,2.768,417155073.0
2.707106828689575,-0.9533228278160095,-0.1504135429859161,1.0,12.0,10940.0,2.874,417155075.0
2.518036603927612,-0.887234628200531,0.616365909576416,66.0,13.0,10941.0,2.74,417155077.0
2.530677556991577,-0.8921853303909302,0.7189993262290955,58.0,15.0,10942.0,2.778,417155082.0
0.9857918620109558,-0.3492808640003204,0.01825521700084209,2.0,1.0,10951.0,1.046,417155105.0
2.386967420578003,-0.846207320690155,0.1327239871025085,4.0,3.0,10952.0,2.536,417155110.0
6.77641773223877,-2.404980659484863,0.6290901303291321,2.0,5.0,10954.0,7.218,417155114.0
2.906811952590942,-1.032783150672913,0.3787699341773987,11.0,7.0,10956.0,3.108,417155119.0
2.538765430450439,-0.9025161862373352,0.4267532229423523,27.0,9.0,10957.0,2.728,417155123.0
2.55246639251709,-0.908390462398529,0.5266328454017639,68.0,11.0,10959.0,2.76,417155128.0
2.722578048706055,-0.9694663882255554,-0.1514602601528168,1.0,12.0,10960.0,2.894,417155130.0
2.511252641677856,-0.8947107791900635,0.6154660582542419,63.0,13.0,10961.0,2.736,417155133.0
2.512834072113037,-0.8962627649307251,0.7148581743240356,61.0,15.0,10963.0,2.762,417155137.0
0.9562687873840332,-0.3427704274654388,0.01773164421319962,2.0,1.0,10972.0,1.016,417155160.0
2.295345783233643,-0.8236611485481262,0.1278043985366821,5.0,3.0,10974.0,2.442,417155165.0
6.756306171417236,-2.425761938095093,0.6280443072319031,5.0,5.0,10975.0,7.206,417155169.0
2.98707103729248,-1.073645353317261,0.3897381722927094,17.0,7.0,10977.0,3.198,417155174.0
2.535440444946289,-0.9118151664733887,0.4267532229423523,22.0,9.0,10978.0,2.728,417155179.0
2.539883852005005,-0.9144144654273987,0.5247247219085693,66.0,11.0,10980.0,2.75,417155183.0
2.700215816497803,-0.9726698994636536,-0.1504135429859161,1.0,12.0,10981.0,2.874,417155186.0
2.500623464584351,-0.9012659192085266,0.6136664748191833,63.0,13.0,10982.0,2.728,417155188.0
2.513324737548828,-0.9063394069671631,0.7158935070037842,61.0,15.0,10983.0,2.766,417155193.0
0.9268656969070435,-0.335886687040329,0.01720807328820229,3.0,1.0,10992.0,0.986,417155216.0
2.1891930103302,-0.7942058444023132,0.122047446668148,4.0,3.0,10994.0,2.332,417155220.0
6.759034633636475,-2.453409910202026,0.6290901303291321,2.0,5.0,10995.0,7.218,417155225.0
2.979573726654053,-1.082709670066833,0.3892506957054138,8.0,7.0,10997.0,3.194,417155229.0
2.511661529541016,-0.9136736392974854,0.4233116507530212,17.0,9.0,10999.0,2.706,417155234.0
2.532986879348755,-0.921931803226471,0.5239614844322205,66.0,11.0,11000.0,2.746,417155239.0
2.696804046630859,-0.9820894598960876,-0.1504135429859161,1.0,12.0,11001.0,2.874,417155241.0
2.497462034225464,-0.9099892377853394,0.6136664748191833,70.0,13.0,11002.0,2.728,417155243.0
2.508171081542969,-0.9148831367492676,0.7153758406639099,65.0,15.0,11004.0,2.764,417155248.0
0.9219911694526672,-0.3375833332538605,0.01713826321065426,3.0,1.0,11011.0,0.982,417155271.0
2.096534967422485,-0.7684678435325623,0.1170231997966766,5.0,3.0,11013.0,2.236,417155275.0
6.758344173431396,-2.478554010391235,0.6297873854637146,2.0,5.0,11014.0,7.226,417155280.0
3.015100002288818,-1.106951475143433,0.3943691849708557,4.0,7.0,11016.0,3.236,417155285.0
2.512487173080444,-0.9229219555854797,0.4239374101161957,20.0,9.0,11017.0,2.71,417155289.0
2.529915571212769,-0.9303264021873474,0.5239614844322205,64.0,11.0,11019.0,2.746,417155294.0
2.682286024093628,-0.9868890643119812,-0.149785503745079,1.0,12.0,11020.0,2.862,417155296.0
2.49077320098877,-0.9169197082519531,0.612766683101654,68.0,13.0,11021.0,2.724,417155299.0
2.501658916473389,-0.9214228391647339,0.7143405675888062,65.0,15.0,11022.0,2.76,417155303.0
0.9058042168617249,-0.3352468907833099,0.0168590247631073,3.0,1.0,11031.0,0.966,417155326.0
1.994578957557678,-0.7390046715736389,0.1114755868911743,4.0,3.0,11033.0,2.13,417155331.0
6.747782707214355,-2.501437425613403,0.6296131014823914,3.0,5.0,11034.0,7.224,417155335.0
3.247573852539062,-1.20518171787262,0.425324022769928,4.0,7.0,11036.0,3.49,417155340.0
2.477608442306519,-0.9204299449920654,0.4186186194419861,18.0,9.0,11038.0,2.676,417155345.0
2.522972345352173,-0.9377837777137756,0.5231982469558716,63.0,11.0,11039.0,2.742,417155349.0
2.641384840011597,-0.9823222160339355,-0.1476920694112778,1.0,12.0,11040.0,2.822,417155351.0
2.483904600143433,-0.9242493510246277,0.6118668913841248,66.0,13.0,11041.0,2.72,417155354.0
2.492833852767944,-0.9285627007484436,0.7127876281738281,58.0,15.0,11043.0,2.754,417155358.0
0.8765344023704529,-0.3278971612453461,0.01633545197546482,3.0,1.0,11051.0,0.936,417155381.0
1.915300369262695,-0.7172447443008423,0.107184037566185,4.0,3.0,11053.0,2.048,417155386.0
6.703561305999756,-2.511694431304932,0.6263011693954468,4.0,5.0,11054.0,7.186,417155391.0
3.31769323348999,-1.244396209716797,0.4350735545158386,4.0,7.0,11056.0,3.57,417155395.0
2.487488508224487,-0.933499276638031,0.4208087027072906,19.0,9.0,11057.0,2.69,417155400.0
2.512331962585449,-0.9438231587409973,0.5216717720031738,63.0,11.0,11059.0,2.734,417155404.0
2.679069995880127,-1.006996273994446,-0.1499948501586914,1.0,12.0,11060.0,2.866,417155407.0
2.477015256881714,-0.9315422177314758,0.6109670400619507,66.0,13.0,11061.0,2.716,417155409.0
2.482508659362793,-0.9341027736663818,0.7107170820236206,61.0,15.0,11062.0,2.746,417155414.0
0.8379749059677124,-0.3168114721775055,0.01563735678792,3.0,1.0,11071.0,0.896,417155437.0
1.869822144508362,-0.7076659798622131,0.1047765836119652,5.0,3.0,11073.0,2.002,417155441.0
6.687299728393555,-2.532256603240967,0.6256039142608643,5.0,5.0,11074.0,7.178,417155446.0
3.343028783798218,-1.267227530479431,0.4389733672142029,4.0,7.0,11076.0,3.602,417155451.0
2.478509664535522,-0.9405076503753662,0.4198701083660126,18.0,9.0,11078.0,2.684,417155455.0
2.501680612564087,-0.949799656867981,0.5201452970504761,63.0,11.0,11079.0,2.726,417155460.0
2.645665168762207,-1.004993915557861,-0.1483200937509537,1.0,12.0,11080.0,2.834,417155462.0
2.473748445510864,-0.9401829838752747,0.6109670400619507,68.0,13.0,11081.0,2.716,417155464.0
2.477262735366821,-0.9425083994865417,0.7101994752883911,65.0,15.0,11083.0,2.744,417155469.0
0.8668097257614136,-0.3310024440288544,0.01619583368301392,3.0,1.0,11090.0,0.928,417155492.0
1.807765960693359,-0.6910418272018433,0.1014270856976509,4.0,3.0,11092.0,1.938,417155497.0
6.677004814147949,-2.553706884384155,0.625429630279541,5.0,5.0,11093.0,7.176,417155501.0
3.359200477600098,-1.286113977432251,0.4416545033454895,4.0,7.0,11095.0,3.624,417155506.0
2.4792320728302,-0.9497027397155762,0.4204958379268646,17.0,9.0,11096.0,2.688,417155510.0
0.4762699007987976,-0.1825368255376816,-0.04462374001741409,1.0,10.0,11097.0,0.512,417155513.0
2.498517036437988,-0.9580903053283691,0.5201452970504761,64.0,11.0,11098.0,2.726,417155515.0
2.623670816421509,-1.006607413291931,-0.147273376584053,1.0,12.0,11099.0,2.814,417155517.0
2.466978549957275,-0.9469842910766602,0.6100672483444214,66.0,13.0,11100.0,2.712,417155520.0
2.472486019134521,-0.9495936632156372,0.7096818089485168,58.0,15.0,11101.0,2.742,417155524.0
0.8395302891731262,-0.3239477872848511,0.01570716500282288,3.0,1.0,11110.0,0.9,417155547.0
1.773670077323914,-0.6851137280464172,0.09964766353368759,4.0,3.0,11112.0,1.904,417155552.0
6.651324272155762,-2.570534467697144,0.6238608360290527,5.0,5.0,11113.0,7.158,417155557.0
3.400974988937378,-1.315737962722778,0.4477479755878448,9.0,7.0,11115.0,3.674,417155561.0
2.468366384506226,-0.9559296369552612,0.4192443788051605,17.0,9.0,11117.0,2.68,417155566.0
2.491496324539185,-0.9653872847557068,0.5193820595741272,63.0,11.0,11118.0,2.722,417155570.0
2.633176565170288,-1.020813226699829,-0.1480060815811157,1.0,12.0,11119.0,2.828,417155573.0
2.449122905731201,-0.9499521851539612,0.6064680218696594,63.0,13.0,11120.0,2.696,417155575.0
2.476192474365234,-0.9614463448524475,0.7117523550987244,69.0,15.0,11122.0,2.75,417155580.0
0.8327484130859375,-0.3248424828052521,0.01560245174914598,3.0,1.0,11131.0,0.894,417155603.0
1.704170942306519,-0.6654566526412964,0.09587947279214859,4.0,3.0,11133.0,1.832,417155607.0
6.623300075531006,-2.587645053863525,0.6221176981925964,4.0,5.0,11134.0,7.138,417155612.0
3.399827241897583,-1.32964038848877,0.4482354521751404,16.0,7.0,11136.0,3.678,417155616.0
2.450298070907593,-0.9587815999984741,0.4167414009571075,16.0,9.0,11137.0,2.664,417155621.0
2.487941265106201,-0.9745126366615295,0.5193820595741272,63.0,11.0,11139.0,2.722,417155626.0
2.601523876190186,-1.019526124000549,-0.1464360058307648,1.0,12.0,11140.0,2.798,417155628.0
2.441996335983276,-0.9574995636940002,0.6055682301521301,63.0,13.0,11141.0,2.692,417155630.0
2.454837322235107,-0.9630288481712341,0.7065759897232056,61.0,15.0,11142.0,2.73,417155635.0
0.8055635094642639,-0.3174823224544525,0.01511378400027752,3.0,1.0,11151.0,0.866,417155658.0
1.651674389839172,-0.6516110301017761,0.09305333346128464,3.0,3.0,11153.0,1.778,417155663.0
6.603107929229736,-2.606359958648682,0.6210718154907227,5.0,5.0,11154.0,7.126,417155667.0
3.417319536209106,-1.350253582000732,0.4511603116989136,7.0,7.0,11156.0,3.702,417155672.0
2.441425323486328,-0.9651502370834351,0.4158028066158295,16.0,9.0,11157.0,2.658,417155676.0
2.742044448852539,-1.084545135498047,-0.25798100233078,1.0,10.0,11158.0,2.96,417155679.0
2.477222204208374,-0.9803016185760498,0.5178555846214294,64.0,11.0,11159.0,2.714,417155681.0
2.612805366516113,-1.034482836723328,-0.147273376584053,1.0,12.0,11160.0,2.814,417155683.0
2.435015439987183,-0.9645825028419495,0.6046684384346008,61.0,13.0,11161.0,2.688,417155686.0
2.440685033798218,-0.9673212170600891,0.7034701704978943,69.0,15.0,11162.0,2.718,417155690.0
0.7877843976020813,-0.3134974837303162,0.01479964051395655,3.0,1.0,11170.0,0.848,417155713.0
1.634660720825195,-0.6511715650558472,0.09221595525741577,3.0,3.0,11172.0,1.762,417155718.0
6.587025165557861,-2.62529182434082,0.6203745603561401,5.0,5.0,11173.0,7.118,417155722.0
3.48473048210144,-1.390266418457031,0.4606661200523376,5.0,7.0,11175.0,3.78,417155727.0
2.447213888168335,-0.977329671382904,0.417367160320282,16.0,9.0,11177.0,2.668,417155732.0
2.668121814727783,-1.065552353858948,-0.2513571679592133,1.0,10.0,11177.0,2.884,417155734.0
2.463019132614136,-0.9841402769088745,0.5155659317970276,64.0,11.0,11178.0,2.702,417155736.0
2.61677885055542,-1.046107053756714,-0.1476920694112778,1.0,12.0,11179.0,2.822,417155739.0
2.439040899276733,-0.9755467772483826,0.6064680218696594,63.0,13.0,11180.0,2.696,417155741.0
2.441051006317139,-0.9768449664115906,0.704505443572998,61.0,15.0,11181.0,2.722,417155745.0
0.8070945739746094,-0.3244499564170837,0.01518359314650297,3.0,1.0,11190.0,0.87,417155769.0
1.574938893318176,-0.6337600350379944,0.08897112309932709,4.0,3.0,11192.0,1.7,417155773.0
6.585214138031006,-2.6512451171875,0.6210718154907227,5.0,5.0,11193.0,7.126,417155778.0
3.722893714904785,-1.50036895275116,0.4928396344184875,9.0,7.0,11195.0,4.044,417155782.0
0.4768356382846832,-0.192266970872879,-0.06312832236289978,1.0,8.0,11196.0,0.518,417155785.0
2.429131984710693,-0.9799538254737854,0.4148642122745514,15.0,9.0,11197.0,2.652,417155787.0
0.4730116724967957,-0.1908210813999176,-0.04462374001741409,1.0,10.0,11197.0,0.512,417155789.0
2.459568977355957,-0.9927318096160889,0.5155659317970276,66.0,11.0,11198.0,2.702,417155792.0
2.587183713912964,-1.044764876365662,-0.1462266594171524,1.0,12.0,11199.0,2.794,417155794.0
2.428393363952637,-0.9811346530914307,0.6046684384346008,66.0,13.0,11200.0,2.688,417155796.0
2.424917697906494,-0.9807151556015015,0.7008819580078125,36.0,15.0,11202.0,2.708,417155801.0
0.7799077033996582,-0.3170048296451569,0.01469492632895708,3.0,1.0,11212.0,0.842,417155824.0
1.522544026374817,-0.6194795370101929,0.08614498376846313,3.0,3.0,11214.0,1.646,417155828.0
6.573140144348145,-2.675759792327881,0.6208975315093994,5.0,5.0,11215.0,7.124000000000001,417155833.0
3.851303577423096,-1.5693359375,0.5106325745582581,10.0,7.0,11217.0,4.19,417155838.0
2.436325788497925,-0.9937501549720764,0.4167414009571075,17.0,9.0,11219.0,2.664,417155842.0
2.45573902130127,-1.002168536186218,0.5155659317970276,64.0,11.0,11220.0,2.702,417155847.0
2.597945690155029,-1.060730934143066,-0.1470640301704407,1.0,12.0,11221.0,2.81,417155849.0
2.419196128845215,-0.9882409572601318,0.6033187508583069,57.0,13.0,11222.0,2.682,417155851.0
2.42130708694458,-0.9895963072776794,0.7008819580078125,21.0,15.0,11223.0,2.708,417155856.0
0.7713968753814697,-0.3166875243186951,0.0145553071051836,3.0,1.0,11232.0,0.834,417155879.0
1.477883219718933,-0.6073297262191772,0.08373752981424332,3.0,3.0,11234.0,1.6,417155884.0
6.63009786605835,-2.72596287727356,0.6271727085113525,4.0,5.0,11235.0,7.196,417155888.0
3.858652114868164,-1.588058471679688,0.5123386979103088,10.0,7.0,11237.0,4.204,417155893.0
2.418230533599854,-0.9962289333343506,0.414238452911377,16.0,9.0,11239.0,2.648,417155898.0
2.455856084823608,-1.01223087310791,0.5163291692733765,64.0,11.0,11240.0,2.706,417155902.0
2.60161304473877,-1.072838664054871,-0.1474827229976654,1.0,12.0,11241.0,2.818,417155904.0
2.406724691390991,-0.9929633140563965,0.6010692119598389,63.0,13.0,11242.0,2.672,417155907.0
2.405338048934937,-0.992882490158081,0.6972585320472717,11.0,15.0,11243.0,2.694,417155911.0
0.7630082368850708,-0.3160483837127686,0.01441568788141012,3.0,1.0,11250.0,0.8260000000000001,417155934.0
1.459468841552734,-0.604830265045166,0.08279548585414886,3.0,3.0,11251.0,1.582,417155939.0
6.711677551269531,-2.784185886383057,0.6357139945030212,4.0,5.0,11253.0,7.294,417155944.0
3.893976926803589,-1.616920709609985,0.5177009701728821,9.0,7.0,11255.0,4.248,417155948.0
2.422560691833496,-1.006430983543396,0.4154899418354034,18.0,9.0,11256.0,2.656,417155953.0
2.445412874221802,-1.016925811767578,0.5148026943206787,63.0,11.0,11258.0,2.698,417155957.0
2.616669893264771,-1.08867871761322,-0.148529440164566,1.0,12.0,11259.0,2.838,417155960.0
2.403593301773071,-1.000519275665283,0.6010692119598389,66.0,13.0,11260.0,2.672,417155962.0
2.370106220245361,-0.987065315246582,0.6879410147666931,18.0,15.0,11261.0,2.658,417155967.0
0.7434524297714233,-0.3109928965568542,0.01406663935631514,1.0,1.0,11270.0,0.806,417155990.0
1.42960798740387,-0.5986044406890869,0.08122540265321732,3.0,3.0,11272.0,1.552,417155994.0
6.768073558807373,-2.8353111743927,0.6419891715049744,4.0,5.0,11273.0,7.366000000000001,417155999.0
3.939567565917969,-1.651997804641724,0.5245256423950195,5.0,7.0,11275.0,4.304,417156003.0
2.415212869644165,-1.013774275779724,0.4148642122745514,18.0,9.0,11277.0,2.652,417156008.0
2.427367210388184,-1.019374370574951,0.5117497444152832,66.0,11.0,11278.0,2.682,417156013.0
2.605488538742065,-1.094711422920227,-0.1481107622385025,1.0,12.0,11279.0,2.83,417156015.0
2.407272100448608,-1.011924028396606,0.6028688549995422,63.0,13.0,11280.0,2.68,417156017.0
2.361130475997925,-0.9934978485107422,0.6863881349563599,22.0,15.0,11282.0,2.652,417156022.0
0.727571964263916,-0.3074880838394165,0.01378740090876818,1.0,1.0,11291.0,0.79,417156045.0
1.385199546813965,-0.5857011079788208,0.0788179486989975,3.0,3.0,11292.0,1.506,417156050.0
6.843872547149658,-2.896596908569336,0.6501818299293518,3.0,5.0,11294.0,7.46,417156054.0
4.136374950408936,-1.752380013465881,0.5515806674957275,4.0,7.0,11296.0,4.526,417156059.0
2.409662485122681,-1.021848440170288,0.414551317691803,19.0,9.0,11298.0,2.65,417156063.0
2.429036855697632,-1.030564665794373,0.5128945708274841,68.0,11.0,11299.0,2.688,417156068.0
2.579396724700928,-1.094888925552368,-0.1468546986579895,1.0,12.0,11300.0,2.806,417156070.0
2.396372318267822,-1.017693281173706,0.6010692119598389,52.0,13.0,11301.0,2.672,417156073.0
2.384318351745605,-1.013065457344055,0.6941526532173157,22.0,15.0,11302.0,2.682,417156077.0
0.7264941930770874,-0.3100259304046631,0.01378740090876818,1.0,1.0,11311.0,0.79,417156100.0
1.348246574401855,-0.5756322145462036,0.07682918012142181,3.0,3.0,11312.0,1.468,417156105.0
6.899675369262695,-2.948655843734741,0.6564570665359497,3.0,5.0,11314.0,7.532,417156109.0
4.268941402435303,-1.826143980026245,0.5701047778129578,4.0,7.0,11316.0,4.678,417156114.0
2.402448892593384,-1.028698444366455,0.4139255881309509,17.0,9.0,11318.0,2.646,417156119.0
2.427229166030884,-1.039810419082642,0.513276219367981,66.0,11.0,11319.0,2.69,417156123.0
2.597588300704956,-1.113327741622925,-0.1481107622385025,1.0,12.0,11320.0,2.83,417156126.0
2.337283611297607,-1.002243876457214,0.5871222615242004,15.0,13.0,11321.0,2.61,417156128.0
2.403847455978394,-1.031283736228943,0.7008819580078125,50.0,15.0,11322.0,2.708,417156132.0
0.7181156873703003,-0.3092694580554962,0.0136477816849947,1.0,1.0,11330.0,0.782,417156155.0
1.327888011932373,-0.5724285244941711,0.07578246295452118,3.0,3.0,11332.0,1.448,417156160.0
6.95937967300415,-3.001503229141235,0.6630808711051941,3.0,5.0,11333.0,7.608000000000001,417156165.0
4.310247898101807,-1.860746741294861,0.5764420032501221,3.0,7.0,11335.0,4.73,417156169.0
2.655204057693481,-1.146809339523315,-0.3551272749900818,1.0,8.0,11336.0,2.914,417156172.0
2.390138149261475,-1.032324552536011,0.4123612642288208,20.0,9.0,11336.0,2.636,417156174.0
2.420163631439209,-1.046295523643494,0.5125129818916321,66.0,11.0,11338.0,2.686,417156179.0
2.579216957092285,-1.115592479705811,-0.147273376584053,1.0,12.0,11339.0,2.814,417156181.0
2.323216438293457,-1.005345463752747,0.5844228267669678,21.0,13.0,11340.0,2.598,417156183.0
2.414414405822754,-1.045811176300049,0.7050230503082275,20.0,15.0,11342.0,2.724,417156188.0
0.6913579702377319,-0.3006110191345215,0.01315911486744881,1.0,1.0,11350.0,0.754,417156211.0
1.298510432243347,-0.5648779273033142,0.07421238720417023,3.0,3.0,11351.0,1.418,417156215.0
7.012795448303223,-3.053617477416992,0.669181764125824,3.0,5.0,11353.0,7.678,417156220.0
13.42617034912109,-5.851801872253418,1.798304080963135,8.0,7.0,11355.0,14.756,417156225.0
2.625710248947144,-1.144962310791016,-0.3517149388790131,1.0,8.0,11356.0,2.886,417156227.0
2.386338472366333,-1.041077971458435,0.4123612642288208,18.0,9.0,11357.0,2.636,417156229.0
2.414697408676147,-1.053951740264893,0.5121313333511353,47.0,11.0,11358.0,2.684,417156234.0
2.575307130813599,-1.12458872795105,-0.147273376584053,1.0,12.0,11359.0,2.814,417156236.0
2.358979463577271,-1.030612826347351,0.5943207144737244,18.0,13.0,11360.0,2.642,417156238.0
2.463849544525146,-1.07745373249054,0.7205522060394287,37.0,15.0,11362.0,2.784,417156243.0
0.6627879738807678,-0.2910815477371216,0.01263554207980633,2.0,1.0,11371.0,0.724,417156266.0
1.269003391265869,-0.557581901550293,0.07264230400323868,3.0,3.0,11372.0,1.388,417156271.0
7.056270122528076,-3.103363275527954,0.6744111180305481,4.0,5.0,11374.0,7.738,417156275.0
16.33519172668457,-7.191060066223145,2.191454648971558,7.0,7.0,11376.0,17.982,417156280.0
2.38449764251709,-1.050197720527649,0.4126741290092468,19.0,9.0,11377.0,2.638,417156285.0
2.365907192230225,-1.042996168136597,0.5025908946990967,15.0,11.0,11379.0,2.634,417156289.0
2.362317800521851,-1.042398810386658,0.596120297908783,69.0,13.0,11381.0,2.65,417156294.0
2.449280977249146,-1.081793785095215,0.7174463868141174,36.0,15.0,11383.0,2.772,417156298.0
0.6837049126625061,-0.3031190931797028,0.01305439975112677,2.0,1.0,11391.0,0.748,417156321.0
1.246966361999512,-0.5531002879142761,0.07149091362953186,2.0,3.0,11392.0,1.366,417156326.0
7.074530124664307,-3.140910863876343,0.6772001385688782,4.0,5.0,11394.0,7.77,417156331.0
2.642844438552856,-1.175012469291687,-0.3551272749900818,1.0,8.0,11397.0,2.914,417156338.0
2.375402212142944,-1.05610716342926,0.4117355048656464,18.0,9.0,11397.0,2.632,417156340.0
2.347902774810791,-1.044862747192383,0.4995379447937012,32.0,11.0,11399.0,2.618,417156344.0
2.339083433151245,-1.041916251182556,0.591171383857727,65.0,13.0,11401.0,2.628,417156349.0
2.452547550201416,-1.093483567237854,0.719516932964325,39.0,15.0,11403.0,2.78,417156354.0
0.6388866305351257,-0.2857877910137177,0.01221668440848589,2.0,1.0,11410.0,0.7000000000000001,417156377.0
1.232364177703857,-0.5515213012695312,0.07075821608304977,3.0,3.0,11411.0,1.352,417156381.0
5.711264133453369,-2.558361530303955,0.5475123524665833,2.0,5.0,11413.0,6.282,417156386.0
11.30645942687988,-5.069469451904297,1.521416902542114,9.0,7.0,11415.0,12.484,417156390.0
2.59546422958374,-1.164270639419556,-0.349277526140213,1.0,8.0,11416.0,2.866,417156393.0
2.364677429199219,-1.060744524002075,0.4104840457439423,18.0,9.0,11416.0,2.624,417156395.0
2.387409210205078,-1.071942687034607,0.5086967945098877,16.0,11.0,11418.0,2.666,417156400.0
2.349835157394409,-1.056057810783386,0.594770610332489,66.0,13.0,11420.0,2.644,417156404.0
2.445576190948486,-1.09959864616394,0.7184816598892212,37.0,15.0,11421.0,2.776,417156409.0
0.6743357181549072,-0.3044742345809937,0.01291478052735329,2.0,1.0,11430.0,0.74,417156432.0
1.208589553833008,-0.545953094959259,0.06950215250253677,3.0,3.0,11431.0,1.328,417156437.0
5.134066104888916,-2.321356773376465,0.4929528832435608,2.0,5.0,11433.0,5.656,417156441.0
2.60946798324585,-1.181511282920837,-0.3517149388790131,1.0,8.0,11436.0,2.886,417156448.0
2.350163459777832,-1.064103722572327,0.4086068272590637,17.0,9.0,11436.0,2.612,417156450.0
2.376500129699707,-1.077028155326843,0.5071703195571899,62.0,11.0,11438.0,2.658,417156455.0
2.342585325241089,-1.062643766403198,0.5938707590103149,68.0,13.0,11440.0,2.64,417156460.0
2.434493541717529,-1.10536003112793,0.7164111137390137,36.0,15.0,11442.0,2.768,417156464.0
0.6477937698364258,-0.2952166199684143,0.0124261137098074,2.0,1.0,11450.0,0.712,417156487.0
1.199311852455139,-0.5470635890960693,0.06908345967531204,3.0,3.0,11452.0,1.32,417156492.0
4.600288391113281,-2.099381685256958,0.4424025416374207,2.0,5.0,11453.0,5.076000000000001,417156496.0
16.16046142578125,-7.381784439086914,2.181461334228516,10.0,7.0,11455.0,17.9,417156501.0
2.587272882461548,-1.182361841201782,-0.349277526140213,1.0,8.0,11456.0,2.866,417156503.0
2.350028038024902,-1.073942899703979,0.4092325568199158,18.0,9.0,11456.0,2.616,417156506.0
2.573020696640015,-1.1763916015625,-0.247522309422493,1.0,10.0,11457.0,2.84,417156508.0
2.38165283203125,-1.089400291442871,0.5090783834457397,87.0,11.0,11458.0,2.668,417156510.0
2.335317850112915,-1.069192051887512,0.5929709672927856,68.0,13.0,11460.0,2.636,417156515.0
2.422032594680786,-1.109404563903809,0.7138229012489319,32.0,15.0,11461.0,2.758,417156520.0
0.6358588933944702,-0.2924624085426331,0.01221668440848589,2.0,1.0,11470.0,0.7000000000000001,417156543.0
1.166552901268005,-0.5370478630065918,0.06730403751134872,2.0,3.0,11472.0,1.286,417156547.0
4.129657745361328,-1.902050614356995,0.3977788090705872,2.0,5.0,11473.0,4.564,417156552.0
6.316829204559326,-2.912098169326782,0.8540603518486023,2.0,7.0,11475.0,7.008,417156556.0
2.575919628143311,-1.188060402870178,-0.3483025729656219,1.0,8.0,11476.0,2.858,417156559.0
2.33710789680481,-1.078410744667053,0.4076682031154633,15.0,9.0,11477.0,2.606,417156561.0
2.572516918182373,-1.187035441398621,-0.2478709369897842,1.0,10.0,11477.0,2.844,417156563.0
2.360010623931885,-1.089478492736816,0.5052621960639954,72.0,11.0,11478.0,2.648,417156566.0
2.338647603988647,-1.080606937408447,0.594770610332489,66.0,13.0,11480.0,2.644,417156570.0
2.41795015335083,-1.118274211883545,0.7138229012489319,35.0,15.0,11482.0,2.758,417156575.0
0.6348341107368469,-0.2946801781654358,0.01221668440848589,2.0,1.0,11490.0,0.7000000000000001,417156598.0
1.150180697441101,-0.5343841910362244,0.06646666675806046,2.0,3.0,11492.0,1.27,417156602.0
3.75983715057373,-1.747651696205139,0.3627422153949738,2.0,5.0,11493.0,4.162,417156607.0
11.64493942260742,-5.417757511138916,1.57698929309845,1.0,7.0,11495.0,12.94,417156612.0
2.596952438354492,-1.208772301673889,-0.3517149388790131,1.0,8.0,11496.0,2.886,417156614.0
2.344264030456543,-1.091156482696533,0.4095454216003418,12.0,9.0,11496.0,2.618,417156616.0
2.510560512542725,-1.169093608856201,-0.2422929704189301,1.0,10.0,11497.0,2.78,417156619.0
2.361532211303711,-1.100197076797485,0.5064070820808411,63.0,11.0,11498.0,2.654,417156621.0
2.331329107284546,-1.087116599082947,0.5938707590103149,68.0,13.0,11500.0,2.64,417156626.0
2.422982215881348,-1.130370020866394,0.7164111137390137,37.0,15.0,11501.0,2.768,417156630.0
0.6482884883880615,-0.3036805391311646,0.01249592285603285,2.0,1.0,11510.0,0.716,417156653.0
1.108524441719055,-0.5197427272796631,0.06416388601064682,2.0,3.0,11512.0,1.226,417156658.0
3.551687955856323,-1.666000485420227,0.3432193100452423,3.0,5.0,11513.0,3.938,417156662.0
6.27837610244751,-2.947690010070801,0.851622998714447,1.0,7.0,11515.0,6.988,417156667.0
2.567562580108643,-1.206014633178711,-0.3483025729656219,1.0,8.0,11516.0,2.858,417156669.0
2.42963981628418,-1.141748189926147,0.4251888692378998,12.0,9.0,11517.0,2.718,417156672.0
2.5208899974823,-1.184628963470459,-0.2436874508857727,1.0,10.0,11517.0,2.796,417156674.0
2.357677459716797,-1.108433723449707,0.5064070820808411,63.0,11.0,11518.0,2.654,417156676.0
2.313413858413696,-1.088609933853149,0.5902715921401978,68.0,13.0,11520.0,2.624,417156681.0
2.42231822013855,-1.140889406204224,0.7174463868141174,34.0,15.0,11522.0,2.772,417156685.0
0.6146824955940247,-0.2905590832233429,0.01186763681471348,2.0,1.0,11530.0,0.68,417156708.0
1.08323335647583,-0.5125047564506531,0.06280314922332764,2.0,3.0,11532.0,1.2,417156713.0
3.353161096572876,-1.587180495262146,0.324567973613739,3.0,5.0,11533.0,3.724,417156718.0
11.83645820617676,-5.607710361480713,1.608187913894653,1.0,7.0,11535.0,13.196,417156722.0
2.545399188995361,-1.206467509269714,-0.3458651900291443,1.0,8.0,11536.0,2.838,417156725.0
2.549006462097168,-1.208177208900452,0.4467768371105194,17.0,9.0,11536.0,2.856,417156727.0
2.502337694168091,-1.186591982841492,-0.2422929704189301,1.0,10.0,11537.0,2.78,417156729.0
2.360888957977295,-1.120022773742676,0.5079335570335388,58.0,11.0,11538.0,2.662,417156731.0
2.313120603561401,-1.098350405693054,0.591171383857727,66.0,13.0,11540.0,2.628,417156736.0
2.336508274078369,-1.109955549240112,0.6931173801422119,35.0,15.0,11541.0,2.678,417156741.0
0.6389330625534058,-0.3047554194927216,0.01235630363225937,2.0,1.0,11550.0,0.708,417156764.0
1.047192335128784,-0.4999338686466217,0.06081438064575195,2.0,3.0,11552.0,1.162,417156768.0
3.121071100234985,-1.490681052207947,0.3026047348976135,4.0,5.0,11553.0,3.472,417156773.0
11.99948978424072,-5.736322402954102,1.633049249649048,2.0,7.0,11555.0,13.4,417156778.0
2.559080600738525,-1.223909974098206,-0.3483025729656219,1.0,8.0,11556.0,2.858,417156780.0
2.614055633544922,-1.250763058662415,0.4589787125587463,17.0,9.0,11557.0,2.934,417156782.0
2.480207920074463,-1.186720132827759,-0.2405498474836349,1.0,10.0,11557.0,2.76,417156784.0
2.34633994102478,-1.123170852661133,0.5056438446044922,54.0,11.0,11558.0,2.65,417156787.0
2.302242755889893,-1.103049874305725,0.5893717408180237,68.0,13.0,11560.0,2.62,417156791.0
2.323714733123779,-1.114335060119629,0.6905292272567749,79.0,15.0,11562.0,2.668,417156796.0
0.5910661220550537,-0.2843338847160339,0.01144877821207047,2.0,1.0,11569.0,0.656,417156819.0
1.047328233718872,-0.5042701959609985,0.06091905385255814,2.0,3.0,11571.0,1.164,417156824.0
2.889941215515137,-1.392077445983887,0.280641496181488,4.0,5.0,11572.0,3.22,417156828.0
12.04119777679443,-5.805394172668457,1.64133632183075,2.0,7.0,11574.0,13.468,417156833.0
2.526400327682495,-1.21859085559845,-0.3444027602672577,1.0,8.0,11575.0,2.826,417156835.0
2.64391827583313,-1.275274872779846,0.464923232793808,17.0,9.0,11575.0,2.972,417156837.0
2.469081401824951,-1.191474676132202,-0.2398526072502136,1.0,10.0,11576.0,2.752,417156840.0
2.323154449462891,-1.121556520462036,0.5014460682868958,49.0,11.0,11577.0,2.628,417156842.0
2.309100151062012,-1.115765452384949,0.5920711755752563,68.0,13.0,11579.0,2.632,417156847.0
2.294113397598267,-1.109017729759216,0.6827646493911743,58.0,15.0,11580.0,2.638,417156851.0
0.582874059677124,-0.282902717590332,0.01130915898829699,2.0,1.0,11589.0,0.648,417156874.0
1.024003624916077,-0.4974503517150879,0.05966299027204514,2.0,3.0,11591.0,1.14,417156879.0
2.809801816940308,-1.365578770637512,0.2733204066753387,4.0,5.0,11592.0,3.136,417156884.0
4.800132274627686,-2.334961652755737,0.6554133296012878,3.0,7.0,11594.0,5.378,417156888.0
2.543550729751587,-1.237826108932495,-0.3473276197910309,1.0,8.0,11595.0,2.85,417156890.0
2.641002655029297,-1.285821437835693,0.465236097574234,18.0,9.0,11596.0,2.974,417156893.0
2.46669864654541,-1.200958251953125,-0.2400269210338593,1.0,10.0,11596.0,2.754,417156895.0
2.310400247573853,-1.125360369682312,0.4995379447937012,39.0,11.0,11597.0,2.618,417156897.0
2.28767466545105,-1.115279197692871,0.5875721573829651,68.0,13.0,11599.0,2.612,417156902.0
2.298714160919189,-1.121654510498047,0.6853528022766113,65.0,15.0,11601.0,2.648,417156907.0
0.5908626317977905,-0.289332777261734,0.01148368325084448,2.0,1.0,11609.0,0.658,417156930.0
1.009706854820251,-0.4948688447475433,0.05893028527498245,2.0,3.0,11611.0,1.126,417156934.0
2.645804643630981,-1.297311663627625,0.2578066885471344,4.0,5.0,11612.0,2.958,417156939.0
4.81511926651001,-2.363072395324707,0.6585819125175476,5.0,7.0,11614.0,5.404,417156943.0
2.539214372634888,-1.246697187423706,-0.3473276197910309,1.0,8.0,11615.0,2.85,417156946.0
2.636724233627319,-1.294572234153748,0.465236097574234,17.0,9.0,11615.0,2.974,417156948.0
2.462491512298584,-1.209561347961426,-0.2400269210338593,1.0,10.0,11616.0,2.754,417156950.0
2.299410104751587,-1.129954934120178,0.4980114698410034,31.0,11.0,11617.0,2.61,417156953.0
2.276772975921631,-1.119817614555359,0.5857725739479065,70.0,13.0,11619.0,2.604,417156957.0
2.289781808853149,-1.126712322235107,0.6837999224662781,28.0,15.0,11620.0,2.642,417156962.0
0.5611634254455566,-0.2772223949432373,0.01092520635575056,2.0,1.0,11629.0,0.626,417156985.0
0.9882793426513672,-0.4886527359485626,0.05777889490127563,2.0,3.0,11631.0,1.104,417156990.0
2.5126793384552,-1.242935061454773,0.2452562600374222,4.0,5.0,11632.0,2.814,417156994.0
4.819294452667236,-2.38603138923645,0.6602880954742432,5.0,7.0,11634.0,5.418,417156999.0
2.513501167297363,-1.244979977607727,-0.3444027602672577,1.0,8.0,11635.0,2.826,417157001.0
2.621568441390991,-1.298507571220398,0.4633588790893555,16.0,9.0,11635.0,2.962,417157003.0
2.45111346244812,-1.214611172676086,-0.2393296658992767,1.0,10.0,11636.0,2.746,417157006.0
2.284898042678833,-1.132742404937744,0.4957217574119568,19.0,11.0,11637.0,2.598,417157008.0
2.278087139129639,-1.130356788635254,0.5871222615242004,74.0,13.0,11639.0,2.61,417157013.0
2.301408290863037,-1.142428994178772,0.6884586811065674,52.0,15.0,11640.0,2.66,417157017.0
0.5888283252716064,-0.2934506833553314,0.01148368325084448,2.0,1.0,11649.0,0.658,417157040.0
0.9686950445175171,-0.4831846356391907,0.056732177734375,2.0,3.0,11651.0,1.084,417157045.0
2.383533239364624,-1.189424753189087,0.2330544590950012,4.0,5.0,11652.0,2.674,417157049.0
4.807384490966797,-2.401065349578857,0.65980064868927,6.0,7.0,11654.0,5.414,417157054.0
2.530448913574219,-1.26439368724823,-0.3473276197910309,1.0,8.0,11655.0,2.85,417157056.0
2.615024566650391,-1.307224154472351,0.4630460143089294,13.0,9.0,11656.0,2.96,417157059.0
2.423691034317017,-1.211578488349915,-0.2370636165142059,1.0,10.0,11656.0,2.72,417157061.0
2.27215051651001,-1.1363205909729,0.493813693523407,19.0,11.0,11657.0,2.588,417157063.0
2.27412748336792,-1.138301849365234,0.5871222615242004,76.0,13.0,11659.0,2.61,417157068.0
2.283587455749512,-1.143535494804382,0.6843175292015076,72.0,15.0,11660.0,2.644,417157072.0
0.5806539058685303,-0.2919115424156189,0.011344064027071,2.0,1.0,11669.0,0.65,417157096.0
0.9759231805801392,-0.4910516738891602,0.05725553631782532,2.0,3.0,11671.0,1.094,417157100.0
2.276148080825806,-1.145778894424438,0.2229443937540054,4.0,5.0,11672.0,2.558,417157105.0
4.798973560333252,-2.417831659317017,0.65980064868927,5.0,7.0,11674.0,5.414,417157109.0
2.469295263290405,-1.244627356529236,-0.3395279943943024,1.0,8.0,11675.0,2.786,417157112.0
2.635138988494873,-1.328796148300171,0.4674261808395386,9.0,9.0,11676.0,2.988,417157114.0
2.446132183074951,-1.233487606048584,-0.239678293466568,1.0,10.0,11676.0,2.75,417157116.0
2.259405851364136,-1.13982355594635,0.4919055998325348,19.0,11.0,11677.0,2.578,417157119.0
2.266661167144775,-1.144476413726807,0.5862224698066711,72.0,13.0,11679.0,2.606,417157123.0
2.270760059356689,-1.147540926933289,0.6817293763160706,77.0,15.0,11681.0,2.634,417157128.0
0.5653635859489441,-0.2867012619972229,0.01106482557952404,2.0,1.0,11689.0,0.634,417157151.0
0.936802327632904,-0.4754725396633148,0.05505742505192757,2.0,3.0,11691.0,1.052,417157155.0
2.154886245727539,-1.094182133674622,0.2114398330450058,4.0,5.0,11692.0,2.426,417157160.0
4.79581356048584,-2.43726658821106,0.6605318188667297,9.0,7.0,11694.0,5.42,417157165.0
2.528638362884521,-1.285627245903015,-0.3483025729656219,1.0,8.0,11695.0,2.858,417157167.0
2.965017318725586,-1.508145332336426,0.5268712639808655,24.0,9.0,11696.0,3.368,417157169.0
2.432932376861572,-1.237502217292786,-0.238806739449501,1.0,10.0,11696.0,2.74,417157172.0
2.251914024353027,-1.145922660827637,0.4911423623561859,15.0,11.0,11697.0,2.574,417157174.0
2.248760461807251,-1.145306348800659,0.5826232433319092,74.0,13.0,11699.0,2.59,417157178.0
2.260056972503662,-1.151556491851807,0.679658830165863,61.0,15.0,11700.0,2.626,417157183.0
0.5714806318283081,-0.2923155426979065,0.01120444480329752,2.0,1.0,11709.0,0.642,417157206.0
0.913802981376648,-0.4678178727626801,0.05380136147141457,2.0,3.0,11711.0,1.028,417157211.0
2.060613632202148,-1.055377125740051,0.2025499492883682,8.0,5.0,11712.0,2.324,417157215.0
4.819074153900146,-2.47029185295105,0.6649191379547119,2.0,7.0,11714.0,5.456,417157220.0
2.506471633911133,-1.285387635231018,-0.3458651900291443,1.0,8.0,11715.0,2.838,417157222.0
3.09858226776123,-1.589721441268921,0.5515879392623901,18.0,9.0,11716.0,3.526,417157225.0
2.410870790481567,-1.236892342567444,-0.2370636165142059,1.0,10.0,11716.0,2.72,417157227.0
2.249646902084351,-1.154672861099243,0.4915239810943604,14.0,11.0,11717.0,2.576,417157229.0
2.244748830795288,-1.153149008750916,0.5826232433319092,74.0,13.0,11719.0,2.59,417157234.0
2.250868797302246,-1.156789422035217,0.678105890750885,54.0,15.0,11720.0,2.62,417157238.0
0.5633482336997986,-0.2906412184238434,0.01106482557952404,2.0,1.0,11729.0,0.634,417157261.0
0.9086970090866089,-0.4690134823322296,0.0535920187830925,2.0,3.0,11730.0,1.024,417157266.0
1.970179677009583,-1.017756700515747,0.1940086781978607,4.0,5.0,11732.0,2.226,417157271.0
6.106484889984131,-3.157192707061768,0.8440670967102051,3.0,7.0,11734.0,6.926,417157275.0
3.102066516876221,-1.604525685310364,0.5531522631645203,20.0,9.0,11735.0,3.536,417157280.0
2.441928863525391,-1.26361358165741,-0.2405498474836349,1.0,10.0,11736.0,2.76,417157282.0
2.257807016372681,-1.16883659362793,0.4941953122615814,15.0,11.0,11737.0,2.59,417157284.0
2.240710020065308,-1.160977602005005,0.5826232433319092,76.0,13.0,11739.0,2.59,417157289.0
2.24338698387146,-1.162861347198486,0.6770706176757812,54.0,15.0,11740.0,2.616,417157294.0
0.5339477062225342,-0.2778371274471283,0.01050634868443012,2.0,1.0,11749.0,0.602,417157317.0
0.8680004477500916,-0.4520449936389923,0.05128923803567886,1.0,3.0,11751.0,0.98,417157321.0
1.871199727058411,-0.9749152660369873,0.1845958679914474,5.0,5.0,11752.0,2.118,417157326.0
6.079586029052734,-3.170228481292725,0.8418734073638916,5.0,7.0,11754.0,6.908,417157330.0
2.451676845550537,-1.278982758522034,-0.3395279943943024,1.0,8.0,11755.0,2.786,417157333.0
3.09441351890564,-1.614970564842224,0.5528393983840942,21.0,9.0,11756.0,3.534,417157335.0
2.395111799240112,-1.250005841255188,-0.2363663762807846,1.0,10.0,11756.0,2.712,417157337.0
2.239790678024292,-1.169441342353821,0.4911423623561859,15.0,11.0,11757.0,2.574,417157340.0
2.233189582824707,-1.16698694229126,0.5817234516143799,76.0,13.0,11759.0,2.586,417157344.0
2.237397909164429,-1.170180678367615,0.6765530109405518,61.0,15.0,11761.0,2.614,417157349.0
0.5613054633140564,-0.2945670187473297,0.01106482557952404,2.0,1.0,11769.0,0.634,417157372.0
0.8541181087493896,-0.4484220147132874,0.05055653303861618,2.0,3.0,11770.0,0.966,417157377.0
1.814873576164246,-0.9536381959915161,0.1793665140867233,4.0,5.0,11772.0,2.058,417157381.0
6.047399520874023,-3.180343151092529,0.8389485478401184,7.0,7.0,11774.0,6.884,417157386.0
3.083513259887695,-1.623002052307129,0.5519008040428162,20.0,9.0,11776.0,3.528,417157390.0
2.433047771453857,-1.280630588531494,-0.2405498474836349,1.0,10.0,11776.0,2.76,417157393.0
2.227009296417236,-1.17267894744873,0.4892342686653137,17.0,11.0,11777.0,2.564,417157395.0
2.23944616317749,-1.180226564407349,0.5844228267669678,76.0,13.0,11779.0,2.598,417157400.0
2.226669549942017,-1.173989653587341,0.6744824051856995,56.0,15.0,11780.0,2.606,417157404.0
0.5319950580596924,-0.2815580070018768,0.01050634868443012,2.0,1.0,11789.0,0.602,417157427.0
0.8596080541610718,-0.4551390409469604,0.05097522214055061,2.0,3.0,11790.0,0.974,417157432.0
1.758719205856323,-0.9319800734519958,0.1741371750831604,4.0,5.0,11792.0,1.998,417157436.0
6.023984909057617,-3.19492244720459,0.8372423648834229,7.0,7.0,11794.0,6.87,417157441.0
3.08306360244751,-1.636534094810486,0.5528393983840942,21.0,9.0,11796.0,3.534,417157446.0
2.428562641143799,-1.28911566734314,-0.2405498474836349,1.0,10.0,11796.0,2.76,417157448.0
2.221168279647827,-1.179524779319763,0.4888526499271393,18.0,11.0,11797.0,2.562,417157450.0
2.221546411514282,-1.18071985244751,0.5808236002922058,74.0,13.0,11799.0,2.582,417157455.0
2.224263906478882,-1.182662010192871,0.6750000715255737,53.0,15.0,11800.0,2.608,417157459.0
0.5310089588165283,-0.283413290977478,0.01050634868443012,2.0,1.0,11809.0,0.602,417157482.0
0.8191773295402527,-0.437583714723587,0.04867243766784668,2.0,3.0,11811.0,0.93,417157487.0
1.664080262184143,-0.889282763004303,0.1650729775428772,4.0,5.0,11812.0,1.894,417157492.0
6.012795925140381,-3.215930700302124,0.8372423648834229,7.0,7.0,11814.0,6.87,417157496.0
2.438149213790894,-1.304586052894592,-0.3395279943943024,1.0,8.0,11815.0,2.786,417157499.0
3.072394371032715,-1.643953084945679,0.5519008040428162,18.0,9.0,11815.0,3.528,417157501.0
2.424047946929932,-1.297585129737854,-0.2405498474836349,1.0,10.0,11816.0,2.76,417157503.0
2.22049880027771,-1.189124584197998,0.4896158874034882,18.0,11.0,11817.0,2.566,417157506.0
2.213976144790649,-1.186626195907593,0.5799238085746765,74.0,13.0,11819.0,2.578,417157510.0
2.225021362304688,-1.193546056747437,0.6765530109405518,61.0,15.0,11821.0,2.614,417157515.0
0.5300164222717285,-0.2852651476860046,0.01050634868443012,2.0,1.0,11829.0,0.602,417157538.0
0.8177217245101929,-0.4402977824211121,0.04867243766784668,2.0,3.0,11830.0,0.93,417157542.0
1.61185610294342,-0.8686209917068481,0.1601922512054443,4.0,5.0,11832.0,1.838,417157547.0
6.012016773223877,-3.242553472518921,0.8387048244476318,7.0,7.0,11834.0,6.882000000000001,417157552.0
3.047227144241333,-1.644881367683411,0.5484592318534851,15.0,9.0,11836.0,3.506,417157556.0
2.419503927230835,-1.306038737297058,-0.2405498474836349,1.0,10.0,11836.0,2.76,417157559.0
2.212879657745361,-1.195002555847168,0.4888526499271393,18.0,11.0,11837.0,2.562,417157561.0
2.437260866165161,-1.316722750663757,-0.1451799422502518,1.0,12.0,11838.0,2.774,417157563.0
2.20639181137085,-1.192494034767151,0.5790240168571472,76.0,13.0,11839.0,2.574,417157565.0
2.214044809341431,-1.197628974914551,0.6744824051856995,61.0,15.0,11841.0,2.606,417157570.0
0.529017448425293,-0.2871134877204895,0.01050634868443012,2.0,1.0,11849.0,0.602,417157593.0
0.8021380305290222,-0.4355254173278809,0.04783506318926811,2.0,3.0,11850.0,0.914,417157598.0
1.558046460151672,-0.84665447473526,0.155137225985527,4.0,5.0,11852.0,1.78,417157602.0
5.991941928863525,-3.258777618408203,0.8374861478805542,7.0,7.0,11854.0,6.872,417157607.0
3.046961307525635,-1.657809495925903,0.5493978261947632,9.0,9.0,11855.0,3.512,417157612.0
2.414930105209351,-1.314476370811462,-0.2405498474836349,1.0,10.0,11856.0,2.76,417157614.0
2.198349475860596,-1.197086334228516,0.4865629374980927,18.0,11.0,11857.0,2.55,417157616.0
2.432649612426758,-1.325222253799438,-0.1451799422502518,1.0,12.0,11858.0,2.774,417157618.0
2.20563817024231,-1.202053546905518,0.5799238085746765,76.0,13.0,11859.0,2.578,417157621.0
2.199674844741821,-1.199799776077271,0.6713765859603882,61.0,15.0,11861.0,2.594,417157625.0
0.492928147315979,-0.2697584629058838,0.009808252565562725,2.0,1.0,11869.0,0.562,417157648.0
0.7743345499038696,-0.4239357709884644,0.04626498371362686,1.0,3.0,11870.0,0.884,417157653.0
1.532366871833801,-0.8396416902542114,0.1528711766004562,4.0,5.0,11872.0,1.754,417157658.0
5.973567962646484,-3.275855541229248,0.8365111947059631,7.0,7.0,11874.0,6.864,417157662.0
3.385797262191772,-1.8575119972229,0.6116587519645691,17.0,9.0,11875.0,3.91,417157667.0
2.466218709945679,-1.35357391834259,-0.2461278140544891,1.0,10.0,11876.0,2.824,417157669.0
2.188994884490967,-1.201918005943298,0.4854180812835693,20.0,11.0,11877.0,2.544,417157671.0
2.340481758117676,-1.285627007484436,-0.1399463415145874,1.0,12.0,11878.0,2.674,417157674.0
2.199720859527588,-1.208806872367859,0.5794739127159119,80.0,13.0,11879.0,2.576,417157676.0
2.193780660629272,-1.206539869308472,0.6708589792251587,54.0,15.0,11881.0,2.592,417157681.0
0.5271016359329224,-0.2906157374382019,0.01050634868443012,2.0,1.0,11887.0,0.602,417157704.0
0.7904875874519348,-0.4360126256942749,0.04731170460581779,1.0,3.0,11888.0,0.904,417157708.0
1.487859129905701,-0.8213423490524292,0.1486876904964447,4.0,5.0,11890.0,1.706,417157713.0
5.945871829986572,-3.285006046295166,0.8340737819671631,7.0,7.0,11892.0,6.844,417157717.0
3.537272453308105,-1.955096483230591,0.640129804611206,17.0,9.0,11893.0,4.092000000000001,417157722.0
2.406159162521362,-1.330463767051697,-0.2405498474836349,1.0,10.0,11894.0,2.76,417157724.0
2.178336381912231,-1.204987764358521,0.4838916063308716,19.0,11.0,11895.0,2.536,417157727.0
2.371381521224976,-1.312314867973328,-0.1420397907495499,1.0,12.0,11896.0,2.714,417157729.0
2.182273149490356,-1.208160519599915,0.5758746862411499,85.0,13.0,11897.0,2.56,417157731.0
2.193571090698242,-1.21491551399231,0.6718942523002625,53.0,15.0,11898.0,2.596,417157736.0
0.505110502243042,-0.2807945907115936,0.01008749101310968,2.0,1.0,11907.0,0.578,417157759.0
0.7645239233970642,-0.4251790940761566,0.04584629833698273,1.0,3.0,11908.0,0.876,417157764.0
1.434497117996216,-0.798430860042572,0.1436326652765274,4.0,5.0,11910.0,1.648,417157768.0
5.936102867126465,-3.306707143783569,0.8343175053596497,7.0,7.0,11912.0,6.846,417157773.0
3.532151699066162,-1.968393564224243,0.6404427289962769,20.0,9.0,11913.0,4.094,417157777.0
2.446745872497559,-1.364079594612122,-0.2450819462537766,1.0,10.0,11914.0,2.812,417157780.0
2.187833786010742,-1.220234632492065,0.4869445562362671,21.0,11.0,11915.0,2.552,417157782.0
2.419110298156738,-1.349779486656189,-0.1451799422502518,1.0,12.0,11916.0,2.774,417157784.0
2.181445837020874,-1.217670321464539,0.5767744779586792,78.0,13.0,11917.0,2.564,417157787.0
2.189103603363037,-1.222947239875793,0.6718942523002625,54.0,15.0,11919.0,2.596,417157791.0
0.4779615104198456,-0.2678905129432678,0.00956391915678978,2.0,1.0,11927.0,0.548,417157814.0
0.7525089383125305,-0.4221156239509583,0.04521826654672623,1.0,3.0,11929.0,0.864,417157819.0
1.402163743972778,-0.7868576049804688,0.1406693756580353,4.0,5.0,11930.0,1.614,417157823.0
5.931447505950928,-3.33129620552063,0.8352924585342407,6.0,7.0,11932.0,6.854,417157828.0
3.504593372344971,-1.969099640846252,0.6366882920265198,19.0,9.0,11933.0,4.07,417157833.0
2.48365330696106,-1.396041989326477,-0.2492654174566269,1.0,10.0,11934.0,2.86,417157835.0
2.183561086654663,-1.227864146232605,0.4869445562362671,22.0,11.0,11935.0,2.552,417157837.0
2.379569292068481,-1.338630557060242,-0.1430865079164505,1.0,12.0,11936.0,2.734,417157840.0
2.17548394203186,-1.224321842193604,0.5763245820999146,70.0,13.0,11937.0,2.562,417157842.0
2.190086126327515,-1.233043193817139,0.6734471321105957,61.0,15.0,11938.0,2.602,417157847.0
0.5362161993980408,-0.3030059933662415,0.01075068209320307,2.0,1.0,11947.0,0.616,417157870.0
0.7545078992843628,-0.4267061948776245,0.04542760923504829,1.0,3.0,11949.0,0.868,417157874.0
1.356056451797485,-0.7672197818756104,0.1363115757703781,4.0,5.0,11950.0,1.564,417157879.0
5.90769100189209,-3.345133543014526,0.8335863351821899,3.0,7.0,11952.0,6.84,417157883.0
3.495634078979492,-1.980957508087158,0.6363754272460938,17.0,9.0,11954.0,4.068000000000001,417157888.0
2.419829368591309,-1.371304512023926,-0.2433388382196426,1.0,10.0,11954.0,2.792,417157890.0
2.174138069152832,-1.232573986053467,0.4857997000217438,19.0,11.0,11955.0,2.546,417157893.0
2.357509136199951,-1.337075471878052,-0.1420397907495499,1.0,12.0,11956.0,2.714,417157895.0
2.174586772918701,-1.233831644058228,0.5772244334220886,74.0,13.0,11957.0,2.566,417157897.0
2.172112941741943,-1.233430504798889,0.6693060398101807,58.0,15.0,11959.0,2.586,417157902.0
0.4725106060504913,-0.2694059908390045,0.009494109079241753,2.0,1.0,11969.0,0.544,417157925.0
0.7407209277153015,-0.4226711094379425,0.04469490796327591,3.0,3.0,11971.0,0.854,417157929.0
1.330606460571289,-0.7595802545547485,0.1340455263853073,4.0,5.0,11972.0,1.538,417157934.0
5.944788455963135,-3.396350145339966,0.840654730796814,5.0,7.0,11974.0,6.898000000000001,417157939.0
3.491780042648315,-1.995716691017151,0.6370011568069458,11.0,9.0,11975.0,4.072,417157943.0
2.43184232711792,-1.390475511550903,-0.2450819462537766,1.0,10.0,11976.0,2.812,417157946.0
2.15746021270752,-1.234089374542236,0.4831283688545227,21.0,11.0,11977.0,2.532,417157948.0
2.352357864379883,-1.346117854118347,-0.1420397907495499,1.0,12.0,11978.0,2.714,417157950.0
2.16645073890686,-1.240235924720764,0.5763245820999146,72.0,13.0,11979.0,2.562,417157953.0
2.167577505111694,-1.24138343334198,0.6693060398101807,58.0,15.0,11980.0,2.586,417157957.0
0.4438280761241913,-0.2551093995571136,0.008935632184147835,2.0,1.0,11989.0,0.512,417157980.0
0.7392410039901733,-0.4252541363239288,0.04469490796327591,3.0,3.0,11991.0,0.854,417157985.0
1.296863675117493,-0.7463321685791016,0.1309079229831696,4.0,5.0,11992.0,1.502,417157989.0
6.700096607208252,-3.85895299911499,0.9493621587753296,5.0,7.0,11994.0,7.79,417157994.0
3.725751638412476,-2.147597074508667,0.6811156868934631,16.0,9.0,11996.0,4.354,417157999.0
2.382093667984009,-1.373085975646973,-0.2405498474836349,1.0,10.0,11996.0,2.76,417158001.0
2.159942150115967,-1.245535731315613,0.4846548438072205,19.0,11.0,11997.0,2.54,417158003.0
2.326884508132935,-1.342344522476196,-0.1407837271690369,1.0,12.0,11998.0,2.69,417158005.0
2.153669118881226,-1.242920279502869,0.5740751028060913,78.0,13.0,11999.0,2.552,417158008.0
2.166358947753906,-1.251252055168152,0.6703413128852844,61.0,15.0,12001.0,2.59,417158012.0
0.4637911915779114,-0.268526017665863,0.009354489855468273,2.0,1.0,12007.0,0.536,417158035.0
0.7137079238891602,-0.4135555922985077,0.04322950169444084,3.0,3.0,12009.0,0.8260000000000001,417158040.0
1.282446622848511,-0.7434082627296448,0.1296877413988113,3.0,5.0,12010.0,1.488,417158045.0
6.768641948699951,-3.926801681518555,0.9608179330825806,6.0,7.0,12012.0,7.884,417158049.0
3.950008153915405,-2.292503595352173,0.7233529686927795,13.0,9.0,12013.0,4.624,417158054.0
2.377768278121948,-1.380562782287598,-0.2405498474836349,1.0,10.0,12014.0,2.76,417158056.0
2.152623176574707,-1.250343084335327,0.4838916063308716,22.0,11.0,12015.0,2.536,417158058.0
2.322655916213989,-1.349647998809814,-0.1407837271690369,1.0,12.0,12016.0,2.69,417158061.0
2.14975380897522,-1.249680161476135,0.5740751028060913,78.0,13.0,12017.0,2.552,417158063.0
2.162636756896973,-1.257674217224121,0.6703413128852844,56.0,15.0,12018.0,2.59,417158068.0
0.7070862054824829,-0.4130222797393799,0.04291548579931259,1.0,3.0,12029.0,0.8200000000000001,417158095.0
1.26436185836792,-0.7388333678245544,0.1281189471483231,4.0,5.0,12030.0,1.47,417158100.0
6.744612216949463,-3.944391965866089,0.9593554735183716,3.0,7.0,12032.0,7.872,417158105.0
3.948398351669312,-2.310956954956055,0.7246044278144836,13.0,9.0,12034.0,4.632,417158109.0
2.417642116546631,-1.415021181106567,-0.2450819462537766,1.0,10.0,12034.0,2.812,417158111.0
2.158410787582397,-1.263801455497742,0.4861813187599182,24.0,11.0,12035.0,2.548,417158114.0
2.317930459976196,-1.357747435569763,-0.1407837271690369,1.0,12.0,12036.0,2.69,417158116.0
2.145378589630127,-1.257176518440247,0.5740751028060913,78.0,13.0,12037.0,2.552,417158118.0
2.158012628555298,-1.265592217445374,0.6703413128852844,56.0,15.0,12039.0,2.59,417158123.0
0.4515640735626221,-0.2656731903553009,0.009145060554146767,2.0,1.0,12047.0,0.524,417158146.0
0.7228509187698364,-0.4256218075752258,0.04396220296621323,1.0,3.0,12049.0,0.84,417158151.0
1.224007725715637,-0.7209956049919128,0.1242840886116028,4.0,5.0,12050.0,1.426,417158155.0
7.0266432762146,-4.142313480377197,1.001522302627563,3.0,7.0,12052.0,8.218,417158160.0
3.944116353988647,-2.32604455947876,0.7252301573753357,12.0,9.0,12053.0,4.636,417158164.0
2.395528316497803,-1.413327574729919,-0.2433388382196426,1.0,10.0,12054.0,2.792,417158167.0
2.143841981887817,-1.265340685844421,0.4838916063308716,23.0,11.0,12055.0,2.536,417158169.0
2.261581897735596,-1.335365653038025,-0.1376435607671738,1.0,12.0,12056.0,2.63,417158171.0
2.137621402740479,-1.262675404548645,0.573175311088562,78.0,13.0,12057.0,2.548,417158174.0
2.143825054168701,-1.266844630241394,0.6672354936599731,56.0,15.0,12058.0,2.578,417158178.0
0.4471940100193024,-0.2652077674865723,0.009075251407921314,2.0,1.0,12067.0,0.52,417158201.0
0.6835752129554749,-0.4057159125804901,0.04165942221879959,1.0,3.0,12069.0,0.796,417158206.0
1.223196625709534,-0.7262809872627258,0.1244584023952484,3.0,5.0,12070.0,1.428,417158211.0
7.157196044921875,-4.253012180328369,1.022240042686462,3.0,7.0,12072.0,8.388,417158215.0
3.99838399887085,-2.377843856811523,0.736806333065033,9.0,9.0,12074.0,4.71,417158220.0
2.376880645751953,-1.413533687591553,-0.2419443428516388,1.0,10.0,12074.0,2.776,417158222.0
2.1292884349823,-1.266793608665466,0.481601893901825,24.0,11.0,12075.0,2.524,417158224.0
2.311827898025513,-1.37593936920166,-0.140993058681488,1.0,12.0,12076.0,2.694,417158227.0
2.131526231765747,-1.269132494926453,0.5727253556251526,66.0,13.0,12077.0,2.546,417158229.0
2.142486333847046,-1.276671528816223,0.6682707667350769,61.0,15.0,12079.0,2.582,417158234.0
0.4462655484676361,-0.266767144203186,0.009075251407921314,2.0,1.0,12087.0,0.52,417158257.0
0.6958665251731873,-0.4163025617599487,0.04249679669737816,1.0,3.0,12089.0,0.812,417158261.0
1.189881205558777,-0.7121291756629944,0.1213207915425301,3.0,5.0,12090.0,1.392,417158266.0
7.217237949371338,-4.322850227355957,1.032964587211609,3.0,7.0,12092.0,8.476,417158270.0
4.361565589904785,-2.613445997238159,0.8053246140480042,16.0,9.0,12093.0,5.148,417158275.0
2.334336519241333,-1.399285912513733,-0.2381094843149185,1.0,10.0,12094.0,2.732,417158277.0
2.121486186981201,-1.272199034690857,0.4808386564254761,24.0,11.0,12095.0,2.52,417158280.0
2.259055137634277,-1.355231642723083,-0.1380622535943985,1.0,12.0,12096.0,2.638,417158282.0
2.130424976348877,-1.278570771217346,0.5736252069473267,62.0,13.0,12097.0,2.55,417158284.0
2.139897346496582,-1.28476357460022,0.6687884330749512,65.0,15.0,12098.0,2.584,417158289.0
0.435054749250412,-0.2621312141418457,0.008865822106599808,2.0,1.0,12107.0,0.508,417158312.0
0.6499395370483398,-0.391913890838623,0.03977532684803009,1.0,3.0,12109.0,0.76,417158317.0
1.173740029335022,-0.708045244216919,0.1199263036251068,3.0,5.0,12110.0,1.376,417158321.0
6.495149612426758,-3.921217679977417,0.9315692782402039,1.0,7.0,12112.0,7.644,417158326.0
4.396380424499512,-2.655206918716431,0.8134592175483704,14.0,9.0,12113.0,5.2,417158330.0
2.254404783248901,-1.362091422080994,-0.2304397821426392,1.0,10.0,12114.0,2.644,417158333.0
2.123753309249878,-1.283658862113953,0.4823651313781738,27.0,11.0,12115.0,2.528,417158335.0
2.257728815078735,-1.365175843238831,-0.1382716000080109,1.0,12.0,12116.0,2.642,417158337.0
2.114277124404907,-1.278939127922058,0.5704758763313293,70.0,13.0,12117.0,2.536,417158340.0
2.140357971191406,-1.295225977897644,0.6703413128852844,56.0,15.0,12118.0,2.59,417158344.0
0.4443451762199402,-0.2699536979198456,0.009075251407921314,2.0,1.0,12128.0,0.52,417158367.0
0.6758039593696594,-0.4108952581882477,0.04145007580518723,1.0,3.0,12130.0,0.792,417158372.0
1.160923600196838,-0.7061301469802856,0.1188804358243942,3.0,5.0,12131.0,1.364,417158376.0
5.626131534576416,-3.424777746200562,0.8087249398231506,2.0,7.0,12133.0,6.636,417158381.0
4.443510055541992,-2.707010507583618,0.8240967392921448,14.0,9.0,12135.0,5.268,417158386.0
2.290233612060547,-1.395222663879395,-0.2346232533454895,1.0,10.0,12135.0,2.692,417158388.0
2.125739812850952,-1.295521020889282,0.4838916063308716,24.0,11.0,12136.0,2.536,417158390.0
2.228835821151733,-1.358885884284973,-0.1368061900138855,1.0,12.0,12137.0,2.614,417158393.0
2.107911586761475,-1.285665035247803,0.5700259804725647,74.0,13.0,12138.0,2.534,417158395.0
2.122403383255005,-1.295012235641479,0.6662002205848694,58.0,15.0,12139.0,2.574,417158399.0
0.6471184492111206,-0.396554708480835,0.03977532684803009,1.0,3.0,12150.0,0.76,417158427.0
1.131273984909058,-0.6935171484947205,0.1160914525389671,2.0,5.0,12151.0,1.332,417158432.0
5.1488356590271,-3.158920049667358,0.741696834564209,2.0,7.0,12153.0,6.086,417158436.0
4.568704605102539,-2.805192947387695,0.8491262793540955,14.0,9.0,12155.0,5.428,417158441.0
2.258183240890503,-1.386528611183167,-0.231834277510643,1.0,10.0,12155.0,2.66,417158443.0
2.114513158798218,-1.298823118209839,0.4823651313781738,20.0,11.0,12156.0,2.528,417158446.0
2.275128841400146,-1.398027062416077,-0.1399463415145874,1.0,12.0,12157.0,2.674,417158448.0
2.105071306228638,-1.294035792350769,0.5704758763313293,80.0,13.0,12158.0,2.536,417158450.0
2.112706661224365,-1.299745798110962,0.6646472811698914,65.0,15.0,12160.0,2.568,417158455.0
0.6322041153907776,-0.3903048038482666,0.03893795236945152,1.0,3.0,12169.0,0.744,417158482.0
1.09167468547821,-0.674232006072998,0.1122565940022469,2.0,5.0,12170.0,1.288,417158487.0
4.506804943084717,-2.785633325576782,0.6505385637283325,2.0,7.0,12172.0,5.338,417158492.0
4.643374443054199,-2.872286558151245,0.864769697189331,7.0,9.0,12174.0,5.528,417158496.0
2.287461280822754,-1.414971947669983,-0.235320508480072,1.0,10.0,12174.0,2.7,417158499.0
2.101847171783447,-1.300662517547607,0.4804570376873016,18.0,11.0,12175.0,2.518,417158501.0
2.26029109954834,-1.399256229400635,-0.1393183171749115,1.0,12.0,12176.0,2.662,417158503.0
2.102425098419189,-1.302035331726074,0.570925772190094,76.0,13.0,12177.0,2.538,417158505.0
2.298256874084473,-1.423869252204895,-0.0471913069486618,1.0,14.0,12178.0,2.704,417158508.0
2.108612775802612,-1.306376576423645,0.6646472811698914,65.0,15.0,12178.0,2.568,417158510.0
0.6206629872322083,-0.3861784338951111,0.03830992057919502,1.0,3.0,12189.0,0.732,417158538.0
1.084240078926086,-0.6748800277709961,0.1117336601018906,3.0,5.0,12190.0,1.282,417158542.0
4.107837200164795,-2.558893203735352,0.5942349433898926,2.0,7.0,12192.0,4.876,417158547.0
9.86843490600586,-6.152122974395752,1.841859340667725,9.0,9.0,12194.0,11.774,417158552.0
2.333230495452881,-1.454569101333618,-0.2405498474836349,1.0,10.0,12194.0,2.76,417158554.0
2.100625991821289,-1.31006932258606,0.4812202751636505,19.0,11.0,12195.0,2.522,417158556.0
2.255393028259277,-1.407137632369995,-0.1393183171749115,1.0,12.0,12196.0,2.662,417158558.0
2.091254711151123,-1.305238962173462,0.5691261887550354,70.0,13.0,12197.0,2.53,417158561.0
2.225424528121948,-1.389519691467285,-0.04579511284828186,1.0,14.0,12198.0,2.624,417158563.0
2.107317209243774,-1.315775394439697,0.6656825542449951,65.0,15.0,12198.0,2.572,417158565.0
0.6193789839744568,-0.3882344961166382,0.03830992057919502,1.0,3.0,12208.0,0.732,417158593.0
1.044746160507202,-0.6553680300712585,0.1078988090157509,3.0,5.0,12210.0,1.238,417158598.0
3.806342840194702,-2.389566421508789,0.5518243908882141,2.0,7.0,12212.0,4.528,417158602.0
9.829578399658203,-6.173257350921631,1.838417887687683,10.0,9.0,12213.0,11.752,417158607.0
2.264030694961548,-1.422427296638489,-0.2339260131120682,1.0,10.0,12214.0,2.684,417158609.0
2.139257431030273,-1.344556570053101,0.4911423623561859,18.0,11.0,12215.0,2.574,417158611.0
2.233559370040894,-1.404370665550232,-0.1382716000080109,1.0,12.0,12216.0,2.642,417158614.0
2.083386898040771,-1.310455679893494,0.5682263374328613,64.0,13.0,12217.0,2.526,417158616.0
2.227330684661865,-1.401539325714111,-0.04593473300337791,1.0,14.0,12218.0,2.632,417158618.0
2.105981588363647,-1.325181007385254,0.6667178869247437,65.0,15.0,12218.0,2.576,417158621.0
0.6044447422027588,-0.3819664716720581,0.03747254610061646,1.0,3.0,12229.0,0.716,417158648.0
1.025611281394958,-0.6483645439147949,0.1061556935310364,3.0,5.0,12230.0,1.218,417158653.0
3.501051902770996,-2.214983940124512,0.5086826682090759,2.0,7.0,12232.0,4.174,417158657.0
9.803548812866211,-6.207129955291748,1.837792038917542,24.0,9.0,12234.0,11.748,417158662.0
2.25905179977417,-1.430321574211121,-0.2339260131120682,1.0,10.0,12234.0,2.684,417158664.0
2.247332334518433,-1.423450946807861,0.5170924067497253,32.0,11.0,12235.0,2.71,417158667.0
2.242140293121338,-1.420710802078247,-0.1391089707612991,1.0,12.0,12236.0,2.658,417158669.0
2.072216033935547,-1.313546776771545,0.5664267539978027,57.0,13.0,12237.0,2.518,417158671.0
2.202159404754639,-1.396454811096191,-0.04551587626338005,1.0,14.0,12238.0,2.608,417158674.0
2.094585180282593,-1.328751444816589,0.6646472811698914,65.0,15.0,12239.0,2.568,417158676.0
0.6368716955184937,-0.4054195284843445,0.03956598415970802,1.0,3.0,12248.0,0.756,417158704.0
0.9779719710350037,-0.6230368614196777,0.1014492809772491,2.0,5.0,12250.0,1.164,417158708.0
3.218789339065552,-2.052175045013428,0.4687094986438751,2.0,7.0,12252.0,3.846,417158713.0
9.768499374389648,-6.232812404632568,1.835289120674133,14.0,9.0,12254.0,11.732,417158717.0
2.217093706130981,-1.414621472358704,-0.2300911545753479,1.0,10.0,12254.0,2.64,417158720.0
2.353226184844971,-1.502059102058411,0.5426607728004456,21.0,11.0,12255.0,2.844,417158722.0
2.237167596817017,-1.428528666496277,-0.1391089707612991,1.0,12.0,12256.0,2.658,417158724.0
2.06433367729187,-1.318674087524414,0.5655269622802734,54.0,13.0,12257.0,2.514,417158727.0
2.21075177192688,-1.412747621536255,-0.04579511284828186,1.0,14.0,12258.0,2.624,417158729.0
2.080400228500366,-1.329448580741882,0.6615414619445801,73.0,15.0,12258.0,2.556,417158731.0
0.4208326637744904,-0.269858717918396,0.008726202882826328,2.0,1.0,12267.0,0.5,417158754.0
0.5917442440986633,-0.3796014189720154,0.03684451431035995,1.0,3.0,12268.0,0.704,417158759.0
0.9791443943977356,-0.6285995244979858,0.1017979085445404,3.0,5.0,12270.0,1.168,417158763.0
3.031235456466675,-1.947513103485107,0.4423857033252716,3.0,7.0,12272.0,3.63,417158768.0
9.733390808105469,-6.258326053619385,1.832786202430725,19.0,9.0,12274.0,11.716,417158773.0
2.228900909423828,-1.433127284049988,-0.231834277510643,1.0,10.0,12274.0,2.66,417158775.0
2.354573488235474,-1.514512538909912,0.5441872477531433,27.0,11.0,12275.0,2.852,417158777.0
2.225449085235596,-1.432006120681763,-0.1386902779340744,1.0,12.0,12276.0,2.65,417158780.0
2.066272497177124,-1.330091118812561,0.567326545715332,44.0,13.0,12277.0,2.522,417158782.0
2.199081897735596,-1.416125297546387,-0.0456554964184761,1.0,14.0,12278.0,2.616,417158784.0
2.0789954662323,-1.338794231414795,0.6625767350196838,73.0,15.0,12278.0,2.56,417158786.0
0.5903489589691162,-0.3817677199840546,0.03684451431035995,1.0,3.0,12289.0,0.704,417158814.0
0.9468329548835754,-0.612533688545227,0.09866029769182205,2.0,5.0,12290.0,1.132,417158819.0
2.904441833496094,-1.880406141281128,0.4248365163803101,3.0,7.0,12292.0,3.486,417158823.0
9.717557907104492,-6.293790340423584,1.833724856376648,21.0,9.0,12293.0,11.722,417158828.0
2.264014959335327,-1.466900110244751,-0.2360177487134933,1.0,10.0,12294.0,2.708,417158830.0
2.359157085418701,-1.529129266738892,0.5464769601821899,33.0,11.0,12295.0,2.864,417158833.0
2.210381984710693,-1.43324601650238,-0.1380622535943985,1.0,12.0,12296.0,2.638,417158835.0
2.048537731170654,-1.328811526298523,0.5637273192405701,36.0,13.0,12297.0,2.506,417158837.0
2.187415361404419,-1.41943883895874,-0.04551587626338005,1.0,14.0,12298.0,2.608,417158839.0
2.075694799423218,-1.347457051277161,0.6630944013595581,69.0,15.0,12299.0,2.562,417158842.0
0.5790385603904724,-0.3771825432777405,0.03621648252010345,1.0,3.0,12308.0,0.6920000000000001,417158869.0
0.9330055713653564,-0.6082186698913574,0.09744012355804443,3.0,5.0,12310.0,1.118,417158874.0
2.771504878997803,-1.80810022354126,0.4063123762607574,4.0,7.0,12312.0,3.334,417158879.0
9.684500694274902,-6.322885513305664,1.831847548484802,16.0,9.0,12314.0,11.71,417158883.0
2.218841552734375,-1.448652863502502,-0.231834277510643,1.0,10.0,12314.0,2.66,417158886.0
2.357092618942261,-1.539502024650574,0.5472401976585388,31.0,11.0,12315.0,2.868,417158888.0
2.208709716796875,-1.443137764930725,-0.1382716000080109,1.0,12.0,12316.0,2.642,417158890.0
2.037362098693848,-1.331689357757568,0.5619277358055115,30.0,13.0,12317.0,2.498,417158892.0
2.165710687637329,-1.416121959686279,-0.04516682773828506,1.0,14.0,12318.0,2.588,417158895.0
2.075828790664673,-1.357866883277893,0.6646472811698914,65.0,15.0,12319.0,2.568,417158897.0
0.4180315434932709,-0.2741778194904327,0.008726202882826328,2.0,1.0,12326.0,0.5,417158920.0
0.5377070903778076,-0.3528046309947968,0.03370435535907745,1.0,3.0,12327.0,0.644,417158925.0
0.9159945249557495,-0.6014671325683594,0.09587131440639496,3.0,5.0,12329.0,1.1,417158929.0
2.624481916427612,-1.724618196487427,0.3855946063995361,4.0,7.0,12331.0,3.164,417158934.0
9.638178825378418,-6.335916996002197,1.826841711997986,16.0,9.0,12332.0,11.678,417158939.0
2.358535051345825,-1.551626086235046,0.5487666726112366,33.0,11.0,12334.0,2.876,417158943.0
2.200575113296509,-1.448258280754089,-0.1380622535943985,1.0,12.0,12335.0,2.638,417158945.0
2.029679536819458,-1.336295008659363,0.5610279440879822,20.0,13.0,12336.0,2.494,417158948.0
2.171022891998291,-1.429895401000977,-0.045376256108284,1.0,14.0,12337.0,2.6,417158950.0
2.06486177444458,-1.360491633415222,0.6625767350196838,65.0,15.0,12338.0,2.56,417158952.0
0.4270816743373871,-0.2822506129741669,0.008935632184147835,2.0,1.0,12346.0,0.512,417158975.0
0.5264759063720703,-0.348070502281189,0.03307632356882095,1.0,3.0,12347.0,0.632,417158980.0
0.9122278094291687,-0.6035614609718323,0.09569700807332993,3.0,5.0,12349.0,1.098,417158985.0
2.424793481826782,-1.605544447898865,0.3570771813392639,4.0,7.0,12351.0,2.93,417158989.0
9.616003036499023,-6.369522094726562,1.826841711997986,13.0,9.0,12352.0,11.678,417158994.0
2.232181310653687,-1.479130029678345,-0.2342746406793594,1.0,10.0,12353.0,2.688,417158996.0
2.344922542572021,-1.554425835609436,0.5468586087226868,30.0,11.0,12354.0,2.866,417158998.0
2.2021644115448,-1.460346102714539,-0.1384809464216232,1.0,12.0,12355.0,2.646,417159001.0
2.023378849029541,-1.342294454574585,0.5605780482292175,17.0,13.0,12356.0,2.492,417159003.0
2.167684555053711,-1.438570737838745,-0.04541116207838058,1.0,14.0,12357.0,2.602,417159005.0
2.053662538528442,-1.363417029380798,0.6605061888694763,73.0,15.0,12358.0,2.552,417159008.0
0.4161072373390198,-0.277089536190033,0.008726202882826328,2.0,1.0,12366.0,0.5,417159031.0
0.538555383682251,-0.3587645292282104,0.03391369804739952,1.0,3.0,12367.0,0.648,417159035.0
0.8869066834449768,-0.5912696123123169,0.0932566449046135,3.0,5.0,12369.0,1.07,417159040.0
2.287069082260132,-1.525862336158752,0.3375780880451202,4.0,7.0,12371.0,2.77,417159044.0
9.593710899353027,-6.403049468994141,1.826841711997986,21.0,9.0,12372.0,11.678,417159049.0
2.203806638717651,-1.471424102783203,-0.231834277510643,1.0,10.0,12373.0,2.66,417159051.0
2.347645282745361,-1.568053841590881,0.5487666726112366,19.0,11.0,12374.0,2.876,417159054.0
2.187089443206787,-1.461366534233093,-0.1378529071807861,1.0,12.0,12375.0,2.634,417159056.0
2.018681049346924,-1.3493492603302,0.5605780482292175,19.0,13.0,12376.0,2.492,417159058.0
2.180935144424438,-1.458355665206909,-0.04579511284828186,1.0,14.0,12377.0,2.624,417159061.0
2.049129962921143,-1.370219707489014,0.6605061888694763,73.0,15.0,12377.0,2.552,417159063.0
0.5538830757141113,-0.3717731833457947,0.03496041893959045,1.0,3.0,12387.0,0.668,417159091.0
0.8732600212097168,-0.5865851640701294,0.09203646332025528,3.0,5.0,12389.0,1.056,417159095.0
2.212535619735718,-1.487322926521301,0.3273410499095917,5.0,7.0,12391.0,2.686,417159100.0
9.572940826416016,-6.437601089477539,1.827154517173767,20.0,9.0,12392.0,11.68,417159104.0
2.281313419342041,-1.534713387489319,-0.2405498474836349,1.0,10.0,12393.0,2.76,417159107.0
2.347043752670288,-1.579527497291565,0.5499114990234375,15.0,11.0,12394.0,2.882,417159109.0
2.185288667678833,-1.471222758293152,-0.1380622535943985,1.0,12.0,12395.0,2.638,417159111.0
2.002644300460815,-1.348767399787903,0.5574287176132202,21.0,13.0,12396.0,2.478,417159114.0
2.155930280685425,-1.452551484107971,-0.045376256108284,1.0,14.0,12397.0,2.6,417159116.0
2.045696020126343,-1.378800630569458,0.6610238552093506,69.0,15.0,12398.0,2.554,417159118.0
0.4373557865619659,-0.2956670522689819,0.009214870631694794,2.0,1.0,12406.0,0.528,417159141.0
0.5194318890571594,-0.3514174818992615,0.03286698088049889,1.0,3.0,12408.0,0.628,417159146.0
0.8596570491790771,-0.5818127989768982,0.09081628173589706,3.0,5.0,12409.0,1.042,417159150.0
2.121864318847656,-1.437150239944458,0.3146666586399078,5.0,7.0,12411.0,2.582,417159155.0
9.552046775817871,-6.472085475921631,1.827467441558838,28.0,9.0,12412.0,11.682,417159160.0
2.170391321182251,-1.471123337745667,-0.2293939143419266,1.0,10.0,12413.0,2.632,417159162.0
2.536506652832031,-1.719927906990051,0.5957056879997253,39.0,11.0,12414.0,3.122,417159164.0
2.199974298477173,-1.492296099662781,-0.1393183171749115,1.0,12.0,12415.0,2.662,417159167.0
1.994698882102966,-1.353561162948608,0.5565289258956909,22.0,13.0,12416.0,2.474,417159169.0
2.14091968536377,-1.45332944393158,-0.04516682773828506,1.0,14.0,12417.0,2.588,417159171.0
2.041112422943115,-1.385576844215393,0.6610238552093506,69.0,15.0,12417.0,2.554,417159174.0
0.4958193898200989,-0.3377180695533752,0.01047144364565611,2.0,1.0,12426.0,0.6,417159197.0
0.5083001255989075,-0.3464789092540741,0.03223894909024239,1.0,3.0,12428.0,0.616,417159201.0
0.8362215757369995,-0.5702178478240967,0.08855023235082626,3.0,5.0,12429.0,1.016,417159206.0
2.049607515335083,-1.398671746253967,0.3046733438968658,6.0,7.0,12431.0,2.5,417159210.0
9.495635986328125,-6.484771728515625,1.821210026741028,19.0,9.0,12433.0,11.642,417159215.0
2.778511047363281,-1.898215532302856,0.6540932655334473,23.0,11.0,12434.0,3.428,417159220.0
2.168368577957153,-1.481935143470764,-0.1376435607671738,1.0,12.0,12435.0,2.63,417159222.0
1.989961981773376,-1.360515713691711,0.5565289258956909,18.0,13.0,12436.0,2.474,417159224.0
2.132532596588135,-1.458536028862,-0.04509701952338219,1.0,14.0,12437.0,2.584,417159227.0
2.03283166885376,-1.390866875648499,0.6599885821342468,69.0,15.0,12438.0,2.55,417159229.0
0.5136731266975403,-0.3527738451957703,0.03265763819217682,1.0,3.0,12448.0,0.624,417159256.0
0.8079512119293213,-0.555081844329834,0.08576124906539917,2.0,5.0,12449.0,0.984,417159261.0
1.974374771118164,-1.357457637786865,0.2941925823688507,5.0,7.0,12451.0,2.414,417159266.0
9.490354537963867,-6.527419090270996,1.824338674545288,23.0,9.0,12452.0,11.662,417159270.0
2.771868228912354,-1.907902717590332,0.6540932655334473,32.0,11.0,12454.0,3.428,417159275.0
2.163182497024536,-1.489495158195496,-0.1376435607671738,1.0,12.0,12455.0,2.63,417159277.0
1.991620063781738,-1.371875524520874,0.5583285093307495,18.0,13.0,12456.0,2.482,417159280.0
2.14060115814209,-1.475048303604126,-0.045376256108284,1.0,14.0,12457.0,2.6,417159282.0
2.025026798248291,-1.395408034324646,0.6589533090591431,77.0,15.0,12457.0,2.546,417159284.0
0.4934495985507965,-0.3411712944507599,0.01047144364565611,2.0,1.0,12466.0,0.6,417159307.0
0.4828748404979706,-0.3341090679168701,0.03077354282140732,1.0,3.0,12468.0,0.588,417159312.0
0.7994557619094849,-0.553363025188446,0.08506400138139725,2.0,5.0,12469.0,0.976,417159316.0
1.904350876808167,-1.319126844406128,0.2844430506229401,6.0,7.0,12471.0,2.334,417159321.0
9.461496353149414,-6.558782577514648,1.823400139808655,6.0,9.0,12473.0,11.656,417159326.0
2.259663105010986,-1.566415905952454,-0.2405498474836349,1.0,10.0,12473.0,2.76,417159328.0
2.752285003662109,-1.908616662025452,0.6510403156280518,33.0,11.0,12474.0,3.412,417159330.0
2.161252021789551,-1.499313950538635,-0.1378529071807861,1.0,12.0,12475.0,2.634,417159332.0
1.990021228790283,-1.381041407585144,0.5592283010482788,20.0,13.0,12476.0,2.486,417159335.0
2.119012832641602,-1.471107482910156,-0.04502720758318901,1.0,14.0,12477.0,2.58,417159337.0
2.013551712036133,-1.398412823677063,0.6568827629089355,77.0,15.0,12478.0,2.538,417159339.0
0.4948132634162903,-0.3449298143386841,0.03161091729998589,1.0,3.0,12488.0,0.604,417159367.0
0.7942507863044739,-0.5538709759712219,0.08471538126468658,2.0,5.0,12489.0,0.972,417159372.0
1.821596503257751,-1.271236062049866,0.2727435827255249,5.0,7.0,12491.0,2.238,417159376.0
9.442934036254883,-6.592383861541748,1.824025869369507,11.0,9.0,12492.0,11.66,417159381.0
2.75526237487793,-1.92495858669281,0.6533300280570984,32.0,11.0,12494.0,3.424,417159385.0
2.146183013916016,-1.4999840259552,-0.1372248828411102,1.0,12.0,12495.0,2.622,417159388.0
1.972411632537842,-1.379046320915222,0.5556290745735168,25.0,13.0,12496.0,2.47,417159390.0
2.130251407623291,-1.489956378936768,-0.045376256108284,1.0,14.0,12497.0,2.6,417159392.0
2.021567821502686,-1.413940191268921,0.6610238552093506,77.0,15.0,12497.0,2.554,417159395.0
0.4739927351474762,-0.3328805565834045,0.03035485371947289,1.0,3.0,12508.0,0.58,417159422.0
0.7727493047714233,-0.5428958535194397,0.08262364566326141,2.0,5.0,12509.0,0.9480000000000001,417159427.0
1.727833271026611,-1.214792132377625,0.2593379616737366,6.0,7.0,12511.0,2.128,417159432.0
9.386397361755371,-6.604215621948242,1.817768454551697,4.0,9.0,12513.0,11.62,417159436.0
2.751737117767334,-1.936824560165405,0.6540932655334473,32.0,11.0,12514.0,3.428,417159441.0
2.167062759399414,-1.525864243507385,-0.1388996243476868,1.0,12.0,12515.0,2.654,417159443.0
1.954840302467346,-1.37694525718689,0.5520299077033997,31.0,13.0,12516.0,2.454,417159445.0
2.126672029495239,-1.49853515625,-0.04541116207838058,1.0,14.0,12517.0,2.602,417159448.0
2.013213872909546,-1.419113993644714,0.6599885821342468,69.0,15.0,12518.0,2.55,417159450.0
0.4923931658267975,-0.3483758270740509,0.03161091729998589,1.0,3.0,12528.0,0.604,417159478.0
0.7529606223106384,-0.5329285264015198,0.08070621639490128,2.0,5.0,12529.0,0.926,417159482.0
1.640967011451721,-1.162299394607544,0.2469072937965393,5.0,7.0,12531.0,2.026,417159487.0
5.430088996887207,-3.847563743591309,1.054055452346802,6.0,9.0,12532.0,6.738,417159491.0
2.744959592819214,-1.946418166160583,0.6540932655334473,33.0,11.0,12534.0,3.428,417159496.0
2.129142761230469,-1.510308265686035,-0.1368061900138855,1.0,12.0,12535.0,2.614,417159498.0
1.965914607048035,-1.39503812789917,0.5565289258956909,34.0,13.0,12536.0,2.474,417159501.0
2.116536378860474,-1.502476930618286,-0.04530644789338112,1.0,14.0,12537.0,2.596,417159503.0
2.003771066665649,-1.422427535057068,0.6584356427192688,81.0,15.0,12537.0,2.544,417159505.0
0.4911741018295288,-0.3500924706459045,0.03161091729998589,1.0,3.0,12548.0,0.604,417159533.0
0.7446067929267883,-0.5309268236160278,0.08000896871089935,2.0,5.0,12549.0,0.918,417159538.0
1.596502542495728,-1.13919460773468,0.240813821554184,6.0,7.0,12551.0,1.976,417159542.0
5.417558193206787,-3.868587970733643,1.054368257522583,11.0,9.0,12553.0,6.74,417159547.0
2.72856330871582,-1.949140906333923,0.6518035531044006,32.0,11.0,12554.0,3.416,417159551.0
2.159607648849487,-1.543278336524963,-0.1391089707612991,1.0,12.0,12555.0,2.658,417159554.0
1.957862377166748,-1.399625420570374,0.5556290745735168,35.0,13.0,12556.0,2.47,417159556.0
2.090133666992188,-1.494734048843384,-0.04485268518328667,1.0,14.0,12557.0,2.57,417159558.0
1.99068820476532,-1.424142003059387,0.6558474898338318,77.0,15.0,12558.0,2.534,417159561.0
0.4834596812725067,-0.3471451997756958,0.0311922300606966,1.0,3.0,12568.0,0.596,417159588.0
0.7298034429550171,-0.5242238640785217,0.0786144807934761,2.0,5.0,12569.0,0.902,417159593.0
1.531265616416931,-1.100731253623962,0.2315517514944077,6.0,7.0,12571.0,1.9,417159597.0
5.401492118835449,-3.884225368499756,1.053742527961731,14.0,9.0,12572.0,6.736,417159602.0
2.731304168701172,-1.965533971786499,0.6540932655334473,22.0,11.0,12574.0,3.428,417159607.0
2.125030755996704,-1.529803156852722,-0.1372248828411102,1.0,12.0,12575.0,2.622,417159609.0
1.96245288848877,-1.413284063339233,0.5583285093307495,35.0,13.0,12576.0,2.482,417159611.0
2.102750778198242,-1.514878630638123,-0.04523663595318794,1.0,14.0,12577.0,2.592,417159614.0
1.982819795608521,-1.428477048873901,0.6548121571540833,77.0,15.0,12577.0,2.53,417159616.0
0.4861964285373688,-0.3514304757118225,0.01047144364565611,2.0,1.0,12586.0,0.6,417159639.0
0.4660622477531433,-0.3371249437332153,0.03014551103115082,3.0,3.0,12588.0,0.5760000000000001,417159644.0
0.7376538515090942,-0.5337761640548706,0.07966034859418869,2.0,5.0,12589.0,0.914,417159648.0
1.482395529747009,-1.073469758033752,0.224727064371109,4.0,7.0,12591.0,1.844,417159653.0
5.392699718475342,-3.906533002853394,1.054681181907654,14.0,9.0,12592.0,6.742,417159657.0
2.719657897949219,-1.971599102020264,0.6529483795166016,15.0,11.0,12594.0,3.422,417159662.0
2.126145124435425,-1.541901826858521,-0.1376435607671738,1.0,12.0,12595.0,2.63,417159664.0
1.944888830184937,-1.41097092628479,0.5547292828559875,35.0,13.0,12596.0,2.466,417159667.0
2.103923559188843,-1.526907444000244,-0.045376256108284,1.0,14.0,12597.0,2.6,417159669.0
1.985638856887817,-1.441063165664673,0.657400369644165,73.0,15.0,12597.0,2.54,417159671.0
0.4616542756557465,-0.3363973200321198,0.0299361664801836,3.0,3.0,12608.0,0.5720000000000001,417159699.0
0.7180757522583008,-0.5234379172325134,0.07774291932582855,2.0,5.0,12609.0,0.892,417159703.0
1.444961071014404,-1.054070115089417,0.2196085602045059,4.0,7.0,12611.0,1.802,417159708.0
5.375154495239258,-3.923942565917969,1.054055452346802,14.0,9.0,12613.0,6.738,417159713.0
2.929970264434814,-2.139705896377563,0.7052300572395325,35.0,11.0,12614.0,3.696,417159717.0
2.091720581054688,-1.528106689453125,-0.1357594728469849,1.0,12.0,12615.0,2.594,417159720.0
1.936805009841919,-1.415451645851135,0.5538294911384583,35.0,13.0,12616.0,2.462,417159722.0
2.093738079071045,-1.530701756477356,-0.04527154192328453,1.0,14.0,12617.0,2.594,417159724.0
1.983715534210205,-1.450265884399414,0.6584356427192688,73.0,15.0,12617.0,2.544,417159726.0
0.4492067992687225,-0.3297338485717773,0.02920346334576607,4.0,3.0,12628.0,0.558,417159754.0
0.6969730854034424,-0.51179039478302,0.07565118372440338,2.0,5.0,12629.0,0.868,417159759.0
1.420477509498596,-1.043826222419739,0.2164399474859238,4.0,7.0,12631.0,1.776,417159763.0
5.353467464447021,-3.936830043792725,1.052491068840027,16.0,9.0,12633.0,6.728,417159768.0
3.135976552963257,-2.306976079940796,0.7567484974861145,30.0,11.0,12634.0,3.966,417159773.0
2.102459907531738,-1.547236919403076,-0.1368061900138855,1.0,12.0,12635.0,2.614,417159775.0
1.92871367931366,-1.419893026351929,0.552929699420929,35.0,13.0,12636.0,2.458,417159777.0
2.057789087295532,-1.515470385551453,-0.04460835084319115,1.0,14.0,12637.0,2.556,417159779.0
1.970610022544861,-1.451797485351562,0.6558474898338318,77.0,15.0,12638.0,2.534,417159782.0
0.4480530619621277,-0.3312998712062836,0.02920346334576607,4.0,3.0,12648.0,0.558,417159809.0
0.6919787526130676,-0.5118504762649536,0.07530256360769272,2.0,5.0,12649.0,0.864,417159814.0
1.375341653823853,-1.018070816993713,0.2101027518510818,4.0,7.0,12651.0,1.724,417159819.0
5.342867374420166,-3.957844972610474,1.053116798400879,16.0,9.0,12653.0,6.732,417159823.0
3.137368679046631,-2.32492208480835,0.7590382099151611,40.0,11.0,12654.0,3.978,417159828.0
2.103464126586914,-1.559324145317078,-0.1372248828411102,1.0,12.0,12655.0,2.622,417159830.0
1.937833189964294,-1.437064051628113,0.5569788217544556,33.0,13.0,12656.0,2.476,417159832.0
2.07175874710083,-1.536941289901733,-0.04502720758318901,1.0,14.0,12657.0,2.58,417159835.0
1.9642333984375,-1.457173347473145,0.6553298234939575,81.0,15.0,12657.0,2.532,417159837.0
0.416460245847702,-0.3101938366889954,0.02721469663083553,2.0,3.0,12668.0,0.52,417159865.0
0.6790042519569397,-0.5059298276901245,0.0740823820233345,2.0,5.0,12669.0,0.85,417159869.0
1.331994771957397,-0.9932000041007996,0.2040092796087265,4.0,7.0,12671.0,1.674,417159874.0
5.329019546508789,-3.976470947265625,1.053116798400879,19.0,9.0,12673.0,6.732,417159879.0
3.118221282958984,-2.327638626098633,0.7563668489456177,39.0,11.0,12674.0,3.964,417159883.0
2.078804492950439,-1.552317023277283,-0.1359688192605972,1.0,12.0,12675.0,2.598,417159885.0
1.923437714576721,-1.436822056770325,0.5542793869972229,37.0,13.0,12676.0,2.464,417159888.0
2.066381216049194,-1.544163703918457,-0.04502720758318901,1.0,14.0,12677.0,2.58,417159890.0
1.945207357406616,-1.45361316204071,0.6506710648536682,66.0,15.0,12677.0,2.514,417159892.0
0.4169725477695465,-0.312844306230545,0.02731936983764172,4.0,3.0,12688.0,0.522,417159920.0
0.6675856709480286,-0.5012375116348267,0.07303651422262192,2.0,5.0,12690.0,0.838,417159925.0
1.312475204467773,-0.986150860786438,0.2015718966722488,4.0,7.0,12692.0,1.654,417159929.0
5.321422576904297,-3.999795913696289,1.054368257522583,19.0,9.0,12693.0,6.74,417159934.0
3.112807035446167,-2.34141206741333,0.7571300864219666,37.0,11.0,12695.0,3.968,417159938.0
2.085868358612061,-1.569532752037048,-0.1368061900138855,1.0,12.0,12696.0,2.614,417159941.0
1.915044665336609,-1.441518187522888,0.5533795952796936,38.0,13.0,12697.0,2.46,417159943.0
2.059110164642334,-1.550524115562439,-0.04499230533838272,1.0,14.0,12698.0,2.578,417159945.0
1.955299139022827,-1.47235369682312,0.6558474898338318,85.0,15.0,12698.0,2.534,417159948.0
0.4237890541553497,-0.320392906665802,0.02784272842109203,4.0,3.0,12709.0,0.532,417159975.0
0.6626537442207336,-0.5011610984802246,0.07268788665533066,2.0,5.0,12710.0,0.834,417159980.0
1.263121962547302,-0.9559849500656128,0.1945034712553024,3.0,7.0,12712.0,1.596,417159984.0
5.289405345916748,-4.006153583526611,1.050926685333252,11.0,9.0,12714.0,6.718,417159989.0
3.112439155578613,-2.358191728591919,0.7590382099151611,32.0,11.0,12715.0,3.978,417159994.0
2.099477767944336,-1.591281294822693,-0.1380622535943985,1.0,12.0,12716.0,2.638,417159996.0
1.913106918334961,-1.450549006462097,0.5542793869972229,37.0,13.0,12717.0,2.464,417159998.0
2.058465003967285,-1.561327695846558,-0.04509701952338219,1.0,14.0,12718.0,2.584,417160001.0
1.946811556816101,-1.477174878120422,0.6548121571540833,78.0,15.0,12719.0,2.53,417160003.0
0.4196016192436218,-0.3193037211894989,0.02763338573276997,4.0,3.0,12727.0,0.528,417160031.0
0.6594030857086182,-0.5021486878395081,0.07251358032226562,2.0,5.0,12729.0,0.8320000000000001,417160035.0
1.237840533256531,-0.9433233141899109,0.1910911351442337,3.0,7.0,12731.0,1.568,417160040.0
13.86642932891846,-10.57486629486084,2.762006998062134,12.0,9.0,12733.0,17.656,417160044.0
3.104601860046387,-2.368499994277954,0.7590382099151611,18.0,11.0,12734.0,3.978,417160049.0
2.110066413879395,-1.61035168170929,-0.1391089707612991,1.0,12.0,12735.0,2.658,417160051.0
1.898992538452148,-1.449789881706238,0.551580011844635,42.0,13.0,12736.0,2.452,417160054.0
2.034205436706543,-1.553580403327942,-0.04467815905809402,1.0,14.0,12737.0,2.56,417160056.0
1.932949423789978,-1.476248383522034,0.651706337928772,71.0,15.0,12737.0,2.518,417160058.0
2.060334205627441,-1.578665971755981,0.04530644789338112,1.0,1.0,12746.0,2.596,417160081.0
0.4248251616954803,-0.32562655210495,0.02805207297205925,4.0,3.0,12747.0,0.536,417160086.0
0.6544845104217529,-0.5020221471786499,0.07216495275497437,2.0,5.0,12749.0,0.8280000000000001,417160090.0
1.207770824432373,-0.9270901679992676,0.1869475692510605,4.0,7.0,12751.0,1.534,417160095.0
13.83883094787598,-10.63042545318604,2.7638840675354,13.0,9.0,12753.0,17.668,417160100.0
3.217739582061768,-2.472629308700562,0.7888044118881226,62.0,11.0,12754.0,4.134,417160104.0
2.03792667388916,-1.566583514213562,-0.1347127556800842,1.0,12.0,12755.0,2.574,417160107.0
1.89700984954834,-1.458785653114319,0.5524798035621643,41.0,13.0,12756.0,2.456,417160109.0
2.024015188217163,-1.557013869285583,-0.04457344487309456,1.0,14.0,12757.0,2.554,417160111.0
1.912472605705261,-1.471207499504089,0.6465299725532532,71.0,15.0,12757.0,2.498,417160113.0
2.054811000823975,-1.585848212242126,0.04530644789338112,1.0,1.0,12766.0,2.596,417160136.0
0.4362744688987732,-0.336948037147522,0.02888944745063782,4.0,3.0,12768.0,0.552,417160141.0
0.6432682871818542,-0.4969949424266815,0.07111908495426178,2.0,5.0,12769.0,0.8160000000000001,417160146.0
1.165266394615173,-0.9009451270103455,0.1808541119098663,3.0,7.0,12771.0,1.484,417160150.0
6.772060394287109,-5.237820148468018,1.355973958969116,28.0,9.0,12772.0,8.668000000000001,417160155.0
3.477677345275879,-2.691734790802002,0.8548243045806885,31.0,11.0,12774.0,4.48,417160160.0
2.111406326293945,-1.634825468063354,-0.1399463415145874,1.0,12.0,12775.0,2.674,417160162.0
1.891906261444092,-1.465398550033569,0.5524798035621643,38.0,13.0,12776.0,2.456,417160164.0
2.040697813034058,-1.5812166929245,-0.0450621135532856,1.0,14.0,12777.0,2.582,417160166.0
1.916228771209717,-1.485308289527893,0.6496357917785645,68.0,15.0,12778.0,2.51,417160169.0
2.049263000488281,-1.593011260032654,0.04530644789338112,1.0,1.0,12786.0,2.596,417160192.0
0.4430379569530487,-0.3445232212543488,0.02941280789673328,4.0,3.0,12787.0,0.562,417160196.0
0.6446743011474609,-0.5016845464706421,0.07146771252155304,2.0,5.0,12789.0,0.8200000000000001,417160201.0
1.122959613800049,-0.8745149970054626,0.174760639667511,4.0,7.0,12791.0,1.434,417160206.0
6.760607719421387,-5.2686767578125,1.357538342475891,35.0,9.0,12793.0,8.678,417160210.0
3.503871917724609,-2.73162055015564,0.8636015057563782,40.0,11.0,12794.0,4.526,417160215.0
2.083637714385986,-1.624989986419678,-0.1384809464216232,1.0,12.0,12795.0,2.646,417160217.0
1.880633592605591,-1.467198848724365,0.5506801605224609,41.0,13.0,12796.0,2.448,417160219.0
2.036742210388184,-1.589560747146606,-0.04509701952338219,1.0,14.0,12797.0,2.584,417160222.0
1.914077877998352,-1.494365811347961,0.6506710648536682,73.0,15.0,12798.0,2.514,417160224.0
0.4245947301387787,-0.3324463963508606,0.02826141566038132,4.0,3.0,12806.0,0.54,417160252.0
0.6304606199264526,-0.4939889907836914,0.0700732171535492,2.0,5.0,12808.0,0.804,417160256.0
1.10130774974823,-0.8635355830192566,0.1718357801437378,4.0,7.0,12810.0,1.41,417160261.0
6.740913867950439,-5.28745174407959,1.35691249370575,56.0,9.0,12811.0,8.674,417160266.0
3.499427080154419,-2.746861457824707,0.8647463917732239,34.0,11.0,12813.0,4.532,417160270.0
2.078237771987915,-1.631890654563904,-0.1384809464216232,1.0,12.0,12814.0,2.646,417160272.0
1.872692942619324,-1.471019625663757,0.5497803688049316,39.0,13.0,12815.0,2.444,417160275.0
2.000013113021851,-1.571595430374146,-0.04439892247319221,1.0,14.0,12816.0,2.544,417160277.0
1.913668155670166,-1.504286527633667,0.6522240042686462,61.0,15.0,12817.0,2.52,417160279.0
2.038372278213501,-1.60692310333252,0.04530644789338112,1.0,1.0,12825.0,2.596,417160302.0
0.4281364977359772,-0.3376367688179016,0.02857543155550957,4.0,3.0,12826.0,0.546,417160307.0
0.6146563291549683,-0.4850780665874481,0.06850441545248032,2.0,5.0,12828.0,0.786,417160312.0
1.088939666748047,-0.8599926829338074,0.17037333548069,4.0,7.0,12830.0,1.398,417160316.0
6.699165821075439,-5.292581081390381,1.352219462394714,37.0,9.0,12831.0,8.644,417160321.0
3.479036808013916,-2.750536918640137,0.8620750308036804,23.0,11.0,12833.0,4.518,417160325.0
2.072528600692749,-1.639135122299194,-0.1384809464216232,1.0,12.0,12834.0,2.646,417160328.0
1.861433625221252,-1.472711086273193,0.547980785369873,43.0,13.0,12835.0,2.436,417160330.0
2.013331174850464,-1.593459367752075,-0.04481777921319008,1.0,14.0,12836.0,2.568,417160332.0
1.911434769630432,-1.513355731964111,0.65325927734375,73.0,15.0,12837.0,2.524,417160335.0
2.032750606536865,-1.614028573036194,0.04530644789338112,1.0,1.0,12845.0,2.596,417160358.0
0.4206995666027069,-0.3341602683067322,0.02815674431622028,4.0,3.0,12846.0,0.538,417160362.0
0.5989221334457397,-0.4760629236698151,0.06693561375141144,2.0,5.0,12848.0,0.768,417160367.0
1.06573486328125,-0.8477238416671753,0.167204737663269,4.0,7.0,12850.0,1.372,417160371.0
6.697653770446777,-5.329463005065918,1.355661034584045,23.0,9.0,12851.0,8.666,417160376.0
3.569242715835571,-2.842156410217285,0.8868802189826965,27.0,11.0,12853.0,4.648,417160381.0
2.010555028915405,-1.601560711860657,-0.1347127556800842,1.0,12.0,12854.0,2.574,417160383.0
1.859329700469971,-1.481628656387329,0.5488805770874023,42.0,13.0,12855.0,2.44,417160385.0
2.018702507019043,-1.609202861785889,-0.0450621135532856,1.0,14.0,12856.0,2.582,417160388.0
1.891299605369568,-1.507644057273865,0.6480829119682312,43.0,15.0,12856.0,2.504,417160390.0
2.027104139328003,-1.621114373207092,0.04530644789338112,1.0,1.0,12865.0,2.596,417160413.0
0.4101729989051819,-0.3281406462192535,0.02752871252596378,4.0,3.0,12866.0,0.526,417160418.0
0.5785924196243286,-0.4632084369659424,0.06484387069940567,2.0,5.0,12868.0,0.744,417160422.0
1.050375461578369,-0.8415094614028931,0.1652548313140869,4.0,7.0,12870.0,1.356,417160427.0
6.939510822296143,-5.561585426330566,1.408535957336426,12.0,9.0,12871.0,9.004,417160431.0
3.83344578742981,-3.074465990066528,0.9551898241043091,36.0,11.0,12873.0,5.006,417160436.0
2.004952430725098,-1.608569145202637,-0.1347127556800842,1.0,12.0,12874.0,2.574,417160438.0
1.860225677490234,-1.49298894405365,0.5506801605224609,41.0,13.0,12875.0,2.448,417160441.0
2.002157688140869,-1.607476115226746,-0.04481777921319008,1.0,14.0,12876.0,2.568,417160443.0
1.899316906929016,-1.525453329086304,0.6527416110038757,69.0,15.0,12877.0,2.522,417160445.0
2.021433115005493,-1.628180384635925,0.04530644789338112,1.0,1.0,12885.0,2.596,417160468.0
0.4105225503444672,-0.3308951854705811,0.02763338573276997,4.0,3.0,12887.0,0.528,417160473.0
0.5862780213356018,-0.4727289080619812,0.06588973850011826,2.0,5.0,12888.0,0.756,417160477.0
1.008809566497803,-0.8140066862106323,0.1591613590717316,4.0,7.0,12890.0,1.306,417160482.0
7.049171924591064,-5.689996242523193,1.434816956520081,13.0,9.0,12891.0,9.172,417160487.0
3.879198551177979,-3.133473634719849,0.9693096876144409,36.0,11.0,12893.0,5.08,417160491.0
1.851971745491028,-1.497023105621338,0.5497803688049316,43.0,13.0,12895.0,2.444,417160496.0
2.004309177398682,-1.620741963386536,-0.04499230533838272,1.0,14.0,12896.0,2.578,417160498.0
1.892745614051819,-1.530528545379639,0.6522240042686462,65.0,15.0,12896.0,2.52,417160501.0
2.015737295150757,-1.635226607322693,0.04530644789338112,1.0,1.0,12905.0,2.596,417160524.0
0.4295231401920319,-0.3486907184123993,0.028994120657444,4.0,3.0,12907.0,0.554,417160528.0
0.5660648345947266,-0.4597003757953644,0.06379800289869308,2.0,5.0,12908.0,0.732,417160533.0
1.002880930900574,-0.8150192499160767,0.158673882484436,4.0,7.0,12910.0,1.302,417160537.0
7.213708400726318,-5.866603851318359,1.472674012184143,7.0,9.0,12912.0,9.414,417160542.0
3.883466243743896,-3.159385204315186,0.9731258749961853,36.0,11.0,12913.0,5.100000000000001,417160547.0
2.049440622329712,-1.667912364006042,-0.1384809464216232,1.0,12.0,12914.0,2.646,417160549.0
1.834644913673401,-1.493635773658752,0.5461811423301697,44.0,13.0,12915.0,2.428,417160551.0
1.99708890914917,-1.626465678215027,-0.04495739936828613,1.0,14.0,12916.0,2.576,417160554.0
1.885625600814819,-1.536235332489014,0.651706337928772,69.0,15.0,12917.0,2.518,417160556.0
1.991434574127197,-1.627070307731628,0.04488759115338326,1.0,1.0,12925.0,2.572,417160579.0
0.4143873751163483,-0.3388099670410156,0.02805207297205925,2.0,3.0,12927.0,0.536,417160583.0
0.5490344166755676,-0.4490594863891602,0.06205488741397858,2.0,5.0,12928.0,0.712,417160588.0
0.9877407550811768,-0.8084564208984375,0.1567239761352539,4.0,7.0,12930.0,1.286,417160593.0
3.948343992233276,-3.235136032104492,0.9922067523002625,35.0,11.0,12933.0,5.2,417160602.0
1.850517153739929,-1.517329335212708,0.5524798035621643,37.0,13.0,12935.0,2.456,417160607.0
1.969753742218018,-1.61567223072052,-0.04446873068809509,1.0,14.0,12936.0,2.548,417160609.0
1.887989163398743,-1.548605680465698,0.6542945504188538,81.0,15.0,12936.0,2.528,417160611.0
1.988831162452698,-1.636552929878235,0.04495739936828613,1.0,1.0,12945.0,2.576,417160634.0
0.4162857830524445,-0.3427935838699341,0.02826141566038132,2.0,3.0,12947.0,0.54,417160639.0
0.5228584408760071,-0.4307047724723816,0.05926590412855148,3.0,5.0,12948.0,0.68,417160643.0
0.9726587533950806,-0.8017979860305786,0.1547740697860718,4.0,7.0,12950.0,1.27,417160648.0
4.810669898986816,-3.968431234359741,0.9877272248268127,3.0,9.0,12952.0,6.314,417160653.0
4.052109718322754,-3.343866348266602,1.021209716796875,26.0,11.0,12953.0,5.352,417160657.0
1.83919894695282,-1.518816232681274,0.5506801605224609,39.0,13.0,12955.0,2.448,417160662.0
1.970268726348877,-1.62763249874115,-0.04460835084319115,1.0,14.0,12956.0,2.556,417160664.0
1.86294150352478,-1.539516925811768,0.6475652456283569,68.0,15.0,12957.0,2.502,417160666.0
1.998503088951111,-1.656245350837708,0.04530644789338112,1.0,1.0,12965.0,2.596,417160689.0
0.4304602444171906,-0.3569944202899933,0.0293081346899271,2.0,3.0,12967.0,0.56,417160694.0
0.4968176186084747,-0.4121730625629425,0.05647692084312439,3.0,5.0,12968.0,0.648,417160699.0
0.9576353430747986,-0.7950441837310791,0.1528241634368896,4.0,7.0,12970.0,1.254,417160703.0
4.484438896179199,-3.724375247955322,0.9232761859893799,3.0,9.0,12971.0,5.902,417160708.0
4.096277713775635,-3.404420137405396,1.035329580307007,14.0,11.0,12973.0,5.426,417160712.0
1.839879155158997,-1.530211329460144,0.5524798035621643,37.0,13.0,12975.0,2.456,417160717.0
1.97687304019928,-1.644731640815735,-0.04488759115338326,1.0,14.0,12976.0,2.572,417160719.0
1.854855895042419,-1.543215036392212,0.6465299725532532,73.0,15.0,12976.0,2.498,417160722.0
1.949723601341248,-1.627333045005798,0.04432911053299904,1.0,1.0,12985.0,2.54,417160745.0
0.4292114675045013,-0.3584948182106018,0.0293081346899271,2.0,3.0,12987.0,0.56,417160749.0
0.4831443130970001,-0.4036848843097687,0.05508242920041084,4.0,5.0,12988.0,0.632,417160754.0
0.9289650917053223,-0.7767354249954224,0.1486805975437164,4.0,7.0,12990.0,1.22,417160759.0
3.964749097824097,-3.317397117614746,0.8187779784202576,3.0,9.0,12992.0,5.234,417160763.0
8.218419075012207,-6.878980159759521,2.083252668380737,17.0,11.0,12993.0,10.918,417160768.0
1.846477866172791,-1.546635031700134,0.5560790300369263,32.0,13.0,12995.0,2.472,417160772.0
1.972652554512024,-1.652906537055969,-0.04492249339818954,1.0,14.0,12996.0,2.574,417160775.0
1.855109333992004,-1.554967045783997,0.6486005187034607,75.0,15.0,12997.0,2.506,417160777.0
1.962400078773499,-1.649569511413574,0.0447479709982872,1.0,1.0,13005.0,2.564,417160800.0
0.41267329454422,-0.3471340537071228,0.02826141566038132,2.0,3.0,13007.0,0.54,417160805.0
0.4680120348930359,-0.3938235938549042,0.05351362749934196,6.0,5.0,13008.0,0.614,417160809.0
0.9216928482055664,-0.7761374115943909,0.1479493826627731,4.0,7.0,13010.0,1.214,417160814.0
3.78149676322937,-3.185444116592407,0.7831109166145325,3.0,9.0,13011.0,5.006,417160818.0
8.201862335205078,-6.913952350616455,2.085160732269287,43.0,11.0,13013.0,10.928,417160823.0
1.906607389450073,-1.608358263969421,0.5758746862411499,33.0,13.0,13015.0,2.56,417160828.0
1.968399047851562,-1.661072015762329,-0.04495739936828613,1.0,14.0,13016.0,2.576,417160830.0
1.844037055969238,-1.556126713752747,0.6465299725532532,75.0,15.0,13016.0,2.498,417160832.0
1.956629991531372,-1.656409621238708,0.0447479709982872,1.0,1.0,13025.0,2.564,417160855.0
0.384028434753418,-0.3253342807292938,0.02637732215225697,2.0,3.0,13027.0,0.504,417160860.0
0.4544746279716492,-0.3851498663425446,0.05211913585662842,6.0,5.0,13028.0,0.598,417160865.0
0.9038383364677429,-0.7665106654167175,0.1455119997262955,4.0,7.0,13030.0,1.194,417160869.0
3.509238958358765,-2.978157758712769,0.7289845943450928,3.0,9.0,13032.0,4.66,417160874.0
8.17618179321289,-6.941269874572754,2.084779024124146,46.0,11.0,13033.0,10.926,417160878.0
2.000486135482788,-1.699539184570312,0.6060181260108948,48.0,13.0,13035.0,2.694,417160883.0
1.938208818435669,-1.647213220596313,-0.04439892247319221,1.0,14.0,13036.0,2.544,417160885.0
1.848623991012573,-1.57163405418396,0.6501534581184387,61.0,15.0,13037.0,2.512,417160888.0
1.941705822944641,-1.655445218086243,0.04453854262828827,1.0,1.0,13045.0,2.552,417160911.0
0.4072009921073914,-0.3474139273166656,0.02805207297205925,2.0,3.0,13047.0,0.536,417160915.0
0.4303952753543854,-0.3673325479030609,0.04950446262955666,6.0,5.0,13048.0,0.5680000000000001,417160920.0
0.8890813589096069,-0.7593472599983215,0.1435620933771133,3.0,7.0,13050.0,1.178,417160924.0
3.331135034561157,-2.846063613891602,0.6939432621002197,2.0,9.0,13051.0,4.436,417160929.0
8.138472557067871,-6.958285331726074,2.081344604492188,34.0,11.0,13053.0,10.908,417160934.0
2.056731939315796,-1.759721517562866,0.6249140501022339,55.0,13.0,13055.0,2.778,417160938.0
1.927889466285706,-1.650067925453186,-0.04429420828819275,1.0,14.0,13056.0,2.538,417160941.0
1.841934442520142,-1.576499581336975,0.6496357917785645,58.0,15.0,13056.0,2.51,417160943.0
1.908606290817261,-1.63876473903656,0.04391025379300117,1.0,1.0,13065.0,2.516,417160966.0
0.4241642653942108,-0.364452600479126,0.0293081346899271,2.0,3.0,13067.0,0.56,417160971.0
0.4321323335170746,-0.3714300990104675,0.04985308647155762,8.0,5.0,13068.0,0.5720000000000001,417160975.0
0.8593359589576721,-0.7391455173492432,0.1391747891902924,3.0,7.0,13070.0,1.142,417160980.0
3.138500213623047,-2.700489282608032,0.6557732820510864,4.0,9.0,13071.0,4.192,417160984.0
8.117109298706055,-6.989213466644287,2.082107782363892,14.0,11.0,13073.0,10.912,417160989.0
2.063863515853882,-1.778338670730591,0.6289631724357605,63.0,13.0,13075.0,2.796,417160994.0
1.931205987930298,-1.664620995521545,-0.04450363665819168,1.0,14.0,13076.0,2.55,417160996.0
1.840810060501099,-1.586703300476074,0.6511887311935425,44.0,15.0,13076.0,2.516,417160998.0
1.911949992179871,-1.653264880180359,0.04411968216300011,1.0,1.0,13085.0,2.528,417161021.0
0.3957037627696991,-0.3424068689346313,0.02742404118180275,2.0,3.0,13087.0,0.524,417161026.0
0.4308331608772278,-0.3729362487792969,0.04985308647155762,8.0,5.0,13088.0,0.5720000000000001,417161030.0
0.8417462110519409,-0.7291434407234192,0.1367374062538147,3.0,7.0,13090.0,1.122,417161035.0
2.942000865936279,-2.550239086151123,0.6166646480560303,3.0,9.0,13092.0,3.942,417161040.0
2.05322790145874,-1.781700491905212,0.6276134252548218,81.0,13.0,13095.0,2.79,417161049.0
1.923873543739319,-1.670041084289551,-0.04446873068809509,1.0,14.0,13096.0,2.548,417161051.0
1.841095685958862,-1.598184823989868,0.65325927734375,48.0,15.0,13096.0,2.524,417161053.0
1.919739842414856,-1.671747803688049,0.0444338284432888,1.0,1.0,13105.0,2.546,417161077.0
0.4155866205692291,-0.3621562719345093,0.02888944745063782,2.0,3.0,13107.0,0.552,417161081.0
0.4400416910648346,-0.3836024403572083,0.05107326433062553,8.0,5.0,13108.0,0.586,417161086.0
0.8182533979415894,-0.7138079404830933,0.1333250552415848,2.0,7.0,13110.0,1.094,417161090.0
2.744089841842651,-2.395509481430054,0.5769302845001221,3.0,9.0,13112.0,3.688,417161095.0
1.935833811759949,-1.691116809844971,-0.1347127556800842,1.0,12.0,13114.0,2.574,417161102.0
2.046996116638184,-1.788856625556946,0.6276134252548218,89.0,13.0,13115.0,2.79,417161104.0
1.905988097190857,-1.666217446327209,-0.04418949410319328,1.0,14.0,13116.0,2.532,417161106.0
1.803232908248901,-1.57694399356842,0.6418712139129639,23.0,15.0,13117.0,2.48,417161109.0
1.901865005493164,-1.667890787124634,0.04415458813309669,1.0,1.0,13125.0,2.53,417161132.0
0.3993083238601685,-0.3504306674003601,0.02784272842109203,2.0,3.0,13127.0,0.532,417161136.0
0.4357054531574249,-0.3825072050094604,0.05072464048862457,8.0,5.0,13128.0,0.582,417161141.0
0.8038261532783508,-0.7061785459518433,0.1313751488924026,2.0,7.0,13130.0,1.078,417161146.0
2.56955099105835,-2.258995294570923,0.5418890118598938,3.0,9.0,13132.0,3.464,417161150.0
9.119672775268555,-8.020293235778809,2.360688924789429,16.0,11.0,13133.0,12.372,417161155.0
1.98390257358551,-1.745356559753418,-0.1384809464216232,1.0,12.0,13134.0,2.646,417161157.0
2.053905487060547,-1.807578206062317,0.6316625475883484,80.0,13.0,13135.0,2.808,417161159.0
1.906163930892944,-1.678146004676819,-0.04432911053299904,1.0,14.0,13136.0,2.54,417161162.0
1.805243611335754,-1.589297890663147,0.6444594264030457,30.0,15.0,13136.0,2.49,417161164.0
1.905024409294128,-1.682461857795715,0.04436401650309563,2.0,1.0,13145.0,2.542,417161187.0
0.377130925655365,-0.3333053886890411,0.02637732215225697,2.0,3.0,13147.0,0.504,417161192.0
0.429889589548111,-0.3800667524337769,0.05020170658826828,6.0,5.0,13148.0,0.5760000000000001,417161196.0
0.7790549993515015,-0.6892496943473816,0.1277190744876862,2.0,7.0,13150.0,1.048,417161201.0
2.444808006286621,-2.164505243301392,0.5171723365783691,4.0,9.0,13152.0,3.306,417161206.0
1.971818327903748,-1.746973156929016,-0.1380622535943985,1.0,12.0,13154.0,2.638,417161212.0
2.041749715805054,-1.809566497802734,0.6298629641532898,80.0,13.0,13155.0,2.8,417161215.0
1.912264943122864,-1.695402383804321,-0.04460835084319115,1.0,14.0,13156.0,2.556,417161217.0
1.772219896316528,-1.571239233016968,0.6346243023872375,25.0,15.0,13156.0,2.452,417161219.0
1.875232577323914,-1.667838096618652,0.04380553960800171,1.0,1.0,13165.0,2.51,417161242.0
0.4118353426456451,-0.3664164841175079,0.02888944745063782,2.0,3.0,13166.0,0.552,417161247.0
0.4270722270011902,-0.3802401423454285,0.05002739652991295,6.0,5.0,13168.0,0.5740000000000001,417161252.0
0.766269326210022,-0.6827210783958435,0.1260129064321518,2.0,7.0,13170.0,1.034,417161256.0
2.281302452087402,-2.033280849456787,0.4840082228183746,4.0,9.0,13171.0,3.094,417161261.0
1.971669435501099,-1.759164094924927,-0.1384809464216232,1.0,12.0,13174.0,2.646,417161268.0
2.036874532699585,-1.817980051040649,0.6303128600120544,54.0,13.0,13175.0,2.802,417161270.0
1.918268442153931,-1.712721586227417,-0.04488759115338326,1.0,14.0,13176.0,2.572,417161272.0
1.771047592163086,-1.581275820732117,0.6361772418022156,30.0,15.0,13176.0,2.458,417161275.0
1.885784506797791,-1.689049482345581,0.04418949410319328,2.0,1.0,13185.0,2.532,417161298.0
0.3926422297954559,-0.3519268035888672,0.02763338573276997,2.0,3.0,13187.0,0.528,417161302.0
0.4376097321510315,-0.3923691213130951,0.0514218881726265,6.0,5.0,13188.0,0.59,417161307.0
0.734330952167511,-0.6588774919509888,0.1211381256580353,2.0,7.0,13190.0,0.994,417161311.0
2.181235313415527,-1.958485245704651,0.4642975032329559,4.0,9.0,13192.0,2.968,417161316.0
12.79765605926514,-11.49478149414062,3.343736886978149,31.0,11.0,13193.0,17.524,417161321.0
1.935803771018982,-1.739338397979736,-0.1363874971866608,1.0,12.0,13194.0,2.606,417161323.0
2.024718999862671,-1.819868206977844,0.6285132169723511,45.0,13.0,13195.0,2.794,417161325.0
1.897408246994019,-1.706037044525146,-0.04453854262828827,1.0,14.0,13196.0,2.552,417161328.0
1.783912181854248,-1.604551196098328,0.6429064869880676,35.0,15.0,13197.0,2.484,417161330.0
1.899180769920349,-1.713033437728882,0.04464325681328773,2.0,1.0,13205.0,2.558,417161353.0
0.3974044620990753,-0.3585788309574127,0.02805207297205925,2.0,3.0,13206.0,0.536,417161358.0
0.4347586631774902,-0.3925590217113495,0.05124757811427116,3.0,5.0,13208.0,0.588,417161362.0
0.7334994673728943,-0.6627676486968994,0.121381863951683,2.0,7.0,13210.0,0.996,417161367.0
2.076215982437134,-1.877321839332581,0.4433352649211884,6.0,9.0,13212.0,2.834,417161371.0
12.77346992492676,-11.55387020111084,3.347934722900391,23.0,11.0,13213.0,17.546,417161376.0
1.935644507408142,-1.751445174217224,-0.1368061900138855,1.0,12.0,13214.0,2.614,417161378.0
2.051584005355835,-1.857002973556519,0.6388610005378723,34.0,13.0,13215.0,2.84,417161381.0
1.898853063583374,-1.719360828399658,-0.04471306502819061,1.0,14.0,13216.0,2.562,417161383.0
1.761397123336792,-1.594898104667664,0.6366948485374451,24.0,15.0,13216.0,2.46,417161385.0
1.881347894668579,-1.708896160125732,0.04436401650309563,2.0,1.0,13225.0,2.542,417161408.0
0.3724995851516724,-0.3384734690189362,0.02637732215225697,2.0,3.0,13226.0,0.504,417161413.0
0.4392821490764618,-0.3994357883930206,0.05194482207298279,3.0,5.0,13228.0,0.596,417161417.0
0.6783250570297241,-0.6172282695770264,0.1126072704792023,3.0,7.0,13230.0,0.924,417161422.0
1.993699669837952,-1.815399646759033,0.4270660877227783,5.0,9.0,13232.0,2.73,417161427.0
6.158256053924561,-5.609478950500488,1.619205117225647,36.0,11.0,13233.0,8.486,417161431.0
1.941329479217529,-1.7689528465271,-0.1376435607671738,1.0,12.0,13234.0,2.63,417161434.0
2.243837356567383,-2.04531717300415,0.7009474635124207,62.0,13.0,13235.0,3.116,417161436.0
1.897272706031799,-1.730020642280579,-0.04481777921319008,1.0,14.0,13236.0,2.568,417161438.0
1.75296413898468,-1.598433494567871,0.6356595754623413,21.0,15.0,13236.0,2.456,417161440.0
1.88009786605835,-1.719173789024353,0.04446873068809509,2.0,1.0,13244.0,2.548,417161463.0
0.3713158369064331,-0.3397716879844666,0.02637732215225697,2.0,3.0,13246.0,0.504,417161468.0
0.4599998593330383,-0.421069324016571,0.05455949530005455,3.0,5.0,13247.0,0.626,417161473.0
0.633824348449707,-0.5805895328521729,0.1055388525128365,5.0,7.0,13249.0,0.866,417161477.0
1.932643413543701,-1.770941376686096,0.4151770770549774,5.0,9.0,13250.0,2.654,417161482.0
6.139620304107666,-5.62986946105957,1.619205117225647,32.0,11.0,13252.0,8.486,417161487.0
1.923678040504456,-1.764580011367798,-0.1368061900138855,1.0,12.0,13253.0,2.614,417161489.0
2.396420955657959,-2.198995113372803,0.7508866190910339,43.0,13.0,13254.0,3.338,417161491.0
1.885632753372192,-1.730893731117249,-0.04467815905809402,1.0,14.0,13255.0,2.56,417161493.0
1.74452805519104,-1.601929426193237,0.6346243023872375,15.0,15.0,13256.0,2.452,417161496.0
1.865259289741516,-1.717598676681519,0.04425930231809616,1.0,1.0,13264.0,2.536,417161519.0
0.3701870739459991,-0.3410011529922485,0.02637732215225697,2.0,3.0,13265.0,0.504,417161523.0
0.4731766879558563,-0.4361763894557953,0.05630261078476906,1.0,5.0,13267.0,0.646,417161528.0
0.6099072694778442,-0.5626091361045837,0.1018827706575394,9.0,7.0,13269.0,0.836,417161533.0
0.6894621849060059,-0.6364402174949646,0.1486127376556396,1.0,9.0,13271.0,0.9500000000000001,417161537.0
6.135797023773193,-5.66591739654541,1.623402953147888,99.0,11.0,13272.0,8.508000000000001,417161542.0
1.911638379096985,-1.765863299369812,-0.1363874971866608,1.0,12.0,13273.0,2.606,417161544.0
1.897200345993042,-1.753754019737244,-0.04509701952338219,1.0,14.0,13275.0,2.584,417161549.0
1.760201215744019,-1.627683043479919,0.6423888802528381,27.0,15.0,13276.0,2.482,417161551.0
1.866583824157715,-1.730897665023804,0.0444338284432888,1.0,1.0,13284.0,2.546,417161574.0
0.3689944744110107,-0.3422912657260895,0.02637732215225697,2.0,3.0,13285.0,0.504,417161579.0
0.4920943677425385,-0.4568023681640625,0.05874297022819519,1.0,5.0,13287.0,0.674,417161583.0
0.6830067038536072,-0.6346890330314636,0.1476741284132004,2.0,9.0,13290.0,0.9440000000000001,417161593.0
6.130359172821045,-5.70067024230957,1.627219080924988,95.0,11.0,13292.0,8.528,417161597.0
1.911312222480774,-1.777966737747192,-0.1368061900138855,1.0,12.0,13293.0,2.614,417161599.0
2.19269847869873,-2.040435791015625,0.6914995312690735,27.0,13.0,13294.0,3.074,417161602.0
1.882284998893738,-1.752190709114075,-0.04488759115338326,1.0,14.0,13295.0,2.572,417161604.0
1.741784691810608,-1.621968626976013,0.6377301216125488,29.0,15.0,13296.0,2.464,417161606.0
1.854684352874756,-1.731943488121033,0.04429420828819275,1.0,1.0,13304.0,2.538,417161629.0
0.3677974343299866,-0.3435772061347961,0.02637732215225697,2.0,3.0,13305.0,0.504,417161634.0
0.5137845277786255,-0.4802866876125336,0.06153195351362228,2.0,5.0,13307.0,0.706,417161639.0
0.5711724162101746,-0.5343067646026611,0.09603304415941238,18.0,7.0,13309.0,0.788,417161643.0
0.657709538936615,-0.615473747253418,0.1426682323217392,3.0,9.0,13310.0,0.912,417161648.0
6.098958492279053,-5.711298942565918,1.624166131019592,80.0,11.0,13312.0,8.512,417161652.0
1.87594211101532,-1.75731885433197,-0.1347127556800842,1.0,12.0,13313.0,2.574,417161655.0
2.195516347885132,-2.057404756546021,0.6946488618850708,18.0,13.0,13314.0,3.088,417161657.0
1.851355791091919,-1.735501050949097,-0.04429420828819275,1.0,14.0,13315.0,2.538,417161659.0
1.750204205513,-1.641253352165222,0.6429064869880676,44.0,15.0,13316.0,2.484,417161662.0
1.852997660636902,-1.74251663684845,0.04439892247319221,1.0,1.0,13324.0,2.544,417161685.0
0.3665958642959595,-0.3448589742183685,0.02637732215225697,2.0,3.0,13325.0,0.504,417161689.0
0.5208091735839844,-0.4902711510658264,0.06257782131433487,2.0,5.0,13327.0,0.718,417161694.0
0.5693038702011108,-0.5362972617149353,0.09603304415941238,19.0,7.0,13329.0,0.788,417161698.0
0.6411808729171753,-0.6042183041572571,0.1395395398139954,4.0,9.0,13330.0,0.892,417161703.0
6.09612512588501,-5.748716831207275,1.628745555877686,19.0,11.0,13332.0,8.536,417161708.0
1.869796514511108,-1.763856410980225,-0.1347127556800842,1.0,12.0,13333.0,2.574,417161710.0
2.175565719604492,-2.053018808364868,0.6905997395515442,7.0,13.0,13334.0,3.07,417161712.0
1.855465412139893,-1.751561760902405,-0.04453854262828827,1.0,14.0,13335.0,2.552,417161715.0
1.719465732574463,-1.623177886009216,0.6335890293121338,34.0,15.0,13335.0,2.448,417161717.0
1.851259827613831,-1.753099203109741,0.04450363665819168,1.0,1.0,13344.0,2.55,417161740.0
0.3653898537158966,-0.3461365103721619,0.02637732215225697,2.0,3.0,13345.0,0.504,417161745.0
0.5407838225364685,-0.5126468539237976,0.06519249826669693,2.0,5.0,13347.0,0.748,417161749.0
0.5400651097297668,-0.5123234987258911,0.09140200912952423,19.0,7.0,13349.0,0.75,417161754.0
0.6304705739021301,-0.598294198513031,0.137662336230278,4.0,9.0,13350.0,0.88,417161758.0
6.071750164031982,-5.765905380249023,1.627600789070129,4.0,11.0,13352.0,8.53,417161763.0
1.901277184486389,-1.806137561798096,-0.1374342143535614,1.0,12.0,13353.0,2.626,417161765.0
2.196638584136963,-2.087448596954346,0.6995977759361267,9.0,13.0,13354.0,3.11,417161768.0
1.843542695045471,-1.752516746520996,-0.04439892247319221,1.0,14.0,13355.0,2.544,417161770.0
1.724704384803772,-1.640119314193726,0.6377301216125488,54.0,15.0,13356.0,2.464,417161772.0
1.836446046829224,-1.751270294189453,0.04429420828819275,1.0,1.0,13364.0,2.538,417161795.0
0.364118754863739,-0.3474734127521515,0.02637732215225697,2.0,3.0,13366.0,0.504,417161800.0
0.4943153560161591,-0.4718830585479736,0.05978883802890778,3.0,5.0,13367.0,0.686,417161804.0
0.5023885369300842,-0.4799251854419708,0.08530853688716888,16.0,7.0,13369.0,0.7000000000000001,417161809.0
0.6369470953941345,-0.6086798310279846,0.1395395398139954,7.0,9.0,13370.0,0.892,417161814.0
1.903620362281799,-1.821047067642212,-0.1380622535943985,1.0,12.0,13373.0,2.638,417161821.0
2.227352857589722,-2.131481647491455,0.7117451429367065,9.0,13.0,13374.0,3.164,417161823.0
1.843192100524902,-1.764472484588623,-0.04453854262828827,1.0,14.0,13375.0,2.552,417161825.0
1.708091974258423,-1.63514232635498,0.6335890293121338,48.0,15.0,13375.0,2.448,417161828.0
1.853399157524109,-1.779831409454346,0.04485268518328667,1.0,1.0,13384.0,2.57,417161851.0
0.3629036247730255,-0.3487423062324524,0.02637732215225697,2.0,3.0,13386.0,0.504,417161855.0
0.499846875667572,-0.4805095493793488,0.06066039577126503,3.0,5.0,13387.0,0.6960000000000001,417161860.0
0.4835430383682251,-0.4651613235473633,0.08238367736339569,13.0,7.0,13389.0,0.676,417161864.0
0.6389812231063843,-0.6151202321052551,0.1404781490564346,7.0,9.0,13391.0,0.898,417161869.0
1.868484139442444,-1.799967646598816,-0.1359688192605972,1.0,12.0,13393.0,2.598,417161876.0
2.264802217483521,-2.182515144348145,0.7261419892311096,9.0,13.0,13394.0,3.228,417161878.0
1.854297757148743,-1.78754997253418,-0.04495739936828613,1.0,14.0,13395.0,2.576,417161881.0
1.707649827003479,-1.646755933761597,0.6356595754623413,54.0,15.0,13396.0,2.456,417161883.0
1.841425180435181,-1.780729651451111,0.04471306502819061,1.0,1.0,13404.0,2.562,417161906.0
0.3616840839385986,-0.3500069677829742,0.02637732215225697,2.0,3.0,13406.0,0.504,417161910.0
0.4995980262756348,-0.4836371839046478,0.06083470955491066,3.0,5.0,13407.0,0.6980000000000001,417161915.0
0.4662326872348785,-0.4516531527042389,0.07970254868268967,12.0,7.0,13409.0,0.654,417161920.0
0.6241707801818848,-0.6048635840415955,0.137662336230278,9.0,9.0,13410.0,0.88,417161924.0
1.844986915588379,-1.789790987968445,-0.1347127556800842,1.0,12.0,13413.0,2.574,417161931.0
2.338282585144043,-2.269121170043945,0.7522363066673279,19.0,13.0,13414.0,3.344,417161934.0
1.850916385650635,-1.796797513961792,-0.04502720758318901,1.0,14.0,13415.0,2.58,417161936.0
1.702179551124573,-1.652409553527832,0.6356595754623413,48.0,15.0,13415.0,2.456,417161938.0
1.846659064292908,-1.798307538032532,0.04499230533838272,1.0,1.0,13424.0,2.578,417161961.0
0.49220010638237,-0.4798150956630707,0.06013746187090874,3.0,5.0,13427.0,0.6900000000000001,417161970.0
0.4603904187679291,-0.449119359254837,0.07897133380174637,11.0,7.0,13429.0,0.648,417161975.0
0.6106414794921875,-0.5961081385612488,0.1351593732833862,11.0,9.0,13431.0,0.864,417161980.0
1.895875930786133,-1.852046847343445,-0.1388996243476868,1.0,12.0,13433.0,2.654,417161986.0
1.830333590507507,-1.789268732070923,-0.04467815905809402,1.0,14.0,13435.0,2.56,417161991.0
1.690587043762207,-1.653234601020813,0.6335890293121338,37.0,15.0,13436.0,2.448,417161993.0
1.797538042068481,-1.762739300727844,0.04394515976309776,1.0,1.0,13444.0,2.518,417162016.0
0.4834132492542267,-0.4745515882968903,0.05926590412855148,3.0,5.0,13447.0,0.68,417162026.0
0.4659004509449005,-0.457679271697998,0.0801900252699852,9.0,7.0,13449.0,0.658,417162030.0
0.5903451442718506,-0.5801305770874023,0.1310920864343643,10.0,9.0,13450.0,0.838,417162035.0
1.889399528503418,-1.858653426170349,-0.1388996243476868,1.0,12.0,13453.0,2.654,417162042.0
1.826926827430725,-1.798452615737915,-0.0447479709982872,1.0,14.0,13455.0,2.564,417162046.0
1.69060218334198,-1.664252758026123,0.6356595754623413,37.0,15.0,13455.0,2.456,417162049.0
1.781414031982422,-1.759167551994324,0.04370082542300224,1.0,1.0,13464.0,2.504,417162072.0
0.4690015017986298,-0.4636298716068268,0.0576971024274826,3.0,5.0,13467.0,0.662,417162081.0
0.4882912039756775,-0.4830357730388641,0.08433358371257782,9.0,7.0,13469.0,0.6920000000000001,417162086.0
0.6008495688438416,-0.5947978496551514,0.1339078992605209,16.0,9.0,13471.0,0.856,417162090.0
7.432549476623535,-7.360257625579834,2.033260583877563,92.0,11.0,13472.0,10.656,417162095.0
1.865873098373413,-1.84837007522583,-0.1376435607671738,1.0,12.0,13473.0,2.63,417162097.0
2.704738855361938,-2.680302143096924,0.879108726978302,87.0,13.0,13474.0,3.908,417162099.0
1.817797660827637,-1.802003145217896,-0.04467815905809402,1.0,14.0,13475.0,2.56,417162102.0
1.683119297027588,-1.669077634811401,0.635141909122467,41.0,15.0,13476.0,2.454,417162104.0
1.797949552536011,-1.787935853004456,0.04425930231809616,1.0,1.0,13484.0,2.536,417162127.0
0.3567619621753693,-0.3550227284431458,0.02637732215225697,2.0,3.0,13486.0,0.504,417162132.0
0.4645562171936035,-0.4624528884887695,0.05734847858548164,3.0,5.0,13487.0,0.658,417162136.0
0.5062912106513977,-0.5043509006500244,0.08774592727422714,10.0,7.0,13489.0,0.72,417162141.0
0.5988738536834717,-0.5967870354652405,0.1339078992605209,22.0,9.0,13490.0,0.856,417162145.0
7.412373065948486,-7.391702651977539,2.034787178039551,34.0,11.0,13492.0,10.664,417162150.0
1.819817781448364,-1.81537652015686,-0.1347127556800842,1.0,12.0,13493.0,2.574,417162152.0
2.691228151321411,-2.685597658157349,0.8777590394020081,100.0,13.0,13494.0,3.902,417162155.0
1.819987773895264,-1.816814064979553,-0.04488759115338326,1.0,14.0,13495.0,2.572,417162157.0
1.688512921333313,-1.685568451881409,0.6392830610275269,51.0,15.0,13495.0,2.47,417162159.0
1.786045432090759,-1.788540959358215,0.04411968216300011,1.0,1.0,13504.0,2.528,417162182.0
0.4741959869861603,-0.4753561019897461,0.05874297022819519,1.0,5.0,13507.0,0.674,417162192.0
0.5381627678871155,-0.5398561358451843,0.09359565377235413,10.0,7.0,13509.0,0.768,417162196.0
0.5966824889183044,-0.5989780426025391,0.1339078992605209,30.0,9.0,13511.0,0.856,417162201.0
12.16726493835449,-12.21833801269531,3.35175085067749,18.0,11.0,13512.0,17.566,417162205.0
1.813469767570496,-1.821717858314514,-0.1347127556800842,1.0,12.0,13513.0,2.574,417162208.0
2.681837320327759,-2.69497537612915,0.8777590394020081,100.0,13.0,13514.0,3.902,417162210.0
1.793890833854675,-1.803308248519897,-0.04439892247319221,1.0,14.0,13515.0,2.544,417162212.0
1.670063853263855,-1.679417371749878,0.6346243023872375,37.0,15.0,13516.0,2.452,417162215.0
1.778383374214172,-1.793344616889954,0.04408477991819382,1.0,1.0,13524.0,2.526,417162238.0
0.4907621145248413,-0.495409369468689,0.06100901961326599,3.0,5.0,13527.0,0.7000000000000001,417162247.0
0.5697922706604004,-0.5755895972251892,0.0994453877210617,14.0,7.0,13529.0,0.8160000000000001,417162251.0
0.5752403736114502,-0.5812960267066956,0.1295277327299118,33.0,9.0,13530.0,0.8280000000000001,417162256.0
7.428231239318848,-7.511672019958496,2.053486347198486,58.0,11.0,13532.0,10.762,417162261.0
1.896963357925415,-1.918941617012024,-0.1414117515087128,1.0,12.0,13533.0,2.702,417162263.0
2.677892684936523,-2.709864854812622,0.8795586228370667,100.0,13.0,13534.0,3.91,417162265.0
1.798827767372131,-1.820940017700195,-0.04467815905809402,1.0,14.0,13535.0,2.56,417162268.0
1.678062081336975,-1.698689699172974,0.6398006677627563,54.0,15.0,13535.0,2.472,417162270.0
1.779128074645996,-1.806665539741516,0.04425930231809616,1.0,1.0,13544.0,2.536,417162293.0
0.4596880376338959,-0.4672922790050507,0.05734847858548164,1.0,5.0,13547.0,0.658,417162302.0
0.5705628395080566,-0.5804063081741333,0.09993286430835724,16.0,7.0,13549.0,0.8200000000000001,417162307.0
0.5718231797218323,-0.5818915367126465,0.1292148679494858,31.0,9.0,13550.0,0.8260000000000001,417162311.0
7.436354637145996,-7.572575092315674,2.063026905059814,30.0,11.0,13552.0,10.812,417162316.0
2.676606893539429,-2.727541208267212,0.8822580575942993,100.0,13.0,13554.0,3.922,417162321.0
1.800862789154053,-1.83577299118042,-0.04488759115338326,1.0,14.0,13555.0,2.572,417162323.0
1.645065307617188,-1.676955461502075,0.6294479370117188,45.0,15.0,13555.0,2.432,417162325.0
1.770646333694458,-1.809387445449829,0.04418949410319328,1.0,1.0,13562.0,2.532,417162348.0
0.4693597853183746,-0.4801318943500519,0.05874297022819519,1.0,5.0,13565.0,0.674,417162357.0
0.5701237916946411,-0.5836158990859985,0.100176602602005,17.0,7.0,13567.0,0.8220000000000001,417162362.0
0.5836892127990723,-0.597919762134552,0.1323435604572296,36.0,9.0,13569.0,0.846,417162367.0
7.401558876037598,-7.584659099578857,2.059973955154419,35.0,11.0,13570.0,10.796,417162371.0
1.794936180114746,-1.8399817943573,-0.1347127556800842,1.0,12.0,13571.0,2.574,417162374.0
2.665303707122803,-2.733146190643311,0.8813582062721252,81.0,13.0,13572.0,3.918,417162376.0
1.775544404983521,-1.821374893188477,-0.04439892247319221,1.0,14.0,13573.0,2.544,417162378.0
1.642485857009888,-1.684881925582886,0.6304832100868225,43.0,15.0,13573.0,2.436,417162380.0
1.77268123626709,-1.824161648750305,0.04439892247319221,1.0,1.0,13582.0,2.544,417162404.0
0.350637674331665,-0.3610726594924927,0.02637732215225697,2.0,3.0,13584.0,0.504,417162408.0
0.4704565107822418,-0.4846265017986298,0.05909159407019615,1.0,5.0,13585.0,0.678,417162413.0
0.5556433200836182,-0.5727790594100952,0.09798295050859451,16.0,7.0,13587.0,0.804,417162417.0
0.5843484401702881,-0.6027902364730835,0.1329692900180817,39.0,9.0,13589.0,0.85,417162422.0
7.391433238983154,-7.627367496490479,2.064553260803223,43.0,11.0,13590.0,10.82,417162427.0
2.646257400512695,-2.732633829116821,0.8782089352607727,56.0,13.0,13592.0,3.904,417162431.0
1.805338263511658,-1.864917516708374,-0.04530644789338112,1.0,14.0,13593.0,2.596,417162433.0
1.63629949092865,-1.690890550613403,0.6304832100868225,44.0,15.0,13594.0,2.436,417162436.0
1.774313569068909,-1.839281797409058,0.04460835084319115,1.0,1.0,13603.0,2.556,417162459.0
0.4714421629905701,-0.4892168641090393,0.05944021791219711,1.0,5.0,13606.0,0.682,417162468.0
0.552163302898407,-0.5733818411827087,0.09773921221494675,11.0,7.0,13608.0,0.802,417162473.0
0.5684378743171692,-0.5906943678855896,0.129840612411499,36.0,9.0,13610.0,0.8300000000000001,417162477.0
7.36614990234375,-7.65723705291748,2.065316677093506,36.0,11.0,13611.0,10.824,417162482.0
2.637574434280396,-2.743719339370728,0.8786588311195374,19.0,13.0,13613.0,3.906,417162486.0
1.762465596199036,-1.834033727645874,-0.04439892247319221,1.0,14.0,13614.0,2.544,417162489.0
1.643772959709167,-1.710521340370178,0.6356595754623413,48.0,15.0,13614.0,2.456,417162491.0
1.767882466316223,-1.845464110374451,0.04460835084319115,1.0,1.0,13623.0,2.556,417162514.0
0.4587115049362183,-0.4793437421321869,0.05804572626948357,1.0,5.0,13626.0,0.666,417162523.0
0.5679939985275269,-0.5939565896987915,0.1009078174829483,9.0,7.0,13628.0,0.8280000000000001,417162528.0
0.5595487356185913,-0.5855342745780945,0.1282762587070465,30.0,9.0,13630.0,0.8200000000000001,417162533.0
7.336664199829102,-7.680063724517822,2.064553260803223,15.0,11.0,13631.0,10.82,417162537.0
1.756052851676941,-1.840174674987793,-0.04439892247319221,1.0,14.0,13634.0,2.544,417162544.0
1.632457256317139,-1.710658431053162,0.6335890293121338,35.0,15.0,13634.0,2.448,417162546.0
1.761752963066101,-1.851316452026367,0.04460835084319115,1.0,1.0,13642.0,2.556,417162569.0
0.4543739855289459,-0.4779742062091827,0.0576971024274826,1.0,5.0,13645.0,0.662,417162579.0
0.5605524778366089,-0.5900799632072449,0.09993286430835724,9.0,7.0,13647.0,0.8200000000000001,417162583.0
0.5536257028579712,-0.5829920172691345,0.1273376494646072,30.0,9.0,13648.0,0.8140000000000001,417162588.0
1.912167191505432,-2.016412973403931,0.641560435295105,3.0,13.0,13652.0,2.852,417162597.0
1.749940991401672,-1.845987915992737,-0.04439892247319221,1.0,14.0,13653.0,2.544,417162599.0
1.733304619789124,-1.834200263023376,0.04404987394809723,1.0,1.0,13662.0,2.524,417162625.0
0.4444966614246368,-0.470864474773407,0.05665123462677002,1.0,5.0,13665.0,0.65,417162634.0
0.5571271181106567,-0.5905890464782715,0.09968912601470947,10.0,7.0,13667.0,0.8180000000000001,417162638.0
0.555550217628479,-0.5893294215202332,0.1282762587070465,34.0,9.0,13669.0,0.8200000000000001,417162643.0
3.448222160339355,-3.659164667129517,0.9773236513137817,2.0,11.0,13670.0,5.122,417162648.0
1.883741140365601,-2.000375986099243,0.634361982345581,4.0,13.0,13672.0,2.82,417162652.0
1.743486642837524,-1.852084994316101,-0.04439892247319221,1.0,14.0,13673.0,2.544,417162655.0
0.8499550223350525,-0.90321284532547,0.3323236405849457,2.0,15.0,13674.0,1.284,417162657.0
1.737515211105347,-1.852208375930786,0.04432911053299904,1.0,1.0,13683.0,2.54,417162680.0
0.4754645824432373,-0.5073820948600769,0.06083470955491066,1.0,5.0,13686.0,0.6980000000000001,417162689.0
0.550888180732727,-0.588280200958252,0.09895790368318558,9.0,7.0,13688.0,0.812,417162694.0
0.543938398361206,-0.5812652707099915,0.1260861754417419,27.0,9.0,13690.0,0.806,417162698.0
1.938019514083862,-2.07173752784729,0.5514379739761353,4.0,11.0,13691.0,2.89,417162703.0
1.868412017822266,-1.998725295066833,0.6316625475883484,6.0,13.0,13693.0,2.808,417162708.0
1.753070592880249,-1.875995516777039,-0.04481777921319008,1.0,14.0,13694.0,2.568,417162710.0
1.73103928565979,-1.858262062072754,0.04432911053299904,1.0,1.0,13703.0,2.54,417162735.0
0.4601177871227264,-0.4944530129432678,0.05909159407019615,1.0,5.0,13706.0,0.678,417162744.0
0.5488313436508179,-0.5901995301246643,0.09895790368318558,9.0,7.0,13708.0,0.812,417162749.0
0.5284593105316162,-0.5686899423599243,0.1229574903845787,21.0,9.0,13710.0,0.786,417162754.0
1.910733342170715,-2.05691385269165,0.5457137227058411,12.0,11.0,13711.0,2.86,417162758.0
1.84816575050354,-1.990952849388123,0.6271635293960571,2.0,13.0,13713.0,2.788,417162763.0
1.749231815338135,-1.885035037994385,-0.04488759115338326,1.0,14.0,13714.0,2.572,417162765.0
1.757131934165955,-1.899523973464966,0.04516682773828506,1.0,1.0,13723.0,2.588,417162790.0
0.4070062041282654,-0.4404510259628296,0.05246775597333908,1.0,5.0,13726.0,0.602,417162800.0
0.5521546602249146,-0.5979453325271606,0.09993286430835724,8.0,7.0,13728.0,0.8200000000000001,417162804.0
0.5064724087715149,-0.5486667156219482,0.1182644590735435,21.0,9.0,13729.0,0.756,417162809.0
1.891561388969421,-2.050583600997925,0.5422791838645935,15.0,11.0,13731.0,2.842,417162814.0
1.737220883369446,-1.885247349739075,-0.0447479709982872,1.0,14.0,13734.0,2.564,417162820.0
1.739668488502502,-1.893864512443542,0.04488759115338326,1.0,1.0,13743.0,2.572,417162846.0
0.4270192682743073,-0.4653570950031281,0.05525673925876617,1.0,5.0,13746.0,0.634,417162855.0
0.5514057278633118,-0.6013321876525879,0.100176602602005,9.0,7.0,13748.0,0.8220000000000001,417162860.0
0.5097962617874146,-0.5563449859619141,0.1195159330964088,20.0,9.0,13750.0,0.764,417162864.0
1.891022562980652,-2.064412355422974,0.5441872477531433,13.0,11.0,13751.0,2.852,417162869.0
0.842110276222229,-0.9199686646461487,0.287937343120575,2.0,13.0,13753.0,1.28,417162873.0
1.741429090499878,-1.903102040290833,-0.04502720758318901,1.0,14.0,13754.0,2.58,417162876.0
0.8423172235488892,-0.9208399653434753,0.3343942165374756,72.0,15.0,13755.0,1.292,417162878.0
1.722595572471619,-1.887805819511414,0.04460835084319115,1.0,1.0,13762.0,2.556,417162901.0
0.3798393309116364,-0.4167068600654602,0.04933014884591103,1.0,5.0,13765.0,0.5660000000000001,417162910.0
0.5534188747406006,-0.6075600385665894,0.1009078174829483,9.0,7.0,13767.0,0.8280000000000001,417162915.0
0.5067159533500671,-0.5564832091331482,0.1192030608654022,18.0,9.0,13768.0,0.762,417162920.0
1.866989493370056,-2.051794767379761,0.539226233959198,19.0,11.0,13770.0,2.826,417162924.0
0.8311887383460999,-0.9141053557395935,0.2852379381656647,12.0,13.0,13772.0,1.268,417162929.0
1.71089780330658,-1.882230997085571,-0.04439892247319221,1.0,14.0,13773.0,2.544,417162931.0
0.8184723854064941,-0.9007518887519836,0.3261120021343231,48.0,15.0,13774.0,1.26,417162933.0
1.721366286277771,-1.899734735488892,0.0447479709982872,1.0,1.0,13782.0,2.564,417162956.0
0.4398863017559052,-0.4859786033630371,0.05734847858548164,1.0,5.0,13785.0,0.658,417162966.0
0.5419732928276062,-0.5991827249526978,0.09920164197683334,9.0,7.0,13787.0,0.8140000000000001,417162970.0
0.5206686854362488,-0.5758312344551086,0.1229574903845787,23.0,9.0,13788.0,0.786,417162975.0
1.867713332176208,-2.067039251327515,0.5415159463882446,21.0,11.0,13790.0,2.838,417162979.0
0.7927313446998596,-0.877949059009552,0.2730905711650848,20.0,13.0,13792.0,1.214,417162984.0
1.720395565032959,-1.906004786491394,-0.04481777921319008,1.0,14.0,13793.0,2.568,417162986.0
0.820499837398529,-0.9093405604362488,0.3281825482845306,34.0,15.0,13794.0,1.268,417162989.0
1.704024195671082,-1.893839597702026,0.04446873068809509,1.0,1.0,13802.0,2.548,417163012.0
0.4328597486019135,-0.4815839231014252,0.05665123462677002,1.0,5.0,13805.0,0.65,417163021.0
0.5438579320907593,-0.6055014133453369,0.09993286430835724,9.0,7.0,13807.0,0.8200000000000001,417163025.0
0.5028186440467834,-0.5600071549415588,0.1192030608654022,21.0,9.0,13808.0,0.762,417163030.0
1.859175562858582,-2.072084903717041,0.5411342978477478,11.0,11.0,13810.0,2.836,417163035.0
0.7922637462615967,-0.8836126923561096,0.2739903926849365,27.0,13.0,13812.0,1.218,417163039.0
1.716401338577271,-1.914976716041565,-0.04488759115338326,1.0,14.0,13813.0,2.572,417163042.0
0.8123222589492798,-0.9063021540641785,0.3261120021343231,16.0,15.0,13813.0,1.26,417163044.0
1.729379177093506,-1.935564756393433,0.04530644789338112,1.0,1.0,13822.0,2.596,417163067.0
0.4762836992740631,-0.5336307883262634,0.06257782131433487,1.0,5.0,13825.0,0.718,417163076.0
0.5470262765884399,-0.6133219599723816,0.1009078174829483,8.0,7.0,13827.0,0.8280000000000001,417163081.0
0.4982316195964813,-0.5588100552558899,0.1185773238539696,22.0,9.0,13828.0,0.758,417163085.0
1.842789173126221,-2.068301200866699,0.5384629964828491,4.0,11.0,13830.0,2.822,417163090.0
0.8112040758132935,-0.9111155867576599,0.2816387116909027,43.0,13.0,13832.0,1.252,417163095.0
1.691093683242798,-1.900043964385986,-0.04439892247319221,1.0,14.0,13833.0,2.544,417163097.0
0.8000061511993408,-0.8991703391075134,0.3224885165691376,17.0,15.0,13834.0,1.246,417163099.0
1.722612261772156,-1.941589593887329,0.04530644789338112,1.0,1.0,13842.0,2.596,417163122.0
0.3607691824436188,-0.4070590436458588,0.04758703708648682,1.0,5.0,13845.0,0.546,417163131.0
0.5514627695083618,-0.6226580142974854,0.1021265089511871,8.0,7.0,13847.0,0.838,417163136.0
0.5067535042762756,-0.5723779201507568,0.1210802793502808,21.0,9.0,13848.0,0.774,417163141.0
1.816044807434082,-2.052665233612061,0.5327386856079102,1.0,11.0,13850.0,2.792,417163145.0
0.797692596912384,-0.9022619128227234,0.2780395150184631,33.0,13.0,13852.0,1.236,417163150.0
1.68445098400116,-1.905935406684875,-0.04439892247319221,1.0,14.0,13853.0,2.544,417163152.0
0.7842267751693726,-0.8873428702354431,0.3173121511936188,8.0,15.0,13853.0,1.226,417163155.0
1.689386367797852,-1.917581677436829,0.04460835084319115,1.0,1.0,13862.0,2.556,417163178.0
0.3725089430809021,-0.4232725203037262,0.04933014884591103,1.0,5.0,13865.0,0.5660000000000001,417163187.0
0.5309326648712158,-0.6037101745605469,0.09871416538953781,8.0,7.0,13867.0,0.81,417163191.0
0.504652202129364,-0.5742313861846924,0.1210802793502808,19.0,9.0,13869.0,0.774,417163196.0
0.8266892433166504,-0.9410006403923035,0.2434722781181335,4.0,11.0,13870.0,1.276,417163201.0
0.808680534362793,-0.9211500287055969,0.282988429069519,24.0,13.0,13872.0,1.258,417163205.0
1.677787780761719,-1.911803603172302,-0.04439892247319221,1.0,14.0,13873.0,2.544,417163208.0
1.708674550056458,-1.953866481781006,0.04530644789338112,1.0,1.0,13883.0,2.596,417163233.0
0.4050357639789581,-0.4636473953723907,0.05386224761605263,1.0,5.0,13886.0,0.618,417163242.0
0.52349454164505,-0.5996703505516052,0.09773921221494675,6.0,7.0,13888.0,0.802,417163247.0
0.5234258770942688,-0.5998029708862305,0.1260861754417419,21.0,9.0,13889.0,0.806,417163251.0
0.7974280118942261,-0.9144310355186462,0.235839918255806,12.0,11.0,13891.0,1.236,417163256.0
0.783534049987793,-0.8991318941116333,0.2753400802612305,11.0,13.0,13893.0,1.224,417163261.0
1.697039365768433,-1.948096513748169,-0.04509701952338219,1.0,14.0,13894.0,2.584,417163263.0
0.6991831064224243,-0.8026190400123596,0.2852185964584351,1.0,15.0,13894.0,1.102,417163265.0
0.5291995406150818,-0.6104939579963684,0.09920164197683334,5.0,7.0,13908.0,0.8140000000000001,417163302.0
0.5328642129898071,-0.6151552796363831,0.1289020031690598,27.0,9.0,13910.0,0.8240000000000001,417163307.0
0.7587132453918457,-0.8768097758293152,0.2676917612552643,6.0,13.0,13913.0,1.19,417163316.0
0.5622963905334473,-0.6502785086631775,0.2303489446640015,1.0,15.0,13915.0,0.89,417163320.0
0.4017890393733978,-0.4664637446403503,0.05386224761605263,1.0,5.0,13926.0,0.618,417163353.0
0.5270653367042542,-0.6123374700546265,0.09920164197683334,4.0,7.0,13928.0,0.8140000000000001,417163357.0
0.521802544593811,-0.6064373254776001,0.1267119199037552,25.0,9.0,13929.0,0.81,417163362.0
0.8179041743278503,-0.9512370824813843,0.243853896856308,13.0,11.0,13931.0,1.278,417163366.0
0.746757984161377,-0.8691062927246094,0.264542430639267,2.0,13.0,13933.0,1.176,417163371.0
0.5450320839881897,-0.6345537900924683,0.2241372913122177,1.0,15.0,13934.0,0.866,417163376.0
0.5158964395523071,-0.6036103963851929,0.09749547392129898,4.0,7.0,13948.0,0.8,417163413.0
0.5311224460601807,-0.6218644976615906,0.1295277327299118,16.0,9.0,13950.0,0.8280000000000001,417163417.0
0.801831066608429,-0.9391553997993469,0.2400377094745636,4.0,11.0,13951.0,1.258,417163422.0
0.6868023872375488,-0.8049953579902649,0.2442968487739563,1.0,13.0,13953.0,1.086,417163426.0
0.5514761209487915,-0.6468377709388733,0.2277607619762421,1.0,15.0,13955.0,0.88,417163431.0
0.4908677339553833,-0.577992856502533,0.0931081771850586,4.0,7.0,13966.0,0.764,417163468.0
0.5522869825363159,-0.6505436301231384,0.1351593732833862,12.0,9.0,13967.0,0.864,417163472.0
0.7810956239700317,-0.9207105040550232,0.2346950620412827,2.0,11.0,13969.0,1.23,417163477.0
0.6111804246902466,-0.7209342122077942,0.2182025164365768,1.0,13.0,13971.0,0.97,417163482.0
0.5483055114746094,-0.6469973921775818,0.2272431254386902,1.0,15.0,13972.0,0.878,417163486.0
0.477329820394516,-0.5660448670387268,0.0909145325422287,3.0,7.0,13986.0,0.746,417163523.0
0.5626280307769775,-0.6676691174507141,0.1382880657911301,11.0,9.0,13988.0,0.884,417163528.0
0.6842787861824036,-0.8123193979263306,0.206455335021019,1.0,11.0,13989.0,1.082,417163532.0
0.5283421277999878,-0.6276487112045288,0.1894087940454483,1.0,13.0,13991.0,0.842,417163537.0
0.5484176278114319,-0.6519594192504883,0.2282783985137939,1.0,15.0,13993.0,0.882,417163542.0
0.8992040157318115,-1.0727698802948,0.02443336881697178,1.0,1.0,14003.0,1.4,417163565.0
0.3952370285987854,-0.4720281362533569,0.05386224761605263,1.0,5.0,14006.0,0.618,417163574.0
0.4713312387466431,-0.5633061528205872,0.0901833176612854,3.0,7.0,14008.0,0.74,417163578.0
0.5386318564414978,-0.6439680457115173,0.1329692900180817,9.0,9.0,14009.0,0.85,417163583.0
0.585465669631958,-0.7004574537277222,0.1774523705244064,1.0,11.0,14011.0,0.93,417163588.0
0.5534114241600037,-0.6625772714614868,0.1993066370487213,1.0,13.0,14013.0,0.886,417163592.0
0.5423099398612976,-0.6495163440704346,0.2267254889011383,1.0,15.0,14014.0,0.876,417163597.0
0.8212591409683228,-0.9867559671401978,0.02240888960659504,1.0,1.0,14023.0,1.284,417163620.0
0.4668249785900116,-0.5618941783905029,0.08969583362340927,3.0,7.0,14028.0,0.736,417163634.0
0.5313324332237244,-0.6397657990455627,0.1317178159952164,9.0,9.0,14029.0,0.842,417163638.0
0.5579410195350647,-0.6722819209098816,0.1698200106620789,1.0,11.0,14031.0,0.89,417163643.0
0.5311911106109619,-0.6405048370361328,0.1921081990003586,1.0,13.0,14033.0,0.854,417163648.0
0.5277097225189209,-0.6365331411361694,0.2215491086244583,1.0,15.0,14034.0,0.856,417163652.0
0.8105087876319885,-0.9800850749015808,0.02219946123659611,1.0,1.0,14041.0,1.272,417163675.0
0.4675849080085754,-0.5664197206497192,0.0901833176612854,3.0,7.0,14046.0,0.74,417163689.0
0.5367501378059387,-0.6506670713424683,0.1335950344800949,9.0,9.0,14048.0,0.854,417163694.0
0.550830066204071,-0.6679727435112,0.1682935357093811,1.0,11.0,14049.0,0.882,417163698.0
0.5341334342956543,-0.6481861472129822,0.1939078122377396,1.0,13.0,14051.0,0.862,417163703.0
0.522022545337677,-0.6337145566940308,0.2199961841106415,1.0,15.0,14052.0,0.85,417163707.0
0.8451526761054993,-1.029271841049194,0.02324660494923592,1.0,1.0,14061.0,1.332,417163731.0
0.4479874074459076,-0.5465547442436218,0.08677097409963608,3.0,7.0,14066.0,0.712,417163744.0
0.5407341122627258,-0.6601777076721191,0.1351593732833862,6.0,9.0,14068.0,0.864,417163749.0
0.5385450124740601,-0.6577391624450684,0.1652405858039856,1.0,11.0,14069.0,0.866,417163754.0
0.5442078709602356,-0.6651289463043213,0.1984068304300308,1.0,13.0,14071.0,0.882,417163758.0
0.5135822892189026,-0.628145694732666,0.2174080014228821,2.0,15.0,14073.0,0.84,417163763.0
0.8213371634483337,-1.007417798042297,0.022688128054142,1.0,1.0,14081.0,1.3,417163786.0
0.4435707926750183,-0.5450358986854553,0.08628349751234055,3.0,7.0,14086.0,0.708,417163800.0
0.5409190654754639,-0.6651262640953064,0.1357851177453995,5.0,9.0,14088.0,0.868,417163804.0
0.5523455739021301,-0.6794187426567078,0.1702016294002533,1.0,11.0,14089.0,0.892,417163809.0
0.5246801972389221,-0.6458491683006287,0.1921081990003586,1.0,13.0,14091.0,0.854,417163813.0
0.5212392210960388,-0.6418423652648926,0.2215491086244583,2.0,15.0,14092.0,0.856,417163818.0
0.4516467154026031,-0.5589330196380615,0.08823340386152267,3.0,7.0,14106.0,0.724,417163855.0
0.5447990298271179,-0.674694836139679,0.1373494565486908,4.0,9.0,14108.0,0.878,417163860.0
0.5499705672264099,-0.6813426613807678,0.1702016294002533,1.0,11.0,14109.0,0.892,417163864.0
0.5016235709190369,-0.6218909621238708,0.1844598650932312,2.0,13.0,14111.0,0.8200000000000001,417163869.0
0.5311216711997986,-0.6586966514587402,0.2267254889011383,2.0,15.0,14112.0,0.876,417163873.0
0.4484506845474243,-0.5589578151702881,0.08798966556787491,3.0,7.0,14126.0,0.722,417163910.0
0.5622106790542603,-0.7012518048286438,0.1423553675413132,3.0,9.0,14128.0,0.91,417163915.0
0.5316277742385864,-0.6633426547050476,0.1652405858039856,1.0,11.0,14129.0,0.866,417163919.0
0.5213767290115356,-0.651017427444458,0.1925581097602844,2.0,13.0,14131.0,0.856,417163924.0
0.5395676493644714,-0.674213707447052,0.2313842326402664,3.0,15.0,14133.0,0.894,417163929.0
0.4477336406707764,-0.5620724558830261,0.08823340386152267,2.0,7.0,14146.0,0.724,417163965.0
0.5597594380378723,-0.7032100558280945,0.1423553675413132,3.0,9.0,14148.0,0.91,417163970.0
0.5279707908630371,-0.6637502312660217,0.1648589670658112,1.0,11.0,14150.0,0.864,417163975.0
0.520199716091156,-0.654449462890625,0.1930080056190491,2.0,13.0,14152.0,0.858,417163979.0
0.5287982225418091,-0.6655054092407227,0.2277607619762421,3.0,15.0,14153.0,0.88,417163984.0
0.3374840021133423,-0.426563024520874,0.04758703708648682,1.0,5.0,14165.0,0.546,417164016.0
0.4198167324066162,-0.5310083031654358,0.08311489224433899,2.0,7.0,14167.0,0.682,417164021.0
0.5584028363227844,-0.7068069577217102,0.1426682323217392,3.0,9.0,14169.0,0.912,417164025.0
0.5378184914588928,-0.680996298789978,0.1686751544475555,1.0,11.0,14170.0,0.884,417164030.0
0.5299846529960632,-0.6715587973594666,0.1975070238113403,3.0,13.0,14172.0,0.878,417164035.0
0.5287479758262634,-0.6704729199409485,0.2287960350513458,3.0,15.0,14174.0,0.884,417164039.0
0.3186917304992676,-0.4058587849140167,0.04514667391777039,1.0,5.0,14186.0,0.518,417164071.0
0.408155083656311,-0.5199785232543945,0.08116498589515686,2.0,7.0,14187.0,0.666,417164076.0
0.5571513772010803,-0.7103061079978943,0.1429810971021652,3.0,9.0,14189.0,0.914,417164081.0
0.5195742249488831,-0.662875771522522,0.1637141108512878,1.0,11.0,14191.0,0.858,417164085.0
0.5131000280380249,-0.655086874961853,0.1921081990003586,3.0,13.0,14193.0,0.854,417164090.0
0.528786301612854,-0.6753566265106201,0.2298313081264496,3.0,15.0,14194.0,0.888,417164094.0
0.3174151182174683,-0.4068579971790314,0.04514667391777039,1.0,5.0,14204.0,0.518,417164127.0
0.4088695347309113,-0.5244602560997009,0.08165246248245239,1.0,7.0,14206.0,0.67,417164131.0
0.54265296459198,-0.696566641330719,0.1398524045944214,3.0,9.0,14208.0,0.894,417164136.0
0.5247268080711365,-0.6737985610961914,0.1660038232803345,1.0,11.0,14209.0,0.87,417164141.0
0.5146299600601196,-0.6613093614578247,0.1934579014778137,3.0,13.0,14211.0,0.86,417164145.0
0.5241720080375671,-0.6740564107894897,0.2287960350513458,2.0,15.0,14213.0,0.884,417164150.0
0.3354381918907166,-0.4332244098186493,0.04793565720319748,1.0,5.0,14225.0,0.55,417164182.0
0.410681426525116,-0.5305936932563782,0.08238367736339569,1.0,7.0,14226.0,0.676,417164187.0
0.5329669117927551,-0.6890813708305359,0.137975201010704,3.0,9.0,14228.0,0.882,417164191.0
0.516250729560852,-0.6679503917694092,0.1640957295894623,1.0,11.0,14230.0,0.86,417164196.0
0.5169673562049866,-0.669360339641571,0.1952575147151947,3.0,13.0,14232.0,0.868,417164200.0
0.5170935988426208,-0.6697654724121094,0.2267254889011383,2.0,15.0,14233.0,0.876,417164205.0
0.4075246751308441,-0.5305210947990417,0.08213993906974792,1.0,7.0,14247.0,0.674,417164242.0
0.5376545786857605,-0.7004319429397583,0.1398524045944214,3.0,9.0,14249.0,0.894,417164247.0
0.5210869312286377,-0.6790937185287476,0.1663854420185089,1.0,11.0,14250.0,0.872,417164251.0
0.5264854431152344,-0.6866253614425659,0.199756532907486,2.0,13.0,14252.0,0.888,417164256.0
0.5146353244781494,-0.6716561913490295,0.2267254889011383,1.0,15.0,14254.0,0.876,417164260.0
0.3226617574691772,-0.422941267490387,0.04654116556048393,1.0,5.0,14266.0,0.534,417164293.0
0.402059018611908,-0.5272050499916077,0.08140872418880463,1.0,7.0,14267.0,0.668,417164297.0
0.5340089797973633,-0.7007332444190979,0.1395395398139954,3.0,9.0,14269.0,0.892,417164302.0
0.5078895092010498,-0.6669417023658752,0.1629508882761002,2.0,11.0,14271.0,0.854,417164306.0
0.5098041296005249,-0.6699409484863281,0.1943577080965042,2.0,13.0,14273.0,0.864,417164311.0
0.5122876763343811,-0.6734485030174255,0.2267254889011383,1.0,15.0,14274.0,0.876,417164316.0
0.3116317689418793,-0.4113045334815979,0.04514667391777039,1.0,5.0,14285.0,0.518,417164348.0
0.3858372569084167,-0.5096134543418884,0.07848385721445084,1.0,7.0,14287.0,0.644,417164352.0
0.5244086980819702,-0.6931411027908325,0.137662336230278,3.0,9.0,14289.0,0.88,417164357.0
0.4914640486240387,-0.6498319506645203,0.1583714634180069,1.0,11.0,14290.0,0.8300000000000001,417164362.0
0.4923053085803986,-0.6514167785644531,0.1885089874267578,1.0,13.0,14292.0,0.838,417164366.0
0.5076053142547607,-0.6721493601799011,0.2256902009248734,1.0,15.0,14294.0,0.872,417164371.0
0.3580175042152405,-0.4761418700218201,0.05211913585662842,1.0,5.0,14306.0,0.598,417164403.0
0.384056031703949,-0.5109571814537048,0.07848385721445084,1.0,7.0,14307.0,0.644,417164408.0
0.5184270143508911,-0.6902289986610413,0.1367237269878387,3.0,9.0,14309.0,0.874,417164412.0
0.496150016784668,-0.661050021648407,0.1606611758470535,1.0,11.0,14311.0,0.842,417164417.0
0.5039454102516174,-0.6719247102737427,0.1939078122377396,1.0,13.0,14313.0,0.862,417164422.0
0.5029382705688477,-0.6708257794380188,0.2246549278497696,1.0,15.0,14314.0,0.868,417164426.0
0.3159791529178619,-0.422993391752243,0.04619254544377327,1.0,5.0,14324.0,0.53,417164458.0
0.3704850077629089,-0.4963202476501465,0.07604646682739258,1.0,7.0,14326.0,0.624,417164463.0
0.4948756992816925,-0.6634432077407837,0.1310920864343643,3.0,9.0,14328.0,0.838,417164468.0
0.4799880385398865,-0.6437188386917114,0.1560817509889603,1.0,11.0,14329.0,0.8180000000000001,417164472.0
0.4832025170326233,-0.6485020518302917,0.1867093741893768,1.0,13.0,14331.0,0.8300000000000001,417164477.0
0.4984035789966583,-0.669390857219696,0.2236196547746658,1.0,15.0,14333.0,0.864,417164482.0
0.3429030776023865,-0.4625621438026428,0.05037602037191391,1.0,5.0,14345.0,0.578,417164514.0
0.361658900976181,-0.4880410432815552,0.07458403706550598,1.0,7.0,14346.0,0.612,417164518.0
0.5019612312316895,-0.6778666973114014,0.1335950344800949,3.0,9.0,14348.0,0.854,417164523.0
0.4822966158390045,-0.6517865061759949,0.157608225941658,1.0,11.0,14350.0,0.8260000000000001,417164528.0
0.5063117742538452,-0.6847408413887024,0.1966072171926498,1.0,13.0,14352.0,0.874,417164532.0
0.4937673211097717,-0.6680194735527039,0.2225843816995621,1.0,15.0,14353.0,0.86,417164537.0
0.3365626633167267,-0.457337498664856,0.04967877268791199,1.0,5.0,14365.0,0.5700000000000001,417164569.0
0.383388489484787,-0.5213478207588196,0.0794588103890419,1.0,7.0,14367.0,0.652,417164574.0
0.492455005645752,-0.6701511144638062,0.1317178159952164,3.0,9.0,14369.0,0.842,417164578.0
0.4800185263156891,-0.6534660458564758,0.157608225941658,1.0,11.0,14370.0,0.8260000000000001,417164583.0
0.5177560448646545,-0.7053554058074951,0.2020060420036316,1.0,13.0,14372.0,0.898,417164588.0
0.4787470698356628,-0.6526896953582764,0.2168903648853302,1.0,15.0,14374.0,0.838,417164592.0
0.3137335777282715,-0.4296058118343353,0.04654116556048393,1.0,5.0,14386.0,0.534,417164624.0
0.3534755408763885,-0.4842032194137573,0.07360908389091492,1.0,7.0,14387.0,0.604,417164629.0
0.5017544031143188,-0.6878247857093811,0.1348465085029602,3.0,9.0,14389.0,0.862,417164634.0
0.4868719577789307,-0.6679129600524902,0.1606611758470535,1.0,11.0,14391.0,0.842,417164638.0
0.5013989210128784,-0.6883463263511658,0.1966072171926498,1.0,13.0,14393.0,0.874,417164643.0
0.4798772931098938,-0.6590420007705688,0.2184432744979858,1.0,15.0,14394.0,0.844,417164647.0
0.3030955195426941,-0.4176348745822906,0.04514667391777039,1.0,5.0,14403.0,0.518,417164680.0
0.3636066913604736,-0.5013812184333801,0.07604646682739258,1.0,7.0,14405.0,0.624,417164684.0
0.4879996180534363,-0.6734024286270142,0.1317178159952164,3.0,9.0,14407.0,0.842,417164689.0
0.4929503500461578,-0.6804839968681335,0.1633325070142746,1.0,11.0,14408.0,0.856,417164693.0
0.4970690011978149,-0.6866738796234131,0.1957074105739594,1.0,13.0,14410.0,0.87,417164698.0
0.4879946112632751,-0.674633800983429,0.223102018237114,1.0,15.0,14412.0,0.862,417164703.0
0.3015627861022949,-0.4187429547309875,0.04514667391777039,1.0,5.0,14424.0,0.518,417164735.0
0.3850501179695129,-0.5348683595657349,0.0809212476015091,1.0,7.0,14425.0,0.664,417164740.0
0.4787246882915497,-0.6654803156852722,0.129840612411499,3.0,9.0,14427.0,0.8300000000000001,417164744.0
0.4870151877403259,-0.677503764629364,0.1621876507997513,1.0,11.0,14429.0,0.85,417164749.0
0.4695371985435486,-0.6536709070205688,0.1858095675706863,1.0,13.0,14431.0,0.8260000000000001,417164753.0
0.4721155166625977,-0.6575024724006653,0.2168903648853302,1.0,15.0,14432.0,0.838,417164758.0
0.30009925365448,-0.4197930693626404,0.04514667391777039,1.0,5.0,14444.0,0.518,417164790.0
0.3300088047981262,-0.4619727432727814,0.06970926374197006,1.0,7.0,14446.0,0.5720000000000001,417164795.0
0.47283935546875,-0.6624071598052979,0.1289020031690598,3.0,9.0,14448.0,0.8240000000000001,417164799.0
0.4664017558097839,-0.6536297798156738,0.1560817509889603,1.0,11.0,14449.0,0.8180000000000001,417164804.0
0.4582017064094543,-0.6426123380661011,0.1822103559970856,1.0,13.0,14451.0,0.81,417164809.0
0.4786705672740936,-0.6718151569366455,0.2210314571857452,1.0,15.0,14453.0,0.854,417164813.0
0.3283942043781281,-0.4631218612194061,0.06970926374197006,1.0,7.0,14466.0,0.5720000000000001,417164850.0
0.4591037631034851,-0.6479358077049255,0.1257733106613159,3.0,9.0,14468.0,0.804,417164855.0
0.464002937078476,-0.6553348302841187,0.1560817509889603,1.0,11.0,14470.0,0.8180000000000001,417164859.0
0.4716008901596069,-0.6665590405464172,0.1885089874267578,1.0,13.0,14472.0,0.838,417164864.0
0.4629364609718323,-0.6545550227165222,0.2148198038339615,1.0,15.0,14473.0,0.8300000000000001,417164869.0
0.3268566429615021,-0.4642083048820496,0.06970926374197006,1.0,7.0,14485.0,0.5720000000000001,417164905.0
0.4683195948600769,-0.6656102538108826,0.1289020031690598,3.0,9.0,14487.0,0.8240000000000001,417164910.0
0.4642007350921631,-0.6600009799003601,0.1568449884653091,1.0,11.0,14488.0,0.8220000000000001,417164915.0
0.4807098507881165,-0.6839809417724609,0.1930080056190491,1.0,13.0,14490.0,0.858,417164919.0
0.3230863511562347,-0.4621014297008514,0.04933014884591103,1.0,5.0,14504.0,0.5660000000000001,417164956.0
0.3252342641353607,-0.4653464257717133,0.06970926374197006,1.0,7.0,14505.0,0.5720000000000001,417164961.0
0.4569449126720428,-0.6542848348617554,0.1263990551233292,3.0,9.0,14507.0,0.808,417164965.0
0.4595314860343933,-0.6584780216217041,0.1560817509889603,1.0,11.0,14509.0,0.8180000000000001,417164970.0
0.4692822396755219,-0.6729505658149719,0.1894087940454483,1.0,13.0,14511.0,0.842,417164975.0
0.310111939907074,-0.4468579888343811,0.04758703708648682,1.0,5.0,14524.0,0.546,417165011.0
0.3076895177364349,-0.4436979591846466,0.06629692018032074,1.0,7.0,14526.0,0.544,417165016.0
0.4477931261062622,-0.6462132930755615,0.1245218366384506,3.0,9.0,14528.0,0.796,417165021.0
0.4706452488899231,-0.6794446706771851,0.1606611758470535,1.0,11.0,14529.0,0.842,417165025.0
0.4647121429443359,-0.6713799238204956,0.1885089874267578,1.0,13.0,14531.0,0.838,417165030.0
0.3286490738391876,-0.4774729013442993,0.07117169350385666,1.0,7.0,14546.0,0.584,417165071.0
0.4410569369792938,-0.6412621736526489,0.1232703551650047,3.0,9.0,14548.0,0.788,417165076.0
0.4525837898254395,-0.6585135459899902,0.1553185284137726,1.0,11.0,14550.0,0.8140000000000001,417165081.0
0.4754869043827057,-0.6923553943634033,0.1939078122377396,1.0,13.0,14552.0,0.862,417165085.0
0.3990833461284637,-0.5813217163085938,0.1889379024505615,1.0,15.0,14553.0,0.73,417165090.0
0.2845008075237274,-0.4162817597389221,0.06190962716937065,1.0,7.0,14565.0,0.508,417165127.0
0.4456121921539307,-0.6525089144706726,0.1251475661993027,3.0,9.0,14567.0,0.8,417165131.0
0.4671164453029633,-0.6842539310455322,0.161042794585228,1.0,11.0,14568.0,0.844,417165136.0
0.4755057990550995,-0.6970654129981995,0.1948076188564301,1.0,13.0,14570.0,0.866,417165140.0
0.2897531986236572,-0.4269998371601105,0.04514667391777039,1.0,5.0,14584.0,0.518,417165177.0
0.3008756339550018,-0.4435571730136871,0.06580944359302521,1.0,7.0,14585.0,0.54,417165182.0
0.4289235174655914,-0.6328034400939941,0.1210802793502808,3.0,9.0,14587.0,0.774,417165187.0
0.463504433631897,-0.6843358874320984,0.1606611758470535,2.0,11.0,14589.0,0.842,417165191.0
0.442364513874054,-0.6536153554916382,0.1822103559970856,1.0,13.0,14591.0,0.81,417165196.0
0.4643980264663696,-0.6864290237426758,0.2220667451620102,1.0,15.0,14592.0,0.858,417165200.0
0.2971082627773285,-0.4413113594055176,0.06532196700572968,1.0,7.0,14605.0,0.536,417165237.0
0.4345430135726929,-0.6456940174102783,0.1232703551650047,3.0,9.0,14606.0,0.788,417165242.0
0.4469902217388153,-0.6646903157234192,0.155700147151947,2.0,11.0,14608.0,0.8160000000000001,417165246.0
0.4401946067810059,-0.6550787091255188,0.1822103559970856,1.0,13.0,14610.0,0.81,417165251.0
0.28684002161026,-0.4289622008800507,0.04514667391777039,1.0,5.0,14623.0,0.518,417165288.0
0.2999774217605591,-0.448947936296463,0.06629692018032074,1.0,7.0,14625.0,0.544,417165292.0
0.4201077520847321,-0.6292110681533813,0.1198287978768349,3.0,9.0,14627.0,0.766,417165297.0
0.4555659890174866,-0.6825761198997498,0.1595163196325302,2.0,11.0,14628.0,0.836,417165302.0
0.4487177431583405,-0.6728239059448242,0.1867093741893768,1.0,13.0,14630.0,0.8300000000000001,417165306.0
0.2962143123149872,-0.4466835558414459,0.06580944359302521,1.0,7.0,14645.0,0.54,417165348.0
0.4135442674160004,-0.6240869760513306,0.1185773238539696,3.0,9.0,14647.0,0.758,417165352.0
0.4520964324474335,-0.6825254559516907,0.1591347008943558,2.0,11.0,14648.0,0.834,417165357.0
0.4399129450321198,-0.664635956287384,0.1840099692344666,1.0,13.0,14650.0,0.8180000000000001,417165362.0
0.2902880311012268,-0.4410820007324219,0.06483449041843414,1.0,7.0,14665.0,0.532,417165403.0
0.4135340452194214,-0.6288276314735413,0.1192030608654022,3.0,9.0,14667.0,0.762,417165408.0
0.4292207658290863,-0.6529293656349182,0.1518839597702026,2.0,11.0,14668.0,0.796,417165412.0
0.4525688886642456,-0.6889702677726746,0.1903085857629776,1.0,13.0,14670.0,0.846,417165417.0
0.4400447607040405,-0.6701589822769165,0.2148198038339615,1.0,15.0,14671.0,0.8300000000000001,417165421.0
0.3061148226261139,-0.4686846435070038,0.068734310567379,1.0,7.0,14685.0,0.5640000000000001,417165458.0
0.4049670398235321,-0.6202712059020996,0.1173258498311043,3.0,9.0,14686.0,0.75,417165463.0
0.4462478160858154,-0.6840206980705261,0.1587530821561813,2.0,11.0,14688.0,0.8320000000000001,417165468.0
0.439519077539444,-0.674220860004425,0.1858095675706863,1.0,13.0,14690.0,0.8260000000000001,417165472.0
0.4249324798583984,-0.6523427367210388,0.2086081504821777,1.0,15.0,14692.0,0.806,417165477.0
0.3033972382545471,-0.4680845439434052,0.06849057227373123,1.0,7.0,14705.0,0.562,417165514.0
0.400543212890625,-0.618435263633728,0.1167001128196716,3.0,9.0,14707.0,0.746,417165518.0
0.4555940330028534,-0.7037023901939392,0.1629508882761002,2.0,11.0,14708.0,0.854,417165523.0
0.4604500532150269,-0.711747407913208,0.1957074105739594,1.0,13.0,14710.0,0.87,417165527.0
0.4226527810096741,-0.6538220643997192,0.2086081504821777,1.0,15.0,14712.0,0.806,417165532.0
0.2889532446861267,-0.4490558505058289,0.06556570529937744,1.0,7.0,14724.0,0.538,417165569.0
0.3921866118907928,-0.609722375869751,0.1148228943347931,3.0,9.0,14725.0,0.734,417165574.0
0.4532579779624939,-0.7052093744277954,0.1629508882761002,2.0,11.0,14727.0,0.854,417165578.0
0.3906905353069305,-0.6083294749259949,0.1669136881828308,1.0,13.0,14729.0,0.742,417165583.0
0.4121352732181549,-0.6422131657600403,0.2044670432806015,1.0,15.0,14731.0,0.79,417165587.0
0.3023407757282257,-0.4734850525856018,0.06897804886102676,2.0,7.0,14744.0,0.5660000000000001,417165624.0
0.3953700065612793,-0.6194130778312683,0.116387240588665,3.0,9.0,14745.0,0.744,417165629.0
0.4434035122394562,-0.6952005624771118,0.1602795571088791,1.0,11.0,14747.0,0.84,417165633.0
0.3864699900150299,-0.6064028143882751,0.1660138815641403,1.0,13.0,14749.0,0.738,417165638.0
0.4306449890136719,-0.6762376427650452,0.2148198038339615,1.0,15.0,14751.0,0.8300000000000001,417165643.0
0.3006861507892609,-0.4745375216007233,0.06897804886102676,2.0,7.0,14764.0,0.5660000000000001,417165679.0
0.3995474576950073,-0.6308021545410156,0.1182644590735435,3.0,9.0,14765.0,0.756,417165684.0
0.432574599981308,-0.683472752571106,0.1572266072034836,1.0,11.0,14767.0,0.8240000000000001,417165689.0
0.4077543318271637,-0.6450035572052002,0.2044670432806015,1.0,15.0,14770.0,0.79,417165698.0
0.2937447130680084,-0.4671816825866699,0.06775935739278793,2.0,7.0,14784.0,0.556,417165735.0
0.3931384384632111,-0.6255031228065491,0.1170129776000977,2.0,9.0,14785.0,0.748,417165739.0
0.4228771924972534,-0.6733405590057373,0.1545552909374237,1.0,11.0,14787.0,0.81,417165744.0
0.4084664285182953,-0.6514038443565369,0.2060199528932571,1.0,15.0,14791.0,0.796,417165753.0
0.2972827851772308,-0.4766770303249359,0.06897804886102676,2.0,7.0,14805.0,0.5660000000000001,417165790.0
0.3866630494594574,-0.6202346086502075,0.1157615035772324,3.0,9.0,14806.0,0.74,417165795.0
0.4307868480682373,-0.6915498375892639,0.1583714634180069,1.0,11.0,14808.0,0.8300000000000001,417165799.0
0.4153753221035004,-0.6675880551338196,0.2106786966323853,1.0,15.0,14811.0,0.8140000000000001,417165809.0
0.2924832999706268,-0.4726477563381195,0.06824683398008347,2.0,7.0,14825.0,0.56,417165845.0
0.3708817064762115,-0.5998059511184692,0.1116942092776299,2.0,9.0,14827.0,0.714,417165850.0
0.4324991405010223,-0.699729323387146,0.1598979383707047,1.0,11.0,14828.0,0.838,417165855.0
0.3916199505329132,-0.6345821022987366,0.1998082995414734,2.0,15.0,14832.0,0.772,417165864.0
0.3002651631832123,-0.488838404417038,0.07044047862291336,2.0,7.0,14844.0,0.578,417165901.0
0.3689955174922943,-0.6009681224822998,0.1116942092776299,2.0,9.0,14845.0,0.714,417165905.0
0.4219629764556885,-0.6877723932266235,0.1568449884653091,1.0,11.0,14847.0,0.8220000000000001,417165910.0
0.3835680782794952,-0.6259262561798096,0.1967024803161621,2.0,15.0,14850.0,0.76,417165919.0
0.2861601412296295,-0.4695423543453217,0.06751561909914017,2.0,7.0,14864.0,0.554,417165956.0
0.357543557882309,-0.5871320962905884,0.1088783890008926,2.0,9.0,14866.0,0.6960000000000001,417165961.0
0.4062888920307159,-0.6674403548240662,0.1518839597702026,1.0,11.0,14867.0,0.796,417165965.0
0.3973249197006226,-0.6537416577339172,0.2049846798181534,2.0,15.0,14871.0,0.792,417165974.0
0.284519374370575,-0.4705383777618408,0.06751561909914017,2.0,7.0,14884.0,0.554,417166011.0
0.3576382398605347,-0.5916956663131714,0.1095041260123253,2.0,9.0,14885.0,0.7000000000000001,417166016.0
0.4151212573051453,-0.6873403787612915,0.1560817509889603,1.0,11.0,14887.0,0.8180000000000001,417166020.0
0.3755663931369781,-0.6223379373550415,0.1678134799003601,1.0,13.0,14889.0,0.746,417166025.0
0.4041356444358826,-0.6699432730674744,0.2096434235572815,3.0,15.0,14890.0,0.81,417166030.0
0.2818539440631866,-0.4698264002799988,0.0672718808054924,2.0,7.0,14904.0,0.552,417166067.0
0.3483578264713287,-0.5811424255371094,0.1073140427470207,2.0,9.0,14906.0,0.686,417166071.0
0.3965739607810974,-0.6618401408195496,0.1499758660793304,1.0,11.0,14907.0,0.786,417166076.0
0.3733917474746704,-0.6236451268196106,0.1678134799003601,1.0,13.0,14909.0,0.746,417166080.0
0.3977102637290955,-0.6647887229919434,0.207572877407074,3.0,15.0,14911.0,0.802,417166085.0
0.276151180267334,-0.4639841020107269,0.06629692018032074,2.0,7.0,14924.0,0.544,417166122.0
0.3363288044929504,-0.5653179287910461,0.1041853502392769,2.0,9.0,14925.0,0.666,417166126.0
0.3942612707614899,-0.6632204055786133,0.1499758660793304,1.0,11.0,14927.0,0.786,417166131.0
0.3662365078926086,-0.6165674328804016,0.1655639708042145,2.0,13.0,14929.0,0.736,417166136.0
0.380709171295166,-0.641187310218811,0.1998082995414734,3.0,15.0,14930.0,0.772,417166140.0
0.2735205888748169,-0.4632358551025391,0.06605318188667297,2.0,7.0,14944.0,0.542,417166177.0
0.3141792118549347,-0.5325199961662292,0.09792797267436981,2.0,9.0,14946.0,0.626,417166182.0
0.3919438123703003,-0.6645925641059875,0.1499758660793304,1.0,11.0,14947.0,0.786,417166186.0
0.3601246476173401,-0.6111264228820801,0.1637643724679947,2.0,13.0,14949.0,0.728,417166191.0
0.368554562330246,-0.6259312629699707,0.1946319192647934,3.0,15.0,14951.0,0.752,417166196.0
0.2658819556236267,-0.4539105892181396,0.06459075212478638,2.0,7.0,14964.0,0.53,417166232.0
0.3114134669303894,-0.5318542718887329,0.09761510789394379,2.0,9.0,14965.0,0.624,417166237.0
0.3261717259883881,-0.55750572681427,0.12555231153965,1.0,11.0,14967.0,0.658,417166242.0
0.3324185609817505,-0.5686383247375488,0.1520669162273407,3.0,13.0,14969.0,0.676,417166246.0
0.3528314530849457,-0.6037986874580383,0.1873849928379059,4.0,15.0,14970.0,0.724,417166251.0
0.2603065371513367,-0.4479704797267914,0.06361579895019531,2.0,7.0,14984.0,0.522,417166288.0
0.3085628747940063,-0.5312299132347107,0.09730223566293716,2.0,9.0,14985.0,0.622,417166292.0
0.3380204439163208,-0.582412838935852,0.1308949738740921,1.0,11.0,14987.0,0.686,417166297.0
0.3235883712768555,-0.5579947233200073,0.1489176005125046,4.0,13.0,14989.0,0.662,417166302.0
0.344908595085144,-0.5949985384941101,0.1842791587114334,3.0,15.0,14990.0,0.712,417166306.0
0.2646892964839935,-0.4591953754425049,0.06507822871208191,1.0,7.0,15004.0,0.534,417166343.0
0.3016842901706696,-0.5237984657287598,0.09573788940906525,2.0,9.0,15006.0,0.612,417166348.0
0.2870079278945923,-0.4985178709030151,0.1118140742182732,1.0,11.0,15007.0,0.586,417166352.0
0.3060911297798157,-0.53209388256073,0.1417191624641418,4.0,13.0,15009.0,0.63,417166357.0
0.3592006266117096,-0.6246690154075623,0.1930790096521378,1.0,15.0,15010.0,0.746,417166361.0
0.2640701532363892,-0.4618397951126099,0.06532196700572968,2.0,7.0,15024.0,0.536,417166398.0
0.2959343791007996,-0.5179876089096069,0.09448641538619995,2.0,9.0,15026.0,0.604,417166403.0
0.3086325228214264,-0.5404326915740967,0.1209729015827179,1.0,11.0,15027.0,0.634,417166408.0
0.3264456689357758,-0.5720881819725037,0.1520669162273407,2.0,13.0,15029.0,0.676,417166412.0
0.3760458827018738,-0.6595460772514343,0.2034317702054977,1.0,15.0,15031.0,0.786,417166417.0
0.2595184743404388,-0.4575786292552948,0.06459075212478638,1.0,7.0,15044.0,0.53,417166454.0
0.2931505441665649,-0.5172988772392273,0.09417355060577393,2.0,9.0,15046.0,0.602,417166458.0
0.2970677018165588,-0.5244244933128357,0.1171567216515541,1.0,11.0,15047.0,0.614,417166463.0
0.3945195376873016,-0.6970270276069641,0.1849097609519958,1.0,13.0,15049.0,0.8220000000000001,417166467.0
0.3719541132450104,-0.657426655292511,0.202396497130394,1.0,15.0,15050.0,0.782,417166472.0
0.2657058835029602,-0.4723226726055145,0.0665406584739685,1.0,7.0,15064.0,0.546,417166509.0
0.2865034639835358,-0.5097090601921082,0.09260920435190201,2.0,9.0,15066.0,0.592,417166514.0
0.2961969971656799,-0.5271698832511902,0.1175383403897285,2.0,11.0,15067.0,0.616,417166518.0
0.3501091301441193,-0.6236320734024048,0.1651140749454498,1.0,13.0,15069.0,0.734,417166523.0
0.3687115907669067,-0.657036304473877,0.2018788605928421,1.0,15.0,15070.0,0.78,417166527.0
0.2573653757572174,-0.4610678255558014,0.06483449041843414,1.0,7.0,15083.0,0.532,417166565.0
0.2868257462978363,-0.5140566229820251,0.09323494136333466,2.0,9.0,15084.0,0.596,417166570.0
0.2896672189235687,-0.5195753574371338,0.115630254149437,4.0,11.0,15086.0,0.606,417166574.0
0.359419196844101,-0.6452187299728394,0.1705128997564316,1.0,13.0,15088.0,0.758,417166579.0
0.3796882629394531,-0.6818850636482239,0.2091257870197296,1.0,15.0,15089.0,0.808,417166584.0
0.2442165911197662,-0.4411229491233826,0.06190962716937065,1.0,7.0,15103.0,0.508,417166620.0
0.2763341665267944,-0.4995476007461548,0.09041912108659744,1.0,9.0,15105.0,0.578,417166625.0
0.2945018410682678,-0.5326099991798401,0.1183015778660774,4.0,11.0,15106.0,0.62,417166630.0
0.3571647703647614,-0.6464694142341614,0.1705128997564316,1.0,13.0,15108.0,0.758,417166634.0
0.3827882409095764,-0.6934196949005127,0.2122316211462021,2.0,15.0,15110.0,0.8200000000000001,417166639.0
0.2503186166286469,-0.4558931291103363,0.06385953724384308,1.0,7.0,15123.0,0.524,417166676.0
0.2536857724189758,-0.4624081254005432,0.08353600651025772,1.0,9.0,15125.0,0.534,417166680.0
0.2954728901386261,-0.5387989282608032,0.1194464340806007,4.0,11.0,15126.0,0.626,417166685.0
0.3586516976356506,-0.6545482277870178,0.1723125129938126,2.0,13.0,15128.0,0.766,417166690.0
0.3693504929542542,-0.6743530035018921,0.2060199528932571,4.0,15.0,15129.0,0.796,417166694.0
0.244928389787674,-0.4497906267642975,0.06288458406925201,1.0,7.0,15143.0,0.516,417166731.0
0.2728399634361267,-0.5014646053314209,0.09041912108659744,1.0,9.0,15145.0,0.578,417166736.0
0.3329858481884003,-0.6122639179229736,0.1354743838310242,3.0,11.0,15146.0,0.71,417166740.0
0.3610169887542725,-0.6643574833869934,0.1745620220899582,2.0,13.0,15148.0,0.776,417166745.0
0.36515012383461,-0.6722429990768433,0.2049846798181534,5.0,15.0,15149.0,0.792,417166749.0
0.2358108758926392,-0.4366694390773773,0.06093467026948929,1.0,7.0,15163.0,0.5,417166786.0
0.2692988812923431,-0.4988900125026703,0.0897933840751648,1.0,9.0,15164.0,0.5740000000000001,417166791.0
0.3681251108646393,-0.6825405359268188,0.1507391035556793,4.0,11.0,15166.0,0.79,417166796.0
0.3633181154727936,-0.6741911172866821,0.1768115311861038,3.0,13.0,15168.0,0.786,417166800.0
0.3645155131816864,-0.6769787669181824,0.2060199528932571,5.0,15.0,15170.0,0.796,417166805.0
0.2805157899856567,-0.5242577791213989,0.09417355060577393,1.0,9.0,15185.0,0.602,417166846.0
0.3638885021209717,-0.6803590059280396,0.1499758660793304,5.0,11.0,15186.0,0.786,417166851.0
0.3545331954956055,-0.6634241938591003,0.1736622154712677,6.0,13.0,15188.0,0.772,417166855.0
0.3612402677536011,-0.6765428781509399,0.2055023163557053,4.0,15.0,15190.0,0.794,417166860.0
0.2732187509536743,-0.5147163271903992,0.09229633212089539,1.0,9.0,15204.0,0.59,417166902.0
0.3605915307998657,-0.6798906922340393,0.149594247341156,8.0,11.0,15206.0,0.784,417166906.0
0.3467403948307037,-0.6543262600898743,0.1709627956151962,7.0,13.0,15208.0,0.76,417166911.0
0.3588764667510986,-0.6777997016906738,0.2055023163557053,3.0,15.0,15210.0,0.794,417166915.0
0.2686601877212524,-0.5104228258132935,0.09135773032903671,2.0,9.0,15224.0,0.584,417166957.0
0.362785130739212,-0.6898332834243774,0.1515023410320282,9.0,11.0,15226.0,0.794,417166961.0
0.351705938577652,-0.669333279132843,0.1745620220899582,5.0,13.0,15228.0,0.776,417166966.0
0.35650834441185,-0.6790482997894287,0.2055023163557053,2.0,15.0,15230.0,0.794,417166971.0
0.2333661019802094,-0.4469580054283142,0.06190962716937065,1.0,7.0,15243.0,0.508,417167007.0
0.272360622882843,-0.5218648910522461,0.09323494136333466,3.0,9.0,15244.0,0.596,417167012.0
0.3603749573230743,-0.6910954713821411,0.1515023410320282,13.0,11.0,15246.0,0.794,417167017.0
0.3475665152072906,-0.6671004295349121,0.1736622154712677,2.0,13.0,15248.0,0.772,417167021.0
0.3381926417350769,-0.6493852734565735,0.196184828877449,1.0,15.0,15249.0,0.758,417167026.0
0.2659980952739716,-0.5140404105186462,0.09167059510946274,4.0,9.0,15264.0,0.586,417167067.0
0.3543537557125092,-0.6853733658790588,0.1499758660793304,14.0,11.0,15266.0,0.786,417167072.0
0.3488133549690247,-0.6752350926399231,0.1754618287086487,2.0,13.0,15268.0,0.78,417167077.0
0.3393544256687164,-0.657487154006958,0.1982553899288177,1.0,15.0,15270.0,0.766,417167081.0
0.2705141305923462,-0.5272687077522278,0.0938606783747673,4.0,9.0,15284.0,0.6,417167123.0
0.3564370274543762,-0.6953415870666504,0.1518839597702026,17.0,11.0,15286.0,0.796,417167127.0
0.320692241191864,-0.626148521900177,0.1624146550893784,1.0,13.0,15288.0,0.722,417167132.0
0.3494970798492432,-0.6826833486557007,0.2055023163557053,1.0,15.0,15289.0,0.794,417167137.0
0.2614176571369171,-0.5141698122024536,0.09135773032903671,4.0,9.0,15305.0,0.584,417167178.0
0.354897141456604,-0.6983317136764526,0.1522655785083771,18.0,11.0,15306.0,0.798,417167183.0
0.3396794497966766,-0.6689658761024475,0.1732123047113419,1.0,13.0,15308.0,0.77,417167187.0
0.3504887223243713,-0.6908510327339172,0.207572877407074,1.0,15.0,15310.0,0.802,417167192.0
0.2342556864023209,-0.4643514156341553,0.06385953724384308,1.0,7.0,15323.0,0.524,417167229.0
0.2570429146289825,-0.5097424387931824,0.09041912108659744,4.0,9.0,15324.0,0.578,417167233.0
0.3515740036964417,-0.6978130340576172,0.1518839597702026,19.0,11.0,15326.0,0.796,417167238.0
0.3548665046691895,-0.7049604058265686,0.1822103559970856,1.0,13.0,15328.0,0.81,417167243.0
0.3551424145698547,-0.7058151960372925,0.2117139846086502,1.0,15.0,15329.0,0.8180000000000001,417167247.0
0.2551728785037994,-0.5106810927391052,0.09041912108659744,4.0,9.0,15345.0,0.578,417167289.0
0.3491360247135162,-0.6990360021591187,0.1518839597702026,19.0,11.0,15346.0,0.796,417167293.0
0.3524035811424255,-0.7061948180198669,0.1822103559970856,1.0,13.0,15348.0,0.81,417167298.0
0.3491051197052002,-0.7001965641975403,0.2096434235572815,1.0,15.0,15350.0,0.81,417167302.0
0.2482154816389084,-0.5009045600891113,0.0885419100522995,4.0,9.0,15364.0,0.5660000000000001,417167344.0
0.3414672613143921,-0.6896938681602478,0.149594247341156,19.0,11.0,15366.0,0.784,417167348.0
0.3499363660812378,-0.7074206471443176,0.1822103559970856,1.0,13.0,15368.0,0.81,417167353.0
0.3484937846660614,-0.7048138380050659,0.2106786966323853,1.0,15.0,15369.0,0.8140000000000001,417167358.0
0.2507308721542358,-0.510676920413971,0.09010624885559082,4.0,9.0,15385.0,0.5760000000000001,417167399.0
0.3425174653530121,-0.6979314684867859,0.1511207222938538,20.0,11.0,15386.0,0.792,417167404.0
0.3697712421417236,-0.7541306018829346,0.1939078122377396,1.0,13.0,15388.0,0.862,417167408.0
0.3527073562145233,-0.7199652791023254,0.2148198038339615,1.0,15.0,15390.0,0.8300000000000001,417167413.0
0.2466185688972473,-0.506091296672821,0.08916764706373215,4.0,9.0,15402.0,0.5700000000000001,417167454.0
0.3403231799602509,-0.699004054069519,0.1511207222938538,24.0,11.0,15404.0,0.792,417167459.0
0.3622856438159943,-0.7447741031646729,0.1912083923816681,1.0,13.0,15406.0,0.85,417167464.0
0.3421221673488617,-0.7036349177360535,0.2096434235572815,1.0,15.0,15407.0,0.81,417167468.0
0.2413267493247986,-0.4998761415481567,0.08791617304086685,5.0,9.0,15423.0,0.562,417167510.0
0.338734358549118,-0.7019559144973755,0.1515023410320282,29.0,11.0,15424.0,0.794,417167514.0
0.3427574038505554,-0.7109267115592957,0.1822103559970856,1.0,13.0,15426.0,0.81,417167519.0
0.3529548645019531,-0.7327314019203186,0.217925637960434,1.0,15.0,15428.0,0.842,417167524.0
0.2394929826259613,-0.5007572770118713,0.08791617304086685,5.0,9.0,15444.0,0.562,417167565.0
0.3318043649196625,-0.6943942904472351,0.149594247341156,27.0,11.0,15446.0,0.784,417167570.0
0.3400250971317291,-0.712237536907196,0.1822103559970856,1.0,13.0,15448.0,0.81,417167574.0
0.3352911174297333,-0.7026368379592896,0.2086081504821777,1.0,15.0,15449.0,0.806,417167579.0
0.2228406369686127,-0.4699361622333527,0.06385953724384308,1.0,7.0,15463.0,0.524,417167616.0
0.2385896146297455,-0.503375232219696,0.08822903782129288,4.0,9.0,15464.0,0.5640000000000001,417167620.0
0.326017439365387,-0.688450813293457,0.1480677872896194,26.0,11.0,15466.0,0.776,417167625.0
0.3493543565273285,-0.7387310862541199,0.2189609110355377,1.0,15.0,15469.0,0.846,417167634.0
0.2417801469564438,-0.5149749517440796,0.09010624885559082,4.0,9.0,15485.0,0.5760000000000001,417167676.0
0.3236123025417328,-0.6895846724510193,0.1480677872896194,24.0,11.0,15486.0,0.776,417167680.0
0.3350445032119751,-0.7145940065383911,0.1822103559970856,1.0,13.0,15488.0,0.81,417167685.0
0.3320172429084778,-0.7084590196609497,0.2096434235572815,1.0,15.0,15489.0,0.81,417167689.0
0.2366480082273483,-0.5086516737937927,0.08885477483272552,4.0,9.0,15505.0,0.5680000000000001,417167731.0
0.3269981443881989,-0.7031713128089905,0.1507391035556793,18.0,11.0,15506.0,0.79,417167736.0
0.3325480818748474,-0.7157591581344604,0.1822103559970856,1.0,13.0,15508.0,0.81,417167740.0
0.3505662381649017,-0.7552303075790405,0.223102018237114,1.0,15.0,15510.0,0.862,417167745.0
0.2290819585323334,-0.496917188167572,0.08666469156742096,4.0,9.0,15525.0,0.554,417167786.0
0.3228983879089355,-0.7007423639297485,0.1499758660793304,18.0,11.0,15526.0,0.786,417167791.0
0.3512358069419861,-0.7629398107528687,0.1939078122377396,1.0,13.0,15528.0,0.862,417167795.0
0.3286783397197723,-0.7142695784568787,0.2106786966323853,1.0,15.0,15529.0,0.8140000000000001,417167800.0
0.2257045060396194,-0.4941202104091644,0.08603895455598831,4.0,9.0,15545.0,0.55,417167842.0
0.3188195824623108,-0.6982933878898621,0.1492126286029816,19.0,11.0,15546.0,0.782,417167846.0
0.343718022108078,-0.7535232305526733,0.1912083923816681,1.0,13.0,15548.0,0.85,417167851.0
0.3261830806732178,-0.7154124975204468,0.2106786966323853,1.0,15.0,15549.0,0.8140000000000001,417167855.0
0.2314869314432144,-0.5110211372375488,0.08885477483272552,4.0,9.0,15563.0,0.5680000000000001,417167897.0
0.3100264370441437,-0.6850379109382629,0.1461596935987473,15.0,11.0,15565.0,0.766,417167901.0
0.3556689321994781,-0.7866209149360657,0.1993066370487213,1.0,13.0,15567.0,0.886,417167906.0
0.3429032862186432,-0.7587403059005737,0.223102018237114,1.0,15.0,15568.0,0.862,417167911.0
0.2279953956604004,-0.508261501789093,0.08822903782129288,4.0,9.0,15584.0,0.5640000000000001,417167952.0
0.3084365427494049,-0.687907338142395,0.1465413123369217,14.0,11.0,15585.0,0.768,417167957.0
0.3545142710208893,-0.7914145588874817,0.2002064436674118,1.0,13.0,15587.0,0.89,417167961.0
0.3574811518192291,-0.7987850904464722,0.2344900518655777,1.0,15.0,15589.0,0.906,417167966.0
0.2238132506608963,-0.503638744354248,0.08729042857885361,3.0,9.0,15604.0,0.558,417168007.0
0.304439514875412,-0.685391366481781,0.1457780748605728,11.0,11.0,15605.0,0.764,417168012.0
0.3438450694084167,-0.774834930896759,0.1957074105739594,1.0,13.0,15607.0,0.87,417168017.0
0.3375979661941528,-0.7611157298088074,0.223102018237114,1.0,15.0,15608.0,0.862,417168021.0
0.2132990509271622,-0.4845295548439026,0.08384887129068375,3.0,9.0,15624.0,0.536,417168063.0
0.3075800538063049,-0.6990288496017456,0.1484493911266327,8.0,11.0,15625.0,0.778,417168067.0
0.3176115155220032,-0.7225111126899719,0.1822103559970856,1.0,13.0,15627.0,0.81,417168072.0
0.3364933431148529,-0.7658268213272095,0.2241372913122177,1.0,15.0,15628.0,0.866,417168076.0
0.2164304703474045,-0.4960976541042328,0.08572608977556229,3.0,9.0,15643.0,0.548,417168118.0
0.2980783581733704,-0.6839005947113037,0.1450148373842239,7.0,11.0,15645.0,0.76,417168123.0
0.3306474089622498,-0.7593494653701782,0.1912083923816681,1.0,13.0,15647.0,0.85,417168127.0
0.3383080065250397,-0.7776839137077332,0.2272431254386902,1.0,15.0,15649.0,0.878,417168132.0
0.2138274759054184,-0.4950741231441498,0.08541321754455566,2.0,9.0,15664.0,0.546,417168173.0
0.2933548986911774,-0.6795294880867004,0.1438699811697006,7.0,11.0,15665.0,0.754,417168178.0
0.3650389015674591,-0.8463906645774841,0.2128036916255951,1.0,13.0,15667.0,0.9460000000000001,417168182.0
0.3371202051639557,-0.7824084162712097,0.2282783985137939,1.0,15.0,15669.0,0.882,417168187.0
0.203023225069046,-0.4739170968532562,0.08165878802537918,2.0,9.0,15681.0,0.522,417168229.0
0.2865838706493378,-0.6696183085441589,0.141580268740654,6.0,11.0,15683.0,0.742,417168233.0
0.3409265279769897,-0.797362208366394,0.2002064436674118,1.0,13.0,15685.0,0.89,417168238.0
0.3437669277191162,-0.8047823905944824,0.2344900518655777,1.0,15.0,15687.0,0.906,417168242.0
0.1975100934505463,-0.4655304849147797,0.08009444922208786,2.0,9.0,15701.0,0.512,417168284.0
0.2850108742713928,-0.6724222302436829,0.1419618874788284,6.0,11.0,15703.0,0.744,417168288.0
0.3457398116588593,-0.8164922595024109,0.2047054618597031,1.0,13.0,15705.0,0.91,417168293.0
0.3439662754535675,-0.8130942583084106,0.2365606129169464,1.0,15.0,15707.0,0.914,417168298.0
0.1941920518875122,-0.4626425802707672,0.07946870476007462,2.0,9.0,15723.0,0.508,417168339.0
0.2793900072574615,-0.6662695407867432,0.1404354274272919,5.0,11.0,15725.0,0.736,417168344.0
0.3350724577903748,-0.7998398542404175,0.2002064436674118,1.0,13.0,15727.0,0.89,417168348.0
0.3350147306919098,-0.800093948841095,0.2324195057153702,1.0,15.0,15728.0,0.898,417168353.0
0.1971249878406525,-0.474262148141861,0.08134592324495316,2.0,9.0,15743.0,0.52,417168394.0
0.2755568325519562,-0.6636144518852234,0.139672189950943,5.0,11.0,15745.0,0.732,417168399.0
0.3397453725337982,-0.8190047144889832,0.2047054618597031,1.0,13.0,15747.0,0.91,417168404.0
0.3232048153877258,-0.7799004316329956,0.2262078523635864,1.0,15.0,15749.0,0.874,417168408.0
0.1940469592809677,-0.4712600409984589,0.08072018623352051,2.0,9.0,15762.0,0.516,417168450.0
0.264392226934433,-0.6427368521690369,0.1350927650928497,4.0,11.0,15764.0,0.708,417168454.0
0.3370276093482971,-0.8201268911361694,0.2047054618597031,1.0,13.0,15766.0,0.91,417168459.0
0.3413047790527344,-0.8309475183486938,0.2407017052173615,1.0,15.0,15767.0,0.93,417168464.0
0.2606659829616547,-0.640019416809082,0.1343295276165009,4.0,11.0,15784.0,0.704,417168510.0
0.3165366053581238,-0.7779771089553833,0.1939078122377396,1.0,13.0,15786.0,0.862,417168514.0
4.695588111877441,-11.55226898193359,3.341353893280029,1.0,15.0,15788.0,12.91,417168519.0
0.1848374456167221,-0.4579488933086395,0.07821723073720932,2.0,9.0,15802.0,0.5,417168560.0
0.2621012032032013,-0.6500294208526611,0.136237621307373,5.0,11.0,15804.0,0.714,417168565.0
0.3312938511371613,-0.8224597573280334,0.2047054618597031,1.0,13.0,15806.0,0.91,417168570.0
4.61468505859375,-11.46204471588135,3.310813188552856,2.0,15.0,15807.0,12.792,417168574.0
0.2547358572483063,-0.6381768584251404,0.133566290140152,5.0,11.0,15824.0,0.7000000000000001,417168620.0
0.6092027425765991,-1.527753472328186,0.3797173798084259,2.0,13.0,15826.0,1.688,417168625.0
4.54547643661499,-11.41068267822266,3.29114294052124,5.0,15.0,15828.0,12.716,417168629.0
0.1913750320672989,-0.48360475897789,0.06385953724384308,1.0,7.0,15841.0,0.524,417168666.0
0.1859951317310333,-0.4702495932579041,0.08009444922208786,2.0,9.0,15842.0,0.512,417168671.0
0.2438492923974991,-0.6171514391899109,0.1289868801832199,6.0,11.0,15844.0,0.676,417168675.0
0.6117364764213562,-1.549809813499451,0.3846662938594818,3.0,13.0,15846.0,1.71,417168680.0
4.513284206390381,-11.4400691986084,3.295284032821655,4.0,15.0,15847.0,12.732,417168685.0
0.1896857768297195,-0.4842698276042938,0.06385953724384308,1.0,7.0,15861.0,0.524,417168722.0
0.1806713044643402,-0.4617303311824799,0.07853010296821594,2.0,9.0,15863.0,0.502,417168726.0
0.2366880476474762,-0.6052001118659973,0.1263155490159988,9.0,11.0,15864.0,0.662,417168731.0
0.5871759057044983,-1.502927184104919,0.3725189566612244,2.0,13.0,15866.0,1.656,417168735.0
4.542263984680176,-11.63829898834229,3.347565412521362,4.0,15.0,15868.0,12.934,417168740.0
0.187994197010994,-0.4849289953708649,0.06385953724384308,1.0,7.0,15881.0,0.524,417168777.0
0.1812802702188492,-0.4678527414798737,0.07946870476007462,3.0,9.0,15882.0,0.508,417168781.0
0.228195920586586,-0.5895446538925171,0.1228809952735901,9.0,11.0,15884.0,0.644,417168786.0
0.5692755579948425,-1.472250938415527,0.3644207119941711,2.0,13.0,15886.0,1.62,417168791.0
4.512001514434814,-11.6749210357666,3.353777170181274,5.0,15.0,15887.0,12.958,417168795.0
0.2247320562601089,-0.5866709351539612,0.1221177577972412,9.0,11.0,15904.0,0.64,417168841.0
0.5731869339942932,-1.497889637947083,0.3702694475650787,2.0,13.0,15906.0,1.646,417168846.0
4.478147983551025,-11.71483898162842,3.360506534576416,5.0,15.0,15908.0,12.984,417168851.0
0.2165195196866989,-0.5708919167518616,0.1186831966042519,9.0,11.0,15923.0,0.622,417168897.0
0.5785729289054871,-1.527117133140564,0.3770179748535156,2.0,13.0,15925.0,1.676,417168901.0
4.523417472839355,-11.94564914703369,3.422623157501221,19.0,15.0,15926.0,13.224,417168906.0
0.2090070694684982,-0.5569396018981934,0.115630254149437,7.0,11.0,15943.0,0.606,417168952.0
0.5705025792121887,-1.521828532218933,0.3752183616161346,2.0,13.0,15945.0,1.668,417168957.0
4.41594409942627,-11.785888671875,3.372412204742432,2.0,15.0,15946.0,13.03,417168961.0
0.1947610229253769,-0.5245370864868164,0.1087611243128777,6.0,11.0,15963.0,0.5700000000000001,417169007.0
0.2744612693786621,-0.7399799823760986,0.1822103559970856,1.0,13.0,15965.0,0.81,417169012.0
0.1710431575775146,-0.4653829336166382,0.07853010296821594,2.0,9.0,15982.0,0.502,417169058.0
0.1929288655519485,-0.5252137184143066,0.1087611243128777,7.0,11.0,15983.0,0.5700000000000001,417169063.0
0.2718765735626221,-0.7409335374832153,0.1822103559970856,1.0,13.0,15985.0,0.81,417169067.0
4.375373840332031,-11.93690013885498,3.406576156616211,8.0,15.0,15987.0,13.162,417169072.0
0.1694176197052002,-0.4659771323204041,0.07853010296821594,2.0,9.0,16002.0,0.502,417169113.0
0.1910943537950516,-0.5258839726448059,0.1087611243128777,9.0,11.0,16003.0,0.5700000000000001,417169118.0
0.2360430806875229,-0.6502881646156311,0.1597152501344681,1.0,13.0,16005.0,0.71,417169122.0
4.329176902770996,-11.93318367004395,3.401399850845337,8.0,15.0,16006.0,13.142,417169127.0
0.1691270023584366,-0.4702833294868469,0.07915583997964859,2.0,9.0,16022.0,0.506,417169169.0
0.1905856281518936,-0.530242919921875,0.1095243617892265,7.0,11.0,16023.0,0.5740000000000001,417169173.0
0.240356832742691,-0.6694492101669312,0.1642142683267593,1.0,13.0,16025.0,0.73,417169178.0
0.1662419140338898,-0.4671195149421692,0.07853010296821594,1.0,9.0,16041.0,0.502,417169224.0
0.1861031353473663,-0.5235055685043335,0.1079978942871094,7.0,11.0,16043.0,0.5660000000000001,417169228.0
0.2236722260713577,-0.6298834681510925,0.1543164253234863,2.0,13.0,16045.0,0.686,417169233.0
0.1645287275314331,-0.4677256941795349,0.07853010296821594,1.0,9.0,16062.0,0.502,417169279.0
0.1803677529096603,-0.513039231300354,0.1057081818580627,9.0,11.0,16063.0,0.554,417169284.0
0.2259920090436935,-0.6435310244560242,0.1574657410383224,2.0,13.0,16065.0,0.7000000000000001,417169288.0
0.5518534183502197,-1.573204874992371,0.4467216730117798,1.0,15.0,16067.0,1.726,417169293.0
0.1850225925445557,-0.532209575176239,0.1095243617892265,9.0,11.0,16083.0,0.5740000000000001,417169339.0
0.2141552418470383,-0.6167023777961731,0.1507172137498856,3.0,13.0,16085.0,0.67,417169344.0
0.5783039927482605,-1.666279196739197,0.4726035892963409,1.0,15.0,16086.0,1.826,417169348.0
0.1863547116518021,-0.5421353578567505,0.1114324554800987,9.0,11.0,16103.0,0.584,417169394.0
0.1999772936105728,-0.5824268460273743,0.1421690732240677,5.0,13.0,16105.0,0.632,417169399.0
0.5724840760231018,-1.668287754058838,0.4726035892963409,1.0,15.0,16106.0,1.826,417169403.0
0.1896122246980667,-0.5576202273368835,0.1144853979349136,7.0,11.0,16122.0,0.6,417169450.0
0.1967913508415222,-0.5793963670730591,0.1412692666053772,5.0,13.0,16124.0,0.628,417169454.0
0.5585886836051941,-1.646493196487427,0.4658742845058441,1.0,15.0,16126.0,1.8,417169459.0
0.1882901638746262,-0.5601395964622498,0.1148670166730881,6.0,11.0,16142.0,0.602,417169505.0
0.1997299194335938,-0.5948588848114014,0.144868478178978,5.0,13.0,16144.0,0.644,417169509.0
0.5466952919960022,-1.630117058753967,0.4606978893280029,2.0,15.0,16146.0,1.78,417169514.0
0.1899482309818268,-0.5720052123069763,0.1171567216515541,5.0,11.0,16163.0,0.614,417169560.0
0.2036833465099335,-0.6140834093093872,0.1493674963712692,5.0,13.0,16165.0,0.664,417169565.0
0.5480074882507324,-1.654115796089172,0.4669095575809479,2.0,15.0,16167.0,1.804,417169569.0
0.1547795534133911,-0.471041738986969,0.07853010296821594,1.0,9.0,16181.0,0.502,417169611.0
0.1971336454153061,-0.600645124912262,0.1228809952735901,4.0,11.0,16183.0,0.644,417169615.0
0.200931504368782,-0.6129388809204102,0.1489176005125046,4.0,13.0,16185.0,0.662,417169620.0
0.5410279631614685,-1.652346849441528,0.4658742845058441,2.0,15.0,16187.0,1.8,417169625.0
0.153134360909462,-0.4715791344642639,0.07853010296821594,1.0,9.0,16201.0,0.502,417169666.0
0.2010928094387054,-0.620004415512085,0.1266971677541733,4.0,11.0,16203.0,0.664,417169671.0
0.1975895762443542,-0.6099287867546082,0.1480177938938141,4.0,13.0,16205.0,0.658,417169675.0
0.5403059720993042,-1.668835163116455,0.4700153768062592,2.0,15.0,16206.0,1.816,417169680.0
0.2103117555379868,-0.6562247276306152,0.1339479088783264,4.0,11.0,16223.0,0.7020000000000001,417169726.0
0.1978357285261154,-0.6180386543273926,0.1498174071311951,5.0,13.0,16225.0,0.666,417169731.0
0.5306559205055237,-1.659763813018799,0.4669095575809479,2.0,15.0,16227.0,1.804,417169735.0
0.1535046696662903,-0.4839080274105072,0.08040731400251389,1.0,9.0,16240.0,0.514,417169777.0
0.2075415104627609,-0.6550469994544983,0.133566290140152,4.0,11.0,16242.0,0.7000000000000001,417169781.0
0.1951972097158432,-0.6168333888053894,0.1493674963712692,5.0,13.0,16244.0,0.664,417169786.0
0.5225263833999634,-1.652212977409363,0.4643213748931885,2.0,15.0,16245.0,1.794,417169791.0
0.2040808349847794,-0.6520202159881592,0.1328030675649643,4.0,11.0,16262.0,0.6960000000000001,417169837.0
0.1918799579143524,-0.6137910485267639,0.1484676897525787,5.0,13.0,16264.0,0.66,417169841.0
0.5268310904502869,-1.687310099601746,0.4736388623714447,1.0,15.0,16266.0,1.83,417169846.0
0.1502739936113358,-0.4854568243026733,0.06239710375666618,1.0,7.0,16280.0,0.512,417169883.0
0.1465351581573486,-0.4736712574958801,0.07853010296821594,1.0,9.0,16281.0,0.502,417169887.0
0.2051670849323273,-0.6640183925628662,0.1350927650928497,4.0,11.0,16283.0,0.708,417169892.0
0.1861812174320221,-0.6033176183700562,0.1457682847976685,5.0,13.0,16285.0,0.648,417169897.0
0.508412778377533,-1.648525595664978,0.462250828742981,1.0,15.0,16286.0,1.786,417169901.0
0.1447980850934982,-0.4742051661014557,0.07853010296821594,1.0,9.0,16302.0,0.502,417169943.0
0.2028479874134064,-0.6647304892539978,0.1350927650928497,4.0,11.0,16303.0,0.708,417169947.0
0.1852103769779205,-0.6076920032501221,0.1466680914163589,5.0,13.0,16305.0,0.652,417169952.0
0.5136184096336365,-1.687340497970581,0.4726035892963409,1.0,15.0,16307.0,1.826,417169956.0
0.1523546278476715,-0.5049414038658142,0.08353600651025772,2.0,9.0,16321.0,0.534,417169998.0
0.2033586949110031,-0.6748332977294922,0.1370008587837219,3.0,11.0,16323.0,0.718,417170002.0
0.1763485670089722,-0.5859421491622925,0.1412692666053772,5.0,13.0,16325.0,0.628,417170007.0
0.1505029052495956,-0.5054963827133179,0.08353600651025772,2.0,9.0,16342.0,0.534,417170053.0
0.1976424902677536,-0.6642487049102783,0.1347111463546753,3.0,11.0,16343.0,0.706,417170058.0
0.1615348160266876,-0.5435899496078491,0.1309215128421783,4.0,13.0,16345.0,0.582,417170062.0
0.1511450260877609,-0.5135467648506165,0.08478748053312302,2.0,9.0,16360.0,0.542,417170108.0
0.1932240724563599,-0.657366156578064,0.1331846714019775,3.0,11.0,16362.0,0.6980000000000001,417170113.0
0.1498510241508484,-0.5104655623435974,0.1228232756257057,4.0,13.0,16364.0,0.546,417170118.0
0.2528783082962036,-0.8619832992553711,0.2407017052173615,1.0,15.0,16365.0,0.93,417170122.0
0.5050725936889648,-1.735079765319824,0.1581005156040192,1.0,5.0,16377.0,1.814,417170155.0
0.140449270606041,-0.4837446808815002,0.07978157699108124,2.0,9.0,16381.0,0.51,417170164.0
0.1892870366573334,-0.6523801684379578,0.1320398300886154,3.0,11.0,16382.0,0.6920000000000001,417170168.0
0.1431868821382523,-0.4941398799419403,0.1187741532921791,4.0,13.0,16384.0,0.528,417170173.0
0.2099773287773132,-0.7255819439888,0.202396497130394,1.0,15.0,16386.0,0.782,417170178.0
0.504514753818512,-1.7559814453125,0.1598436385393143,1.0,5.0,16397.0,1.834,417170210.0
0.1497340947389603,-0.5221848487854004,0.08603895455598831,2.0,9.0,16400.0,0.55,417170219.0
0.1880896389484406,-0.6568117141723633,0.1328030675649643,4.0,11.0,16402.0,0.6960000000000001,417170224.0
0.1937674432992935,-0.6779798269271851,0.1889379024505615,1.0,15.0,16405.0,0.73,417170233.0
0.4972951710224152,-1.753898143768311,0.159495010972023,1.0,5.0,16417.0,1.83,417170265.0
0.1384537070989609,-0.4889592826366425,0.06239710375666618,1.0,7.0,16419.0,0.512,417170270.0
0.1387668550014496,-0.4903917014598846,0.08072018623352051,2.0,9.0,16420.0,0.516,417170274.0
0.1900669485330582,-0.6725783944129944,0.1358560025691986,4.0,11.0,16422.0,0.712,417170279.0
0.1365579068660736,-0.4838745594024658,0.1160747408866882,5.0,13.0,16424.0,0.516,417170284.0
0.4868755340576172,-1.740273714065552,0.1581005156040192,1.0,5.0,16437.0,1.814,417170320.0
0.1378144025802612,-0.4932633340358734,0.06288458406925201,1.0,7.0,16439.0,0.516,417170325.0
0.1374994367361069,-0.492799699306488,0.08103305101394653,2.0,9.0,16441.0,0.518,417170330.0
0.1834996789693832,-0.6581088304519653,0.1328030675649643,4.0,11.0,16442.0,0.6960000000000001,417170334.0
0.1359135359525681,-0.488102912902832,0.1169745475053787,5.0,13.0,16444.0,0.52,417170339.0
0.1890295743942261,-0.6793160438537598,0.1889379024505615,1.0,15.0,16445.0,0.73,417170343.0
0.4733765125274658,-1.71507453918457,0.1556601524353027,1.0,5.0,16457.0,1.786,417170376.0
0.1318718492984772,-0.4784315824508667,0.06093467026948929,1.0,7.0,16459.0,0.5,417170380.0
0.1321087181568146,-0.4799448549747467,0.07884296774864197,2.0,9.0,16461.0,0.504,417170385.0
0.1785978674888611,-0.6492806077003479,0.1308949738740921,4.0,11.0,16462.0,0.686,417170390.0
0.1316279619932175,-0.4791787266731262,0.1147250384092331,5.0,13.0,16464.0,0.51,417170394.0
0.1865384876728058,-0.6800042986869812,0.1889379024505615,1.0,15.0,16466.0,0.73,417170399.0
0.4799482524394989,-1.76285445690155,0.1598436385393143,1.0,5.0,16477.0,1.834,417170431.0
0.1322842240333557,-0.4865512251853943,0.06190962716937065,1.0,7.0,16479.0,0.508,417170436.0
0.1330205500125885,-0.489934891462326,0.08040731400251389,2.0,9.0,16481.0,0.514,417170440.0
0.176844447851181,-0.6517948508262634,0.1312765926122665,4.0,11.0,16482.0,0.6880000000000001,417170445.0
0.1701457500457764,-0.6284072995185852,0.1744440346956253,1.0,15.0,16485.0,0.674,417170454.0
0.4727584719657898,-1.76067054271698,0.159495010972023,1.0,5.0,16497.0,1.83,417170486.0
0.1316132694482803,-0.4908447265625,0.06239710375666618,1.0,7.0,16499.0,0.512,417170491.0
0.1318204700946808,-0.4923043847084045,0.08072018623352051,2.0,9.0,16501.0,0.516,417170496.0
0.1750756502151489,-0.6543046832084656,0.131658211350441,3.0,11.0,16502.0,0.6900000000000001,417170500.0
0.163964182138443,-0.6140657067298889,0.1703029274940491,1.0,15.0,16505.0,0.658,417170509.0
0.4625300467014313,-1.746901869773865,0.1581005156040192,1.0,5.0,16517.0,1.814,417170542.0
0.1311964094638824,-0.4965584874153137,0.08134592324495316,2.0,9.0,16520.0,0.52,417170551.0
0.1707872599363327,-0.6473186612129211,0.1301317363977432,3.0,11.0,16522.0,0.682,417170555.0
0.1251134425401688,-0.4748775064945221,0.1133753284811974,6.0,13.0,16524.0,0.504,417170560.0
0.1598522812128067,-0.6071615219116211,0.1682323813438416,1.0,15.0,16525.0,0.65,417170565.0
0.4544671177864075,-1.737265944480896,0.03134452179074287,1.0,1.0,16534.0,1.796,417170588.0
0.465487539768219,-1.783205986022949,0.1612381190061569,1.0,5.0,16537.0,1.85,417170597.0
0.1311876475811005,-0.5032770037651062,0.06385953724384308,1.0,7.0,16539.0,0.524,417170601.0
0.1253947615623474,-0.4817425906658173,0.07884296774864197,2.0,9.0,16541.0,0.504,417170606.0
0.169515073299408,-0.6517109274864197,0.1308949738740921,3.0,11.0,16542.0,0.686,417170611.0
0.1224752515554428,-0.4715390503406525,0.1124755293130875,7.0,13.0,16544.0,0.5,417170615.0
0.1954560577869415,-0.7536017298698425,0.2086081504821777,1.0,15.0,16546.0,0.806,417170620.0
0.4582671523094177,-1.780960917472839,0.1608895063400269,1.0,5.0,16557.0,1.846,417170652.0
0.1256760954856873,-0.4898310005664825,0.08009444922208786,2.0,9.0,16561.0,0.512,417170661.0
0.1652888357639313,-0.6446917057037354,0.1293684989213943,3.0,11.0,16562.0,0.678,417170666.0
0.1242117285728455,-0.485178679227829,0.1156248450279236,8.0,13.0,16564.0,0.514,417170671.0
0.1508216559886932,-0.5895469188690186,0.1630560010671616,1.0,15.0,16565.0,0.63,417170675.0
0.4530271589756012,-1.786412239074707,0.1612381190061569,1.0,5.0,16577.0,1.85,417170707.0
0.1237725913524628,-0.4887857735157013,0.06190962716937065,1.0,7.0,16579.0,0.508,417170712.0
0.159670889377594,-0.6319406628608704,0.1266971677541733,3.0,11.0,16582.0,0.664,417170721.0
0.1196570545434952,-0.4742721021175385,0.1129254326224327,8.0,13.0,16584.0,0.502,417170726.0
0.1534854620695114,-0.6088021397590637,0.1682323813438416,1.0,15.0,16585.0,0.65,417170730.0
0.4384003877639771,-1.753113031387329,0.1581005156040192,1.0,5.0,16596.0,1.814,417170763.0
0.1575744152069092,-0.6324666738510132,0.1266971677541733,2.0,11.0,16601.0,0.664,417170777.0
0.1209063678979874,-0.4860129058361053,0.1156248450279236,8.0,13.0,16603.0,0.514,417170781.0
0.4465762674808502,-1.812669038772583,0.1633298546075821,1.0,5.0,16616.0,1.874,417170818.0
0.158641517162323,-0.6463595628738403,0.1293684989213943,2.0,11.0,16621.0,0.678,417170832.0
0.1219922229647636,-0.4977883696556091,0.1183242574334145,8.0,13.0,16623.0,0.526,417170836.0
0.1529048979282379,-0.624870777130127,0.1723734885454178,1.0,15.0,16625.0,0.666,417170841.0
0.4299095273017883,-1.771620512008667,0.159495010972023,1.0,5.0,16636.0,1.83,417170873.0
0.1554617136716843,-0.6430928111076355,0.1286052614450455,2.0,11.0,16641.0,0.674,417170887.0
0.1207111105322838,-0.5001055002212524,0.1187741532921791,6.0,13.0,16643.0,0.528,417170892.0
0.1525332480669022,-0.6329129934310913,0.1744440346956253,1.0,15.0,16645.0,0.674,417170896.0
0.4126087725162506,-1.726602554321289,0.1553115397691727,1.0,5.0,16656.0,1.782,417170929.0
0.1207073330879211,-0.5058929920196533,0.06385953724384308,1.0,7.0,16658.0,0.524,417170933.0
0.1504880785942078,-0.6321722269058228,0.1263155490159988,2.0,11.0,16661.0,0.662,417170942.0
0.1203165575861931,-0.5062115788459778,0.1201238632202148,5.0,13.0,16663.0,0.534,417170947.0
0.1271277964115143,-0.5356998443603516,0.1475268602371216,1.0,15.0,16665.0,0.5700000000000001,417170952.0
0.4175309240818024,-1.77457857131958,0.159495010972023,1.0,5.0,16676.0,1.83,417170984.0
0.1482804715633392,-0.6326936483383179,0.1263155490159988,2.0,11.0,16681.0,0.662,417170998.0
0.1198808252811432,-0.5123209357261658,0.12147356569767,5.0,13.0,16683.0,0.54,417171002.0
0.1491013020277023,-0.6376988291740417,0.1754793077707291,1.0,15.0,16684.0,0.678,417171007.0
0.4104348421096802,-1.772143244743347,0.1591463834047318,1.0,5.0,16696.0,1.826,417171039.0
0.1482775658369064,-0.6427724957466125,0.128223642706871,2.0,11.0,16701.0,0.672,417171053.0
0.1207160204648972,-0.5241304636001587,0.1241729855537415,5.0,13.0,16703.0,0.552,417171058.0
0.1424337178468704,-0.6194138526916504,0.1703029274940491,1.0,15.0,16705.0,0.658,417171062.0
0.4098732173442841,-1.796804428100586,0.1612381190061569,1.0,5.0,16715.0,1.85,417171094.0
0.11549162119627,-0.5071091055870056,0.06385953724384308,1.0,7.0,16717.0,0.524,417171099.0
0.1457102745771408,-0.6413462162017822,0.1278420239686966,3.0,11.0,16720.0,0.67,417171108.0
0.1215637400746346,-0.5359306335449219,0.1268723905086517,5.0,13.0,16722.0,0.5640000000000001,417171113.0
0.1439031809568405,-0.6349308490753174,0.1744440346956253,1.0,15.0,16723.0,0.674,417171118.0
0.3957448899745941,-1.763231754302979,0.1581005156040192,1.0,5.0,16735.0,1.814,417171150.0
0.1137207746505737,-0.507509171962738,0.06385953724384308,1.0,7.0,16737.0,0.524,417171154.0
0.144755482673645,-0.6475988030433655,0.1289868801832199,3.0,11.0,16740.0,0.676,417171164.0
0.1239366605877876,-0.5553712844848633,0.131371408700943,5.0,13.0,16742.0,0.584,417171168.0
0.1323327869176865,-0.5939703583717346,0.1630560010671616,1.0,15.0,16744.0,0.63,417171173.0
0.3967736065387726,-1.795661807060242,0.1608895063400269,1.0,5.0,16754.0,1.846,417171205.0
0.1077609658241272,-0.4884985983371735,0.06142215058207512,1.0,7.0,16756.0,0.504,417171210.0
0.1375441998243332,-0.6250666975975037,0.1244074627757072,2.0,11.0,16759.0,0.652,417171219.0
0.1233486905694008,-0.5614892840385437,0.1327211260795593,5.0,13.0,16761.0,0.59,417171224.0
0.1304661184549332,-0.594383180141449,0.1630560010671616,1.0,15.0,16762.0,0.63,417171228.0
0.3837338984012604,-1.765884637832642,0.1581005156040192,1.0,5.0,16774.0,1.814,417171260.0
0.1403440982103348,-0.6485691070556641,0.1289868801832199,3.0,11.0,16779.0,0.676,417171274.0
0.1238568872213364,-0.5733452439308167,0.1354205310344696,8.0,13.0,16781.0,0.602,417171279.0
0.1282867193222046,-0.5948573350906372,0.1630560010671616,1.0,15.0,16783.0,0.63,417171283.0
0.1083112359046936,-0.5086910724639893,0.06385953724384308,1.0,7.0,16798.0,0.524,417171320.0
0.1354056596755981,-0.6375806927680969,0.1266971677541733,2.0,11.0,16801.0,0.664,417171329.0
0.1216544881463051,-0.5738165974617004,0.1354205310344696,8.0,13.0,16803.0,0.602,417171334.0
0.1349129676818848,-0.6369016766548157,0.1744440346956253,1.0,15.0,16804.0,0.674,417171339.0
0.1032819375395775,-0.4935220777988434,0.06190962716937065,1.0,7.0,16818.0,0.508,417171376.0
0.1311735510826111,-0.628440260887146,0.1247890815138817,2.0,11.0,16821.0,0.654,417171385.0
0.1264084428548813,-0.6066697835922241,0.143068864941597,9.0,13.0,16823.0,0.636,417171389.0
0.1435930579900742,-0.6903502941131592,0.1889379024505615,1.0,15.0,16825.0,0.73,417171394.0
0.1049351096153259,-0.5093982815742493,0.06385953724384308,1.0,7.0,16836.0,0.524,417171431.0
0.1264328807592392,-0.6153876781463623,0.1221177577972412,2.0,11.0,16839.0,0.64,417171440.0
0.1264594793319702,-0.6166089177131653,0.1453183740377426,11.0,13.0,16841.0,0.646,417171445.0
0.117501012980938,-0.573436439037323,0.1568443477153778,1.0,15.0,16842.0,0.606,417171449.0
0.09843162447214127,-0.4864135980606079,0.06093467026948929,1.0,7.0,16856.0,0.5,417171486.0
0.1200117468833923,-0.594656229019165,0.117919959127903,2.0,11.0,16859.0,0.618,417171495.0
0.1235366463661194,-0.6132258772850037,0.1444185823202133,11.0,13.0,16861.0,0.642,417171500.0
0.1230155378580093,-0.6117420196533203,0.1671971082687378,1.0,15.0,16863.0,0.646,417171505.0
0.09742134809494019,-0.4906652569770813,0.06142215058207512,1.0,7.0,16877.0,0.504,417171541.0
0.1163060888648033,-0.5873886942863464,0.1163934841752052,2.0,11.0,16880.0,0.61,417171551.0
0.1227996125817299,-0.6213215589523315,0.1462181806564331,11.0,13.0,16882.0,0.65,417171555.0
0.1291126757860184,-0.6538633108139038,0.1785851418972015,3.0,15.0,16883.0,0.6900000000000001,417171560.0
0.1206233203411102,-0.620553195476532,0.1228809952735901,2.0,11.0,16900.0,0.644,417171606.0
0.1206300482153893,-0.6217464208602905,0.1462181806564331,11.0,13.0,16902.0,0.65,417171611.0
0.1246237531304359,-0.6429307460784912,0.1754793077707291,4.0,15.0,16903.0,0.678,417171615.0
0.1029452756047249,-0.538127064704895,0.0672718808054924,1.0,7.0,16917.0,0.552,417171652.0
0.1099952757358551,-0.5766154527664185,0.1141037791967392,2.0,11.0,16920.0,0.598,417171661.0
0.118459016084671,-0.622163712978363,0.1462181806564331,11.0,13.0,16922.0,0.65,417171666.0
0.119851753115654,-0.630077064037323,0.1718558520078659,3.0,15.0,16923.0,0.664,417171670.0
0.09593968838453293,-0.5111687779426575,0.06385953724384308,1.0,7.0,16937.0,0.524,417171707.0
0.1087041273713112,-0.5808553695678711,0.1148670166730881,2.0,11.0,16940.0,0.602,417171717.0
0.1177177578210831,-0.6302358508110046,0.1480177938938141,9.0,13.0,16942.0,0.658,417171721.0
0.1093986555933952,-0.5868320465087891,0.1599501669406891,1.0,15.0,16944.0,0.618,417171726.0
0.09640232473611832,-0.5231975317001343,0.06532196700572968,1.0,7.0,16956.0,0.536,417171763.0
0.1060678660869598,-0.5773507952690125,0.1141037791967392,2.0,11.0,16959.0,0.598,417171772.0
0.1128155663609505,-0.615288496017456,0.1444185823202133,8.0,13.0,16961.0,0.642,417171776.0
0.1145159900188446,-0.6251775622367859,0.1703029274940491,1.0,15.0,16962.0,0.658,417171781.0
0.1075318828225136,-0.5970391631126404,0.117919959127903,2.0,11.0,16979.0,0.618,417171827.0
0.1096328496932983,-0.6099245548248291,0.143068864941597,5.0,13.0,16981.0,0.636,417171832.0
0.1089186370372772,-0.6065590977668762,0.1651265472173691,1.0,15.0,16982.0,0.638,417171836.0
0.3153520524501801,-1.779368758201599,0.1581005156040192,1.0,5.0,16995.0,1.814,417171869.0
0.09852459281682968,-0.5587607026100159,0.1102875992655754,2.0,11.0,17000.0,0.578,417171882.0
0.1040193736553192,-0.591129720211029,0.1385698467493057,4.0,13.0,17002.0,0.616,417171887.0
0.1130496188998222,-0.643105149269104,0.1749616712331772,2.0,15.0,17003.0,0.676,417171892.0
0.3091389536857605,-1.780458688735962,0.1581005156040192,1.0,5.0,17015.0,1.814,417171924.0
0.0887933075428009,-0.5124585032463074,0.06385953724384308,1.0,7.0,17017.0,0.524,417171928.0
0.09791021049022675,-0.5668396353721619,0.1118140742182732,2.0,11.0,17020.0,0.586,417171938.0
0.1069206744432449,-0.620295524597168,0.1453183740377426,4.0,13.0,17022.0,0.646,417171942.0
0.1152766272425652,-0.6701696515083313,0.1822086125612259,3.0,15.0,17024.0,0.704,417171947.0
0.3035439848899841,-1.781421184539795,0.1581005156040192,1.0,5.0,17033.0,1.814,417171979.0
0.09184156358242035,-0.5401329398155212,0.0672718808054924,1.0,7.0,17035.0,0.552,417171984.0
0.09186384081840515,-0.541981041431427,0.1068530380725861,2.0,11.0,17038.0,0.56,417171993.0
0.1033464893698692,-0.611021101474762,0.143068864941597,5.0,13.0,17040.0,0.636,417171998.0
0.1120003312826157,-0.662889301776886,0.1801380515098572,5.0,15.0,17041.0,0.6960000000000001,417172002.0
0.2888007462024689,-1.73137366771698,0.1535684168338776,1.0,5.0,17053.0,1.762,417172034.0
0.0827852189540863,-0.4973708987236023,0.06190962716937065,1.0,7.0,17055.0,0.508,417172039.0
0.0890074372291565,-0.5364880561828613,0.1057081818580627,2.0,11.0,17058.0,0.554,417172048.0
0.1005764380097389,-0.6075329780578613,0.1421690732240677,5.0,13.0,17060.0,0.632,417172053.0
0.1074794083833694,-0.6499344110488892,0.176514595746994,3.0,15.0,17061.0,0.682,417172057.0
0.2907887399196625,-1.783547639846802,0.1581005156040192,1.0,5.0,17074.0,1.814,417172090.0
0.08351168036460876,-0.5133456587791443,0.06385953724384308,1.0,7.0,17076.0,0.524,417172094.0
0.09049699455499649,-0.5581281185150146,0.109905980527401,2.0,11.0,17079.0,0.5760000000000001,417172104.0
0.09741534292697906,-0.6021263599395752,0.1408193558454514,6.0,13.0,17081.0,0.626,417172108.0
0.103751577436924,-0.6427136659622192,0.1744440346956253,2.0,15.0,17083.0,0.674,417172113.0
0.2782864272594452,-1.745201110839844,0.1546142846345901,1.0,5.0,17094.0,1.774,417172145.0
0.07984782755374908,-0.5018714070320129,0.06239710375666618,1.0,7.0,17096.0,0.512,417172150.0
0.08731837570667267,-0.5506844520568848,0.1083795130252838,2.0,11.0,17099.0,0.5680000000000001,417172159.0
0.09439940005540848,-0.5966883301734924,0.1394696533679962,8.0,13.0,17101.0,0.62,417172163.0
0.09909778833389282,-0.6278061270713806,0.1703029274940491,1.0,15.0,17103.0,0.658,417172168.0
0.271268755197525,-1.738240122795105,0.1539170444011688,1.0,5.0,17113.0,1.766,417172200.0
0.08123715221881866,-0.5217480659484863,0.06483449041843414,1.0,7.0,17115.0,0.532,417172205.0
0.07589185237884521,-0.4879779517650604,0.07821723073720932,2.0,9.0,17116.0,0.5,417172210.0
0.08519073575735092,-0.5490309596061707,0.1079978942871094,2.0,11.0,17118.0,0.5660000000000001,417172214.0
0.09242019057273865,-0.5969980955123901,0.1394696533679962,8.0,13.0,17120.0,0.62,417172219.0
0.09937439858913422,-0.643405020236969,0.1744440346956253,1.0,15.0,17122.0,0.674,417172223.0
0.2627967894077301,-1.723419427871704,0.152522549033165,1.0,5.0,17133.0,1.75,417172256.0
0.07583276182413101,-0.4984782636165619,0.06190962716937065,1.0,7.0,17135.0,0.508,417172260.0
0.08356799185276031,-0.551266074180603,0.1083795130252838,2.0,11.0,17138.0,0.5680000000000001,417172269.0
0.08946149796247482,-0.5915365815162659,0.1381199508905411,11.0,13.0,17140.0,0.614,417172274.0
0.09770431369543076,-0.6475684642791748,0.1754793077707291,1.0,15.0,17142.0,0.678,417172279.0
0.2564783990383148,-1.724371075630188,0.152522549033165,1.0,5.0,17154.0,1.75,417172311.0
0.07633611559867859,-0.5144616365432739,0.06385953724384308,1.0,7.0,17156.0,0.524,417172315.0
0.07924984395503998,-0.5360314846038818,0.1053265631198883,2.0,11.0,17159.0,0.552,417172325.0
0.08899885416030884,-0.6034278273582458,0.1408193558454514,11.0,13.0,17161.0,0.626,417172329.0
0.09825871884822845,-0.6670178174972534,0.1806556880474091,1.0,15.0,17162.0,0.6980000000000001,417172334.0
0.2481677532196045,-1.709482073783875,0.1511280536651611,1.0,5.0,17174.0,1.734,417172366.0
0.0711258053779602,-0.4911497533321381,0.06093467026948929,1.0,7.0,17176.0,0.5,417172371.0
0.07681754976511002,-0.5324186086654663,0.10456333309412,3.0,11.0,17179.0,0.548,417172380.0
0.08633673191070557,-0.5998770594596863,0.1399195492267609,11.0,13.0,17181.0,0.622,417172385.0
0.0936170220375061,-0.652075469493866,0.176514595746994,1.0,15.0,17183.0,0.682,417172389.0
0.2413787543773651,-1.702404975891113,0.1504308134317398,1.0,5.0,17193.0,1.726,417172421.0
0.07505644112825394,-0.530693531036377,0.06580944359302521,1.0,7.0,17195.0,0.54,417172426.0
0.0703950822353363,-0.4996215105056763,0.09807582199573517,3.0,11.0,17198.0,0.514,417172435.0
0.08326214551925659,-0.5924409627914429,0.1381199508905411,12.0,13.0,17200.0,0.614,417172440.0
0.09264212101697922,-0.660018801689148,0.1785851418972015,1.0,15.0,17201.0,0.6900000000000001,417172445.0
0.2337979227304459,-1.69139552116394,0.1493849456310272,1.0,5.0,17213.0,1.714,417172477.0
0.0710345208644867,-0.5152204036712646,0.06385953724384308,1.0,7.0,17215.0,0.524,417172481.0
0.07052050530910492,-0.5134791731834412,0.1007471531629562,4.0,11.0,17218.0,0.528,417172491.0
0.08198706060647964,-0.5985201001167297,0.1394696533679962,12.0,13.0,17220.0,0.62,417172495.0
0.08237698674201965,-0.602931797504425,0.1630560010671616,1.0,15.0,17222.0,0.63,417172500.0
0.2268287539482117,-1.684303045272827,0.1486876904964447,1.0,5.0,17233.0,1.706,417172532.0
0.0669688880443573,-0.4992495179176331,0.07978157699108124,1.0,9.0,17236.0,0.51,417172541.0
0.06690537929534912,-0.5001007914543152,0.09807582199573517,4.0,11.0,17238.0,0.514,417172546.0
0.0786086693406105,-0.5891445279121399,0.1372201442718506,12.0,13.0,17240.0,0.61,417172551.0
0.08548044413328171,-0.6415001749992371,0.1734087616205215,1.0,15.0,17241.0,0.67,417172555.0
0.2193939089775085,-1.673231720924377,0.1476418226957321,1.0,5.0,17253.0,1.694,417172587.0
0.07755564898252487,-0.5971453785896301,0.1390197575092316,12.0,13.0,17260.0,0.618,417172606.0
0.07816575467586517,-0.6034922003746033,0.1630560010671616,1.0,15.0,17262.0,0.63,417172610.0
0.2175859361886978,-1.705609202384949,0.1504308134317398,1.0,5.0,17273.0,1.726,417172643.0
0.06242544949054718,-0.492764949798584,0.09654935449361801,4.0,11.0,17278.0,0.506,417172656.0
0.07253984361886978,-0.5742120146751404,0.1336209326982498,11.0,13.0,17280.0,0.594,417172661.0
0.07858197391033173,-0.622914731502533,0.1682323813438416,1.0,15.0,17281.0,0.65,417172666.0
0.2155545502901077,-1.737994194030762,0.1532197892665863,1.0,5.0,17293.0,1.758,417172698.0
0.07077252119779587,-0.5763959288597107,0.1340708285570145,12.0,13.0,17300.0,0.596,417172716.0
0.2085332125425339,-1.730823755264282,0.152522549033165,1.0,5.0,17313.0,1.75,417172753.0
0.204563096165657,-1.702876925468445,0.2105902284383774,1.0,7.0,17315.0,1.728,417172758.0
0.06899083405733109,-0.5785744786262512,0.1345207244157791,12.0,13.0,17320.0,0.598,417172772.0
0.0833674967288971,-0.7001802325248718,0.1889379024505615,1.0,15.0,17321.0,0.73,417172776.0
0.1973990648984909,-1.688005208969116,0.1486876904964447,1.0,5.0,17333.0,1.706,417172809.0
0.2013762891292572,-1.727241396903992,0.2135150879621506,1.0,7.0,17335.0,1.752,417172813.0
0.06831470131874084,-0.5904267430305481,0.1372201442718506,9.0,13.0,17340.0,0.61,417172827.0
0.08921276777982712,-0.7734078764915466,0.2086081504821777,1.0,15.0,17342.0,0.806,417172832.0
0.1973428428173065,-1.740156173706055,0.1532197892665863,1.0,5.0,17353.0,1.758,417172864.0
0.1940078735351562,-1.716098666191101,0.212052658200264,1.0,7.0,17355.0,1.74,417172868.0
0.05649870634078979,-0.5005425214767456,0.07978157699108124,1.0,9.0,17356.0,0.51,417172873.0
0.06451552361249924,-0.5751688480377197,0.1336209326982498,9.0,13.0,17360.0,0.594,417172882.0
0.08922763913869858,-0.7967376708984375,0.2148198038339615,1.0,15.0,17361.0,0.8300000000000001,417172887.0
0.1864802241325378,-1.697264075279236,0.1493849456310272,1.0,5.0,17373.0,1.714,417172919.0
0.1888808310031891,-1.724658608436584,0.213027611374855,1.0,7.0,17375.0,1.748,417172924.0
0.05646882578730583,-0.516446053981781,0.08228452503681183,1.0,9.0,17376.0,0.526,417172928.0
0.06061325222253799,-0.5579544901847839,0.1295718103647232,9.0,13.0,17380.0,0.5760000000000001,417172938.0
0.09102864563465118,-0.8392971754074097,0.2262078523635864,1.0,15.0,17381.0,0.874,417172942.0
0.1884478777647018,-1.769195675849915,0.1556601524353027,1.0,5.0,17392.0,1.786,417172974.0
0.1839988827705383,-1.733171463012695,0.2140025645494461,1.0,7.0,17394.0,1.756,417172979.0
0.0517658032476902,-0.4900503158569336,0.09578611701726913,4.0,11.0,17397.0,0.502,417172988.0
0.05631422996520996,-0.5348960161209106,0.1241729855537415,5.0,13.0,17399.0,0.552,417172993.0
0.08481205999851227,-0.8069328665733337,0.2174080014228821,1.0,15.0,17400.0,0.84,417172997.0
0.1810464113950729,-1.757951259613037,0.1546142846345901,1.0,5.0,17412.0,1.774,417173030.0
0.1856494843959808,-1.808842539787292,0.2232646346092224,1.0,7.0,17414.0,1.832,417173034.0
0.0512540340423584,-0.5011066794395447,0.07978157699108124,1.0,9.0,17416.0,0.51,417173039.0
0.0544467493891716,-0.535089373588562,0.1241729855537415,5.0,13.0,17419.0,0.552,417173048.0
0.2613479197025299,-2.577396631240845,0.6941526532173157,2.0,15.0,17421.0,2.682,417173053.0
0.05129431188106537,-0.5175585746765137,0.06385953724384308,1.0,7.0,17434.0,0.524,417173090.0
0.04872799292206764,-0.4934192895889282,0.07853010296821594,2.0,9.0,17436.0,0.502,417173094.0
0.05372162163257599,-0.5469126105308533,0.1268723905086517,4.0,13.0,17439.0,0.5640000000000001,417173103.0
0.2477096170186996,-2.52633810043335,0.6801764369010925,1.0,15.0,17440.0,2.628,417173108.0
0.04722078517079353,-0.4940214157104492,0.06093467026948929,1.0,7.0,17454.0,0.5,417173145.0
0.05199594423174858,-0.5490368604660034,0.1273223012685776,4.0,13.0,17459.0,0.5660000000000001,417173159.0
0.2256179004907608,-2.386788129806519,0.6423888802528381,1.0,15.0,17460.0,2.482,417173163.0
0.04608326032757759,-0.5044189095497131,0.0984574407339096,3.0,11.0,17478.0,0.516,417173209.0
0.0521027073264122,-0.5725123882293701,0.1327211260795593,4.0,13.0,17480.0,0.59,417173214.0
0.2147713303565979,-2.364511728286743,0.6361772418022156,1.0,15.0,17481.0,2.458,417173219.0
0.04347213730216026,-0.4939101040363312,0.07853010296821594,1.0,9.0,17497.0,0.502,417173260.0
0.04500939324498177,-0.5123996138572693,0.09998391568660736,2.0,11.0,17498.0,0.524,417173265.0
0.05044363811612129,-0.5765734314918518,0.1336209326982498,2.0,13.0,17500.0,0.594,417173269.0
0.1977185159921646,-2.269055128097534,0.610295295715332,1.0,15.0,17502.0,2.358,417173274.0
0.04406306520104408,-0.51822429895401,0.06385953724384308,1.0,7.0,17514.0,0.524,417173311.0
0.04595485329627991,-0.543846607208252,0.1060898005962372,2.0,11.0,17517.0,0.556,417173320.0
0.0532701276242733,-0.6330519318580627,0.1466680914163589,2.0,13.0,17519.0,0.652,417173325.0
0.194630429148674,-2.317791938781738,0.6232362389564514,2.0,15.0,17520.0,2.408,417173329.0
0.0403185673058033,-0.4946325719356537,0.06093467026948929,1.0,7.0,17534.0,0.5,417173366.0
0.04484856873750687,-0.5537879467010498,0.1079978942871094,2.0,11.0,17537.0,0.5660000000000001,417173375.0
0.05685519427061081,-0.7051041722297668,0.1633144617080688,2.0,13.0,17539.0,0.726,417173380.0
0.1879330277442932,-2.335787773132324,0.6278949975967407,3.0,15.0,17540.0,2.426,417173384.0
0.03838391229510307,-0.494331568479538,0.07853010296821594,1.0,9.0,17556.0,0.502,417173426.0
0.04085160419344902,-0.5285021662712097,0.1030368581414223,2.0,11.0,17558.0,0.54,417173431.0
0.05755959823727608,-0.7480537295341492,0.1732123047113419,2.0,13.0,17560.0,0.77,417173435.0
0.1808808743953705,-2.361532926559448,0.6346243023872375,3.0,15.0,17562.0,2.452,417173440.0
0.03657183796167374,-0.4944689273834229,0.07853010296821594,1.0,9.0,17577.0,0.502,417173481.0
0.03943994641304016,-0.534515380859375,0.1041817143559456,2.0,11.0,17578.0,0.546,417173486.0
0.05023821815848351,-0.684114396572113,0.1583655476570129,2.0,13.0,17580.0,0.704,417173490.0
0.1720732301473618,-2.354443073272705,0.63255375623703,4.0,15.0,17582.0,2.444,417173495.0
0.03501823917031288,-0.4945813715457916,0.07853010296821594,1.0,9.0,17595.0,0.502,417173537.0
0.03739126026630402,-0.5307263731956482,0.1034184768795967,2.0,11.0,17597.0,0.542,417173541.0
0.04551636055111885,-0.6492857336997986,0.1502673029899597,2.0,13.0,17599.0,0.668,417173546.0
0.1634581387042999,-2.343437910079956,0.6294479370117188,4.0,15.0,17601.0,2.432,417173550.0
0.03329161554574966,-0.4947006106376648,0.07853010296821594,1.0,9.0,17615.0,0.502,417173592.0
0.03868576884269714,-0.5778665542602539,0.1125773042440414,1.0,11.0,17617.0,0.59,417173596.0
0.03949444368481636,-0.5930521488189697,0.1372201442718506,2.0,13.0,17619.0,0.61,417173601.0
0.153489276766777,-2.317007303237915,0.6222009658813477,5.0,15.0,17621.0,2.404,417173606.0
0.03418241068720818,-0.5388117432594299,0.1049449443817139,1.0,11.0,17637.0,0.55,417173652.0
0.03582894057035446,-0.5679030418395996,0.131371408700943,2.0,13.0,17639.0,0.584,417173656.0
0.1441067457199097,-2.290511131286621,0.6149540543556213,4.0,15.0,17640.0,2.376,417173661.0
0.03265377506613731,-0.5448070168495178,0.1060898005962372,1.0,11.0,17657.0,0.556,417173707.0
0.03071674145758152,-0.5155017971992493,0.1192240566015244,2.0,13.0,17659.0,0.53,417173712.0
0.1370814442634583,-2.314165592193604,0.6211656928062439,4.0,15.0,17661.0,2.4,417173716.0
0.02997751906514168,-0.5311967134475708,0.1034184768795967,1.0,11.0,17677.0,0.542,417173762.0
0.1275733858346939,-2.281816959381104,0.6123658418655396,4.0,15.0,17680.0,2.366,417173772.0
0.02884954214096069,-0.5450217127799988,0.1060898005962372,2.0,11.0,17697.0,0.556,417173818.0
0.1177984848618507,-2.255260229110718,0.6051189303398132,4.0,15.0,17701.0,2.338,417173827.0
0.02820699103176594,-0.5706102848052979,0.1110508367419243,1.0,11.0,17717.0,0.582,417173873.0
0.02455255202949047,-0.5002239942550659,0.1156248450279236,2.0,13.0,17719.0,0.514,417173878.0
0.1082429736852646,-2.213188409805298,0.5937308669090271,5.0,15.0,17720.0,2.294,417173882.0
0.02612493187189102,-0.5687440633773804,0.1106692180037498,1.0,11.0,17737.0,0.58,417173928.0
0.02218511141836643,-0.4866796433925629,0.1124755293130875,3.0,13.0,17739.0,0.5,417173933.0
0.0983845517039299,-2.174972772598267,0.5833781361579895,4.0,15.0,17741.0,2.254,417173937.0
0.02222497388720512,-0.5237175226211548,0.101892001926899,1.0,11.0,17757.0,0.534,417173983.0
0.02089587040245533,-0.4964891970157623,0.1147250384092331,4.0,13.0,17759.0,0.51,417173988.0
0.09060525894165039,-2.161775827407837,0.579754650592804,4.0,15.0,17760.0,2.24,417173993.0
0.02138982340693474,-0.5492948889732361,0.1068530380725861,1.0,11.0,17777.0,0.56,417174039.0
0.08393632620573044,-2.194911003112793,0.5885545015335083,3.0,15.0,17781.0,2.274,417174048.0
0.01987474597990513,-0.5552453994750977,0.1079978942871094,1.0,11.0,17795.0,0.5660000000000001,417174094.0
0.07633402198553085,-2.164259910583496,0.5802723169326782,1.0,15.0,17798.0,2.242,417174103.0
0.01945756934583187,-0.6024049520492554,0.1171567216515541,1.0,11.0,17815.0,0.614,417174149.0
0.01922064833343029,-0.6082296371459961,0.1630560010671616,1.0,15.0,17819.0,0.63,417174159.0
0.01633712835609913,-0.5671452283859253,0.1102875992655754,1.0,11.0,17835.0,0.578,417174205.0
0.01402428839355707,-0.4928317666053772,0.1138252317905426,4.0,13.0,17837.0,0.506,417174209.0
0.02048045210540295,-0.7241548299789429,0.1941142827272415,1.0,15.0,17838.0,0.75,417174214.0
0.01510251127183437,-0.5966382026672363,0.1160118728876114,2.0,11.0,17855.0,0.608,417174260.0
0.01225526724010706,-0.4909295737743378,0.1133753284811974,2.0,13.0,17857.0,0.504,417174265.0
0.01823979616165161,-0.7358094453811646,0.197220116853714,2.0,15.0,17858.0,0.762,417174269.0
0.01310541946440935,-0.6006128787994385,0.1167751029133797,2.0,11.0,17875.0,0.612,417174315.0
0.01538330875337124,-0.7223487496376038,0.1935966461896896,4.0,15.0,17878.0,0.748,417174324.0
0.01136857457458973,-0.6202841997146606,0.1205912828445435,2.0,11.0,17895.0,0.632,417174371.0
0.00924802664667368,-0.5143842697143555,0.1187741532921791,2.0,13.0,17897.0,0.528,417174375.0
0.01259945426136255,-0.7146740555763245,0.1915261000394821,7.0,15.0,17899.0,0.74,417174380.0
0.00899943895637989,-0.6065788269042969,0.117919959127903,2.0,11.0,17915.0,0.618,417174426.0
0.007198373321443796,-0.49687659740448,0.1147250384092331,2.0,13.0,17917.0,0.51,417174430.0
0.00995296984910965,-0.6953953504562378,0.1863497197628021,8.0,15.0,17918.0,0.72,417174435.0
0.006503405515104532,-0.5732333660125732,0.1114324554800987,1.0,11.0,17935.0,0.584,417174481.0
0.005463906563818455,-0.4968986809253693,0.1147250384092331,1.0,13.0,17937.0,0.51,417174486.0
0.007588238455355167,-0.7012211084365845,0.1879026293754578,7.0,15.0,17938.0,0.726,417174490.0
0.004488487727940083,-0.5471609234809875,0.08666469156742096,1.0,9.0,17953.0,0.554,417174532.0
0.004486988764256239,-0.5712894201278687,0.1110508367419243,1.0,11.0,17955.0,0.582,417174536.0
0.003846373176202178,-0.5125042200088501,0.1183242574334145,1.0,13.0,17957.0,0.526,417174541.0
0.00269814720377326,-0.5945822596549988,0.09417355060577393,1.0,9.0,17974.0,0.602,417174587.0
0.002287198323756456,-0.5241839289665222,0.101892001926899,1.0,11.0,17975.0,0.534,417174592.0
0.002385930623859167,-0.5943609476089478,0.1372201442718506,1.0,13.0,17977.0,0.61,417174596.0
0.002832236001268029,-0.7727354764938354,0.2070552408695221,1.0,15.0,17979.0,0.8,417174601.0
0.000701258541084826,-0.6696523427963257,0.1060625687241554,1.0,9.0,17994.0,0.678,417174642.0
0.0004711471556220204,-0.5398947596549988,0.1049449443817139,1.0,11.0,17995.0,0.55,417174647.0
0.0003112091508228332,-0.594365656375885,0.1372201442718506,1.0,13.0,17997.0,0.61,417174652.0
0.0002960367710329592,-0.8480828404426575,0.2272431254386902,1.0,15.0,17998.0,0.878,417174656.0
-0.001452852040529251,-0.5945866107940674,0.09417355060577393,1.0,9.0,18014.0,0.602,417174698.0
-0.001444278750568628,-0.5516725778579712,0.1072346568107605,1.0,11.0,18015.0,0.562,417174702.0
-0.002052617026492953,-0.6917997002601624,0.1597152501344681,1.0,13.0,18017.0,0.71,417174707.0
-0.002421563258394599,-0.7708050012588501,0.2065376043319702,1.0,15.0,18018.0,0.798,417174711.0
-0.003538337303325534,-0.6143319606781006,0.09730223566293716,1.0,9.0,18033.0,0.622,417174753.0
-0.003154096892103553,-0.5163262486457825,0.1003655344247818,1.0,11.0,18035.0,0.526,417174758.0
-0.005603780504316092,-0.5945619940757751,0.09417355060577393,1.0,9.0,18054.0,0.602,417174808.0
-0.005088312085717916,-0.5300542712211609,0.1030368581414223,1.0,11.0,18055.0,0.54,417174813.0
-0.006820651702582836,-0.528071403503418,0.1026552394032478,1.0,11.0,18074.0,0.538,417174868.0
-0.008535091765224934,-0.5201923847198486,0.1011287644505501,1.0,11.0,18094.0,0.53,417174923.0
-0.01322322059422731,-0.7891289591789246,0.1822103559970856,1.0,13.0,18096.0,0.81,417174928.0
-0.010055479593575,-0.4966015517711639,0.09654935449361801,1.0,11.0,18116.0,0.506,417174979.0
-0.0162531528621912,-0.7890723943710327,0.1822103559970856,1.0,13.0,18118.0,0.81,417174983.0
-0.01225484441965818,-0.5161904692649841,0.1003655344247818,1.0,11.0,18136.0,0.526,417175034.0
-0.02022766135632992,-0.8396633863449097,0.1939078122377396,1.0,13.0,18138.0,0.862,417175039.0
-0.01366539299488068,-0.5082992315292358,0.09883905947208405,1.0,11.0,18154.0,0.518,417175089.0
-0.02148608304560184,-0.7889472246170044,0.1822103559970856,1.0,13.0,18156.0,0.81,417175094.0
-0.01848180219531059,-0.6190729737281799,0.07604646682739258,1.0,7.0,18171.0,0.624,417175135.0
-0.01567805558443069,-0.5160978436470032,0.1003655344247818,1.0,11.0,18174.0,0.526,417175145.0
-0.02423989214003086,-0.7888674139976501,0.1822103559970856,1.0,13.0,18176.0,0.81,417175149.0
-0.02075069397687912,-0.6190010905265808,0.07604646682739258,1.0,7.0,18192.0,0.624,417175191.0
-0.01756954193115234,-0.516036868095398,0.1003655344247818,1.0,11.0,18195.0,0.526,417175200.0
-0.02847087942063808,-0.8277250528335571,0.1912083923816681,1.0,13.0,18197.0,0.85,417175205.0
-0.0206964947283268,-0.5512861013412476,0.1072346568107605,1.0,11.0,18215.0,0.562,417175255.0
-0.0326881930232048,-0.8626728057861328,0.1993066370487213,1.0,13.0,18217.0,0.886,417175260.0
-0.02124197781085968,-0.5198285579681396,0.1011287644505501,1.0,11.0,18234.0,0.53,417175310.0
-0.03603021427989006,-0.8742421865463257,0.2020060420036316,1.0,13.0,18236.0,0.898,417175315.0
-0.02253435738384724,-0.5079833269119263,0.09883905947208405,1.0,11.0,18254.0,0.518,417175366.0
-0.03873350098729134,-0.8663238883018494,0.2002064436674118,1.0,13.0,18256.0,0.89,417175370.0
-0.02543362416327,-0.5314337015151978,0.1034184768795967,1.0,11.0,18274.0,0.542,417175421.0
-0.04025591537356377,-0.8350397348403931,0.1930080056190491,1.0,13.0,18276.0,0.858,417175426.0
-0.026684345677495,-0.5195776224136353,0.1011287644505501,1.0,11.0,18294.0,0.53,417175476.0
-0.04447869956493378,-0.8601939678192139,0.1988567262887955,2.0,13.0,18296.0,0.884,417175481.0
-0.0276375338435173,-0.5037988424301147,0.09807582199573517,1.0,11.0,18314.0,0.514,417175532.0
-0.04726621881127357,-0.8561419248580933,0.1979569345712662,2.0,13.0,18316.0,0.88,417175536.0
-0.03008223883807659,-0.5154588222503662,0.1003655344247818,1.0,11.0,18334.0,0.526,417175587.0
-0.05105392634868622,-0.8695894479751587,0.2011062353849411,2.0,13.0,18336.0,0.894,417175592.0
-0.03127523511648178,-0.505553126335144,0.0984574407339096,1.0,11.0,18354.0,0.516,417175642.0
-0.05542010068893433,-0.8908007144927979,0.2060551643371582,2.0,13.0,18356.0,0.916,417175647.0
-0.03419230133295059,-0.5230725407600403,0.101892001926899,1.0,11.0,18374.0,0.534,417175698.0
-0.05699571967124939,-0.8672672510147095,0.2006563395261765,2.0,13.0,18376.0,0.892,417175702.0
-0.1356367766857147,-2.052946090698242,0.5512845516204834,4.0,15.0,18378.0,2.13,417175707.0
-0.0352085642516613,-0.5111983418464661,0.09960229694843292,1.0,11.0,18394.0,0.522,417175753.0
-0.06056101992726326,-0.8748393654823303,0.2024559527635574,2.0,13.0,18396.0,0.9,417175757.0
-0.142711341381073,-2.056339502334595,0.5523198246955872,5.0,15.0,18397.0,2.134,417175762.0
-0.03784317523241043,-0.5228211283683777,0.101892001926899,1.0,11.0,18414.0,0.534,417175808.0
-0.06220075488090515,-0.8551865816116333,0.1979569345712662,2.0,13.0,18416.0,0.88,417175813.0
-0.1510122567415237,-2.071242809295654,0.556460976600647,5.0,15.0,18417.0,2.15,417175817.0
-0.03868734091520309,-0.5109468102455139,0.09960229694843292,1.0,11.0,18433.0,0.522,417175863.0
-0.0662187933921814,-0.8705206513404846,0.2015561461448669,2.0,13.0,18435.0,0.896,417175868.0
-0.1577330529689789,-2.068804264068604,0.5559433102607727,5.0,15.0,18436.0,2.148,417175873.0
-0.04047064110636711,-0.5108087062835693,0.09960229694843292,1.0,11.0,18453.0,0.522,417175919.0
-0.0684841126203537,-0.8605712056159973,0.1993066370487213,2.0,13.0,18455.0,0.886,417175923.0
-0.1663919985294342,-2.081692218780518,0.5595667958259583,5.0,15.0,18457.0,2.162,417175928.0
-0.04136918485164642,-0.4989176690578461,0.09731258451938629,1.0,11.0,18474.0,0.51,417175974.0
-0.06969728320837021,-0.8370102047920227,0.1939078122377396,2.0,13.0,18476.0,0.862,417175979.0
-0.1738180965185165,-2.083024024963379,0.5600844025611877,7.0,15.0,18477.0,2.164,417175983.0
-0.04395578429102898,-0.5085500478744507,0.09922067821025848,1.0,11.0,18494.0,0.52,417176029.0
-0.07312402874231339,-0.842586100101471,0.1952575147151947,2.0,13.0,18496.0,0.868,417176034.0
-0.181924968957901,-2.092027425765991,0.5626726150512695,5.0,15.0,18497.0,2.174,417176038.0
-0.04634413868188858,-0.5162230730056763,0.1007471531629562,1.0,11.0,18513.0,0.528,417176085.0
-0.07416848838329315,-0.8229302763938904,0.1907584965229034,2.0,13.0,18515.0,0.848,417176089.0
-0.1904449611902237,-2.10484766960144,0.5662960410118103,6.0,15.0,18517.0,2.188,417176094.0
-0.04851055145263672,-0.5199676752090454,0.1015103831887245,1.0,11.0,18533.0,0.532,417176140.0
-0.0772223025560379,-0.8246065974235535,0.1912083923816681,2.0,13.0,18535.0,0.85,417176144.0
-0.1965255290269852,-2.090706348419189,0.5626726150512695,8.0,15.0,18537.0,2.174,417176149.0
-0.04805497080087662,-0.4963457584381104,0.09693097323179245,1.0,11.0,18553.0,0.508,417176195.0
-0.08047718554735184,-0.82821124792099,0.1921081990003586,2.0,13.0,18555.0,0.854,417176200.0
-0.2043847739696503,-2.095775842666626,0.5642254948616028,7.0,15.0,18557.0,2.18,417176204.0
-0.05076730996370316,-0.5059422254562378,0.09883905947208405,1.0,11.0,18573.0,0.518,417176250.0
-0.08004860579967499,-0.7949633598327637,0.1844598650932312,2.0,13.0,18575.0,0.8200000000000001,417176255.0
-0.2126702517271042,-2.104660034179688,0.5668137073516846,4.0,15.0,18577.0,2.19,417176260.0
-0.05253306776285172,-0.5057619214057922,0.09883905947208405,1.0,11.0,18593.0,0.518,417176306.0
-0.08363108336925507,-0.8024320602416992,0.1862594783306122,2.0,13.0,18595.0,0.8280000000000001,417176310.0
-0.2220554947853088,-2.127000093460083,0.5730253458023071,5.0,15.0,18596.0,2.214,417176315.0
-0.05597535148262978,-0.5211917161941528,0.101892001926899,1.0,11.0,18613.0,0.534,417176361.0
-0.08789298683404922,-0.815697968006134,0.1894087940454483,2.0,13.0,18615.0,0.842,417176366.0
-0.2273582518100739,-2.103123903274536,0.5668137073516846,5.0,15.0,18617.0,2.19,417176370.0
-0.08923103660345078,-0.8018286824226379,0.1862594783306122,2.0,13.0,18635.0,0.8280000000000001,417176421.0
-0.2330472022294998,-2.090838670730591,0.5637078881263733,4.0,15.0,18636.0,2.178,417176426.0
-0.05604027211666107,-0.4895799160003662,0.09578611701726913,1.0,11.0,18653.0,0.502,417176472.0
-0.09336315840482712,-0.8131284117698669,0.1889588832855225,2.0,13.0,18655.0,0.84,417176476.0
-0.2457927912473679,-2.134111166000366,0.5756135582923889,6.0,15.0,18657.0,2.224,417176481.0
-0.05774888396263123,-0.489381343126297,0.09578611701726913,1.0,11.0,18673.0,0.502,417176527.0
-0.09688808023929596,-0.8186032772064209,0.1903085857629776,2.0,13.0,18675.0,0.846,417176532.0
-0.2485478073358536,-2.096834421157837,0.5657784342765808,5.0,15.0,18676.0,2.186,417176536.0
-0.06135183200240135,-0.5047680735588074,0.09883905947208405,1.0,11.0,18693.0,0.518,417176582.0
-0.1021029874682426,-0.837604284286499,0.1948076188564301,3.0,13.0,18695.0,0.866,417176587.0
-0.2581068575382233,-2.111249923706055,0.5699195265769958,5.0,15.0,18697.0,2.202,417176591.0
-0.06311342865228653,-0.5045508146286011,0.09883905947208405,1.0,11.0,18713.0,0.518,417176637.0
-0.1038133800029755,-0.8275748491287231,0.1925581097602844,3.0,13.0,18715.0,0.856,417176642.0
-0.2667921185493469,-2.123800039291382,0.5735430121421814,5.0,15.0,18716.0,2.216,417176647.0
-0.063872329890728,-0.4965386092662811,0.09731258451938629,1.0,11.0,18733.0,0.51,417176693.0
-0.1069508269429207,-0.8291401863098145,0.1930080056190491,3.0,13.0,18735.0,0.858,417176697.0
-0.2713528871536255,-2.097901344299316,0.5668137073516846,4.0,15.0,18737.0,2.19,417176702.0
-0.1099554747343063,-0.8307128548622131,0.1934579014778137,3.0,13.0,18754.0,0.86,417176753.0
-0.2827650308609009,-2.13342547416687,0.5766488313674927,5.0,15.0,18755.0,2.228,417176757.0
-0.07147030532360077,-0.5272197127342224,0.1034184768795967,1.0,11.0,18772.0,0.542,417176803.0
-0.1133794412016869,-0.8341859579086304,0.1943577080965042,3.0,13.0,18774.0,0.864,417176808.0
-0.2903216779232025,-2.130460500717163,0.5761311650276184,4.0,15.0,18776.0,2.226,417176813.0
-0.06789986789226532,-0.4880764484405518,0.09578611701726913,1.0,11.0,18792.0,0.502,417176859.0
-0.1176365539431572,-0.8434354066848755,0.1966072171926498,3.0,13.0,18794.0,0.874,417176863.0
-0.2979193329811096,-2.133312702178955,0.5771664977073669,5.0,15.0,18795.0,2.23,417176868.0
-0.07514922320842743,-0.5267078876495361,0.1034184768795967,1.0,11.0,18812.0,0.542,417176914.0
-0.1211318299174309,-0.8468778133392334,0.1975070238113403,3.0,13.0,18814.0,0.878,417176919.0
-0.3070074021816254,-2.143733739852905,0.5802723169326782,6.0,15.0,18815.0,2.242,417176923.0
-0.07755549252033234,-0.530327558517456,0.1041817143559456,1.0,11.0,18832.0,0.546,417176969.0
-0.1246525645256042,-0.8503060936927795,0.1984068304300308,3.0,13.0,18834.0,0.882,417176974.0
-0.3167328834533691,-2.157940149307251,0.5844134092330933,4.0,15.0,18835.0,2.258,417176978.0
-0.07591582834720612,-0.5067545175552368,0.09960229694843292,1.0,11.0,18852.0,0.522,417177025.0
-0.1270411610603333,-0.8460115194320679,0.1975070238113403,2.0,13.0,18854.0,0.878,417177029.0
-0.3249275386333466,-2.158674955368042,0.5849310159683228,5.0,15.0,18856.0,2.26,417177034.0
-0.0758984237909317,-0.4948430955410004,0.09731258451938629,1.0,11.0,18872.0,0.51,417177080.0
-0.1294012814760208,-0.8417106866836548,0.1966072171926498,3.0,13.0,18874.0,0.874,417177084.0
-0.3306148052215576,-2.148038864135742,0.5823428630828857,4.0,15.0,18875.0,2.25,417177089.0
-0.08249589055776596,-0.5256072878837585,0.1034184768795967,1.0,11.0,18892.0,0.542,417177135.0
-0.1341556161642075,-0.8528043031692505,0.1993066370487213,2.0,13.0,18894.0,0.886,417177140.0
-0.3429195284843445,-2.177404880523682,0.5906250476837158,6.0,15.0,18895.0,2.282,417177144.0
-0.08059592545032501,-0.5020549297332764,0.09883905947208405,1.0,11.0,18912.0,0.518,417177190.0
-0.1352743357419968,-0.8407868146896362,0.1966072171926498,2.0,13.0,18914.0,0.874,417177195.0
-0.3499035835266113,-2.172380208969116,0.5895897746086121,5.0,15.0,18915.0,2.278,417177200.0
-0.08393765985965729,-0.5114572048187256,0.1007471531629562,1.0,11.0,18932.0,0.528,417177246.0
-0.1407385319471359,-0.8556927442550659,0.2002064436674118,2.0,13.0,18934.0,0.89,417177250.0
-0.3619478940963745,-2.195862770080566,0.5963190793991089,6.0,15.0,18936.0,2.304,417177255.0
-0.08637188374996185,-0.5150335431098938,0.1015103831887245,1.0,11.0,18952.0,0.532,417177301.0
-0.1450165063142776,-0.8628833889961243,0.2020060420036316,2.0,13.0,18954.0,0.898,417177306.0
-0.3650610148906708,-2.169884443283081,0.5895897746086121,4.0,15.0,18955.0,2.278,417177310.0
-0.08518598973751068,-0.4973132610321045,0.09807582199573517,1.0,11.0,18972.0,0.514,417177356.0
-0.1453901827335358,-0.8470067381858826,0.1984068304300308,2.0,13.0,18974.0,0.882,417177361.0
-0.3742688894271851,-2.1781165599823,0.5921779870986938,5.0,15.0,18975.0,2.288,417177365.0
-0.08962714672088623,-0.512484073638916,0.1011287644505501,1.0,11.0,18992.0,0.53,417177412.0
-0.1503642201423645,-0.85801100730896,0.2011062353849411,2.0,13.0,18994.0,0.894,417177416.0
-0.3859250545501709,-2.197660446166992,0.5978720188140869,5.0,15.0,18996.0,2.31,417177421.0
-0.09417521208524704,-0.5276297926902771,0.1041817143559456,1.0,11.0,19012.0,0.546,417177467.0
-0.1540444791316986,-0.86131751537323,0.2020060420036316,2.0,13.0,19014.0,0.898,417177471.0
-0.390186220407486,-2.177284240722656,0.5926955938339233,5.0,15.0,19016.0,2.29,417177476.0
-0.09390616416931152,-0.515708863735199,0.101892001926899,1.0,11.0,19032.0,0.534,417177522.0
-0.15774966776371,-0.8646087050437927,0.2029058486223221,2.0,13.0,19034.0,0.902,417177527.0
-0.4012580811977386,-2.194912433624268,0.5978720188140869,5.0,15.0,19036.0,2.31,417177531.0
-0.09068746864795685,-0.4883543848991394,0.09654935449361801,1.0,11.0,19052.0,0.506,417177577.0
-0.1614796817302704,-0.8678845167160034,0.2038056552410126,2.0,13.0,19054.0,0.906,417177582.0
-0.409625381231308,-2.197296857833862,0.5989072918891907,4.0,15.0,19056.0,2.314,417177587.0
-0.09859972447156906,-0.5208277106285095,0.1030368581414223,1.0,11.0,19072.0,0.54,417177633.0
-0.1630555689334869,-0.8596571683883667,0.2020060420036316,3.0,13.0,19074.0,0.898,417177637.0
-0.4244767129421234,-2.235783338546753,0.6097776889801025,5.0,15.0,19075.0,2.356,417177642.0
-0.09781374037265778,-0.5069864392280579,0.1003655344247818,1.0,11.0,19092.0,0.526,417177688.0
-0.1649458408355713,-0.8533427715301514,0.2006563395261765,2.0,13.0,19094.0,0.892,417177693.0
-0.4367085993289948,-2.255075216293335,0.6154716610908508,5.0,15.0,19096.0,2.378,417177697.0
-0.09882557392120361,-0.5027890801429749,0.09960229694843292,1.0,11.0,19112.0,0.522,417177743.0
-0.171312153339386,-0.8699700236320496,0.2047054618597031,2.0,13.0,19114.0,0.91,417177748.0
-0.4434371590614319,-2.249823808670044,0.6144363880157471,4.0,15.0,19115.0,2.374,417177753.0
-0.1743478626012802,-0.8693667054176331,0.2047054618597031,2.0,13.0,19134.0,0.91,417177803.0
-0.4501580893993378,-2.240607500076294,0.6123658418655396,4.0,15.0,19136.0,2.366,417177808.0
-0.1076377406716347,-0.5290564298629761,0.1049449443817139,1.0,11.0,19150.0,0.55,417177854.0
-0.1774673759937286,-0.8707242012023926,0.2051553577184677,3.0,13.0,19152.0,0.912,417177859.0
-0.4575763940811157,-2.243047714233398,0.6134011149406433,4.0,15.0,19153.0,2.37,417177863.0
-0.1066969782114029,-0.5152202248573303,0.1022736206650734,1.0,11.0,19170.0,0.536,417177909.0
-0.1797140091657639,-0.8662831783294678,0.2042555510997772,4.0,13.0,19172.0,0.908,417177914.0
-0.472869873046875,-2.27540135383606,0.6227186322212219,5.0,15.0,19174.0,2.406,417177918.0
-0.1086744889616966,-0.5148067474365234,0.1022736206650734,1.0,11.0,19192.0,0.536,417177964.0
-0.1838452965021133,-0.869399905204773,0.2051553577184677,4.0,13.0,19194.0,0.912,417177969.0
-0.4852065145969391,-2.292552947998047,0.6278949975967407,6.0,15.0,19195.0,2.426,417177974.0
-0.1125318631529808,-0.5240216851234436,0.1041817143559456,1.0,11.0,19212.0,0.546,417178020.0
-0.1897477060556412,-0.8820889592170715,0.2083046734333038,3.0,13.0,19214.0,0.926,417178024.0
-0.4972682595252991,-2.307755708694458,0.63255375623703,5.0,15.0,19216.0,2.444,417178029.0
-0.1093335226178169,-0.5006092190742493,0.09960229694843292,1.0,11.0,19232.0,0.522,417178075.0
-0.1903267949819565,-0.8699989318847656,0.2056052684783936,3.0,13.0,19234.0,0.914,417178080.0
-0.5007864236831665,-2.287222385406494,0.6273773908615112,5.0,15.0,19235.0,2.424,417178084.0
-0.1144850701093674,-0.515557050704956,0.1026552394032478,1.0,11.0,19252.0,0.538,417178130.0
-0.1942087262868881,-0.8731337785720825,0.206505075097084,2.0,13.0,19254.0,0.918,417178135.0
-0.5188285112380981,-2.328740835189819,0.6392830610275269,5.0,15.0,19256.0,2.47,417178140.0
-0.1188776940107346,-0.5266447067260742,0.1049449443817139,1.0,11.0,19272.0,0.55,417178186.0
-0.1946768462657928,-0.8610459566116333,0.2038056552410126,2.0,13.0,19274.0,0.906,417178190.0
-0.5312379598617554,-2.347733974456787,0.6449770331382751,5.0,15.0,19275.0,2.492,417178195.0
-0.1198373734951019,-0.5223994255065918,0.1041817143559456,1.0,11.0,19292.0,0.546,417178241.0
-0.2002995610237122,-0.8717566728591919,0.206505075097084,2.0,13.0,19294.0,0.918,417178246.0
-0.5454908609390259,-2.372223377227783,0.6522240042686462,5.0,15.0,19295.0,2.52,417178250.0
-0.121477946639061,-0.5220203995704651,0.1041817143559456,1.0,11.0,19310.0,0.546,417178296.0
-0.2039219737052917,-0.8749188780784607,0.2074048668146133,3.0,13.0,19312.0,0.922,417178301.0
-0.5494299530982971,-2.355447053909302,0.6480829119682312,5.0,15.0,19313.0,2.504,417178305.0
-0.1214928179979324,-0.513950765132904,0.1026552394032478,1.0,11.0,19330.0,0.538,417178352.0
-0.2042809575796127,-0.8628238439559937,0.2047054618597031,3.0,13.0,19332.0,0.91,417178356.0
-0.5589509010314941,-2.357177019119263,0.649118185043335,5.0,15.0,19334.0,2.508,417178361.0
-0.1307140588760376,-0.5440449118614197,0.1087611243128777,1.0,11.0,19351.0,0.5700000000000001,417178407.0
-0.210177481174469,-0.8734372854232788,0.2074048668146133,2.0,13.0,19353.0,0.922,417178411.0
-0.5775783061981201,-2.398409128189087,0.6610238552093506,7.0,15.0,19354.0,2.554,417178416.0
-0.1251674294471741,-0.5130682587623596,0.1026552394032478,1.0,11.0,19371.0,0.538,417178462.0
-0.209062322974205,-0.8556607961654663,0.2033557593822479,2.0,13.0,19373.0,0.904,417178467.0
-0.5864056348800659,-2.398255109786987,0.6615414619445801,5.0,15.0,19374.0,2.556,417178471.0
-0.135357454419136,-0.5469540953636169,0.1095243617892265,1.0,11.0,19390.0,0.5740000000000001,417178517.0
-0.2095546424388885,-0.8455052375793457,0.2011062353849411,2.0,13.0,19392.0,0.894,417178522.0
-0.5924950838088989,-2.388797044754028,0.6594709157943726,7.0,15.0,19393.0,2.548,417178527.0
-0.1305699646472931,-0.5198208093643188,0.1041817143559456,1.0,11.0,19410.0,0.546,417178573.0
-0.2182095497846603,-0.8674469590187073,0.206505075097084,2.0,13.0,19412.0,0.918,417178577.0
-0.6149325966835022,-2.440935850143433,0.6744824051856995,4.0,15.0,19414.0,2.606,417178582.0
-0.133353516459465,-0.5231667160987854,0.1049449443817139,1.0,11.0,19430.0,0.55,417178628.0
-0.2222001701593399,-0.8704563975334167,0.2074048668146133,2.0,13.0,19432.0,0.922,417178633.0
-0.6249362230300903,-2.446370124816895,0.6765530109405518,5.0,15.0,19433.0,2.614,417178637.0
-0.1341957747936249,-0.5188965797424316,0.1041817143559456,1.0,11.0,19450.0,0.546,417178683.0
-0.2242601066827774,-0.8659024834632874,0.206505075097084,3.0,13.0,19452.0,0.918,417178688.0
-0.6421960592269897,-2.477834939956665,0.6858704686164856,5.0,15.0,19453.0,2.65,417178692.0
-0.137002632021904,-0.5222229957580566,0.1049449443817139,1.0,11.0,19470.0,0.55,417178739.0
-0.2312426269054413,-0.8801926374435425,0.2101042866706848,2.0,13.0,19472.0,0.934,417178743.0
-0.6630700826644897,-2.520303010940552,0.6982938051223755,4.0,15.0,19474.0,2.698,417178748.0
-0.1418536007404327,-0.5331250429153442,0.1072346568107605,1.0,11.0,19490.0,0.562,417178794.0
-0.2292962372303009,-0.8605496287345886,0.2056052684783936,3.0,13.0,19492.0,0.914,417178798.0
-0.6813264489173889,-2.55343770980835,0.7081289291381836,7.0,15.0,19494.0,2.736,417178803.0
-0.1335712969303131,-0.49469393491745,0.09960229694843292,1.0,11.0,19511.0,0.522,417178849.0
-0.2355006188154221,-0.8709905743598938,0.2083046734333038,2.0,13.0,19513.0,0.926,417178854.0
-0.688156247138977,-2.541599750518799,0.7055407166481018,4.0,15.0,19515.0,2.726,417178858.0
-0.1399627178907394,-0.5112668871879578,0.1030368581414223,1.0,11.0,19531.0,0.54,417178904.0
-0.2380243092775345,-0.8682838082313538,0.2078547775745392,2.0,13.0,19533.0,0.924,417178909.0
-0.7016264200210571,-2.555948495864868,0.7101994752883911,4.0,15.0,19535.0,2.744,417178914.0
-0.1463792771100998,-0.5278266072273254,0.1064714193344116,1.0,11.0,19550.0,0.558,417178960.0
-0.2403808981180191,-0.8656120896339417,0.2074048668146133,2.0,13.0,19552.0,0.922,417178964.0
-0.7137905955314636,-2.568622350692749,0.7143405675888062,4.0,15.0,19553.0,2.76,417178969.0
-0.1482208371162415,-0.5273124575614929,0.1064714193344116,1.0,11.0,19570.0,0.558,417179015.0
-0.243400976061821,-0.8647677302360535,0.2074048668146133,2.0,13.0,19572.0,0.922,417179020.0
-0.7352535724639893,-2.608755350112915,0.7262462377548218,5.0,15.0,19574.0,2.806,417179024.0
-0.1469234526157379,-0.5154373645782471,0.1041817143559456,1.0,11.0,19591.0,0.546,417179070.0
-0.2444294542074203,-0.8563741445541382,0.2056052684783936,3.0,13.0,19593.0,0.914,417179075.0
-0.7501913905143738,-2.626606225967407,0.7319402694702148,4.0,15.0,19594.0,2.828,417179080.0
-0.1590723693370819,-0.5507583618164062,0.1114324554800987,1.0,11.0,19611.0,0.584,417179126.0
-0.2474172711372375,-0.855515718460083,0.2056052684783936,3.0,13.0,19613.0,0.914,417179130.0
-0.7727097272872925,-2.668373823165894,0.74436354637146,4.0,15.0,19615.0,2.876,417179135.0
-0.149237334728241,-0.5106827020645142,0.1034184768795967,1.0,11.0,19629.0,0.542,417179181.0
-0.255029171705246,-0.8715670704841614,0.209654375910759,3.0,13.0,19631.0,0.932,417179186.0
-0.7838806509971619,-2.677193403244019,0.747469425201416,4.0,15.0,19632.0,2.888,417179190.0
-0.1515762954950333,-0.5120411515235901,0.1038000956177711,1.0,11.0,19649.0,0.544,417179236.0
-0.2636079490184784,-0.889355480670929,0.2141534090042114,3.0,13.0,19651.0,0.9520000000000001,417179241.0
-0.8024821281433105,-2.70393443107605,0.7557516098022461,4.0,15.0,19653.0,2.92,417179245.0
-0.1597506701946259,-0.532139241695404,0.1079978942871094,1.0,11.0,19671.0,0.5660000000000001,417179291.0
-0.2675818502902985,-0.8902029991149902,0.2146033048629761,3.0,13.0,19673.0,0.9540000000000001,417179296.0
-0.8274107575416565,-2.750924587249756,0.7697278261184692,4.0,15.0,19674.0,2.974,417179301.0
-0.166746661067009,-0.548483669757843,0.1114324554800987,1.0,11.0,19691.0,0.584,417179347.0
-0.2667152583599091,-0.876213550567627,0.21145398914814,3.0,13.0,19693.0,0.9400000000000001,417179351.0
-0.8560736775398254,-2.808855295181274,0.7868099212646484,5.0,15.0,19695.0,3.04,417179356.0
-0.160968616604805,-0.5235617756843567,0.1064714193344116,1.0,11.0,19709.0,0.558,417179402.0
-0.2774932980537415,-0.9014462232589722,0.2177526205778122,3.0,13.0,19711.0,0.968,417179407.0
-0.8746402859687805,-2.839535474777222,0.7961273789405823,5.0,15.0,19712.0,3.076,417179411.0
-0.1657126843929291,-0.5323694348335266,0.1083795130252838,1.0,11.0,19729.0,0.5680000000000001,417179457.0
-0.2841172218322754,-0.9116349816322327,0.2204520404338837,3.0,13.0,19731.0,0.98,417179462.0
-0.8861927390098572,-2.839998960494995,0.797162652015686,4.0,15.0,19733.0,3.08,417179467.0
-0.1693400889635086,-0.5374051928520203,0.1095243617892265,2.0,11.0,19749.0,0.5740000000000001,417179513.0
-0.284366101026535,-0.901345431804657,0.2182025164365768,3.0,13.0,19751.0,0.97,417179517.0
-0.9002581238746643,-2.851782560348511,0.8013037443161011,5.0,15.0,19752.0,3.096,417179522.0
-0.1771806329488754,-0.5555150508880615,0.1133405417203903,2.0,11.0,19769.0,0.594,417179568.0
-0.2910674810409546,-0.9114856123924255,0.2209019362926483,3.0,13.0,19771.0,0.982,417179573.0
-0.9260829091072083,-2.898308038711548,0.815280020236969,5.0,15.0,19772.0,3.15,417179577.0
-0.1761032044887543,-0.5455515384674072,0.1114324554800987,2.0,11.0,19789.0,0.584,417179623.0
-0.2876552641391754,-0.8900666832923889,0.2159530073404312,3.0,13.0,19791.0,0.96,417179628.0
-0.9397607445716858,-2.906086444854736,0.8183858394622803,4.0,15.0,19792.0,3.162,417179632.0
-0.1853217929601669,-0.5673280358314514,0.1160118728876114,2.0,11.0,19809.0,0.608,417179679.0
-0.2913661897182465,-0.8909093737602234,0.2164029181003571,3.0,13.0,19811.0,0.962,417179683.0
-0.9678388833999634,-2.955864906311035,0.8333973288536072,5.0,15.0,19813.0,3.22,417179688.0
-0.1800025403499603,-0.5442774295806885,0.1114324554800987,1.0,11.0,19830.0,0.584,417179734.0
-0.2995298504829407,-0.9046352505683899,0.2200021296739578,3.0,13.0,19832.0,0.978,417179738.0
-0.987264096736908,-2.979975938796997,0.8411619067192078,4.0,15.0,19833.0,3.25,417179743.0
-0.184393122792244,-0.5510929822921753,0.1129589229822159,2.0,11.0,19850.0,0.592,417179789.0
-0.3088756799697876,-0.9220623970031738,0.2245011478662491,3.0,13.0,19852.0,0.998,417179794.0
-1.009938955307007,-3.013145446777344,0.8515146374702454,4.0,15.0,19853.0,3.29,417179798.0
-0.1906234472990036,-0.5634965300559998,0.115630254149437,2.0,11.0,19869.0,0.606,417179845.0
-0.3069307506084442,-0.906266987323761,0.2209019362926483,3.0,13.0,19871.0,0.982,417179850.0
-1.036579370498657,-3.057169914245605,0.864973247051239,4.0,15.0,19873.0,3.342,417179855.0
-0.1888718903064728,-0.5516496300697327,0.1133405417203903,2.0,11.0,19890.0,0.594,417179901.0
-0.3159371912479401,-0.9217270016670227,0.2249510586261749,3.0,13.0,19892.0,1.0,417179905.0
-1.081087350845337,-3.15221095085144,0.8929256796836853,4.0,15.0,19893.0,3.45,417179910.0
-0.1918875426054001,-0.5547643899917603,0.1141037791967392,2.0,11.0,19908.0,0.598,417179956.0
-0.3156430125236511,-0.911522626876831,0.2227015495300293,3.0,13.0,19910.0,0.99,417179961.0
-1.09280002117157,-3.152259111404419,0.8939609527587891,4.0,15.0,19912.0,3.454,417179965.0
-0.1828940361738205,-0.5225557684898376,0.1076162755489349,2.0,11.0,19929.0,0.5640000000000001,417180011.0
-0.3234926462173462,-0.9232333898544312,0.2258508652448654,3.0,13.0,19931.0,1.004,417180016.0
-1.106353402137756,-3.155717611312866,0.8960315585136414,4.0,15.0,19932.0,3.462,417180020.0
-0.1913615465164185,-0.5403883457183838,0.1114324554800987,1.0,11.0,19950.0,0.584,417180067.0
-0.3353391587734222,-0.9459190964698792,0.2316995859146118,3.0,13.0,19952.0,1.03,417180071.0
-1.151415228843689,-3.244296550750732,0.9224310517311096,4.0,15.0,19954.0,3.564,417180076.0
-0.1959893852472305,-0.5470762848854065,0.1129589229822159,1.0,11.0,19971.0,0.592,417180122.0
-0.3341987729072571,-0.9318432807922363,0.2285502701997757,3.0,13.0,19973.0,1.016,417180126.0
-1.187527418136597,-3.309354066848755,0.9421012997627258,4.0,15.0,19974.0,3.64,417180131.0
-0.1989469528198242,-0.5501848459243774,0.1137221604585648,2.0,11.0,19988.0,0.596,417180177.0
-0.3382887542247772,-0.9345123767852783,0.2294500768184662,3.0,13.0,19990.0,1.02,417180182.0
-1.22161328792572,-3.370992422103882,0.9607362747192383,4.0,15.0,19992.0,3.712,417180186.0
-0.2016365081071854,-0.551295816898346,0.1141037791967392,2.0,11.0,20009.0,0.598,417180232.0
-0.3417116403579712,-0.9332662224769592,0.2294500768184662,3.0,13.0,20011.0,1.02,417180237.0
-1.250650644302368,-3.413870811462402,0.9741948843002319,4.0,15.0,20012.0,3.764,417180242.0
-0.2069636732339859,-0.5597957372665405,0.1160118728876114,2.0,11.0,20029.0,0.608,417180288.0
-0.349025696516037,-0.9430332183837891,0.2321494817733765,3.0,13.0,20031.0,1.032,417180292.0
-1.302083015441895,-3.514331579208374,1.004217863082886,4.0,15.0,20033.0,3.88,417180297.0
-0.1734775453805923,-0.4644809663295746,0.07853010296821594,1.0,9.0,20048.0,0.502,417180338.0
-0.2014510333538055,-0.5388052463531494,0.1118140742182732,2.0,11.0,20050.0,0.586,417180343.0
-0.3593107461929321,-0.9599985480308533,0.2366485148668289,3.0,13.0,20052.0,1.052,417180348.0
-1.310277462005615,-3.498910188674927,1.001112103462219,3.0,15.0,20053.0,3.868,417180352.0
-0.2086893022060394,-0.5528637766838074,0.1148670166730881,2.0,11.0,20068.0,0.602,417180398.0
-0.3595695793628693,-0.9515732526779175,0.2348489016294479,3.0,13.0,20070.0,1.044,417180403.0
-1.357414603233337,-3.588504552841187,1.028029203414917,2.0,15.0,20072.0,3.972,417180408.0
-0.2086140960454941,-0.5465925335884094,0.1137221604585648,2.0,11.0,20089.0,0.596,417180454.0
-0.3651413917541504,-0.955710232257843,0.2361986041069031,4.0,13.0,20091.0,1.05,417180458.0
-1.428565144538879,-3.737127304077148,1.072028517723083,2.0,15.0,20092.0,4.142,417180463.0
-0.2225303649902344,-0.5770007371902466,0.120209664106369,2.0,11.0,20109.0,0.63,417180509.0
-0.3698789179325104,-0.9580657482147217,0.2370984107255936,4.0,13.0,20111.0,1.054,417180514.0
-1.502839922904968,-3.888637065887451,1.117063045501709,2.0,15.0,20113.0,4.316,417180518.0
-0.2232173830270767,-0.5725229978561401,0.1194464340806007,2.0,11.0,20130.0,0.626,417180564.0
-0.3790560364723206,-0.9712266325950623,0.2406976222991943,3.0,13.0,20132.0,1.07,417180569.0
-1.594403147697449,-4.083114624023438,1.17452085018158,1.0,15.0,20133.0,4.538,417180573.0
-0.2163881361484528,-0.5498961210250854,0.1148670166730881,2.0,11.0,20148.0,0.602,417180619.0
-0.381391167640686,-0.9682178497314453,0.2402477264404297,3.0,13.0,20150.0,1.068,417180624.0
-1.658957600593567,-4.207201957702637,1.211790800094604,1.0,15.0,20152.0,4.682,417180629.0
-0.2271092236042023,-0.5709903240203857,0.1194464340806007,2.0,11.0,20169.0,0.626,417180675.0
-0.3856581449508667,-0.9686239957809448,0.2406976222991943,3.0,13.0,20171.0,1.07,417180679.0
-2.086143493652344,-5.236925601959229,1.510468006134033,5.0,15.0,20172.0,5.836,417180684.0
-0.229001447558403,-0.5702340602874756,0.1194464340806007,2.0,11.0,20188.0,0.626,417180730.0
-0.3946829438209534,-0.9818046689033508,0.2442968487739563,3.0,13.0,20190.0,1.086,417180735.0
-0.2333048284053802,-0.5748483538627625,0.1205912828445435,2.0,11.0,20209.0,0.632,417180785.0
-0.4012126922607422,-0.9875732660293579,0.2460964471101761,3.0,13.0,20211.0,1.094,417180790.0
-1.532703876495361,-3.770817995071411,1.090663433074951,1.0,15.0,20212.0,4.214,417180795.0
-0.2390332669019699,-0.5831131935119629,0.1224993765354156,2.0,11.0,20229.0,0.642,417180841.0
-0.406137079000473,-0.9897724390029907,0.2469962537288666,3.0,13.0,20231.0,1.098,417180845.0
-2.160862922668457,-5.260880470275879,1.523926496505737,5.0,15.0,20233.0,5.888,417180850.0
-0.2426714897155762,-0.5858607888221741,0.1232626140117645,2.0,11.0,20250.0,0.646,417180896.0
-0.4164794683456421,-1.004478454589844,0.2510453760623932,3.0,13.0,20252.0,1.116,417180901.0
-2.185135364532471,-5.267580986022949,1.528067588806152,4.0,15.0,20253.0,5.904,417180905.0
-0.2551088035106659,-0.6104556918144226,0.1286052614450455,2.0,11.0,20268.0,0.674,417180951.0
-0.4196330606937408,-1.003165125846863,0.2510453760623932,3.0,13.0,20270.0,1.116,417180956.0
-2.207068204879761,-5.270997524261475,1.531173467636108,4.0,15.0,20272.0,5.916,417180960.0
-0.2497082054615021,-0.5914300680160522,0.1247890815138817,2.0,11.0,20289.0,0.654,417181007.0
-0.4225484132766724,-0.9998253583908081,0.2505954802036285,4.0,13.0,20291.0,1.114,417181011.0
-1.568651676177979,-3.70990514755249,1.079275369644165,3.0,15.0,20292.0,4.17,417181016.0
-0.2533110380172729,-0.5941667556762695,0.12555231153965,2.0,11.0,20309.0,0.658,417181062.0
-0.4336846470832825,-1.016267895698547,0.2550944983959198,4.0,13.0,20311.0,1.134,417181066.0
-1.548848390579224,-3.625962257385254,1.056499361991882,3.0,15.0,20313.0,4.082,417181071.0
-0.2616995275020599,-0.6076594591140747,0.1286052614450455,2.0,11.0,20330.0,0.674,417181117.0
-0.4397208690643311,-1.020040154457092,0.2564442157745361,3.0,13.0,20332.0,1.14,417181122.0
-1.576032161712646,-3.654237747192383,1.06633448600769,3.0,15.0,20333.0,4.12,417181126.0
-0.2621480822563171,-0.6031872034072876,0.1278420239686966,2.0,11.0,20349.0,0.67,417181172.0
-0.4532068371772766,-1.041807055473328,0.2622929215431213,4.0,13.0,20351.0,1.166,417181177.0
-2.344435930252075,-5.386690616607666,1.574137449264526,4.0,15.0,20352.0,6.082,417181182.0
-0.2689848840236664,-0.6130553483963013,0.1301317363977432,2.0,11.0,20369.0,0.682,417181228.0
-0.4490046203136444,-1.022376179695129,0.2577939033508301,4.0,13.0,20371.0,1.146,417181232.0
-1.620940685272217,-3.687358856201172,1.079275369644165,3.0,15.0,20373.0,4.17,417181237.0
-0.2741954326629639,-0.6193407773971558,0.131658211350441,2.0,11.0,20388.0,0.6900000000000001,417181283.0
-0.451602965593338,-1.019099950790405,0.2573440074920654,3.0,13.0,20390.0,1.144,417181288.0
-1.634865760803223,-3.687546730041504,1.080828309059143,4.0,15.0,20391.0,4.176,417181292.0
-0.2739525735378265,-0.6130026578903198,0.1305133551359177,2.0,11.0,20408.0,0.684,417181338.0
-0.4607276320457458,-1.029969573020935,0.2604933083057404,4.0,13.0,20410.0,1.158,417181343.0
-1.632734060287476,-3.648314237594604,1.070993185043335,3.0,15.0,20411.0,4.138,417181347.0
-0.2775978147983551,-0.6156703233718872,0.1312765926122665,2.0,11.0,20427.0,0.6880000000000001,417181394.0
-0.4705536067485809,-1.042645931243896,0.2640925347805023,4.0,13.0,20429.0,1.174,417181398.0
-1.653411984443665,-3.660198211669922,1.076169610023499,4.0,15.0,20431.0,4.158,417181403.0
-0.2781187891960144,-0.6111237406730652,0.1305133551359177,2.0,11.0,20447.0,0.684,417181449.0
-0.4782293438911438,-1.049864053726196,0.2663420438766479,4.0,13.0,20449.0,1.184,417181453.0
-1.669384121894836,-3.661435604095459,1.078240156173706,2.0,15.0,20451.0,4.166,417181458.0
-0.2770777642726898,-0.6029645800590515,0.1289868801832199,2.0,11.0,20468.0,0.676,417181504.0
-0.4796311557292938,-1.042792916297913,0.264992356300354,3.0,13.0,20470.0,1.178,417181509.0
-1.666635394096375,-3.620196104049683,1.067887425422668,1.0,15.0,20472.0,4.126,417181513.0
-0.2841366827487946,-0.6126800179481506,0.1312765926122665,2.0,11.0,20488.0,0.6880000000000001,417181559.0
-0.4816272556781769,-1.037577152252197,0.2640925347805023,3.0,13.0,20490.0,1.174,417181564.0
-2.244171380996704,-4.830237865447998,1.427128195762634,5.0,15.0,20492.0,5.514,417181569.0
-0.2846092283725739,-0.6081281304359436,0.1305133551359177,2.0,11.0,20508.0,0.684,417181615.0
-0.4968193173408508,-1.060595631599426,0.2703911662101746,3.0,13.0,20510.0,1.202,417181619.0
-2.270833969116211,-4.845510005950928,1.433857560157776,2.0,15.0,20511.0,5.54,417181624.0
-0.2867302596569061,-0.6071310043334961,0.1305133551359177,2.0,11.0,20528.0,0.684,417181670.0
-0.5046824812889099,-1.06766414642334,0.2726406753063202,4.0,13.0,20530.0,1.212,417181675.0
-0.2905369699001312,-0.6096709966659546,0.1312765926122665,2.0,11.0,20548.0,0.6880000000000001,417181725.0
-0.516795814037323,-1.083485007286072,0.2771396934986115,4.0,13.0,20550.0,1.232,417181730.0
-2.953557014465332,-6.189480781555176,1.837615251541138,4.0,15.0,20551.0,7.100000000000001,417181735.0
-0.3045740723609924,-0.6334238648414612,0.1366192400455475,2.0,11.0,20568.0,0.716,417181781.0
-0.5205747485160828,-1.081674456596375,0.2771396934986115,4.0,13.0,20570.0,1.232,417181785.0
-3.070120573043823,-6.373544692993164,1.895590662956238,7.0,15.0,20572.0,7.324,417181790.0
-0.3092427849769592,-0.63770991563797,0.1377640962600708,3.0,11.0,20587.0,0.722,417181836.0
-0.5275624394416809,-1.086954832077026,0.2789393067359924,4.0,13.0,20589.0,1.24,417181841.0
-3.117131233215332,-6.419478416442871,1.912155151367188,7.0,15.0,20590.0,7.388,417181845.0
-0.3149180710315704,-0.6436806321144104,0.1392905712127686,3.0,11.0,20607.0,0.73,417181891.0
-0.5416377186775208,-1.106108665466309,0.2843381464481354,4.0,13.0,20609.0,1.264,417181896.0
-3.163594245910645,-6.45484733581543,1.926131367683411,4.0,15.0,20611.0,7.442,417181900.0
-0.3067357540130615,-0.6214516162872314,0.1347111463546753,3.0,11.0,20627.0,0.706,417181946.0
-0.5558529496192932,-1.125177264213562,0.2897369563579559,4.0,13.0,20629.0,1.288,417181951.0
-3.322789430618286,-6.723153591156006,2.00947117805481,7.0,15.0,20630.0,7.764,417181956.0
-0.3132785558700562,-0.6291643381118774,0.1366192400455475,3.0,11.0,20647.0,0.716,417182002.0
-0.5615155696868896,-1.126718521118164,0.2906367480754852,4.0,13.0,20649.0,1.292,417182006.0
-3.446572065353394,-6.909733772277832,2.068999528884888,18.0,15.0,20651.0,7.994,417182011.0
-0.3181164562702179,-0.6333300471305847,0.1377640962600708,3.0,11.0,20667.0,0.722,417182057.0
-0.5794500112533569,-1.15260922908783,0.2978352010250092,4.0,13.0,20669.0,1.324,417182062.0
-3.528491735458374,-7.015625,2.104198932647705,3.0,15.0,20670.0,8.13,417182066.0
-0.3185505867004395,-0.6287131905555725,0.1370008587837219,3.0,11.0,20687.0,0.718,417182112.0
-0.5764188170433044,-1.136675238609314,0.2942359745502472,4.0,13.0,20689.0,1.308,417182117.0
-3.645987033843994,-7.183525562286377,2.15855073928833,4.0,15.0,20691.0,8.34,417182122.0
-0.3243170082569122,-0.6345901489257812,0.1385273337364197,3.0,11.0,20707.0,0.726,417182168.0
-0.5874825119972229,-1.148535847663879,0.2978352010250092,4.0,13.0,20709.0,1.324,417182172.0
-3.751632690429688,-7.331333160400391,2.206691265106201,3.0,15.0,20710.0,8.526,417182177.0
-0.3247311115264893,-0.6299641132354736,0.1377640962600708,3.0,11.0,20727.0,0.722,417182223.0
-0.5932750701904297,-1.149941802024841,0.2987349927425385,4.0,13.0,20729.0,1.328,417182228.0
-0.3341730535030365,-0.6427619457244873,0.1408170312643051,3.0,11.0,20747.0,0.738,417182278.0
-0.6008836030960083,-1.154778718948364,0.3005346059799194,4.0,13.0,20749.0,1.336,417182283.0
-4.084604740142822,-7.846452236175537,2.370264768600464,3.0,15.0,20750.0,9.158,417182287.0
-0.3345912992954254,-0.6381140947341919,0.1400538086891174,3.0,11.0,20767.0,0.734,417182334.0
-0.6103442311286926,-1.16302752494812,0.3032340109348297,4.0,13.0,20769.0,1.348,417182338.0
-2.907811403274536,-5.536216259002686,1.675594449043274,2.0,15.0,20771.0,6.474,417182343.0
-0.2317027747631073,-0.4383501410484314,0.07853010296821594,1.0,9.0,20786.0,0.502,417182384.0
-0.3303923904895782,-0.624793529510498,0.1373824775218964,2.0,11.0,20787.0,0.72,417182389.0
-0.6107538938522339,-1.154000401496887,0.3014344274997711,4.0,13.0,20789.0,1.34,417182393.0
-2.938809633255005,-5.550445556640625,1.682841420173645,0.0,15.0,20790.0,6.502,417182398.0
-0.3482760787010193,-0.6530858874320984,0.1438699811697006,3.0,11.0,20807.0,0.754,417182444.0
-0.6221190690994263,-1.16561496257782,0.3050336241722107,4.0,13.0,20809.0,1.356,417182449.0
-1.376716613769531,-2.57836127281189,0.7831864356994629,4.0,15.0,20810.0,3.026,417182453.0
-0.2346049100160599,-0.436803787946701,0.07853010296821594,1.0,9.0,20824.0,0.502,417182495.0
-0.3411443829536438,-0.6346349120140076,0.1400538086891174,3.0,11.0,20826.0,0.734,417182499.0
-0.6296740174293518,-1.17041015625,0.3068332374095917,4.0,13.0,20828.0,1.364,417182504.0
-1.38525927066803,-2.573781728744507,0.7831864356994629,9.0,15.0,20829.0,3.026,417182509.0
-0.3433575928211212,-0.6334401965141296,0.1400538086891174,3.0,11.0,20846.0,0.734,417182555.0
-0.6430482864379883,-1.185334205627441,0.3113322556018829,4.0,13.0,20848.0,1.384,417182559.0
-0.3529866635799408,-0.6460811495780945,0.1431067436933517,3.0,11.0,20865.0,0.75,417182610.0
-0.6581947207450867,-1.203713059425354,0.3167310953140259,4.0,13.0,20867.0,1.408,417182615.0
-1.299834847450256,-2.376165628433228,0.7257286310195923,3.0,15.0,20868.0,2.804,417182619.0
-0.2391661554574966,-0.4343231320381165,0.07853010296821594,1.0,9.0,20884.0,0.502,417182661.0
-0.3590289652347565,-0.6517234444618225,0.1446332186460495,3.0,11.0,20885.0,0.758,417182665.0
-0.6774468421936035,-1.228712916374207,0.3239295184612274,5.0,13.0,20887.0,1.44,417182670.0
-0.3633224368095398,-0.6538353562355042,0.1453964561223984,3.0,11.0,20906.0,0.762,417182721.0
-0.6772099733352661,-1.217706322669983,0.3216800093650818,4.0,13.0,20908.0,1.43,417182725.0
-0.2422679662704468,-0.4326005876064301,0.07853010296821594,1.0,9.0,20925.0,0.502,417182771.0
-0.368481308221817,-0.6577014327049255,0.1465413123369217,3.0,11.0,20926.0,0.768,417182776.0
-0.693846583366394,-1.23743200302124,0.3275287449359894,4.0,13.0,20928.0,1.456,417182780.0
-1.316962122917175,-2.346798896789551,0.721069872379303,62.0,15.0,20930.0,2.786,417182785.0
-0.2437011897563934,-0.4317947924137115,0.07853010296821594,1.0,9.0,20944.0,0.502,417182827.0
-0.3640159368515015,-0.6444453597068787,0.1438699811697006,3.0,11.0,20946.0,0.754,417182831.0
-0.7039158940315247,-1.245181083679199,0.3302281498908997,5.0,13.0,20948.0,1.468,417182836.0
-1.335610151290894,-2.360682964324951,0.726763904094696,83.0,15.0,20950.0,2.808,417182840.0
-0.3720923960208893,-0.6534069180488586,0.1461596935987473,3.0,11.0,20966.0,0.766,417182886.0
-0.7159774899482727,-1.256260871887207,0.3338273763656616,4.0,13.0,20968.0,1.484,417182891.0
-1.343842267990112,-2.356006383895874,0.726763904094696,97.0,15.0,20970.0,2.808,417182896.0
-0.2466346472501755,-0.4301259815692902,0.07853010296821594,1.0,9.0,20983.0,0.502,417182937.0
-0.3879375457763672,-0.6760085225105286,0.1515023410320282,3.0,11.0,20985.0,0.794,417182942.0
-0.7288743257522583,-1.269088506698608,0.3378764688968658,4.0,13.0,20987.0,1.502,417182946.0
-1.344500303268433,-2.340047597885132,0.7231404185295105,69.0,15.0,20988.0,2.794,417182951.0
-0.3834131062030792,-0.6627546548843384,0.1488310098648071,2.0,11.0,21005.0,0.78,417182997.0
-0.7430641651153564,-1.283401250839233,0.3423755168914795,4.0,13.0,21007.0,1.522,417183002.0
-1.339508295059204,-2.311702966690063,0.7158935070037842,17.0,15.0,21009.0,2.766,417183006.0
-0.3868289887905121,-0.6630406379699707,0.1492126286029816,3.0,11.0,21026.0,0.782,417183052.0
-0.76348477602005,-1.307595133781433,0.349573940038681,4.0,13.0,21028.0,1.554,417183057.0
-1.321261167526245,-2.26197361946106,0.7019172310829163,16.0,15.0,21029.0,2.712,417183062.0
-0.3891410827636719,-0.661686360836029,0.1492126286029816,3.0,11.0,21046.0,0.782,417183108.0
-0.7828715443611145,-1.330113649368286,0.3563224673271179,5.0,13.0,21048.0,1.584,417183112.0
-1.311894059181213,-2.22715425491333,0.6925997734069824,14.0,15.0,21050.0,2.676,417183117.0
-0.2526905536651611,-0.4265964031219482,0.07853010296821594,1.0,9.0,21064.0,0.502,417183158.0
-0.4034621715545654,-0.6805896759033203,0.1537920534610748,3.0,11.0,21066.0,0.806,417183163.0
-0.7894984483718872,-1.330724835395813,0.3572222888469696,4.0,13.0,21068.0,1.588,417183168.0
-1.303496241569519,-2.196211099624634,0.6843175292015076,16.0,15.0,21069.0,2.644,417183172.0
-0.2542524337768555,-0.425667405128479,0.07853010296821594,1.0,9.0,21085.0,0.502,417183214.0
-0.4048283994197845,-0.6774918437004089,0.1534104347229004,3.0,11.0,21086.0,0.804,417183218.0
-0.8011399507522583,-1.339668273925781,0.3603715896606445,4.0,13.0,21088.0,1.602,417183223.0
-1.238122701644897,-2.068752288818359,0.6460123658180237,22.0,15.0,21090.0,2.496,417183227.0
-0.255662590265274,-0.4248219132423401,0.07853010296821594,1.0,9.0,21104.0,0.502,417183269.0
-0.4142811894416809,-0.6878470778465271,0.1560817509889603,3.0,11.0,21106.0,0.8180000000000001,417183273.0
-0.8269374966621399,-1.371912479400635,0.3698195219039917,4.0,13.0,21108.0,1.644,417183278.0
-1.234002828598022,-2.04643726348877,0.6403183341026306,54.0,15.0,21109.0,2.474,417183283.0
-0.2572179138660431,-0.423882007598877,0.07853010296821594,1.0,9.0,21125.0,0.502,417183324.0
-0.416679710149765,-0.6863967776298523,0.1560817509889603,3.0,11.0,21126.0,0.8180000000000001,417183329.0
-0.8408277630805969,-1.384006857872009,0.3738686442375183,4.0,13.0,21128.0,1.662,417183333.0
-1.230455160140991,-2.023743152618408,0.6346243023872375,49.0,15.0,21130.0,2.452,417183338.0
-0.2586221396923065,-0.4230267107486725,0.07853010296821594,1.0,9.0,21144.0,0.502,417183379.0
-0.4129253625869751,-0.6748901009559631,0.1537920534610748,3.0,11.0,21146.0,0.806,417183384.0
-0.8609182238578796,-1.405992269515991,0.3806171715259552,5.0,13.0,21148.0,1.692,417183389.0
-1.249268531799316,-2.039419889450073,0.6408359408378601,61.0,15.0,21149.0,2.476,417183393.0
-0.2601708769798279,-0.4220759868621826,0.07853010296821594,1.0,9.0,21165.0,0.502,417183435.0
-0.423522412776947,-0.686813235282898,0.1568449884653091,3.0,11.0,21166.0,0.8220000000000001,417183439.0
-0.8709380030632019,-1.411270380020142,0.3828666806221008,4.0,13.0,21168.0,1.702,417183444.0
-1.240492820739746,-2.008529186248779,0.63255375623703,49.0,15.0,21170.0,2.444,417183449.0
-0.2824112772941589,-0.4547735154628754,0.08478748053312302,1.0,9.0,21184.0,0.542,417183490.0
-0.4290261268615723,-0.6903330683708191,0.1579898446798325,3.0,11.0,21186.0,0.8280000000000001,417183495.0
-0.8882094621658325,-1.428079128265381,0.3882655203342438,4.0,13.0,21188.0,1.726,417183499.0
-1.257352352142334,-2.020807027816772,0.6377301216125488,44.0,15.0,21189.0,2.464,417183504.0
-0.2839969992637634,-0.4537849426269531,0.08478748053312302,1.0,9.0,21204.0,0.542,417183545.0
-0.444980651140213,-0.7104612588882446,0.1629508882761002,3.0,11.0,21206.0,0.854,417183550.0
-0.9149236083030701,-1.459644794464111,0.3977134525775909,4.0,13.0,21208.0,1.768,417183555.0
-1.283898234367371,-2.047502994537354,0.6475652456283569,19.0,15.0,21209.0,2.502,417183559.0
-1.316558003425598,-2.086618185043335,0.3907732963562012,1.0,9.0,21225.0,2.498,417183601.0
-0.4390746355056763,-0.6956220865249634,0.1598979383707047,3.0,11.0,21226.0,0.838,417183605.0
-0.9387463927268982,-1.486098289489746,0.4058116972446442,5.0,13.0,21228.0,1.804,417183610.0
-1.295165538787842,-2.049541234970093,0.6496357917785645,17.0,15.0,21229.0,2.51,417183614.0
-0.2787576019763947,-0.4384055733680725,0.08228452503681183,1.0,9.0,21245.0,0.526,417183656.0
-0.452037125825882,-0.7106505036354065,0.1637141108512878,3.0,11.0,21246.0,0.858,417183661.0
-0.9920663833618164,-1.558432459831238,0.4265072047710419,7.0,13.0,21248.0,1.896,417183665.0
-1.296440958976746,-2.035004615783691,0.6465299725532532,20.0,15.0,21250.0,2.498,417183670.0
-0.2888120412826538,-0.4507357180118561,0.08478748053312302,1.0,9.0,21265.0,0.542,417183711.0
-0.4608718454837799,-0.7189853191375732,0.1660038232803345,3.0,11.0,21266.0,0.87,417183716.0
-1.000656962394714,-1.55988085269928,0.4278568923473358,6.0,13.0,21268.0,1.902,417183720.0
-1.303182125091553,-2.030694246292114,0.6465299725532532,54.0,15.0,21269.0,2.498,417183725.0
-1.359766960144043,-2.105906963348389,0.3970306813716888,1.0,9.0,21285.0,2.538,417183767.0
-0.4612483084201813,-0.714073896408081,0.1652405858039856,3.0,11.0,21286.0,0.866,417183771.0
-1.038891792297363,-1.607112050056458,0.4418038725852966,8.0,13.0,21288.0,1.964,417183776.0
-1.312360763549805,-2.029377460479736,0.6475652456283569,68.0,15.0,21289.0,2.502,417183780.0
-1.345202445983887,-2.068267583847046,0.3907732963562012,1.0,9.0,21304.0,2.498,417183822.0
-0.4701640009880066,-0.7223319411277771,0.1675302982330322,3.0,11.0,21306.0,0.878,417183826.0
-1.060449957847595,-1.627968907356262,0.4485523998737335,8.0,13.0,21308.0,1.994,417183831.0
-1.30783486366272,-2.006980180740356,0.6418712139129639,65.0,15.0,21309.0,2.48,417183836.0
-0.293516218662262,-0.4476866126060486,0.08478748053312302,1.0,9.0,21325.0,0.542,417183877.0
-0.4726825356483459,-0.7206863760948181,0.1675302982330322,3.0,11.0,21326.0,0.878,417183882.0
-1.113176941871643,-1.695939660072327,0.4683480858802795,9.0,13.0,21328.0,2.082,417183886.0
-1.31412136554718,-2.000558614730835,0.6413536071777344,61.0,15.0,21330.0,2.478,417183891.0
-0.2993534207344055,-0.4533043503761292,0.08603895455598831,1.0,9.0,21344.0,0.55,417183932.0
-0.4772341549396515,-0.7223910689353943,0.1682935357093811,3.0,11.0,21345.0,0.882,417183937.0
-1.163933396339417,-1.760513663291931,0.4872439801692963,8.0,13.0,21347.0,2.166,417183942.0
-1.320399761199951,-1.99642026424408,0.6413536071777344,61.0,15.0,21348.0,2.478,417183946.0
-0.3118769824504852,-0.4687023460865021,0.08916764706373215,1.0,9.0,21364.0,0.5700000000000001,417183988.0
-0.4862801134586334,-0.7305265069007874,0.1705832481384277,3.0,11.0,21365.0,0.894,417183992.0
-1.201403260231018,-1.803473114967346,0.5002911686897278,8.0,13.0,21367.0,2.224,417183997.0
-1.334859728813171,-2.003052234649658,0.6449770331382751,65.0,15.0,21368.0,2.492,417184001.0
-1.391187191009521,-2.075778722763062,0.3957791924476624,1.0,9.0,21383.0,2.53,417184043.0
-0.4866400063037872,-0.7255637049674988,0.1698200106620789,3.0,11.0,21385.0,0.89,417184048.0
-1.204432964324951,-1.794414281845093,0.4989414513111115,9.0,13.0,21387.0,2.218,417184052.0
-1.341115117073059,-1.996542572975159,0.6444594264030457,58.0,15.0,21389.0,2.49,417184057.0
-0.3107184767723083,-0.4599660634994507,0.08791617304086685,1.0,9.0,21404.0,0.562,417184098.0
-0.4902690052986145,-0.725487232208252,0.1702016294002533,3.0,11.0,21405.0,0.892,417184103.0
-1.24889862537384,-1.846697688102722,0.5146880149841309,10.0,13.0,21407.0,2.288,417184107.0
-1.34049665927887,-1.980649828910828,0.6408359408378601,54.0,15.0,21409.0,2.476,417184112.0
-0.3166867792606354,-0.4654660224914551,0.08916764706373215,1.0,9.0,21423.0,0.5700000000000001,417184154.0
-0.4983230829238892,-0.7318854928016663,0.1721097081899643,2.0,11.0,21425.0,0.902,417184158.0
-1.280575633049011,-1.879366755485535,0.5250357389450073,13.0,13.0,21427.0,2.334,417184163.0
-1.350667357444763,-1.980746865272522,0.6423888802528381,61.0,15.0,21429.0,2.482,417184167.0
-0.3138421177864075,-0.4578404426574707,0.08791617304086685,1.0,9.0,21443.0,0.562,417184209.0
-0.4975430369377136,-0.72528475522995,0.1709648668766022,2.0,11.0,21445.0,0.896,417184213.0
-1.309186816215515,-1.90701699256897,0.5340337753295898,14.0,13.0,21447.0,2.374,417184218.0
-1.358667135238647,-1.977612376213074,0.6429064869880676,54.0,15.0,21449.0,2.484,417184223.0
-0.3468699753284454,-0.5022538304328918,0.09667649865150452,1.0,9.0,21463.0,0.618,417184264.0
-0.513466477394104,-0.7429242134094238,0.1755442768335342,2.0,11.0,21465.0,0.92,417184269.0
-1.334680795669556,-1.929681777954102,0.5416821241378784,15.0,13.0,21467.0,2.408,417184273.0
-1.370713710784912,-1.9810391664505,0.6454946994781494,56.0,15.0,21468.0,2.494,417184278.0
-0.3215436935424805,-0.462124228477478,0.08916764706373215,1.0,9.0,21483.0,0.5700000000000001,417184319.0
-0.5216659903526306,-0.7491830587387085,0.1774523705244064,3.0,11.0,21485.0,0.93,417184324.0
-1.355892062187195,-1.945796132087708,0.5475308895111084,17.0,13.0,21487.0,2.434,417184329.0
-1.3901207447052,-1.993432641029358,0.6511887311935425,65.0,15.0,21489.0,2.516,417184333.0
-0.3321431279182434,-0.4739972949028015,0.09167059510946274,1.0,9.0,21502.0,0.586,417184375.0
-0.5286563038825989,-0.7538787126541138,0.178978830575943,3.0,11.0,21504.0,0.9380000000000001,417184379.0
-1.363456606864929,-1.94288432598114,0.547980785369873,19.0,13.0,21506.0,2.436,417184384.0
-1.399706363677979,-1.993798971176147,0.6527416110038757,61.0,15.0,21507.0,2.522,417184389.0
-0.3361572027206421,-0.4760039150714874,0.09229633212089539,1.0,9.0,21523.0,0.59,417184430.0
-0.5369486212730408,-0.760046124458313,0.1808869242668152,3.0,11.0,21524.0,0.9480000000000001,417184435.0
-1.390479922294617,-1.966755151748657,0.5560790300369263,18.0,13.0,21526.0,2.472,417184439.0
-1.393615245819092,-1.969730854034424,0.6465299725532532,56.0,15.0,21528.0,2.498,417184444.0
-0.3285749554634094,-0.4620082676410675,0.0897933840751648,1.0,9.0,21542.0,0.5740000000000001,417184485.0
-0.5373216271400452,-0.7549681663513184,0.1801236867904663,3.0,11.0,21544.0,0.9440000000000001,417184490.0
-1.407511472702026,-1.97617506980896,0.5601281523704529,22.0,13.0,21546.0,2.49,417184495.0
-1.40462338924408,-1.971392035484314,0.6486005187034607,58.0,15.0,21547.0,2.506,417184499.0
-0.3394721150398254,-0.4736455082893372,0.09229633212089539,1.0,9.0,21563.0,0.59,417184541.0
-0.5468174815177917,-0.7626610994338989,0.1824133992195129,3.0,11.0,21564.0,0.9560000000000001,417184545.0
-1.406448602676392,-1.960166573524475,0.5569788217544556,38.0,13.0,21566.0,2.476,417184550.0
-1.411839485168457,-1.966230511665344,0.6486005187034607,56.0,15.0,21568.0,2.506,417184554.0
-0.3526016473770142,-0.488534688949585,0.09542502462863922,1.0,9.0,21582.0,0.61,417184596.0
-0.5632707476615906,-0.7798460125923157,0.186992809176445,3.0,11.0,21584.0,0.98,417184600.0
-1.424698114395142,-1.971038818359375,0.5614778399467468,34.0,13.0,21586.0,2.496,417184605.0
-1.422879815101624,-1.967799782752991,0.6506710648536682,51.0,15.0,21587.0,2.514,417184610.0
-0.3450943529605865,-0.4744590222835541,0.09292206913232803,1.0,9.0,21603.0,0.594,417184651.0
-0.567144513130188,-0.7794625759124756,0.1873744279146194,3.0,11.0,21604.0,0.982,417184656.0
-1.431569576263428,-1.96605372428894,0.5614778399467468,36.0,13.0,21606.0,2.496,417184660.0
-1.430082678794861,-1.962571501731873,0.6506710648536682,58.0,15.0,21608.0,2.514,417184665.0
-0.3606725335121155,-0.4924357533454895,0.09667649865150452,2.0,9.0,21622.0,0.618,417184706.0
-0.5733437538146973,-0.7822284698486328,0.1885192841291428,3.0,11.0,21624.0,0.988,417184711.0
-1.440728902816772,-1.964187264442444,0.5623776316642761,48.0,13.0,21626.0,2.5,417184716.0
-1.432011485099792,-1.951588273048401,0.6486005187034607,56.0,15.0,21627.0,2.506,417184720.0
-0.3437060415744781,-0.4656808376312256,0.09167059510946274,1.0,9.0,21643.0,0.586,417184762.0
-0.5714061856269836,-0.7739048004150391,0.186992809176445,3.0,11.0,21644.0,0.98,417184766.0
-1.455682873725891,-1.970117449760437,0.5655269622802734,51.0,13.0,21646.0,2.514,417184771.0
-1.446046113967896,-1.955646514892578,0.651706337928772,56.0,15.0,21648.0,2.518,417184776.0
-0.3735281527042389,-0.5025894641876221,0.0991794541478157,1.0,9.0,21662.0,0.634,417184817.0
-0.5799623727798462,-0.7797820568084717,0.1889009028673172,3.0,11.0,21664.0,0.99,417184822.0
-1.457896828651428,-1.958771109580994,0.5637273192405701,52.0,13.0,21666.0,2.506,417184826.0
-1.458291888237,-1.958588123321533,0.6542945504188538,54.0,15.0,21667.0,2.528,417184831.0
-0.311621367931366,-0.4164013564586639,0.06385953724384308,1.0,7.0,21681.0,0.524,417184868.0
-0.3610740303993225,-0.4823065400123596,0.09542502462863922,1.0,9.0,21682.0,0.61,417184872.0
-0.5944521427154541,-0.7934650778770447,0.1927170902490616,3.0,11.0,21684.0,1.01,417184877.0
-1.464725375175476,-1.953670144081116,0.5637273192405701,61.0,13.0,21686.0,2.506,417184882.0
-1.468597173690796,-1.958122253417969,0.6558474898338318,56.0,15.0,21687.0,2.534,417184886.0
-0.2986645996570587,-0.3963412940502167,0.06093467026948929,1.0,7.0,21700.0,0.5,417184923.0
-0.3627554178237915,-0.4810432195663452,0.09542502462863922,1.0,9.0,21702.0,0.61,417184928.0
-0.6100857853889465,-0.8087297677993774,0.1969148814678192,4.0,11.0,21703.0,1.032,417184932.0
-1.475892424583435,-1.955023407936096,0.5655269622802734,61.0,13.0,21705.0,2.514,417184937.0
-1.471589684486389,-1.948616504669189,0.6542945504188538,54.0,15.0,21706.0,2.528,417184941.0
-0.3144484758377075,-0.4142705798149109,0.06385953724384308,1.0,7.0,21720.0,0.524,417184978.0
-0.3644323348999023,-0.4797740280628204,0.09542502462863922,1.0,9.0,21722.0,0.61,417184983.0
-0.6045904755592346,-0.7956531047821045,0.1942435503005981,4.0,11.0,21723.0,1.018,417184988.0
-1.485066890716553,-1.952962160110474,0.5664267539978027,63.0,13.0,21725.0,2.518,417184992.0
-1.479891777038574,-1.944747090339661,0.6548121571540833,56.0,15.0,21727.0,2.53,417184997.0
-0.3014930784702301,-0.3941939771175385,0.06093467026948929,1.0,7.0,21741.0,0.5,417185034.0
-0.3829970061779022,-0.5003960728645325,0.09980519115924835,2.0,9.0,21743.0,0.638,417185038.0
-0.6158572435379028,-0.8043434619903564,0.1969148814678192,4.0,11.0,21744.0,1.032,417185043.0
-1.496955871582031,-1.953693389892578,0.5682263374328613,63.0,13.0,21746.0,2.526,417185047.0
-1.490196824073792,-1.944169282913208,0.6563650965690613,54.0,15.0,21747.0,2.536,417185052.0
-0.3919779062271118,-0.508442759513855,0.1016824021935463,1.0,9.0,21763.0,0.65,417185094.0
-0.6246559619903564,-0.8099619150161743,0.1988229751586914,4.0,11.0,21764.0,1.042,417185098.0
-1.502575755119324,-1.946913480758667,0.5677764415740967,53.0,13.0,21766.0,2.524,417185103.0
-1.50523829460144,-1.949659705162048,0.6599885821342468,56.0,15.0,21767.0,2.55,417185107.0
-0.3778303563594818,-0.4869204461574554,0.09761510789394379,2.0,9.0,21781.0,0.624,417185149.0
-0.6417877078056335,-0.8264937996864319,0.2034023851156235,3.0,11.0,21783.0,1.066,417185153.0
-1.513806700706482,-1.94807505607605,0.5695760846138,19.0,13.0,21785.0,2.532,417185158.0
-1.510509610176086,-1.943132162094116,0.6594709157943726,49.0,15.0,21786.0,2.548,417185163.0
-0.394212931394577,-0.504206657409668,0.1013695299625397,2.0,9.0,21802.0,0.648,417185204.0
-0.647087812423706,-0.8273413777351379,0.2041656225919724,3.0,11.0,21803.0,1.07,417185209.0
-1.515239000320435,-1.93454110622406,0.6584356427192688,54.0,15.0,21807.0,2.544,417185218.0
-0.3388169705867767,-0.4305595755577087,0.0672718808054924,1.0,7.0,21820.0,0.552,417185255.0
-0.4216352999210358,-0.5354182124137878,0.1079397797584534,2.0,9.0,21822.0,0.6900000000000001,417185259.0
-0.6572612524032593,-0.8343307971954346,0.206455335021019,3.0,11.0,21823.0,1.082,417185264.0
-2.534758329391479,-3.215325593948364,0.945244312286377,2.0,13.0,21825.0,4.202,417185269.0
-0.3230553567409515,-0.4075944125652313,0.06385953724384308,1.0,7.0,21840.0,0.524,417185310.0
-0.3989508748054504,-0.5029899477958679,0.1016824021935463,2.0,9.0,21842.0,0.65,417185315.0
-0.6650506854057312,-0.8381832242012024,0.2079818099737167,4.0,11.0,21843.0,1.09,417185319.0
-2.656239032745361,-3.345338344573975,0.9861854314804077,1.0,13.0,21845.0,4.384,417185324.0
-6.660192489624023,-8.385018348693848,2.86926794052124,3.0,15.0,21846.0,11.086,417185328.0
-0.3858246505260468,-0.4831412136554718,0.09792797267436981,1.0,9.0,21861.0,0.626,417185370.0
-0.6839057207107544,-0.8557945489883423,0.2129428386688232,4.0,11.0,21863.0,1.116,417185375.0
-3.276454210281372,-4.097005367279053,1.21113646030426,7.0,13.0,21865.0,5.384,417185379.0
-6.890049457550049,-8.609421730041504,2.954678297042847,3.0,15.0,21867.0,11.416,417185384.0
-0.3258929848670959,-0.4053291380405426,0.06385953724384308,1.0,7.0,21880.0,0.524,417185421.0
-0.3974993824958801,-0.4940362870693207,0.100430928170681,1.0,9.0,21882.0,0.642,417185425.0
-0.6991987228393555,-0.8686959743499756,0.2167590260505676,4.0,11.0,21883.0,1.136,417185430.0
-3.304182052612305,-4.102237701416016,1.216085433959961,6.0,13.0,21885.0,5.406,417185434.0
-7.161316394805908,-8.884632110595703,3.057688236236572,7.0,15.0,21887.0,11.814,417185439.0
-0.3273058831691742,-0.4041890799999237,0.06385953724384308,1.0,7.0,21900.0,0.524,417185476.0
-0.4016223251819611,-0.4957852959632874,0.1010566651821136,1.0,9.0,21901.0,0.646,417185481.0
-0.7108809351921082,-0.8769256472587585,0.2194303423166275,4.0,11.0,21903.0,1.15,417185485.0
-3.370044946670532,-4.15424108505249,1.234981298446655,6.0,13.0,21905.0,5.49,417185490.0
-7.36396598815918,-9.07105827331543,3.130675077438354,5.0,15.0,21907.0,12.096,417185494.0
-0.313659131526947,-0.3845840990543365,0.06093467026948929,1.0,7.0,21920.0,0.5,417185531.0
-0.4083455204963684,-0.5005027055740356,0.1023081392049789,1.0,9.0,21921.0,0.654,417185536.0
-0.7151793241500854,-0.8759596347808838,0.2198119610548019,4.0,11.0,21923.0,1.152,417185540.0
-3.431378602981567,-4.199797630310059,1.252077579498291,6.0,13.0,21925.0,5.566,417185545.0
-8.294353485107422,-10.14455318450928,3.511139154434204,8.0,15.0,21927.0,13.566,417185550.0
-0.4401884973049164,-0.5357035994529724,0.1098169907927513,1.0,9.0,21941.0,0.7020000000000001,417185591.0
-0.7169857025146484,-0.8719414472579956,0.2194303423166275,4.0,11.0,21943.0,1.15,417185596.0
-3.506691217422485,-4.261528491973877,1.274122714996338,4.0,13.0,21945.0,5.664,417185600.0
-12.36976051330566,-15.02708148956299,5.215203762054443,7.0,15.0,21946.0,20.15,417185605.0
-0.443315178155899,-0.5356855988502502,0.1101298630237579,2.0,9.0,21961.0,0.704,417185646.0
-0.7413126230239868,-0.8951383829116821,0.2259178459644318,4.0,11.0,21963.0,1.184,417185651.0
-3.607345819473267,-4.352792263031006,1.305166006088257,6.0,13.0,21965.0,5.802,417185656.0
-0.332917332649231,-0.399579793214798,0.06385953724384308,1.0,7.0,21980.0,0.524,417185697.0
-0.4401234686374664,-0.5280651450157166,0.1088783890008926,2.0,9.0,21981.0,0.6960000000000001,417185702.0
-0.7456902265548706,-0.8940529227256775,0.2262994647026062,4.0,11.0,21983.0,1.186,417185706.0
-3.684953689575195,-4.414978504180908,1.327661156654358,6.0,13.0,21985.0,5.902,417185711.0
-12.90152931213379,-15.45196437835693,5.393788814544678,4.0,15.0,21986.0,20.84,417185716.0
-0.4306235015392303,-0.5128334164619446,0.1060625687241554,2.0,9.0,22002.0,0.678,417185757.0
-0.7677476406097412,-0.9139937162399292,0.2320237457752228,4.0,11.0,22003.0,1.216,417185762.0
-3.775578022003174,-4.491592407226562,1.354655265808105,6.0,13.0,22005.0,6.022,417185766.0
-13.32741928100586,-15.84364891052246,5.547527313232422,10.0,15.0,22007.0,21.434,417185771.0
-0.3254484534263611,-0.3851162195205688,0.06190962716937065,1.0,7.0,22020.0,0.508,417185808.0
-0.4399734437465668,-0.5204539895057678,0.1079397797584534,2.0,9.0,22021.0,0.6900000000000001,417185812.0
-0.7709334492683411,-0.911308228969574,0.2320237457752228,4.0,11.0,22023.0,1.216,417185817.0
-3.85922646522522,-4.55870246887207,1.378949999809265,6.0,13.0,22025.0,6.13,417185822.0
-13.87427997589111,-16.38316345214844,5.752511978149414,9.0,15.0,22026.0,22.226,417185826.0
-0.3267907798290253,-0.383977860212326,0.06190962716937065,1.0,7.0,22040.0,0.508,417185863.0
-0.4418780505657196,-0.5188379287719727,0.1079397797584534,2.0,9.0,22042.0,0.6900000000000001,417185868.0
-0.7792026400566101,-0.9145892858505249,0.2335502058267593,4.0,11.0,22043.0,1.224,417185872.0
-3.977524995803833,-4.665321350097656,1.41539204120636,4.0,13.0,22045.0,6.292,417185877.0
-14.13234615325928,-16.56440544128418,5.834299087524414,11.0,15.0,22047.0,22.542,417185881.0
-0.4500250816345215,-0.524867832660675,0.1095041260123253,2.0,9.0,22061.0,0.7000000000000001,417185923.0
-0.7913392782211304,-0.9222936034202576,0.2362215369939804,4.0,11.0,22063.0,1.238,417185927.0
-4.077571392059326,-4.748991012573242,1.445085525512695,6.0,13.0,22065.0,6.424,417185932.0
-0.4661498069763184,-0.539658784866333,0.1129456833004951,2.0,9.0,22082.0,0.722,417185978.0
-0.8099571466445923,-0.9373517632484436,0.2408009469509125,4.0,11.0,22083.0,1.262,417185983.0
-4.221587181091309,-4.88213586807251,1.490075826644897,6.0,13.0,22085.0,6.624000000000001,417185987.0
-0.3255844414234161,-0.3745420575141907,0.06093467026948929,1.0,7.0,22100.0,0.5,417186029.0
-0.4640481472015381,-0.5336381793022156,0.1120070740580559,2.0,9.0,22101.0,0.716,417186033.0
-0.822245717048645,-0.9448858499526978,0.2434722781181335,4.0,11.0,22103.0,1.276,417186038.0
-4.32562780380249,-4.967304229736328,1.520669102668762,6.0,13.0,22105.0,6.76,417186043.0
-0.3504258990287781,-0.4002882838249207,0.06532196700572968,1.0,7.0,22120.0,0.536,417186084.0
-0.4646992385387421,-0.5304479598999023,0.1116942092776299,2.0,9.0,22122.0,0.714,417186089.0
-0.8384784460067749,-0.9567749500274658,0.2472884505987167,4.0,11.0,22123.0,1.296,417186093.0
-4.476569652557373,-5.104548931121826,1.567458987236023,6.0,13.0,22125.0,6.968,417186098.0
-0.3439444601535797,-0.3901284039020538,0.06385953724384308,1.0,7.0,22140.0,0.524,417186139.0
-0.4834415018558502,-0.5481638312339783,0.1157615035772324,2.0,9.0,22141.0,0.74,417186144.0
-0.8496077060699463,-0.9626741409301758,0.2495781630277634,4.0,11.0,22143.0,1.308,417186149.0
-4.656900405883789,-5.272933483123779,1.624146580696106,6.0,13.0,22145.0,7.22,417186153.0
-12.90584850311279,-14.60794544219971,5.222968101501465,5.0,15.0,22146.0,20.18,417186158.0
-0.3453041613101959,-0.3889254331588745,0.06385953724384308,1.0,7.0,22160.0,0.524,417186195.0
-0.5024049282073975,-0.5656733512878418,0.1198287978768349,2.0,9.0,22161.0,0.766,417186199.0
-0.8673093318939209,-0.9758443832397461,0.253775954246521,5.0,11.0,22163.0,1.33,417186204.0
-4.806082248687744,-5.403715133666992,1.669586777687073,4.0,13.0,22165.0,7.422000000000001,417186209.0
-12.34552097320557,-13.87580013275146,4.976572513580322,7.0,15.0,22166.0,19.228,417186213.0
-0.3387208878993988,-0.3788386881351471,0.06239710375666618,1.0,7.0,22180.0,0.512,417186250.0
-0.5005233287811279,-0.5594117641448975,0.1188901960849762,2.0,9.0,22182.0,0.76,417186255.0
-0.8824944496154785,-0.9859768152236938,0.2572105228900909,4.0,11.0,22183.0,1.348,417186259.0
-4.990036487579346,-5.57125997543335,1.72672426700592,4.0,13.0,22185.0,7.676,417186264.0
-0.4918946027755737,-0.5459209680557251,0.116387240588665,2.0,9.0,22202.0,0.744,417186310.0
-0.9095906019210815,-1.009139657020569,0.2640796601772308,4.0,11.0,22203.0,1.384,417186315.0
-5.282245635986328,-5.856242179870605,1.820753812789917,4.0,13.0,22205.0,8.094,417186319.0
-0.344024270772934,-0.3794058859348297,0.06288458406925201,1.0,7.0,22220.0,0.516,417186361.0
-0.4991068840026855,-0.5500522255897522,0.1176387146115303,2.0,9.0,22222.0,0.752,417186365.0
-0.9197052121162415,-1.013226866722107,0.265987753868103,4.0,11.0,22223.0,1.394,417186370.0
-5.493954658508301,-6.048372268676758,1.886439561843872,6.0,13.0,22225.0,8.386000000000001,417186374.0
-14.47137069702148,-15.92615127563477,5.765970706939697,11.0,15.0,22226.0,22.278,417186379.0
-0.3507007360458374,-0.3840663135051727,0.06385953724384308,1.0,7.0,22240.0,0.524,417186416.0
-0.5063539147377014,-0.5541397333145142,0.1188901960849762,2.0,9.0,22242.0,0.76,417186421.0
-0.9298593997955322,-1.017255783081055,0.2678958177566528,4.0,11.0,22243.0,1.404,417186425.0
-5.785984516143799,-6.325367450714111,1.979119420051575,4.0,13.0,22245.0,8.798,417186430.0
-14.35081577301025,-15.68313503265381,5.696089744567871,6.0,15.0,22246.0,22.008,417186434.0
-0.5202248096466064,-0.5655420422554016,0.1217060163617134,2.0,9.0,22261.0,0.778,417186476.0
-0.9520195126533508,-1.034226059913635,0.273238480091095,4.0,11.0,22263.0,1.432,417186480.0
-6.115660667419434,-6.639093399047852,2.083946466445923,6.0,13.0,22265.0,9.264,417186485.0
-0.4994689226150513,-0.5389998555183411,0.116387240588665,2.0,9.0,22282.0,0.744,417186531.0
-0.9663012027740479,-1.042415022850037,0.2762914299964905,4.0,11.0,22283.0,1.448,417186536.0
-6.325665473937988,-6.819150924682617,2.147382736206055,4.0,13.0,22285.0,9.546,417186540.0
-0.3654656112194061,-0.3920510411262512,0.06580944359302521,1.0,7.0,22299.0,0.54,417186582.0
-0.5255077481269836,-0.5633409023284912,0.1220188811421394,2.0,9.0,22301.0,0.78,417186586.0
-1.000559687614441,-1.072218298912048,0.2850686311721802,4.0,11.0,22302.0,1.494,417186591.0
-6.466616630554199,-6.924898624420166,2.187423944473267,3.0,13.0,22304.0,9.724,417186596.0
-0.3695491552352905,-0.3936675488948822,0.06629692018032074,1.0,7.0,22319.0,0.544,417186637.0
-0.5274710059165955,-0.5615031123161316,0.1220188811421394,2.0,9.0,22321.0,0.78,417186642.0
-1.021774053573608,-1.087318062782288,0.2900296747684479,4.0,11.0,22322.0,1.52,417186646.0
-6.904598236083984,-7.342371463775635,2.32689380645752,3.0,13.0,22324.0,10.344,417186651.0
-0.3654663264751434,-0.3866049647331238,0.06532196700572968,1.0,7.0,22339.0,0.536,417186692.0
-0.552403450012207,-0.5841502547264099,0.1273376494646072,2.0,9.0,22340.0,0.8140000000000001,417186697.0
-1.040406942367554,-1.099430561065674,0.2942274808883667,5.0,11.0,22342.0,1.542,417186702.0
-7.454103946685791,-7.87147855758667,2.502805471420288,3.0,13.0,22344.0,11.126,417186706.0
-0.3750258684158325,-0.3939536213874817,0.06678439676761627,1.0,7.0,22359.0,0.548,417186748.0
-0.5490907430648804,-0.5764005780220032,0.1260861754417419,2.0,9.0,22361.0,0.806,417186752.0
-1.053719162940979,-1.105741024017334,0.2968987822532654,5.0,11.0,22362.0,1.556,417186757.0
-7.878273010253906,-8.261445045471191,2.635526657104492,3.0,13.0,22364.0,11.716,417186761.0
-0.3791461586952209,-0.3955081403255463,0.0672718808054924,1.0,7.0,22379.0,0.552,417186803.0
-0.5482646226882935,-0.571725070476532,0.1254604458808899,2.0,9.0,22380.0,0.802,417186808.0
-1.071165919303894,-1.116221308708191,0.3007149696350098,5.0,11.0,22382.0,1.576,417186812.0
-8.729084014892578,-9.089893341064453,2.909517049789429,4.0,13.0,22384.0,12.934,417186817.0
-0.3832818567752838,-0.3970386385917664,0.06775935739278793,1.0,7.0,22399.0,0.556,417186858.0
-0.5461403727531433,-0.5655449032783508,0.1245218366384506,2.0,9.0,22400.0,0.796,417186863.0
-1.103705763816833,-1.142122626304626,0.308728963136673,5.0,11.0,22402.0,1.618,417186867.0
-9.07640266418457,-9.385767936706543,3.014344215393066,4.0,13.0,22404.0,13.4,417186872.0
-0.3777469992637634,-0.3885814547538757,0.0665406584739685,1.0,7.0,22419.0,0.546,417186913.0
-0.5618827939033508,-0.5777967572212219,0.1276505291461945,2.0,9.0,22420.0,0.8160000000000001,417186918.0
-1.136439085006714,-1.167809963226318,0.3167429268360138,4.0,11.0,22422.0,1.66,417186923.0
-9.270898818969727,-9.520167350769043,3.067882537841797,3.0,13.0,22424.0,13.638,417186927.0
-0.3679919242858887,-0.3759121894836426,0.06459075212478638,1.0,7.0,22439.0,0.53,417186969.0
-0.5804814100265503,-0.592768132686615,0.1314049512147903,2.0,9.0,22440.0,0.84,417186973.0
-1.139134407043457,-1.162433743476868,0.3163613080978394,5.0,11.0,22442.0,1.658,417186978.0
-9.683385848999023,-9.874547958374023,3.192955255508423,1.0,13.0,22444.0,14.194,417186983.0
-0.363727480173111,-0.368970662355423,0.06361579895019531,1.0,7.0,22459.0,0.522,417187024.0
-0.5714508891105652,-0.579486072063446,0.1289020031690598,2.0,9.0,22460.0,0.8240000000000001,417187029.0
-1.190070867538452,-1.205962181091309,0.3293363153934479,5.0,11.0,22462.0,1.726,417187033.0
-11.36915016174316,-11.51292419433594,3.73553729057312,3.0,13.0,22464.0,16.606,417187038.0
-0.3873895108699799,-0.3902396857738495,0.06751561909914017,1.0,7.0,22479.0,0.554,417187079.0
-0.5958455801010132,-0.5998105406761169,0.1339078992605209,2.0,9.0,22481.0,0.856,417187084.0
-1.235789060592651,-1.243578314781189,0.340784877538681,5.0,11.0,22482.0,1.786,417187089.0
-12.16503143310547,-12.23316383361816,3.982983350753784,1.0,13.0,22484.0,17.706,417187093.0
-0.3817321956157684,-0.3818654716014862,0.06629692018032074,1.0,7.0,22499.0,0.544,417187135.0
-0.5894505381584167,-0.5894505381584167,0.1320306956768036,2.0,9.0,22500.0,0.844,417187139.0
-1.269285440444946,-1.268399715423584,0.3487988412380219,4.0,11.0,22502.0,1.828,417187144.0
-14.50081729888916,-14.4805850982666,4.731170654296875,5.0,13.0,22504.0,21.032,417187149.0
-0.4070042669773102,-0.4043138325214386,0.07044047862291336,1.0,7.0,22519.0,0.578,417187190.0
-0.6000185012817383,-0.5956361889839172,0.1339078992605209,2.0,9.0,22521.0,0.856,417187195.0
-1.293215036392212,-1.283321738243103,0.354141503572464,5.0,11.0,22522.0,1.856,417187199.0
-14.86814975738525,-14.74410915374756,4.834197998046875,2.0,13.0,22524.0,21.49,417187204.0
-0.3971075415611267,-0.3917379677295685,0.06849057227373123,2.0,7.0,22539.0,0.562,417187245.0
-0.6104295253753662,-0.6019652485847473,0.1357851177453995,2.0,9.0,22540.0,0.868,417187250.0
-1.339637875556946,-1.320140242576599,0.3655900359153748,5.0,11.0,22542.0,1.916,417187254.0
-0.3757837116718292,-0.3681231141090393,0.06459075212478638,1.0,7.0,22559.0,0.53,417187301.0
-0.611220121383667,-0.5983420610427856,0.1354722529649734,2.0,9.0,22561.0,0.866,417187305.0
-1.400364637374878,-1.370381116867065,0.3808547556400299,5.0,11.0,22562.0,1.996,417187310.0
-0.3941411375999451,-0.3834193646907806,0.06751561909914017,1.0,7.0,22579.0,0.554,417187356.0
-0.634443461894989,-0.6169693470001221,0.1401652842760086,2.0,9.0,22580.0,0.896,417187360.0
-1.412179470062256,-1.372325658798218,0.3827628493309021,5.0,11.0,22582.0,2.006,417187365.0
-0.4068988263607025,-0.3930748999118805,0.0694655254483223,1.0,7.0,22599.0,0.5700000000000001,417187411.0
-0.6168036460876465,-0.5954323410987854,0.1357851177453995,2.0,9.0,22601.0,0.868,417187416.0
-1.463580965995789,-1.412376761436462,0.3953562378883362,5.0,11.0,22602.0,2.072,417187420.0
-0.4082000851631165,-0.3917234241962433,0.0694655254483223,1.0,7.0,22618.0,0.5700000000000001,417187466.0
-0.6272242665290833,-0.6016966104507446,0.137662336230278,2.0,9.0,22619.0,0.88,417187471.0
-1.51360809803009,-1.450990915298462,0.4075680077075958,4.0,11.0,22621.0,2.136,417187476.0
-0.4095649719238281,-0.3902961611747742,0.0694655254483223,1.0,7.0,22638.0,0.5700000000000001,417187522.0
-0.6636473536491394,-0.6322036981582642,0.1451711803674698,2.0,9.0,22639.0,0.928,417187526.0
-1.544259309768677,-1.470064401626587,0.4144371449947357,6.0,11.0,22641.0,2.172,417187531.0
-0.4122985899448395,-0.3903005123138428,0.06970926374197006,1.0,7.0,22657.0,0.5720000000000001,417187577.0
-0.6629800796508789,-0.6271682977676392,0.1445454508066177,2.0,9.0,22659.0,0.924,417187582.0
-1.601904392242432,-1.514845609664917,0.4285570085048676,6.0,11.0,22660.0,2.246,417187586.0
-0.4295684099197388,-0.4038150608539581,0.07239039242267609,1.0,7.0,22677.0,0.594,417187632.0
-0.6738037467002869,-0.6329651474952698,0.1464226543903351,2.0,9.0,22679.0,0.936,417187637.0
-1.658703804016113,-1.557626605033875,0.442295253276825,5.0,11.0,22680.0,2.318,417187642.0
-0.4456314742565155,-0.4157035052776337,0.07482777535915375,1.0,7.0,22699.0,0.614,417187688.0
-0.6820089221000671,-0.6357610821723938,0.1476741284132004,3.0,9.0,22701.0,0.9440000000000001,417187692.0
-1.730742216110229,-1.61281418800354,0.4598496854305267,5.0,11.0,22702.0,2.41,417187697.0
-0.4427109658718109,-0.4100984036922455,0.07409656047821045,1.0,7.0,22719.0,0.608,417187743.0
-0.6914721131324768,-0.6400860548019409,0.1492384821176529,2.0,9.0,22721.0,0.9540000000000001,417187748.0
-1.779590368270874,-1.646765351295471,0.4712982177734375,5.0,11.0,22722.0,2.47,417187752.0
-0.4616716206073761,-0.4246775507926941,0.07702142745256424,2.0,7.0,22739.0,0.632,417187798.0
-0.7023153305053711,-0.6458120346069336,0.1511157006025314,2.0,9.0,22740.0,0.966,417187803.0
-1.83592414855957,-1.687036514282227,0.4846548438072205,4.0,11.0,22742.0,2.54,417187807.0
-0.4514258503913879,-0.4123529493808746,0.07507151365280151,1.0,7.0,22759.0,0.616,417187853.0
-0.7148903608322144,-0.6525558233261108,0.1533057689666748,2.0,9.0,22761.0,0.98,417187858.0
-1.904162049293518,-1.737520456314087,0.5010644197463989,5.0,11.0,22762.0,2.626,417187863.0
-0.4527190625667572,-0.410932719707489,0.07507151365280151,1.0,7.0,22777.0,0.616,417187909.0
-0.7154737710952759,-0.6489795446395874,0.1529929041862488,2.0,9.0,22779.0,0.978,417187913.0
-1.954697251319885,-1.772411227226257,0.5128945708274841,5.0,11.0,22780.0,2.688,417187918.0
-0.4983862042427063,-0.4492217004299164,0.08238367736339569,1.0,7.0,22797.0,0.676,417187964.0
-0.7133314609527588,-0.6425120234489441,0.1520542949438095,2.0,9.0,22799.0,0.972,417187969.0
-2.100934505462646,-1.891690015792847,0.5495299100875854,4.0,11.0,22800.0,2.88,417187973.0
-0.3843868374824524,-0.3442855477333069,0.04514667391777039,1.0,5.0,22815.0,0.518,417188015.0
-0.4851597845554352,-0.4342402219772339,0.07994628697633743,1.0,7.0,22817.0,0.656,417188019.0
-0.7493173480033875,-0.6704378128051758,0.1592502892017365,2.0,9.0,22818.0,1.018,417188024.0
-2.218755483627319,-1.983796358108521,0.578532874584198,4.0,11.0,22820.0,3.032,417188029.0
-0.4718350172042847,-0.4193567335605621,0.07750890403985977,1.0,7.0,22837.0,0.636,417188075.0
-0.7473387122154236,-0.6637516617774963,0.1583116799592972,3.0,9.0,22839.0,1.012,417188079.0
-2.325498819351196,-2.064674377441406,0.604482889175415,4.0,11.0,22840.0,3.168,417188084.0
-0.5001633167266846,-0.4412636756896973,0.08189620077610016,1.0,7.0,22858.0,0.672,417188130.0
-0.761503279209137,-0.6715916991233826,0.1608146280050278,3.0,9.0,22859.0,1.028,417188135.0
-2.387547254562378,-2.104165554046631,0.6186027526855469,4.0,11.0,22861.0,3.242,417188139.0
-0.4897553324699402,-0.4290504455566406,0.07994628697633743,2.0,7.0,22878.0,0.656,417188185.0
-0.7861340641975403,-0.6884507536888123,0.1655076593160629,3.0,9.0,22879.0,1.058,417188190.0
-2.535231351852417,-2.218645811080933,0.6548564434051514,4.0,11.0,22881.0,3.432,417188194.0
-0.4866829812526703,-0.4235146343708038,0.07921507209539413,2.0,7.0,22897.0,0.65,417188240.0
-0.7794704437255859,-0.6780611276626587,0.1636304557323456,3.0,9.0,22898.0,1.046,417188245.0
-2.754455804824829,-2.394412040710449,0.7094278335571289,4.0,11.0,22900.0,3.718,417188250.0
-0.4791461825370789,-0.4140259027481079,0.07775264233350754,2.0,7.0,22917.0,0.638,417188296.0
-0.8027611374855042,-0.6934139728546143,0.1680106222629547,3.0,9.0,22918.0,1.074,417188300.0
-2.955999851226807,-2.551550626754761,0.7590382099151611,3.0,11.0,22920.0,3.978,417188305.0
-0.4986670613288879,-0.4278624951839447,0.08067750185728073,1.0,7.0,22937.0,0.662,417188351.0
-0.8081755042076111,-0.693179726600647,0.1686363518238068,3.0,9.0,22938.0,1.078,417188356.0
-3.081158399581909,-2.640872240066528,0.7888044118881226,2.0,11.0,22940.0,4.134,417188360.0
-0.5213122367858887,-0.4441423714160919,0.08408984541893005,1.0,7.0,22957.0,0.6900000000000001,417188406.0
-0.8137189149856567,-0.6927739977836609,0.16926209628582,3.0,9.0,22959.0,1.082,417188411.0
-3.224916458129883,-2.744619131088257,0.8231499791145325,1.0,11.0,22960.0,4.314,417188416.0
-0.5258904695510864,-0.4448841214179993,0.08457732200622559,2.0,7.0,22977.0,0.6940000000000001,417188462.0
-0.8371285200119019,-0.7079294919967651,0.1736422628164291,3.0,9.0,22978.0,1.11,417188466.0
-4.036723613739014,-3.411295890808105,1.027315616607666,5.0,11.0,22980.0,5.384,417188471.0
-0.3950114250183105,-0.3320418000221252,0.04514667391777039,1.0,5.0,22995.0,0.518,417188512.0
-0.5304802060127258,-0.4455992877483368,0.08506479859352112,2.0,7.0,22997.0,0.6980000000000001,417188517.0
-0.8442566394805908,-0.7086665630340576,0.1745808571577072,3.0,9.0,22999.0,1.116,417188522.0
-4.083197593688965,-3.426209449768066,1.036092877388,6.0,11.0,23000.0,5.43,417188526.0
-0.5350813269615173,-0.4462878108024597,0.08555228263139725,2.0,7.0,23017.0,0.7020000000000001,417188572.0
-0.8678429126739502,-0.723572850227356,0.1789610236883163,4.0,9.0,23018.0,1.144,417188577.0
-4.137365818023682,-3.447123050689697,1.046778202056885,6.0,11.0,23020.0,5.486,417188581.0
-0.522875964641571,-0.4330219924449921,0.08335863053798676,2.0,7.0,23037.0,0.684,417188628.0
-0.885707437992096,-0.7329813241958618,0.1820897161960602,3.0,9.0,23039.0,1.164,417188632.0
-4.218957901000977,-3.490225553512573,1.064332604408264,7.0,11.0,23040.0,5.578,417188637.0
-0.5397946834564209,-0.4437079727649689,0.08579602092504501,2.0,7.0,23058.0,0.704,417188683.0
-0.9096277356147766,-0.7474425435066223,0.1864698827266693,3.0,9.0,23059.0,1.192,417188687.0
-4.298482894897461,-3.529557228088379,1.08112370967865,8.0,11.0,23061.0,5.666,417188692.0
-0.5305749177932739,-0.4330348372459412,0.08408984541893005,2.0,7.0,23078.0,0.6900000000000001,417188738.0
-0.9230768084526062,-0.7528430819511414,0.1886599659919739,4.0,9.0,23080.0,1.206,417188743.0
-4.534456253051758,-3.696894884109497,1.137221574783325,5.0,11.0,23081.0,5.96,417188747.0
-0.5396418571472168,-0.4376175105571747,0.08530853688716888,2.0,7.0,23096.0,0.7000000000000001,417188793.0
-0.9283754825592041,-0.7525888085365295,0.1892856955528259,4.0,9.0,23097.0,1.21,417188798.0
-4.680294036865234,-3.791379928588867,1.170804023742676,7.0,11.0,23099.0,6.136,417188803.0
-0.555081844329834,-0.4469356536865234,0.08750218898057938,1.0,7.0,23116.0,0.718,417188849.0
-0.9417687058448792,-0.7580136656761169,0.1914757788181305,4.0,9.0,23117.0,1.224,417188853.0
-4.818945407867432,-3.875916481018066,1.202096700668335,5.0,11.0,23119.0,6.3,417188858.0
-0.4248494207859039,-0.3396387100219727,0.04758703708648682,1.0,5.0,23136.0,0.546,417188899.0
-0.552141010761261,-0.4410840272903442,0.08677097409963608,2.0,7.0,23138.0,0.712,417188904.0
-0.9833989143371582,-0.7850370407104492,0.1992975026369095,4.0,9.0,23140.0,1.274,417188909.0
-4.973435401916504,-3.968820095062256,1.236823916435242,7.0,11.0,23141.0,6.482,417188913.0
-0.4166690409183502,-0.3307217061519623,0.04654116556048393,1.0,5.0,23156.0,0.534,417188955.0
-0.5801169872283936,-0.4601248204708099,0.0909145325422287,2.0,7.0,23158.0,0.746,417188959.0
-0.9706522822380066,-0.7693295478820801,0.1961688250303268,4.0,9.0,23160.0,1.254,417188964.0
-5.142677783966064,-4.074574947357178,1.275367379188538,5.0,11.0,23161.0,6.684,417188969.0
-0.563004732131958,-0.4433593451976776,0.08798966556787491,2.0,7.0,23178.0,0.722,417189015.0
-0.9981696605682373,-0.7854820489883423,0.201174721121788,4.0,9.0,23180.0,1.286,417189019.0
-5.379068374633789,-4.23138952255249,1.330320358276367,7.0,11.0,23181.0,6.972,417189024.0
-0.4283827245235443,-0.3351711630821228,0.04758703708648682,1.0,5.0,23196.0,0.546,417189065.0
-0.5739319920539856,-0.4487275183200836,0.0894520953297615,2.0,7.0,23198.0,0.734,417189070.0
-1.021141409873962,-0.7978031635284424,0.2052420228719711,4.0,9.0,23200.0,1.312,417189075.0
-5.570195198059082,-4.350347995758057,1.373824715614319,4.0,11.0,23201.0,7.2,417189079.0
-0.4860621988773346,-0.3778444230556488,0.05386224761605263,1.0,5.0,23214.0,0.618,417189121.0
-0.6004217863082886,-0.4664066135883331,0.09335191547870636,2.0,7.0,23216.0,0.766,417189125.0
-1.059389114379883,-0.8226352334022522,0.2124380022287369,4.0,9.0,23217.0,1.358,417189130.0
-5.929722309112549,-4.601222038269043,1.458925604820251,5.0,11.0,23219.0,7.646,417189134.0
-0.4463689923286438,-0.3444956541061401,0.04933014884591103,1.0,5.0,23234.0,0.5660000000000001,417189176.0
-0.587898850440979,-0.453397274017334,0.09115827083587646,2.0,7.0,23236.0,0.748,417189180.0
-1.070220351219177,-0.8247759342193604,0.2140023410320282,3.0,9.0,23238.0,1.368,417189185.0
-6.242801666259766,-4.809340476989746,1.531814575195312,7.0,11.0,23239.0,8.028,417189190.0
-0.5926302075386047,-0.4537559449672699,0.091645747423172,2.0,7.0,23256.0,0.752,417189236.0
-1.095056772232056,-0.8378399610519409,0.2183825075626373,3.0,9.0,23258.0,1.396,417189240.0
-6.513738632202148,-4.981930732727051,1.594018340110779,4.0,11.0,23259.0,8.354000000000001,417189245.0
-0.4233913719654083,-0.3220709264278412,0.04654116556048393,1.0,5.0,23274.0,0.534,417189286.0
-0.5973712205886841,-0.454087108373642,0.09213322401046753,2.0,7.0,23276.0,0.756,417189291.0
-1.108985900878906,-0.8423764109611511,0.2205725908279419,3.0,9.0,23278.0,1.41,417189296.0
-6.823479175567627,-5.181180000305176,1.665380954742432,3.0,11.0,23279.0,8.728,417189300.0
-0.4912903606891632,-0.3710210919380188,0.05386224761605263,1.0,5.0,23294.0,0.618,417189342.0
-0.6195515394210815,-0.4675440788269043,0.09530182927846909,2.0,7.0,23296.0,0.782,417189346.0
-1.141735911369324,-0.8612973690032959,0.2265171110630035,3.0,9.0,23297.0,1.448,417189351.0
-7.532886981964111,-5.678499221801758,1.833674430847168,6.0,11.0,23299.0,9.61,417189356.0
-0.4415706992149353,-0.3310588300228119,0.04828428104519844,1.0,5.0,23314.0,0.554,417189397.0
-0.6434215307235718,-0.4820417463779449,0.09871416538953781,2.0,7.0,23316.0,0.81,417189402.0
-1.179674386978149,-0.8831515908241272,0.2334002256393433,4.0,9.0,23318.0,1.492,417189406.0
-0.4620229601860046,-0.3436292409896851,0.05037602037191391,1.0,5.0,23336.0,0.578,417189452.0
-0.6213688850402832,-0.4618058800697327,0.09505809098482132,2.0,7.0,23338.0,0.78,417189457.0
-1.197174310684204,-0.8894243240356445,0.2362160384654999,4.0,9.0,23339.0,1.51,417189462.0
-8.446024894714355,-6.270285129547119,2.044709205627441,7.0,11.0,23341.0,10.716,417189466.0
-0.4536026120185852,-0.3349137306213379,0.04933014884591103,1.0,5.0,23356.0,0.5660000000000001,417189508.0
-0.6453403830528259,-0.4761337637901306,0.09847042709589005,2.0,7.0,23358.0,0.808,417189512.0
-1.22570788860321,-0.9040000438690186,0.2412219494581223,6.0,9.0,23359.0,1.542,417189517.0
-8.690699577331543,-6.404995441436768,2.098517417907715,3.0,11.0,23361.0,10.998,417189521.0
-0.4642918109893799,-0.3405574560165405,0.05037602037191391,1.0,5.0,23374.0,0.578,417189563.0
-0.6548383831977844,-0.4799716472625732,0.09968912601470947,3.0,7.0,23376.0,0.8180000000000001,417189567.0
-1.241289377212524,-0.9094849228858948,0.2437248975038528,5.0,9.0,23377.0,1.558,417189572.0
-9.10362720489502,-6.665287971496582,2.193158626556396,2.0,11.0,23379.0,11.494,417189577.0
-0.6613252758979797,-0.4811866879463196,0.1004203408956528,2.0,7.0,23396.0,0.8240000000000001,417189623.0
-1.274809122085571,-0.927223265171051,0.2496694028377533,5.0,9.0,23397.0,1.596,417189627.0
-10.13687229156494,-7.36757230758667,2.435867547988892,3.0,11.0,23399.0,12.766,417189632.0
-0.4441077411174774,-0.3208901286125183,0.04793565720319748,1.0,5.0,23415.0,0.55,417189673.0
-0.6743504405021667,-0.4868938624858856,0.1021265089511871,2.0,7.0,23417.0,0.838,417189678.0
-1.310234069824219,-0.9456660151481628,0.255926787853241,5.0,9.0,23418.0,1.636,417189683.0
-10.54278087615967,-7.60369348526001,2.526692628860474,2.0,11.0,23420.0,13.242,417189687.0
-0.4743671715259552,-0.3402400612831116,0.05107326433062553,1.0,5.0,23435.0,0.586,417189729.0
-0.6760459542274475,-0.4845369756221771,0.1021265089511871,2.0,7.0,23437.0,0.838,417189733.0
-1.347416877746582,-0.965011477470398,0.2624970376491547,4.0,9.0,23439.0,1.678,417189738.0
-10.8901195526123,-7.796559810638428,2.603397846221924,3.0,11.0,23440.0,13.644,417189743.0
-0.4917212724685669,-0.3502236902713776,0.05281637981534004,1.0,5.0,23454.0,0.606,417189784.0
-0.6808835864067078,-0.4845945537090302,0.1026139855384827,2.0,7.0,23456.0,0.842,417189789.0
-1.371366500854492,-0.975660502910614,0.2665643393993378,4.0,9.0,23457.0,1.704,417189793.0
-12.09839153289795,-8.601058006286621,2.885413646697998,3.0,11.0,23459.0,15.122,417189798.0
-0.4929407835006714,-0.3485051095485687,0.05281637981534004,1.0,5.0,23474.0,0.606,417189839.0
-0.6922988295555115,-0.48908731341362,0.1040764227509499,2.0,7.0,23476.0,0.854,417189844.0
-1.412050008773804,-0.9968300461769104,0.2737603187561035,4.0,9.0,23478.0,1.75,417189849.0
-14.30666255950928,-10.09597969055176,3.403650760650635,2.0,11.0,23479.0,17.838,417189853.0
-0.4648555219173431,-0.3261002600193024,0.04967877268791199,1.0,5.0,23495.0,0.5700000000000001,417189895.0
-0.7087162733078003,-0.4968017041683197,0.1062700673937798,2.0,7.0,23497.0,0.872,417189899.0
-1.446257948875427,-1.013433337211609,0.2797048091888428,4.0,9.0,23498.0,1.788,417189904.0
-17.19652366638184,-12.04113578796387,4.080641269683838,4.0,11.0,23500.0,21.386,417189908.0
-0.4725311994552612,-0.3290296494960785,0.05037602037191391,1.0,5.0,23515.0,0.578,417189950.0
-0.7332586050033569,-0.5101975798606873,0.1096824109554291,2.0,7.0,23517.0,0.9,417189955.0
-1.5294349193573,-1.063380837440491,0.2950353920459747,4.0,9.0,23519.0,1.886,417189959.0
-19.79850387573242,-13.76031875610352,4.68665075302124,3.0,11.0,23520.0,24.562,417189964.0
-0.4671207666397095,-0.3228470385074615,0.04967877268791199,1.0,5.0,23535.0,0.5700000000000001,417190005.0
-0.7366684675216675,-0.5087630152702332,0.1099261492490768,2.0,7.0,23537.0,0.902,417190010.0
-1.571967482566833,-1.085237860679626,0.3025442659854889,4.0,9.0,23538.0,1.934,417190014.0
-0.5175337791442871,-0.3550265729427338,0.05490811914205551,1.0,5.0,23555.0,0.63,417190061.0
-0.7253412008285522,-0.4972095191478729,0.1079762354493141,2.0,7.0,23557.0,0.886,417190065.0
-1.623196244239807,-1.111841917037964,0.3116174638271332,4.0,9.0,23559.0,1.992,417190070.0
-0.5154148936271667,-0.3510651886463165,0.05455949530005455,1.0,5.0,23574.0,0.626,417190116.0
-0.7335501909255981,-0.4992691874504089,0.1089511960744858,2.0,7.0,23576.0,0.894,417190120.0
-1.667511582374573,-1.134516477584839,0.319439172744751,6.0,9.0,23577.0,2.042,417190125.0
-0.490227609872818,-0.3314101696014404,0.05177051201462746,1.0,5.0,23594.0,0.594,417190171.0
-0.7451581358909607,-0.5033727884292603,0.1104136258363724,2.0,7.0,23596.0,0.906,417190176.0
-1.694380760192871,-1.144165515899658,0.3238193392753601,5.0,9.0,23597.0,2.07,417190180.0
-0.491439014673233,-0.3296111524105072,0.05177051201462746,1.0,5.0,23615.0,0.594,417190226.0
-0.7502961158752441,-0.5028485655784607,0.1109011024236679,2.0,7.0,23617.0,0.91,417190231.0
-1.756207585334778,-1.176122426986694,0.3347697556018829,4.0,9.0,23619.0,2.14,417190236.0
-0.5323915481567383,-0.3543901741504669,0.0559539869427681,1.0,5.0,23635.0,0.642,417190282.0
-0.7619639039039612,-0.5068228840827942,0.1123635321855545,2.0,7.0,23637.0,0.922,417190286.0
-1.844204664230347,-1.22575056552887,0.3507260680198669,6.0,9.0,23639.0,2.242,417190291.0
-0.5368262529373169,-0.3549134731292725,0.05630261078476906,1.0,5.0,23653.0,0.646,417190337.0
-0.7768027186393738,-0.5131801962852478,0.1143134459853172,2.0,7.0,23655.0,0.9380000000000001,417190342.0
-1.910691976547241,-1.261305093765259,0.3626150786876678,5.0,9.0,23657.0,2.318,417190346.0
-0.5447251796722412,-0.3574094176292419,0.05699985474348068,1.0,5.0,23673.0,0.654,417190392.0
-0.8167717456817627,-0.5354990363121033,0.1199194341897964,2.0,7.0,23675.0,0.984,417190397.0
-1.987786889076233,-1.302258253097534,0.3763813376426697,4.0,9.0,23677.0,2.406,417190402.0
-0.5393522381782532,-0.3510629832744598,0.05630261078476906,1.0,5.0,23694.0,0.646,417190448.0
-0.8154008388519287,-0.5303371548652649,0.1194319576025009,2.0,7.0,23696.0,0.98,417190452.0
-2.078438997268677,-1.351301908493042,0.3926505148410797,4.0,9.0,23697.0,2.51,417190457.0
-0.5372271537780762,-0.3470160365104675,0.0559539869427681,1.0,5.0,23714.0,0.642,417190503.0
-0.8572754859924316,-0.5533238053321838,0.1252816915512085,2.0,7.0,23716.0,1.028,417190507.0
-2.196262121200562,-1.416479587554932,0.4139255881309509,4.0,9.0,23718.0,2.646,417190512.0
-0.5686914324760437,-0.3643929958343506,0.05909159407019615,1.0,5.0,23735.0,0.678,417190558.0
-0.8676567077636719,-0.5555299520492554,0.1265003830194473,3.0,7.0,23737.0,1.038,417190563.0
-2.269661903381348,-1.452067613601685,0.4267532229423523,4.0,9.0,23739.0,2.728,417190567.0
-0.5800477266311646,-0.368819922208786,0.06013746187090874,1.0,5.0,23755.0,0.6900000000000001,417190613.0
-0.8561865091323853,-0.5439814925193787,0.1245504692196846,3.0,7.0,23757.0,1.022,417190618.0
-2.383116006851196,-1.512954950332642,0.4470897018909454,4.0,9.0,23759.0,2.858,417190623.0
-0.5710956454277039,-0.3606132864952087,0.05909159407019615,1.0,5.0,23773.0,0.678,417190669.0
-0.8629277348518372,-0.5444668531417847,0.1252816915512085,3.0,7.0,23775.0,1.028,417190673.0
-2.514576435089111,-1.585966110229492,0.4708677530288696,4.0,9.0,23776.0,3.01,417190678.0
-0.5689742565155029,-0.3565018475055695,0.05874297022819519,1.0,5.0,23793.0,0.674,417190724.0
-0.8883785605430603,-0.5561990737915039,0.1286940276622772,3.0,7.0,23795.0,1.056,417190729.0
-2.64262318611145,-1.653218746185303,0.4937071800231934,4.0,9.0,23797.0,3.156,417190733.0
-0.5804303884506226,-0.3607241213321686,0.05978883802890778,1.0,5.0,23814.0,0.686,417190779.0
-0.922452449798584,-0.572836697101593,0.1333250552415848,3.0,7.0,23816.0,1.094,417190784.0
-2.775929689407349,-1.723162174224854,0.5174852013587952,3.0,9.0,23817.0,3.308,417190789.0
-0.5647271871566772,-0.3482382297515869,0.05804572626948357,1.0,5.0,23834.0,0.666,417190835.0
-0.915996253490448,-0.5644065737724304,0.1321063637733459,3.0,7.0,23836.0,1.084,417190839.0
-2.978714466094971,-1.834668040275574,0.5540908575057983,3.0,9.0,23837.0,3.542,417190844.0
-0.5965306758880615,-0.3649818599224091,0.06118332967162132,1.0,5.0,23854.0,0.7020000000000001,417190890.0
-0.9281227588653564,-0.5674182772636414,0.1335687935352325,3.0,7.0,23856.0,1.096,417190894.0
-3.21264910697937,-1.963319063186646,0.5963281989097595,2.0,9.0,23857.0,3.812,417190899.0
-0.5960979461669922,-0.3618634641170502,0.06100901961326599,3.0,5.0,23874.0,0.7000000000000001,417190945.0
-0.9317950010299683,-0.5652046203613281,0.1338125318288803,4.0,7.0,23876.0,1.098,417190950.0
-3.61980676651001,-2.19482421875,0.670478105545044,2.0,9.0,23877.0,4.286,417190954.0
-0.5819356441497803,-0.3506305515766144,0.05944021791219711,3.0,5.0,23893.0,0.682,417191000.0
-0.9710787534713745,-0.5846369862556458,0.1391747891902924,4.0,7.0,23895.0,1.142,417191005.0
-3.921563386917114,-2.360040664672852,0.7249172925949097,3.0,9.0,23896.0,4.634,417191010.0
-0.4319622218608856,-0.2583193182945251,0.02637732215225697,2.0,3.0,23912.0,0.504,417191051.0
-0.6036776304244995,-0.3608644306659698,0.06153195351362228,1.0,5.0,23913.0,0.706,417191056.0
-0.9833390116691589,-0.587351381778717,0.140637218952179,4.0,7.0,23915.0,1.154,417191060.0
-4.091329574584961,-2.441826343536377,0.7546398639678955,3.0,9.0,23917.0,4.824,417191065.0
-0.6186431646347046,-0.3668854236602783,0.06292644888162613,1.0,5.0,23933.0,0.722,417191111.0
-1.014415264129639,-0.6011190414428711,0.1447807848453522,4.0,7.0,23935.0,1.188,417191116.0
-4.357741832733154,-2.581269264221191,0.8021959662437439,3.0,9.0,23936.0,5.128,417191120.0
-0.5872926712036133,-0.3455277383327484,0.05961452797055244,3.0,5.0,23953.0,0.684,417191166.0
-1.007951021194458,-0.5925443172454834,0.1435620933771133,4.0,7.0,23955.0,1.178,417191171.0
-4.644805908203125,-2.7283616065979,0.8531935811042786,3.0,9.0,23957.0,5.454,417191176.0
-0.6195317506790161,-0.3614451587200165,0.0627521350979805,2.0,5.0,23974.0,0.72,417191222.0
-1.023835778236389,-0.5968438982963562,0.1455119997262955,4.0,7.0,23976.0,1.194,417191226.0
-4.826682567596436,-2.812580823898315,0.8847933411598206,5.0,9.0,23977.0,5.656,417191231.0
-0.6276872754096985,-0.3632723689079285,0.06344938278198242,2.0,5.0,23994.0,0.728,417191277.0
-1.060281753540039,-0.6131413578987122,0.1503867655992508,4.0,7.0,23996.0,1.234,417191282.0
-5.038784027099609,-2.911489009857178,0.9217118620872498,3.0,9.0,23998.0,5.892,417191286.0
-0.6444379687309265,-0.3701193928718567,0.0650181844830513,1.0,5.0,24013.0,0.746,417191332.0
-1.093300461769104,-0.6274067163467407,0.1547740697860718,4.0,7.0,24015.0,1.27,417191337.0
-5.250096321105957,-3.011627912521362,0.958630383014679,5.0,9.0,24016.0,6.128,417191341.0
-0.6284142732620239,-0.3580052256584167,0.06327506899833679,2.0,5.0,24033.0,0.726,417191388.0
-1.098934173583984,-0.6255506277084351,0.1552615463733673,4.0,7.0,24035.0,1.274,417191392.0
-5.432806015014648,-3.090027093887329,0.9899172782897949,5.0,9.0,24037.0,6.328,417191397.0
-0.6678213477134705,-0.3773736953735352,0.06710992008447647,2.0,5.0,24053.0,0.77,417191443.0
-1.125311255455017,-0.6353747844696045,0.158673882484436,5.0,7.0,24055.0,1.302,417191447.0
-5.67698335647583,-3.204039573669434,1.032467484474182,10.0,9.0,24056.0,6.600000000000001,417191452.0
-0.6552304625511169,-0.3672471940517426,0.06571543216705322,2.0,5.0,24073.0,0.754,417191498.0
-1.143110156059265,-0.6401724815368652,0.1608675271272659,5.0,7.0,24075.0,1.32,417191503.0
-5.853606224060059,-3.276834964752197,1.062502861022949,4.0,9.0,24076.0,6.792,417191507.0
-0.6582497954368591,-0.3659258484840393,0.06588973850011826,2.0,5.0,24093.0,0.756,417191553.0
-1.178309679031372,-0.6544925570487976,0.1654985696077347,5.0,7.0,24095.0,1.358,417191558.0
-6.114294052124023,-3.393394947052002,1.107555985450745,4.0,9.0,24097.0,7.08,417191563.0
-0.6647574305534363,-0.3665118217468262,0.06641267240047455,2.0,5.0,24113.0,0.762,417191609.0
-1.19797420501709,-0.6599539518356323,0.1679359525442123,6.0,7.0,24115.0,1.378,417191613.0
-6.385682582855225,-3.514914035797119,1.154486298561096,4.0,9.0,24117.0,7.38,417191618.0
-0.6694650650024414,-0.3662177622318268,0.06676129996776581,2.0,5.0,24132.0,0.766,417191664.0
-1.210607409477234,-0.6616901159286499,0.1693983823060989,6.0,7.0,24134.0,1.39,417191669.0
-6.761377334594727,-3.692548513412476,1.220188856124878,4.0,9.0,24136.0,7.8,417191673.0
-0.6865008473396301,-0.3724293112754822,0.06833010166883469,2.0,5.0,24152.0,0.784,417191719.0
-1.242578029632568,-0.6735420823097229,0.1735419481992722,6.0,7.0,24154.0,1.424,417191724.0
-7.121621608734131,-3.85707426071167,1.28276264667511,5.0,9.0,24156.0,8.2,417191729.0
-0.6983242034912109,-0.3756944537162781,0.06937596946954727,2.0,5.0,24172.0,0.796,417191776.0
-1.262406468391418,-0.6785994172096252,0.1759793311357498,6.0,7.0,24174.0,1.444,417191780.0
-7.405827522277832,-3.979294538497925,1.331570148468018,4.0,9.0,24175.0,8.512,417191785.0
-0.5321240425109863,-0.2840084135532379,0.03161091729998589,1.0,3.0,24191.0,0.604,417191826.0
-0.7119364142417908,-0.3798193335533142,0.07059615105390549,2.0,5.0,24192.0,0.81,417191831.0
-1.305057883262634,-0.6956655979156494,0.1815853267908096,5.0,7.0,24194.0,1.49,417191835.0
-8.084638595581055,-4.305921077728271,1.450773239135742,5.0,9.0,24196.0,9.274000000000001,417191840.0
-0.4448074400424957,-0.2355134189128876,0.02637732215225697,2.0,3.0,24210.0,0.504,417191882.0
-0.7167801260948181,-0.3791952729225159,0.07094477117061615,2.0,5.0,24212.0,0.8140000000000001,417191886.0
-1.333803296089172,-0.7050207257270813,0.1852414011955261,6.0,7.0,24214.0,1.52,417191891.0
-8.623641014099121,-4.554426670074463,1.544633865356445,5.0,9.0,24216.0,9.874,417191895.0
-0.7946288585662842,-0.4189602434635162,0.2407017052173615,1.0,15.0,24220.0,0.93,417191909.0
-0.5517284870147705,-0.2896639108657837,0.03265763819217682,1.0,3.0,24230.0,0.624,417191937.0
-0.7286856770515442,-0.3822441101074219,0.07199064642190933,3.0,5.0,24232.0,0.8260000000000001,417191941.0
-1.374937295913696,-0.7206342220306396,0.1906036585569382,6.0,7.0,24234.0,1.564,417191946.0
-9.204718589782715,-4.820296287536621,1.645690560340881,3.0,9.0,24236.0,10.52,417191951.0
-0.4890033900737762,-0.2544505894184113,0.02888944745063782,2.0,3.0,24251.0,0.552,417191992.0
-0.7423886656761169,-0.3861337602138519,0.07321082055568695,2.0,5.0,24252.0,0.84,417191997.0
-1.417957425117493,-0.7368842363357544,0.1962096393108368,6.0,7.0,24254.0,1.61,417192001.0
-10.15323638916016,-5.274183750152588,1.812136888504028,4.0,9.0,24255.0,11.584,417192006.0
-0.4827452898025513,-0.249163419008255,0.02847076021134853,2.0,3.0,24270.0,0.544,417192047.0
-0.7543567419052124,-0.3890191316604614,0.07425669580698013,2.0,5.0,24272.0,0.852,417192052.0
-1.46110737323761,-0.7528424263000488,0.2018156349658966,6.0,7.0,24274.0,1.656,417192057.0
-11.21925449371338,-5.775818347930908,1.99860668182373,3.0,9.0,24276.0,12.776,417192061.0
-0.5156158208847046,-0.2638539373874664,0.03035485371947289,1.0,3.0,24290.0,0.58,417192103.0
-0.7557100653648376,-0.3863835632801056,0.07425669580698013,2.0,5.0,24292.0,0.852,417192107.0
-1.49731433391571,-0.7648958563804626,0.2064466625452042,5.0,7.0,24294.0,1.694,417192112.0
-12.47336769104004,-6.369215488433838,2.218240737915039,3.0,9.0,24295.0,14.18,417192117.0
-0.5022845268249512,-0.2548234760761261,0.02951747924089432,2.0,3.0,24310.0,0.5640000000000001,417192158.0
-0.7837110161781311,-0.3972553610801697,0.0768713653087616,3.0,5.0,24312.0,0.882,417192163.0
-1.542477369308472,-0.7811899185180664,0.2122963964939117,6.0,7.0,24314.0,1.742,417192167.0
-13.07888412475586,-6.620951652526855,2.321800231933594,2.0,9.0,24315.0,14.842,417192172.0
-0.5244903564453125,-0.2640205919742584,0.03077354282140732,1.0,3.0,24328.0,0.588,417192213.0
-0.7849551439285278,-0.394791305065155,0.0768713653087616,3.0,5.0,24330.0,0.882,417192218.0
-1.601683497428894,-0.8048624992370605,0.2200960367918015,6.0,7.0,24332.0,1.806,417192222.0
-16.23110198974609,-8.152748107910156,2.876829862594604,3.0,9.0,24333.0,18.39,417192227.0
-0.5540024042129517,-0.2764569222927094,0.03244829177856445,1.0,3.0,24348.0,0.62,417192269.0
-0.7970268130302429,-0.397382915019989,0.07791723310947418,3.0,5.0,24350.0,0.894,417192273.0
-1.634689450263977,-0.8143137693405151,0.2242395877838135,6.0,7.0,24352.0,1.84,417192278.0
-19.53257179260254,-9.725814819335938,3.455950260162354,4.0,9.0,24353.0,22.092,417192282.0
-0.5263661742210388,-0.2602607011795044,0.03077354282140732,1.0,3.0,24369.0,0.588,417192324.0
-0.8162705898284912,-0.4034260511398315,0.07966034859418869,3.0,5.0,24370.0,0.914,417192328.0
-1.703378915786743,-0.841122567653656,0.233257919549942,6.0,7.0,24372.0,1.914,417192333.0
-19.79490852355957,-9.770359992980957,3.496310234069824,2.0,9.0,24373.0,22.35,417192338.0
-0.5416190028190613,-0.2654536366462708,0.03161091729998589,1.0,3.0,24389.0,0.604,417192379.0
-0.8176738023757935,-0.400574266910553,0.07966034859418869,3.0,5.0,24390.0,0.914,417192384.0
-1.745529890060425,-0.8543708920478821,0.2386201769113541,5.0,7.0,24392.0,1.958,417192388.0
-0.5802687406539917,-0.2818885147571564,0.03380902856588364,1.0,3.0,24409.0,0.646,417192434.0
-0.8083134889602661,-0.3924959301948547,0.0786144807934761,3.0,5.0,24410.0,0.902,417192439.0
-1.819941878318787,-0.8829314112663269,0.2483697235584259,5.0,7.0,24412.0,2.038,417192444.0
-0.5560557246208191,-0.2677310705184937,0.03234362229704857,1.0,3.0,24429.0,0.618,417192490.0
-0.8491751551628113,-0.4086804091930389,0.08244933187961578,3.0,5.0,24430.0,0.9460000000000001,417192494.0
-1.89457368850708,-0.9109823703765869,0.2581192553043365,5.0,7.0,24432.0,2.118,417192499.0
-0.4940462708473206,-0.2369194030761719,-0.00956391915678978,1.0,14.0,24438.0,0.548,417192515.0
-0.5786174535751343,-0.2761103212833405,0.03359968215227127,1.0,3.0,24449.0,0.642,417192545.0
-0.8577897548675537,-0.4091447293758392,0.0831465795636177,3.0,5.0,24450.0,0.9540000000000001,417192550.0
-1.974798679351807,-0.941084623336792,0.2686000466346741,4.0,7.0,24452.0,2.204,417192554.0
-0.5543001890182495,-0.2621348798274994,0.0321342758834362,1.0,3.0,24469.0,0.614,417192600.0
-0.8682191371917725,-0.410405308008194,0.08401813358068466,3.0,5.0,24470.0,0.964,417192605.0
-2.026536226272583,-0.9570739269256592,0.2751809656620026,5.0,7.0,24472.0,2.258,417192610.0
-0.5805309414863586,-0.2720641195774078,0.03359968215227127,1.0,3.0,24489.0,0.642,417192656.0
-0.8678421974182129,-0.4065269827842712,0.08384382724761963,3.0,5.0,24490.0,0.962,417192660.0
-2.073014974594116,-0.9701889157295227,0.2810307145118713,4.0,7.0,24492.0,2.306,417192665.0
-0.5742312669754028,-0.2666710913181305,0.03318099677562714,1.0,3.0,24509.0,0.634,417192711.0
-0.8710631132125854,-0.4043340384960175,0.08401813358068466,3.0,5.0,24510.0,0.964,417192716.0
-2.179037809371948,-1.010551333427429,0.2949238121509552,4.0,7.0,24512.0,2.42,417192720.0
-0.6078174710273743,-0.2796933352947235,0.03506509214639664,1.0,3.0,24529.0,0.67,417192766.0
-0.905051052570343,-0.4162769615650177,0.08715574443340302,3.0,5.0,24530.0,1.0,417192771.0
-2.299796581268311,-1.05681574344635,0.3107668161392212,4.0,7.0,24532.0,2.55,417192775.0
-0.5869826674461365,-0.2676271498203278,0.03380902856588364,1.0,3.0,24549.0,0.646,417192822.0
-0.9228155612945557,-0.4205512702465057,0.0887245461344719,4.0,5.0,24550.0,1.018,417192826.0
-2.354057550430298,-1.071813583374023,0.317591518163681,4.0,7.0,24552.0,2.606,417192831.0
-0.6024746298789978,-0.272154301404953,0.0346464030444622,1.0,3.0,24569.0,0.662,417192877.0
-0.9424366354942322,-0.4255264699459076,0.0904676616191864,4.0,5.0,24570.0,1.038,417192881.0
-2.435593366622925,-1.098689198493958,0.3280722796916962,5.0,7.0,24572.0,2.692,417192886.0
-0.6034209132194519,-0.2700496315956116,0.0346464030444622,1.0,3.0,24589.0,0.662,417192932.0
-0.9439162611961365,-0.4222341477870941,0.0904676616191864,4.0,5.0,24590.0,1.038,417192937.0
-2.535467863082886,-1.133107542991638,0.340990424156189,4.0,7.0,24592.0,2.798,417192941.0
-0.6189188957214355,-0.2745256125926971,0.03548377752304077,1.0,3.0,24608.0,0.678,417192987.0
-0.9744538068771362,-0.4320219755172729,0.0932566449046135,4.0,5.0,24609.0,1.07,417192992.0
-2.613627195358276,-1.157654404640198,0.3509837090969086,4.0,7.0,24611.0,2.88,417192997.0
-0.6564440727233887,-0.2884321510791779,0.03757721558213234,1.0,3.0,24628.0,0.718,417193043.0
-0.9759559035301208,-0.4286178648471832,0.0932566449046135,4.0,5.0,24629.0,1.07,417193047.0
-2.755805969238281,-1.209140658378601,0.3695078492164612,4.0,7.0,24631.0,3.032,417193052.0
-0.624435544013977,-0.2719011604785919,0.03569312393665314,1.0,3.0,24647.0,0.682,417193098.0
-0.9993701577186584,-0.4347459077835083,0.09534838050603867,4.0,5.0,24649.0,1.094,417193103.0
-2.845577478408813,-1.236701846122742,0.3809635639190674,4.0,7.0,24651.0,3.126,417193107.0
-0.6767827272415161,-0.2917487919330597,0.03862393647432327,1.0,3.0,24668.0,0.738,417193153.0
-1.030157804489136,-0.4438692033290863,0.09813736379146576,4.0,5.0,24669.0,1.126,417193158.0
-3.021270751953125,-1.30053973197937,0.4038749933242798,4.0,7.0,24671.0,3.314,417193162.0
-0.644733726978302,-0.2752682864665985,0.03673984110355377,1.0,3.0,24688.0,0.7020000000000001,417193209.0
-1.026279807090759,-0.4377454519271851,0.09761442989110947,4.0,5.0,24690.0,1.12,417193213.0
-3.194027900695801,-1.361050724983215,0.426298975944519,3.0,7.0,24692.0,3.498,417193218.0
-0.7008779048919678,-0.2963507473468781,0.03988000005483627,1.0,3.0,24708.0,0.762,417193264.0
-1.040649175643921,-0.439587414264679,0.09883461147546768,4.0,5.0,24710.0,1.134,417193268.0
-3.348729848861694,-1.41318154335022,0.4462855458259583,3.0,7.0,24712.0,3.662,417193273.0
-0.6651111245155334,-0.2783583998680115,0.03778656199574471,1.0,3.0,24729.0,0.722,417193319.0
-1.080776453018188,-0.452098548412323,0.1024951562285423,4.0,5.0,24730.0,1.176,417193324.0
-3.928761720657349,-1.641825556755066,0.522819459438324,3.0,7.0,24732.0,4.29,417193328.0
-0.6734103560447693,-0.2792111337184906,0.03820524737238884,1.0,3.0,24748.0,0.73,417193374.0
-1.087870121002197,-0.4506105482578278,0.1030180901288986,4.0,5.0,24750.0,1.182,417193379.0
-4.266468524932861,-1.76548445224762,0.566936194896698,3.0,7.0,24752.0,4.652,417193384.0
-0.698449969291687,-0.2865976095199585,0.03956598415970802,3.0,3.0,24769.0,0.756,417193430.0
-1.115323543548584,-0.4572001397609711,0.1054584458470345,4.0,5.0,24771.0,1.21,417193434.0
-4.445590496063232,-1.820550799369812,0.5898476243019104,2.0,7.0,24773.0,4.84,417193439.0
-0.5557537078857422,-0.2258941829204559,0.01047144364565611,2.0,1.0,24788.0,0.6,417193480.0
-0.7123988270759583,-0.2894200086593628,0.04029868543148041,3.0,3.0,24789.0,0.77,417193485.0
-1.131681799888611,-0.4592982530593872,0.1068529412150383,4.0,5.0,24791.0,1.226,417193490.0
-5.033243179321289,-2.040718793869019,0.666869044303894,3.0,7.0,24793.0,5.472,417193494.0
-0.7151572704315186,-0.2879264354705811,0.04040335863828659,3.0,3.0,24807.0,0.772,417193540.0
-1.155300855636597,-0.4646622240543365,0.1089446768164635,4.0,5.0,24809.0,1.25,417193545.0
-5.400655269622803,-2.169954776763916,0.714641809463501,4.0,7.0,24811.0,5.864,417193549.0
-0.7050259709358215,-0.2809916138648987,0.03977532684803009,3.0,3.0,24827.0,0.76,417193596.0
-1.197639226913452,-0.4768406748771667,0.1127795279026031,4.0,5.0,24829.0,1.294,417193600.0
-5.659054756164551,-2.250867366790771,0.7477902770042419,5.0,7.0,24831.0,6.136,417193605.0
-0.7134832739830017,-0.2813362777233124,0.04019401594996452,3.0,3.0,24848.0,0.768,417193651.0
-1.206710934638977,-0.4755793809890747,0.1134767755866051,4.0,5.0,24849.0,1.302,417193655.0
-5.831268310546875,-2.295822143554688,0.7694830298423767,5.0,7.0,24851.0,6.314,417193660.0
-0.7237638235092163,-0.2824748158454895,0.04071737453341484,3.0,3.0,24868.0,0.778,417193706.0
-1.273329496383667,-0.4967064559459686,0.1195776760578156,4.0,5.0,24869.0,1.372,417193711.0
-6.003862857818604,-2.339601278305054,0.7911757826805115,3.0,7.0,24871.0,6.492,417193715.0
-0.559611439704895,-0.2161605358123779,0.01047144364565611,2.0,1.0,24888.0,0.6,417193757.0
-0.7304331660270691,-0.2818506956100464,0.04103139042854309,3.0,3.0,24890.0,0.784,417193761.0
-1.27708625793457,-0.49253049492836,0.1197519898414612,4.0,5.0,24891.0,1.374,417193766.0
-6.285100936889648,-2.421438455581665,0.8270053863525391,3.0,7.0,24893.0,6.786,417193771.0
-0.7519369125366211,-0.2871367633342743,0.04218278080224991,3.0,3.0,24910.0,0.806,417193817.0
-1.310441851615906,-0.5001470446586609,0.1227152869105339,3.0,5.0,24911.0,1.408,417193821.0
-6.603275299072266,-2.517584800720215,0.8677096962928772,5.0,7.0,24913.0,7.12,417193826.0
-0.752835214138031,-0.2847730815410614,0.04218278080224991,3.0,3.0,24928.0,0.806,417193872.0
-1.33809769153595,-0.5058919191360474,0.1251556426286697,3.0,5.0,24929.0,1.436,417193877.0
-6.865570068359375,-2.592913389205933,0.9011019468307495,5.0,7.0,24931.0,7.394,417193881.0
-0.5617709159851074,-0.2104846686124802,0.01047144364565611,2.0,1.0,24946.0,0.6,417193923.0
-0.7762711048126221,-0.2905447483062744,0.04343884438276291,3.0,3.0,24948.0,0.8300000000000001,417193927.0
-1.384641647338867,-0.5179717540740967,0.1293391287326813,3.0,5.0,24949.0,1.484,417193932.0
-7.253917694091797,-2.710685729980469,0.9508246183395386,5.0,7.0,24951.0,7.802,417193937.0
-0.5625022053718567,-0.2085224390029907,0.01047144364565611,2.0,1.0,24966.0,0.6,417193978.0
-0.7604238390922546,-0.2815911173820496,0.04249679669737816,3.0,3.0,24968.0,0.812,417193983.0
-1.455576539039612,-0.5387229323387146,0.1357886493206024,4.0,5.0,24969.0,1.558,417193987.0
-7.915006160736084,-2.926279306411743,1.036133170127869,4.0,7.0,24971.0,8.502,417193992.0
-0.5141167044639587,-0.189463809132576,-0.00956391915678978,1.0,14.0,24977.0,0.548,417194008.0
-0.5632266402244568,-0.2065576761960983,0.01047144364565611,2.0,1.0,24986.0,0.6,417194033.0
-0.7914081811904907,-0.2899275422096252,0.04417154565453529,3.0,3.0,24988.0,0.844,417194038.0
-1.494866609573364,-0.5473393797874451,0.1392748802900314,4.0,5.0,24989.0,1.598,417194043.0
-9.071722030639648,-3.317983627319336,1.18603241443634,4.0,7.0,24991.0,9.732,417194047.0
-0.5639442801475525,-0.204590380191803,0.01047144364565611,2.0,1.0,25006.0,0.6,417194089.0
-0.7999264001846313,-0.2898851931095123,0.04459023475646973,3.0,3.0,25008.0,0.852,417194093.0
-1.496768116950989,-0.5421179533004761,0.1392748802900314,4.0,5.0,25009.0,1.598,417194098.0
-9.663784980773926,-3.496333837509155,1.261835217475891,6.0,7.0,25011.0,10.354,417194102.0
-0.5646549463272095,-0.2026206105947495,0.01047144364565611,2.0,1.0,25026.0,0.6,417194144.0
-0.8291352987289429,-0.2971999943256378,0.04616031423211098,2.0,3.0,25028.0,0.882,417194149.0
-1.532413125038147,-0.5489851236343384,0.1424124836921692,4.0,5.0,25029.0,1.634,417194153.0
-9.909558296203613,-3.546184301376343,1.292302489280701,3.0,7.0,25031.0,10.604,417194158.0
-0.5653588175773621,-0.2006483525037766,0.01047144364565611,2.0,1.0,25046.0,0.6,417194199.0
-0.8452274203300476,-0.29964280128479,0.04699768871068954,2.0,3.0,25048.0,0.898,417194204.0
-1.571879982948303,-0.5569406747817993,0.1458987146615982,4.0,5.0,25049.0,1.674,417194208.0
-10.81076622009277,-3.826169729232788,1.40807843208313,1.0,7.0,25051.0,11.554,417194213.0
-0.5660557746887207,-0.1986736655235291,0.01047144364565611,2.0,1.0,25066.0,0.6,417194255.0
-0.8424986600875854,-0.295369029045105,0.04678834602236748,2.0,3.0,25068.0,0.894,417194259.0
-1.630223631858826,-0.5712156295776367,0.1511280536651611,4.0,5.0,25069.0,1.734,417194264.0
-13.43966579437256,-4.703871250152588,1.748337626457214,2.0,7.0,25071.0,14.346,417194268.0
-0.5667458176612854,-0.196696549654007,0.01047144364565611,2.0,1.0,25086.0,0.6,417194310.0
-0.8416374921798706,-0.2917721569538116,0.04668367281556129,2.0,3.0,25088.0,0.892,417194314.0
-1.68115496635437,-0.5824807286262512,0.1556601524353027,4.0,5.0,25089.0,1.786,417194319.0
-13.9587516784668,-4.830923080444336,1.81365954875946,2.0,7.0,25091.0,14.882,417194324.0
-0.5674289464950562,-0.1947170346975327,0.01047144364565611,2.0,1.0,25106.0,0.6,417194365.0
-0.8520975708961487,-0.2920705676078796,0.04720703139901161,2.0,3.0,25108.0,0.902,417194370.0
-1.718990325927734,-0.5888771414756775,0.1589720696210861,4.0,5.0,25109.0,1.824,417194374.0
-18.29722023010254,-6.260970592498779,2.374502182006836,2.0,7.0,25111.0,19.484,417194379.0
-0.5681052207946777,-0.1927351504564285,0.01047144364565611,2.0,1.0,25126.0,0.6,417194420.0
-0.8757593035697937,-0.296939343214035,0.04846309497952461,4.0,3.0,25127.0,0.926,417194425.0
-1.766325831413269,-0.598211944103241,0.1631555557250977,5.0,5.0,25129.0,1.872,417194430.0
-18.44306945800781,-6.239047050476074,2.390588998794556,2.0,7.0,25131.0,19.616,417194434.0
-0.5384398698806763,-0.1805775463581085,0.009912966750562191,2.0,1.0,25146.0,0.5680000000000001,417194476.0
-0.8844170570373535,-0.2962651252746582,0.04888178408145905,2.0,3.0,25148.0,0.934,417194480.0
-1.838307976722717,-0.6154460310935974,0.1696050763130188,5.0,5.0,25149.0,1.946,417194485.0
-22.08313179016113,-7.384626865386963,2.859054803848267,3.0,7.0,25151.0,23.46,417194489.0
-0.6149918437004089,-0.2038655132055283,0.01130915898829699,2.0,1.0,25166.0,0.648,417194531.0
-0.9043538570404053,-0.2996118366718292,0.04992850124835968,3.0,3.0,25167.0,0.9540000000000001,417194536.0
-1.893407583236694,-0.6265513300895691,0.1744858026504517,5.0,5.0,25169.0,2.002,417194540.0
-0.589095413684845,-0.1930013597011566,0.01082049217075109,2.0,1.0,25186.0,0.62,417194586.0
-0.9186809062957764,-0.3008036911487579,0.05066120624542236,3.0,3.0,25187.0,0.968,417194591.0
-1.950500130653381,-0.6378985047340393,0.179540827870369,5.0,5.0,25189.0,2.06,417194595.0
-0.570740818977356,-0.1847843825817108,0.01047144364565611,2.0,1.0,25206.0,0.6,417194641.0
-0.931179404258728,-0.3011217415332794,0.05128923803567886,3.0,3.0,25208.0,0.98,417194646.0
-1.977360844612122,-0.6390512585639954,0.1818068772554398,5.0,5.0,25209.0,2.086,417194651.0
-0.5828099846839905,-0.1864468157291412,0.01068087294697762,2.0,1.0,25226.0,0.612,417194697.0
-0.9511967897415161,-0.3041144907474518,0.0523359552025795,3.0,3.0,25227.0,1.0,417194701.0
-2.061192035675049,-0.6582067012786865,0.1893022805452347,5.0,5.0,25229.0,2.172,417194706.0
-0.6254051923751831,-0.1976696252822876,0.01144877821207047,2.0,1.0,25246.0,0.656,417194752.0
-0.9522525668144226,-0.3007923364639282,0.0523359552025795,3.0,3.0,25247.0,1.0,417194757.0
-2.118579149246216,-0.6683919429779053,0.194357305765152,5.0,5.0,25249.0,2.23,417194761.0
-0.6184561252593994,-0.1931013762950897,0.01130915898829699,2.0,1.0,25266.0,0.648,417194807.0
-0.9552032947540283,-0.2980614602565765,0.05244062840938568,2.0,3.0,25267.0,1.002,417194812.0
-2.219811201095581,-0.6918192505836487,0.2034215033054352,4.0,5.0,25269.0,2.334,417194817.0
-65.63361358642578,-20.43002700805664,8.440183639526367,21.0,7.0,25271.0,69.256,417194821.0
-0.5961957573890686,-0.183869481086731,0.01089030131697655,2.0,1.0,25286.0,0.624,417194863.0
-0.9867764711380005,-0.3041377365589142,0.05411537736654282,2.0,3.0,25287.0,1.034,417194867.0
-2.305997848510742,-0.7098581194877625,0.2110912054777145,4.0,5.0,25289.0,2.422,417194872.0
-63.19610977172852,-19.42958831787109,8.117960929870605,15.0,7.0,25291.0,66.612,417194876.0
-0.6236149668693542,-0.1899443715810776,0.01137896906584501,2.0,1.0,25306.0,0.652,417194918.0
-1.003117680549622,-0.3053442537784576,0.05495275557041168,2.0,3.0,25307.0,1.05,417194923.0
-2.365648984909058,-0.7191901206970215,0.2163205593824387,5.0,5.0,25309.0,2.482,417194927.0
-63.05840301513672,-19.14658737182617,8.091636657714844,29.0,7.0,25311.0,66.396,417194932.0
-0.6319008469581604,-0.1901805698871613,0.01151858828961849,2.0,1.0,25325.0,0.66,417194973.0
-1.019479155540466,-0.3064403533935547,0.05579013004899025,2.0,3.0,25327.0,1.066,417194978.0
-2.438622713088989,-0.732549786567688,0.2227700799703598,5.0,5.0,25328.0,2.556,417194982.0
-62.85916137695312,-18.85865211486816,8.058000564575195,14.0,7.0,25330.0,66.12,417194987.0
-0.6248934268951416,-0.1856952011585236,0.01137896906584501,2.0,1.0,25345.0,0.652,417195029.0
-1.024372100830078,-0.3040163516998291,0.05599947273731232,2.0,3.0,25347.0,1.07,417195033.0
-2.536672115325928,-0.7523597478866577,0.2314856499433517,5.0,5.0,25348.0,2.656,417195038.0
-63.35476303100586,-18.76653671264648,8.113085746765137,15.0,7.0,25350.0,66.572,417195042.0
-0.4871570467948914,-0.1437477469444275,-0.008865822106599808,1.0,14.0,25356.0,0.508,417195059.0
-0.6408884525299072,-0.1880161613225937,0.01165820751339197,2.0,1.0,25365.0,0.668,417195084.0
-1.036927103996277,-0.303808182477951,0.05662750452756882,2.0,3.0,25367.0,1.082,417195088.0
-2.648273229598999,-0.7754128575325012,0.2414214015007019,6.0,5.0,25368.0,2.77,417195093.0
-66.23592376708984,-19.36873817443848,8.473331451416016,22.0,7.0,25370.0,69.528,417195098.0
-0.6722733378410339,-0.1946774423122406,0.01221668440848589,2.0,1.0,25385.0,0.7000000000000001,417195139.0
-1.068679451942444,-0.3090647459030151,0.05830225348472595,2.0,3.0,25387.0,1.114,417195144.0
-2.777291297912598,-0.8026742339134216,0.2529259622097015,6.0,5.0,25388.0,2.902,417195148.0
-66.3794174194336,-19.1594352722168,8.483080863952637,22.0,7.0,25390.0,69.608,417195153.0
-0.6730158925056458,-0.1920946687459946,0.01221668440848589,2.0,1.0,25407.0,0.7000000000000001,417195194.0
-1.119797825813293,-0.319194108247757,0.06102372333407402,2.0,3.0,25409.0,1.166,417195199.0
-2.899154901504517,-0.8258460164070129,0.2637332677841187,4.0,5.0,25410.0,3.026,417195204.0
-63.47011184692383,-18.05598640441895,8.102361679077148,15.0,7.0,25412.0,66.484,417195208.0
-0.527163028717041,-0.1493708789348602,-0.00956391915678978,1.0,14.0,25418.0,0.548,417195224.0
-0.662133514881134,-0.1864914745092392,0.01200725603848696,2.0,1.0,25427.0,0.6880000000000001,417195250.0
-1.142054319381714,-0.3212320804595947,0.06217511743307114,3.0,3.0,25429.0,1.188,417195254.0
-2.999840974807739,-0.8432172536849976,0.2726231515407562,5.0,5.0,25430.0,3.128,417195259.0
-0.6742751002311707,-0.1876268535852432,0.01221668440848589,2.0,1.0,25445.0,0.7000000000000001,417195305.0
-1.137284874916077,-0.3160383999347687,0.06186110153794289,3.0,3.0,25447.0,1.182,417195310.0
-3.123418807983398,-0.8673749566078186,0.2836048007011414,4.0,5.0,25448.0,3.254,417195314.0
-58.38539505004883,-16.19170188903809,7.43939208984375,2.0,7.0,25450.0,61.044,417195319.0
-0.4895915985107422,-0.1352237910032272,-0.008865822106599808,1.0,14.0,25456.0,0.508,417195335.0
-0.6633557677268982,-0.1820959597826004,0.01200725603848696,2.0,1.0,25465.0,0.6880000000000001,417195360.0
-1.155716896057129,-0.31681889295578,0.06280314922332764,4.0,3.0,25467.0,1.2,417195365.0
-3.274389982223511,-0.8970003724098206,0.2970267832279205,4.0,5.0,25468.0,3.408,417195370.0
-58.00116729736328,-15.86732387542725,7.383332252502441,1.0,7.0,25470.0,60.584,417195374.0
-0.4977781176567078,-0.1356165558099747,-0.009005441330373287,1.0,14.0,25476.0,0.516,417195390.0
-0.6755685210227966,-0.1829150021076202,0.01221668440848589,2.0,1.0,25485.0,0.7000000000000001,417195416.0
-1.185736179351807,-0.3206023275852203,0.06437322497367859,4.0,3.0,25487.0,1.23,417195420.0
-3.544855833053589,-0.9578031301498413,0.3212560713291168,4.0,5.0,25488.0,3.686,417195425.0
-66.91450500488281,-18.0549201965332,8.509892463684082,22.0,7.0,25490.0,69.828,417195429.0
-0.4982484579086304,-0.133878156542778,-0.009005441330373287,1.0,14.0,25496.0,0.516,417195446.0
-0.6646108627319336,-0.1774604618549347,0.01200725603848696,2.0,1.0,25505.0,0.6880000000000001,417195471.0
-1.221585035324097,-0.3257236480712891,0.06625732034444809,4.0,3.0,25507.0,1.266,417195476.0
-3.673316955566406,-0.9787672162055969,0.3325863182544708,3.0,5.0,25508.0,3.816,417195480.0
-58.85868453979492,-15.66108512878418,7.478390216827393,3.0,7.0,25510.0,61.364,417195485.0
-0.4987127482891083,-0.1321381330490112,-0.009005441330373287,1.0,14.0,25516.0,0.516,417195501.0
-0.6845642328262329,-0.1802307218313217,0.01235630363225937,2.0,1.0,25525.0,0.708,417195526.0
-1.249757289886475,-0.3285671770572662,0.06772273033857346,4.0,3.0,25527.0,1.294,417195531.0
-4.004300594329834,-1.052002668380737,0.3622192740440369,3.0,5.0,25528.0,4.156,417195535.0
-15.82559394836426,-4.151766777038574,2.008894205093384,13.0,7.0,25530.0,16.484,417195540.0
-0.510779619216919,-0.1334289759397507,-0.009214870631694794,1.0,14.0,25536.0,0.528,417195556.0
-0.69680255651474,-0.1808542907238007,0.01256573293358088,2.0,1.0,25545.0,0.72,417195582.0
-1.260563492774963,-0.3267081379890442,0.06824608892202377,4.0,3.0,25547.0,1.304,417195586.0
-4.55378532409668,-1.17938506603241,0.4115494191646576,2.0,5.0,25548.0,4.722,417195591.0
-0.5499727129936218,-0.1416183263063431,-0.009912966750562191,1.0,14.0,25556.0,0.5680000000000001,417195611.0
-0.7361757159233093,-0.1883331686258316,0.01326382905244827,1.0,1.0,25565.0,0.76,417195637.0
-1.277177095413208,-0.3262606561183929,0.06908345967531204,4.0,3.0,25567.0,1.32,417195641.0
-4.963276386260986,-1.266968488693237,0.4481548368930817,1.0,5.0,25568.0,5.142,417195646.0
-15.6560640335083,-3.990680694580078,1.983789205551147,6.0,7.0,25570.0,16.278,417195651.0
-61.86959457397461,-15.74736404418945,10.11161136627197,10.0,9.0,25572.0,64.638,417195655.0
-0.7135603427886963,-0.1798961013555527,0.01284497138112783,2.0,1.0,25585.0,0.736,417195692.0
-1.311234354972839,-0.330089271068573,0.07086288183927536,3.0,3.0,25587.0,1.354,417195697.0
-6.252577304840088,-1.572859287261963,0.5640719532966614,3.0,5.0,25588.0,6.472,417195701.0
-58.76356506347656,-14.76038646697998,7.43939208984375,2.0,7.0,25590.0,61.044,417195706.0
-0.764642596244812,-0.1899382174015045,0.01375249586999416,1.0,1.0,25605.0,0.788,417195747.0
-1.351090550422668,-0.3353622853755951,0.07295632362365723,3.0,3.0,25606.0,1.394,417195752.0
-6.602259635925293,-1.636340022087097,0.5950993895530701,3.0,5.0,25608.0,6.828,417195757.0
-0.5630753636360168,-0.1387214660644531,-0.0101223960518837,1.0,14.0,25616.0,0.58,417195777.0
-0.7109140753746033,-0.1739595681428909,0.01277516130357981,2.0,1.0,25625.0,0.732,417195803.0
-1.391114354133606,-0.3398889005184174,0.0750497579574585,3.0,3.0,25627.0,1.434,417195807.0
-6.923424243927002,-1.690309405326843,0.6235122084617615,4.0,5.0,25628.0,7.154,417195812.0
-0.5013706684112549,-0.1216649040579796,-0.009005441330373287,1.0,14.0,25636.0,0.516,417195833.0
-0.7581738829612732,-0.182721346616745,0.01361287664622068,1.0,1.0,25645.0,0.78,417195858.0
-1.415534734725952,-0.340885192155838,0.0763058215379715,3.0,3.0,25646.0,1.458,417195863.0
-7.341900825500488,-1.765345215797424,0.6606405377388,3.0,5.0,25648.0,7.58,417195867.0
-59.17742156982422,-14.20724201202393,7.472540855407715,3.0,7.0,25650.0,61.316,417195872.0
-0.5212416052818298,-0.1245618835091591,-0.009354489855468273,1.0,14.0,25656.0,0.536,417195888.0
-0.8132855296134949,-0.1930020898580551,0.01459021214395761,1.0,1.0,25665.0,0.836,417195913.0
-1.447809934616089,-0.3433151841163635,0.07798057794570923,3.0,3.0,25666.0,1.49,417195918.0
-7.830777645111084,-1.85400378704071,0.7040441036224365,3.0,5.0,25668.0,8.078,417195922.0
-14.8520622253418,-3.510878562927246,1.873862981796265,16.0,7.0,25670.0,15.376,417195927.0
-0.545031726360321,-0.1282375454902649,-0.009773347526788712,1.0,14.0,25676.0,0.56,417195943.0
-0.8061652183532715,-0.1883422881364822,0.01445059292018414,1.0,1.0,25685.0,0.8280000000000001,417195968.0
-1.489904522895813,-0.3475340902805328,0.08017868548631668,3.0,3.0,25687.0,1.532,417195973.0
-8.388269424438477,-1.955098390579224,0.7535485625267029,2.0,5.0,25688.0,8.646,417195978.0
-14.88356113433838,-3.463513135910034,1.876300454139709,28.0,7.0,25690.0,15.396,417195982.0
-14.89020347595215,-3.462319612503052,2.421292543411255,9.0,9.0,25691.0,15.478,417195987.0
-0.5337873101234436,-0.1236270889639854,-0.00956391915678978,1.0,14.0,25696.0,0.548,417195998.0
-0.8224084377288818,-0.1891121566295624,0.01472983136773109,1.0,1.0,25705.0,0.844,417196024.0
-1.520246863365173,-0.34930020570755,0.08174876123666763,3.0,3.0,25706.0,1.562,417196028.0
-8.864995002746582,-2.033612012863159,0.7957319021224976,2.0,5.0,25708.0,9.13,417196033.0
-14.71560573577881,-3.370323657989502,1.853632688522339,27.0,7.0,25710.0,15.21,417196038.0
-14.79303073883057,-3.382622003555298,2.403459072113037,24.0,9.0,25712.0,15.364,417196042.0
-0.5342155694961548,-0.1217630654573441,-0.00956391915678978,1.0,14.0,25716.0,0.548,417196054.0
-0.8191627860069275,-0.1853576153516769,0.01466002129018307,1.0,1.0,25725.0,0.84,417196079.0
-1.554574370384216,-0.3514790534973145,0.08352818340063095,4.0,3.0,25726.0,1.596,417196084.0
-10.40156745910645,-2.347909927368164,0.9329150915145874,3.0,5.0,25728.0,10.704,417196088.0
-14.69048690795898,-3.310644149780273,1.84900164604187,41.0,7.0,25730.0,15.172,417196093.0
-14.71551895141602,-3.313586711883545,2.38906717300415,42.0,9.0,25731.0,15.272,417196098.0
-0.558052122592926,-0.1251485496759415,-0.009982776828110218,1.0,14.0,25736.0,0.5720000000000001,417196109.0
-0.815900981426239,-0.1816280335187912,0.01459021214395761,1.0,1.0,25745.0,0.836,417196134.0
-1.583086371421814,-0.352121502161026,0.08499359339475632,4.0,3.0,25746.0,1.624,417196139.0
-11.10406875610352,-2.465779542922974,0.995144248008728,3.0,5.0,25748.0,11.418,417196144.0
-14.70582962036133,-3.260204076766968,1.849489212036133,42.0,7.0,25750.0,15.176,417196148.0
-14.7038516998291,-3.257073163986206,2.385312795639038,47.0,9.0,25751.0,15.248,417196153.0
-0.5623911023139954,-0.1240613609552383,-0.01005258597433567,1.0,14.0,25756.0,0.5760000000000001,417196164.0
-0.8477847576141357,-0.1856221109628677,0.01514868903905153,1.0,1.0,25765.0,0.868,417196190.0
-1.633083820343018,-0.3572643399238586,0.0876103937625885,4.0,3.0,25766.0,1.674,417196194.0
-11.86785316467285,-2.591950416564941,1.062777161598206,1.0,5.0,25768.0,12.194,417196199.0
-14.7442741394043,-3.214771509170532,1.852901458740234,46.0,7.0,25770.0,15.204,417196203.0
-14.70741081237793,-3.204045295715332,2.384061336517334,57.0,9.0,25771.0,15.24,417196208.0
-0.5354613661766052,-0.1161622032523155,-0.00956391915678978,1.0,14.0,25776.0,0.548,417196220.0
-0.8582020401954651,-0.1847660541534424,0.01532321330159903,1.0,1.0,25785.0,0.878,417196245.0
-1.66751503944397,-0.3587020635604858,0.08938981592655182,4.0,3.0,25786.0,1.708,417196250.0
-13.22482967376709,-2.839986801147461,1.183400630950928,7.0,5.0,25788.0,13.578,417196254.0
-14.78840255737305,-3.170358896255493,1.85704505443573,22.0,7.0,25790.0,15.238,417196259.0
-14.68760108947754,-3.14606761932373,2.379055261611938,45.0,9.0,25791.0,15.208,417196263.0
-0.5358635783195496,-0.1142923831939697,-0.00956391915678978,1.0,14.0,25796.0,0.548,417196275.0
-0.8471035957336426,-0.179284930229187,0.01511378400027752,3.0,1.0,25805.0,0.866,417196300.0
-1.711809158325195,-0.361670970916748,0.09169259667396545,5.0,3.0,25807.0,1.752,417196305.0
-15.1548490524292,-3.199152946472168,1.355097532272339,7.0,5.0,25808.0,15.548,417196309.0
-14.59736633300781,-3.076147556304932,1.831696271896362,17.0,7.0,25810.0,15.03,417196314.0
-14.75068378448486,-3.105767965316772,2.387502908706665,58.0,9.0,25811.0,15.262,417196319.0
-0.5362592935562134,-0.1124211773276329,-0.00956391915678978,1.0,14.0,25816.0,0.548,417196330.0
-0.8516398072242737,-0.1771413385868073,0.01518359314650297,3.0,1.0,25825.0,0.87,417196356.0
-1.746305584907532,-0.362596184015274,0.09347201883792877,4.0,3.0,25827.0,1.786,417196360.0
-15.21664524078369,-3.156755685806274,1.35962963104248,18.0,5.0,25828.0,15.6,417196365.0
-14.47972106933594,-2.998606204986572,1.815609455108643,20.0,7.0,25830.0,14.898,417196369.0
-14.79678916931152,-3.058881521224976,2.393134355545044,58.0,9.0,25832.0,15.298,417196374.0
-0.5366484522819519,-0.1105485931038857,-0.00956391915678978,1.0,14.0,25836.0,0.548,417196386.0
-0.8679265975952148,-0.1773705631494522,0.01546283252537251,3.0,1.0,25845.0,0.886,417196411.0
-1.790613532066345,-0.3652809262275696,0.09577479958534241,4.0,3.0,25847.0,1.83,417196415.0
-14.83201599121094,-3.014912128448486,2.397201776504517,47.0,9.0,25851.0,15.324,417196429.0
-0.5683905482292175,-0.1150206327438354,-0.0101223960518837,1.0,14.0,25856.0,0.58,417196441.0
-0.8685404658317566,-0.1743398606777191,0.01546283252537251,3.0,1.0,25865.0,0.886,417196466.0
-1.846711158752441,-0.3700149655342102,0.09870561212301254,4.0,3.0,25867.0,1.886,417196471.0
-24.52391624450684,-4.90926456451416,2.188132047653198,6.0,5.0,25868.0,25.106,417196475.0
-16.31259727478027,-3.259578466415405,2.042530298233032,9.0,7.0,25870.0,16.76,417196480.0
-14.87202548980713,-2.966325521469116,2.401894807815552,32.0,9.0,25872.0,15.354,417196485.0
-0.5727112293243408,-0.1138154417276382,-0.01019220519810915,1.0,14.0,25876.0,0.584,417196496.0
-0.9142370820045471,-0.1803606301546097,0.01626564189791679,3.0,1.0,25884.0,0.932,417196521.0
-1.900837898254395,-0.3743078708648682,0.1015317514538765,3.0,3.0,25886.0,1.94,417196526.0
-51.33023071289062,-10.09850406646729,4.576896667480469,0.0,5.0,25887.0,52.514,417196531.0
-0.596636950969696,-0.1165149062871933,-0.01061106286942959,1.0,14.0,25895.0,0.608,417196551.0
-0.9109346866607666,-0.1764078736305237,0.01619583368301392,3.0,1.0,25904.0,0.928,417196577.0
-1.949195981025696,-0.3767674267292023,0.1040438786149025,4.0,3.0,25906.0,1.988,417196581.0
-51.255615234375,-9.898111343383789,4.567135334014893,1.0,5.0,25907.0,52.402,417196586.0
-51.81008529663086,-9.986428260803223,6.478574275970459,0.0,7.0,25909.0,53.16,417196591.0
-0.6088237166404724,-0.1166900619864464,-0.01082049217075109,1.0,14.0,25915.0,0.62,417196607.0
-0.9351503252983093,-0.1775438338518143,0.01661469042301178,3.0,1.0,25925.0,0.9520000000000001,417196632.0
-2.036906719207764,-0.3859822452068329,0.1086494475603104,4.0,3.0,25927.0,2.076,417196637.0
-52.60707092285156,-9.959229469299316,4.684272766113281,0.0,5.0,25928.0,53.746,417196641.0
-51.5849609375,-9.747079849243164,6.445913314819336,0.0,7.0,25930.0,52.892,417196646.0
-14.80860900878906,-2.795439004898071,2.386877059936523,18.0,9.0,25931.0,15.258,417196650.0
-0.577802300453186,-0.1085503324866295,-0.01026201527565718,1.0,14.0,25936.0,0.588,417196662.0
-0.9613209366798401,-0.1790381819009781,0.01706845313310623,3.0,1.0,25945.0,0.978,417196687.0
-2.079477787017822,-0.3865347504615784,0.1108475551009178,4.0,3.0,25947.0,2.118,417196692.0
-8.591734886169434,-1.595486164093018,0.7645301818847656,2.0,5.0,25948.0,8.772,417196697.0
-51.22049331665039,-9.493157386779785,6.396190643310547,0.0,7.0,25950.0,52.484,417196701.0
-0.6096431612968445,-0.1123304590582848,-0.01082049217075109,1.0,14.0,25956.0,0.62,417196717.0
-0.9697777628898621,-0.1772877722978592,0.01720807328820229,3.0,1.0,25964.0,0.986,417196743.0
-2.129868745803833,-0.3885989785194397,0.11346435546875,4.0,3.0,25966.0,2.168,417196747.0
-8.547975540161133,-1.558054447174072,0.7601723670959473,2.0,5.0,25967.0,8.722,417196752.0
-52.70475387573242,-9.587579727172852,6.577532291412354,0.0,7.0,25969.0,53.972,417196756.0
-74.05095672607422,-13.4573392868042,11.92061901092529,37.0,9.0,25970.0,76.202,417196761.0
-0.5923022627830505,-0.1071057021617889,-0.01050634868443012,1.0,14.0,25975.0,0.602,417196773.0
-0.9861373901367188,-0.1767234802246094,0.01748731173574924,4.0,1.0,25984.0,1.002,417196798.0
-2.207888603210449,-0.3948753774166107,0.117546558380127,4.0,3.0,25986.0,2.246,417196803.0
-8.62200927734375,-1.540471792221069,0.7662733197212219,6.0,5.0,25987.0,8.792,417196807.0
-52.5346565246582,-9.367307662963867,6.552183151245117,0.0,7.0,25989.0,53.764,417196812.0
-73.66184997558594,-13.12117385864258,11.85053634643555,36.0,9.0,25990.0,75.754,417196816.0
-0.6103936433792114,-0.1081781834363937,-0.01082049217075109,1.0,14.0,25995.0,0.62,417196828.0
-1.010383009910583,-0.1774305552244186,0.01790616847574711,4.0,1.0,26004.0,1.026,417196853.0
-2.287944793701172,-0.4009564220905304,0.1217334344983101,4.0,3.0,26006.0,2.326,417196858.0
-61.04596710205078,-10.66520595550537,7.609034538269043,5.0,7.0,26009.0,62.436,417196867.0
-73.13731384277344,-12.75135135650635,11.75855255126953,34.0,9.0,26011.0,75.166,417196872.0
-0.6147079467773438,-0.1067310273647308,-0.01089030131697655,1.0,14.0,26015.0,0.624,417196883.0
-1.028732895851135,-0.1769535094499588,0.01822031289339066,4.0,1.0,26024.0,1.044,417196909.0
-2.372006177902222,-0.4071590006351471,0.1261296570301056,4.0,3.0,26026.0,2.41,417196913.0
-8.587387084960938,-1.47249710559845,0.7622641324996948,27.0,5.0,26027.0,8.746,417196918.0
-58.86006546020508,-10.07170867919922,7.332147121429443,0.0,7.0,26029.0,60.164,417196922.0
-0.6387335658073425,-0.1086071282625198,-0.01130915898829699,1.0,14.0,26035.0,0.648,417196938.0
-1.041206479072571,-0.1751724183559418,0.01842974126338959,4.0,1.0,26045.0,1.056,417196964.0
-2.438482284545898,-0.4093746542930603,0.1295838207006454,4.0,3.0,26047.0,2.476,417196968.0
-8.578971862792969,-1.438706278800964,0.7610439658164978,25.0,5.0,26048.0,8.732,417196973.0
-51.8560905456543,-8.677733421325684,6.455662727355957,0.0,7.0,26050.0,52.972,417196978.0
-0.6253190636634827,-0.103969469666481,-0.01106482557952404,1.0,14.0,26056.0,0.634,417196994.0
-1.051677227020264,-0.1731612682342529,0.01860426552593708,4.0,1.0,26065.0,1.066,417197019.0
-2.542380094528198,-0.4176976978778839,0.1350267678499222,4.0,3.0,26067.0,2.58,417197024.0
-8.548552513122559,-1.402943253517151,0.7579063177108765,23.0,5.0,26068.0,8.696,417197028.0
-71.9677734375,-11.78517436981201,8.954228401184082,62.0,7.0,26070.0,73.474,417197033.0
-0.6394944190979004,-0.1040337085723877,-0.01130915898829699,1.0,14.0,26076.0,0.648,417197049.0
-1.08185863494873,-0.1744478493928909,0.01912783831357956,4.0,1.0,26084.0,1.096,417197074.0
-2.658046722412109,-0.4281295239925385,0.1410977393388748,4.0,3.0,26085.0,2.696,417197079.0
-8.511847496032715,-1.367948532104492,0.7542458176612854,21.0,5.0,26087.0,8.654,417197084.0
-15.00420379638672,-2.405970096588135,1.865819692611694,2.0,7.0,26089.0,15.31,417197088.0
-0.6220626831054688,-0.09908159077167511,-0.01099501643329859,1.0,14.0,26095.0,0.63,417197104.0
-1.114065647125244,-0.1756534725427628,0.01968631520867348,4.0,1.0,26104.0,1.128,417197130.0
-2.752328872680664,-0.4329720139503479,0.14601731300354,4.0,3.0,26106.0,2.79,417197134.0
-8.477206230163574,-1.332042813301086,0.7507595419883728,21.0,5.0,26107.0,8.614,417197139.0
-0.6658742427825928,-0.1036778762936592,-0.01176292169839144,1.0,14.0,26115.0,0.674,417197160.0
-1.106766581535339,-0.1705454140901566,0.01954669505357742,4.0,1.0,26124.0,1.12,417197185.0
-2.852450132369995,-0.4390340745449066,0.1512509137392044,4.0,3.0,26125.0,2.89,417197190.0
-8.444387435913086,-1.296698212623596,0.747447669506073,18.0,5.0,26127.0,8.576,417197194.0
-14.96569347381592,-2.292746067047119,1.858994960784912,37.0,7.0,26129.0,15.254,417197199.0
-0.6879785656929016,-0.1046611592173576,-0.01214687526226044,1.0,14.0,26135.0,0.6960000000000001,417197215.0
-1.105377674102783,-0.1663833856582642,0.01951179094612598,4.0,1.0,26144.0,1.118,417197240.0
-2.958643674850464,-0.4448121786117554,0.1567985266447067,5.0,3.0,26145.0,2.996,417197245.0
-8.425217628479004,-1.263667583465576,0.7453559041023254,11.0,5.0,26147.0,8.552,417197249.0
-14.95397281646729,-2.237554550170898,1.856557607650757,56.0,7.0,26149.0,15.234,417197254.0
-0.6764717698097229,-0.1004959419369698,-0.01193744596093893,1.0,14.0,26155.0,0.684,417197270.0
-1.147499084472656,-0.1686294376850128,0.0202447921037674,4.0,1.0,26164.0,1.16,417197295.0
-3.080798387527466,-0.4516367018222809,0.1631835103034973,4.0,3.0,26166.0,3.118,417197300.0
-8.433520317077637,-1.234827637672424,0.7457045316696167,6.0,5.0,26167.0,8.556000000000001,417197305.0
-14.99115562438965,-2.189645290374756,1.86021363735199,63.0,7.0,26169.0,15.264,417197309.0
-0.7005664706230164,-0.1015773043036461,-0.01235630363225937,1.0,14.0,26175.0,0.708,417197325.0
-1.175793051719666,-0.168596550822258,0.02073345892131329,4.0,1.0,26184.0,1.188,417197351.0
-3.244400501251221,-0.4646355509757996,0.171766608953476,3.0,3.0,26185.0,3.282,417197355.0
-0.6989367604255676,-0.09885121881961823,-0.01232139859348536,1.0,14.0,26195.0,0.706,417197381.0
-1.204100370407104,-0.1683681309223175,0.02122212573885918,4.0,1.0,26204.0,1.216,417197406.0
-3.404247522354126,-0.4754067361354828,0.1801403611898422,3.0,3.0,26205.0,3.442,417197411.0
-18.6381664276123,-2.596206903457642,1.646371960639954,5.0,5.0,26207.0,18.89,417197415.0
-0.7190871238708496,-0.09914205968379974,-0.01267044711858034,3.0,14.0,26215.0,0.726,417197436.0
-1.232420206069946,-0.1679441034793854,0.02171079441905022,4.0,1.0,26224.0,1.244,417197461.0
-3.694822788238525,-0.5028433203697205,0.1954224556684494,3.0,3.0,26225.0,3.734,417197466.0
-18.52865791320801,-2.515052556991577,1.635913252830505,10.0,5.0,26227.0,18.77,417197471.0
-0.7432116270065308,-0.09982579946517944,-0.01308930478990078,3.0,14.0,26235.0,0.75,417197491.0
-1.250839710235596,-0.166008934378624,0.02202493697404861,3.0,1.0,26244.0,1.262,417197517.0
-3.849011182785034,-0.5101494193077087,0.2034821957349777,2.0,3.0,26245.0,3.888,417197521.0
-13.8225040435791,-1.827130556106567,1.219831824302673,7.0,5.0,26247.0,13.996,417197526.0
-53.70060348510742,-7.079353809356689,6.650653839111328,0.0,7.0,26249.0,54.572,417197530.0
-0.7514867782592773,-0.09826802462339401,-0.01322892401367426,3.0,14.0,26255.0,0.758,417197547.0
-1.271243691444397,-0.1642033457756042,0.0223739854991436,3.0,1.0,26264.0,1.282,417197572.0
-4.046872138977051,-0.5220062136650085,0.2138447165489197,2.0,3.0,26265.0,4.086,417197577.0
-8.29174518585205,-1.066610217094421,0.7314109802246094,7.0,5.0,26267.0,8.392,417197581.0
-53.75648880004883,-6.895901679992676,6.654553413391113,0.0,7.0,26269.0,54.604,417197586.0
-0.7736459970474243,-0.09842020273208618,-0.01361287664622068,3.0,14.0,26275.0,0.78,417197602.0
-1.309507131576538,-0.164500504732132,0.02303717657923698,3.0,1.0,26284.0,1.32,417197627.0
-4.67499828338623,-0.5856164693832397,0.2469210475683212,1.0,3.0,26286.0,4.718,417197632.0
-8.293440818786621,-1.037412762641907,0.7312366962432861,22.0,5.0,26287.0,8.39,417197636.0
-67.91571807861328,-8.47138786315918,8.4036226272583,20.0,7.0,26289.0,68.956,417197641.0
-0.7422316074371338,-0.09179213643074036,-0.01305439975112677,3.0,14.0,26295.0,0.748,417197657.0
-1.325953006744385,-0.1618669927120209,0.02331641502678394,3.0,1.0,26304.0,1.336,417197683.0
-6.885658740997314,-0.8381341695785522,0.3635255396366119,3.0,3.0,26306.0,6.946,417197687.0
-8.3009672164917,-1.00893771648407,0.7315853238105774,6.0,5.0,26307.0,8.394,417197692.0
-0.7822559475898743,-0.09397079795598984,-0.01375249586999416,3.0,14.0,26315.0,0.788,417197713.0
-1.374168992042542,-0.1628868281841278,0.02415413036942482,3.0,1.0,26324.0,1.384,417197738.0
-7.257465362548828,-0.8576932549476624,0.382994532585144,5.0,3.0,26326.0,7.318000000000001,417197742.0
-8.367755889892578,-0.9874274730682373,0.737163245677948,22.0,5.0,26327.0,8.458,417197747.0
-26.41803169250488,-3.108080148696899,3.266098499298096,48.0,7.0,26329.0,26.8,417197752.0
-0.5733010768890381,-0.06704309582710266,-0.03025018237531185,1.0,12.0,26333.0,0.578,417197763.0
-0.7905241847038269,-0.09216593205928802,-0.01389211509376764,3.0,14.0,26335.0,0.796,417197768.0
-1.398568511009216,-0.1608305126428604,0.02457298897206783,5.0,1.0,26344.0,1.408,417197793.0
-7.603692054748535,-0.8717090487480164,0.4011027812957764,5.0,3.0,26346.0,7.664000000000001,417197798.0
-8.385007858276367,-0.9597986340522766,0.7383834719657898,26.0,5.0,26347.0,8.472,417197802.0
-26.39519119262695,-3.012018918991089,3.261954784393311,48.0,7.0,26349.0,26.766,417197807.0
-0.7868669629096985,-0.08895665407180786,-0.01382230594754219,3.0,14.0,26355.0,0.792,417197823.0
-1.430919528007507,-0.1594918817281723,0.02513146586716175,3.0,1.0,26364.0,1.44,417197848.0
-7.983847141265869,-0.8870670795440674,0.4209904372692108,5.0,3.0,26366.0,8.044,417197853.0
-8.437813758850098,-0.9360154271125793,0.7427412271499634,38.0,5.0,26367.0,8.522,417197858.0
-8.33028507232666,-0.9211437106132507,1.029064774513245,2.0,7.0,26369.0,8.444,417197862.0
-0.573755145072937,-0.06303910166025162,-0.03025018237531185,1.0,12.0,26373.0,0.578,417197874.0
-0.7951239347457886,-0.08708023279905319,-0.01396192517131567,3.0,14.0,26375.0,0.8,417197878.0
-1.481171250343323,-0.1598605215549469,0.02600408531725407,5.0,1.0,26384.0,1.49,417197904.0
-8.58462142944336,-0.9234934449195862,0.4524966776371002,5.0,3.0,26386.0,8.646,417197908.0
-8.435086250305176,-0.9059179425239563,0.7422183156013489,18.0,5.0,26387.0,8.516,417197913.0
-8.32160758972168,-0.8907922506332397,1.027602314949036,9.0,7.0,26389.0,8.432,417197918.0
-0.6256093382835388,-0.06652706116437912,-0.03297165408730507,1.0,12.0,26393.0,0.63,417197929.0
-0.7994002103805542,-0.08472572267055511,-0.01403173431754112,2.0,14.0,26395.0,0.804,417197934.0
-1.501609206199646,-0.1567656546831131,0.02635313384234905,4.0,1.0,26404.0,1.51,417197959.0
-9.0764799118042,-0.9443677067756653,0.4782459735870361,3.0,3.0,26406.0,9.138,417197964.0
-17.87914848327637,-1.857092261314392,1.572638273239136,28.0,5.0,26407.0,18.044,417197968.0
-8.322690963745117,-0.861534595489502,1.027358531951904,18.0,7.0,26409.0,8.43,417197973.0
-0.6139169931411743,-0.06311728805303574,-0.03234362229704857,1.0,12.0,26413.0,0.618,417197984.0
-0.8295302987098694,-0.08499205112457275,-0.0145553071051836,2.0,14.0,26415.0,0.834,417197989.0
-1.526022434234619,-0.1539314240217209,0.02677199058234692,4.0,1.0,26424.0,1.534,417198014.0
-10.20847606658936,-1.026139736175537,0.5376996397972107,4.0,3.0,26426.0,10.274,417198019.0
-25.7280330657959,-2.581605195999146,2.262214422225952,45.0,5.0,26427.0,25.956,417198024.0
-8.335524559020996,-0.8334652781486511,1.028577208518982,4.0,7.0,26429.0,8.44,417198028.0
-0.5743838548660278,-0.05702740326523781,-0.03025018237531185,1.0,12.0,26433.0,0.578,417198040.0
-0.8278319239616394,-0.08189905434846878,-0.01452040206640959,2.0,14.0,26435.0,0.8320000000000001,417198044.0
-1.570336699485779,-0.1528660953044891,0.02753989771008492,4.0,1.0,26444.0,1.578,417198070.0
-11.38885116577148,-1.104646801948547,0.5996654033660889,2.0,3.0,26446.0,11.458,417198074.0
-25.62583160400391,-2.481029748916626,2.252453088760376,39.0,5.0,26447.0,25.844,417198079.0
-25.84305953979492,-2.492955923080444,3.18785834312439,20.0,7.0,26449.0,26.158,417198083.0
-0.5745794177055359,-0.05502207949757576,-0.03025018237531185,1.0,12.0,26453.0,0.578,417198095.0
-0.8400567173957825,-0.08014843612909317,-0.01472983136773109,2.0,14.0,26455.0,0.844,417198100.0
-1.598734140396118,-0.1499988436698914,0.02802856452763081,4.0,1.0,26464.0,1.606,417198125.0
-12.34914970397949,-1.154292106628418,0.6500125527381897,2.0,3.0,26466.0,12.42,417198130.0
-25.55895233154297,-2.384530782699585,2.245829105377197,38.0,5.0,26467.0,25.768,417198134.0
-8.44194507598877,-0.7846216559410095,1.041007876396179,4.0,7.0,26469.0,8.542,417198139.0
-0.5747679471969604,-0.05301608890295029,-0.03025018237531185,1.0,12.0,26473.0,0.578,417198150.0
-0.850287914276123,-0.07813048362731934,-0.01490435469895601,2.0,14.0,26475.0,0.854,417198155.0
-1.631113409996033,-0.1472948640584946,0.02858704142272472,4.0,1.0,26484.0,1.638,417198180.0
-12.36702823638916,-1.112430930137634,0.6507452726364136,10.0,3.0,26486.0,12.434,417198185.0
-25.44210243225098,-2.284075498580933,2.234847545623779,19.0,5.0,26487.0,25.642,417198189.0
-8.47429084777832,-0.7578011155128479,1.044664025306702,6.0,7.0,26489.0,8.572000000000001,417198194.0
-8.381919860839844,-0.7465919256210327,1.332821607589722,9.0,9.0,26491.0,8.52,417198199.0
-0.614738404750824,-0.0545395165681839,-0.03234362229704857,1.0,12.0,26493.0,0.618,417198206.0
-0.8724666833877563,-0.07709820568561554,-0.01528830826282501,4.0,14.0,26495.0,0.876,417198210.0
-1.671461820602417,-0.145058199763298,0.0292851384729147,4.0,1.0,26504.0,1.678,417198236.0
-12.39272403717041,-1.071147084236145,0.6518966555595398,3.0,3.0,26506.0,12.456,417198240.0
-8.027414321899414,-0.6924263834953308,0.7049156427383423,2.0,5.0,26507.0,8.088000000000001,417198245.0
-8.508528709411621,-0.730934202671051,1.048563838005066,22.0,7.0,26509.0,8.604000000000001,417198249.0
-8.402189254760742,-0.718844473361969,1.335637450218201,27.0,9.0,26511.0,8.538,417198254.0
-0.6149250864982605,-0.0523933470249176,-0.03234362229704857,1.0,12.0,26513.0,0.618,417198261.0
-0.8807006478309631,-0.07472853362560272,-0.01542792748659849,2.0,14.0,26515.0,0.884,417198265.0
-1.699857115745544,-0.1415459662675858,0.02977380529046059,4.0,1.0,26524.0,1.706,417198291.0
-16.22796249389648,-1.345587849617004,0.853390097618103,3.0,3.0,26526.0,16.306,417198295.0
-8.001984596252441,-0.6621012091636658,0.7024753093719482,5.0,5.0,26527.0,8.06,417198300.0
-8.451677322387695,-0.6963394284248352,1.041251659393311,7.0,7.0,26529.0,8.544,417198305.0
-8.408584594726562,-0.6898339986801147,1.336263179779053,12.0,9.0,26531.0,8.542,417198309.0
-0.6151041984558105,-0.05024654045701027,-0.03234362229704857,1.0,12.0,26533.0,0.618,417198316.0
-0.9208183884620667,-0.07489611208438873,-0.01612602360546589,2.0,14.0,26535.0,0.924,417198321.0
-1.760141849517822,-0.1403809487819672,0.0308209490031004,4.0,1.0,26544.0,1.766,417198346.0
-15.99563217163086,-1.27012038230896,0.840934157371521,6.0,3.0,26546.0,16.068,417198351.0
-7.962537288665771,-0.630860447883606,0.6988147497177124,5.0,5.0,26547.0,8.018,417198355.0
-8.406561851501465,-0.6630870699882507,1.035401940345764,4.0,7.0,26549.0,8.496,417198360.0
-0.6351876854896545,-0.0496557243168354,-0.0333903394639492,1.0,12.0,26553.0,0.638,417198371.0
-0.9310425519943237,-0.07245717197656631,-0.01630054786801338,3.0,14.0,26555.0,0.934,417198376.0
-1.820389866828918,-0.1394321769475937,0.0318680927157402,4.0,1.0,26562.0,1.826,417198401.0
-23.05903053283691,-1.762151002883911,1.211996078491211,7.0,3.0,26563.0,23.158,417198406.0
-7.887000560760498,-0.5999485850334167,0.6920166015625,5.0,5.0,26565.0,7.94,417198411.0
-8.374953269958496,-0.6341259479522705,1.031258344650269,4.0,7.0,26567.0,8.462,417198415.0
-0.6074572801589966,-0.0455683209002018,-0.03192493319511414,1.0,12.0,26571.0,0.61,417198427.0
-0.9472187757492065,-0.07072298973798752,-0.01657978631556034,3.0,14.0,26573.0,0.9500000000000001,417198431.0
-1.888674259185791,-0.1380327492952347,0.03305485844612122,4.0,1.0,26582.0,1.894,417198457.0
-23.12509346008301,-1.681970119476318,1.215136289596558,5.0,3.0,26584.0,23.218,417198461.0
-7.857251644134521,-0.5701072216033936,0.6892276406288147,9.0,5.0,26585.0,7.908,417198466.0
-8.359295845031738,-0.603601336479187,1.029064774513245,4.0,7.0,26587.0,8.444,417198470.0
-8.432138442993164,-0.6044231653213501,1.643247127532959,5.0,11.0,26590.0,8.612,417198480.0
-0.6474560499191284,-0.04629664868116379,-0.0340183712542057,1.0,12.0,26591.0,0.65,417198482.0
-0.9494544863700867,-0.06755807995796204,-0.01661469042301178,3.0,14.0,26593.0,0.9520000000000001,417198487.0
-1.94103479385376,-0.1347091197967529,0.03396238386631012,4.0,1.0,26603.0,1.946,417198512.0
-7.671088695526123,-0.531033456325531,0.4029868543148041,13.0,3.0,26604.0,7.7,417198517.0
-7.859288692474365,-0.5413051247596741,0.6892276406288147,9.0,5.0,26606.0,7.908,417198521.0
-8.044580459594727,-0.5512456893920898,0.9900665283203125,4.0,7.0,26608.0,8.124,417198526.0
-8.39708137512207,-0.5709831714630127,1.635996341705322,13.0,11.0,26611.0,8.574,417198535.0
-0.6476213932037354,-0.04392329230904579,-0.0340183712542057,1.0,12.0,26612.0,0.65,417198537.0
-0.9736376404762268,-0.06569310277700424,-0.01703354902565479,3.0,14.0,26614.0,0.976,417198542.0
-1.989382028579712,-0.1310884058475494,0.03480009734630585,4.0,1.0,26623.0,1.994,417198567.0
-7.643001556396484,-0.5022884607315063,0.4014167785644531,18.0,3.0,26624.0,7.67,417198572.0
-7.871070861816406,-0.514517605304718,0.6900991797447205,4.0,5.0,26626.0,7.918,417198576.0
-8.018722534179688,-0.5213583707809448,0.9866542220115662,7.0,7.0,26628.0,8.096,417198581.0
-8.204380989074707,-0.5305535197257996,1.302160501480103,9.0,9.0,26630.0,8.324,417198586.0
-8.420574188232422,-0.5430582761764526,1.640194177627563,8.0,11.0,26631.0,8.596,417198590.0
-0.6358119249343872,-0.04089324921369553,-0.0333903394639492,1.0,12.0,26632.0,0.638,417198593.0
-1.009782075881958,-0.06459180265665054,-0.01766183599829674,3.0,14.0,26634.0,1.012,417198597.0
-2.045710325241089,-0.1276298463344574,0.03577743470668793,4.0,1.0,26643.0,2.05,417198622.0
-7.586981773376465,-0.4706856906414032,0.3983812928199768,30.0,3.0,26645.0,7.612,417198627.0
-16.28852272033691,-1.007663249969482,1.427785396575928,36.0,5.0,26646.0,16.382,417198632.0
-8.036344528198242,-0.494339644908905,0.9886041283607483,3.0,7.0,26648.0,8.112,417198636.0
-8.215953826904297,-0.5039485692977905,1.303724884986877,9.0,9.0,26649.0,8.334,417198641.0
-8.373428344726562,-0.5106738805770874,1.630653619766235,12.0,11.0,26651.0,8.546,417198646.0
-0.6239893436431885,-0.03794620186090469,-0.0327623076736927,1.0,12.0,26652.0,0.626,417198648.0
-0.9900409579277039,-0.05985976383090019,-0.01731278747320175,3.0,14.0,26654.0,0.992,417198652.0
-2.123996496200562,-0.12507264316082,0.03713871911168098,4.0,1.0,26663.0,2.128,417198678.0
-7.542643070220947,-0.442831426858902,0.3959738314151764,31.0,3.0,26664.0,7.566,417198682.0
-22.9193058013916,-1.337573409080505,2.008591175079346,18.0,5.0,26666.0,23.046,417198687.0
-7.913170337677002,-0.4590419828891754,0.9732486009597778,6.0,7.0,26668.0,7.986,417198692.0
-8.382999420166016,-0.4818927645683289,1.632180094718933,8.0,11.0,26671.0,8.554,417198701.0
-0.652033805847168,-0.03736767917871475,-0.03422771394252777,1.0,12.0,26672.0,0.654,417198703.0
-1.012204885482788,-0.05765439569950104,-0.01769674010574818,3.0,14.0,26674.0,1.014,417198708.0
-2.198274374008179,-0.1221328973770142,0.03843019902706146,4.0,1.0,26682.0,2.202,417198733.0
-7.484243869781494,-0.4145033061504364,0.3928336799144745,11.0,3.0,26683.0,7.506,417198738.0
-22.85199737548828,-1.25762152671814,2.002315998077393,18.0,5.0,26685.0,22.974,417198742.0
-7.912666797637939,-0.4326900541782379,0.9730048179626465,10.0,7.0,26687.0,7.984,417198747.0
-0.644176721572876,-0.03477460518479347,-0.03380902856588364,1.0,12.0,26691.0,0.646,417198758.0
-8.447260856628418,-0.4545300602912903,1.953025102615356,1.0,13.0,26692.0,8.682,417198761.0
-1.010393738746643,-0.05419038981199265,-0.01766183599829674,3.0,14.0,26693.0,1.012,417198763.0
-2.286555051803589,-0.1190329343080521,0.03996600955724716,4.0,1.0,26702.0,2.29,417198788.0
-22.75477027893066,-1.172616124153137,1.993426203727722,18.0,5.0,26705.0,22.872,417198798.0
-7.904216766357422,-0.4045597016811371,0.9717861413955688,11.0,7.0,26707.0,7.974,417198802.0
-0.6403047442436218,-0.03232439979910851,-0.03359968215227127,1.0,12.0,26711.0,0.642,417198814.0
-8.439064979553223,-0.4245512783527374,1.950775504112244,10.0,13.0,26712.0,8.672,417198816.0
-1.040534496307373,-0.05216499790549278,-0.01818540692329407,3.0,14.0,26713.0,1.042,417198818.0
-2.354886054992676,-0.1139372140169144,0.04115277528762817,4.0,1.0,26723.0,2.358,417198844.0
-7.349367141723633,-0.3543010950088501,0.3856113255023956,3.0,3.0,26724.0,7.368,417198848.0
-11.73568820953369,-0.5616525411605835,1.027914881706238,10.0,5.0,26726.0,11.794,417198853.0
-7.923491954803467,-0.3764344155788422,0.9739797711372375,6.0,7.0,26728.0,7.992,417198857.0
-0.6603696942329407,-0.03091122210025787,-0.0346464030444622,1.0,12.0,26732.0,0.662,417198869.0
-8.434723854064941,-0.3933453857898712,1.94942581653595,15.0,13.0,26733.0,8.666,417198871.0
-1.044713854789734,-0.0485365055501461,-0.01825521700084209,3.0,14.0,26734.0,1.046,417198874.0
-2.423190832138062,-0.1087650805711746,0.04233953729271889,4.0,1.0,26743.0,2.426,417198899.0
-7.400440692901611,-0.3308750689029694,0.3882281184196472,11.0,3.0,26744.0,7.418,417198904.0
-11.35564613342285,-0.4997697174549103,1.395647764205933,3.0,7.0,26748.0,11.452,417198913.0
-0.6644643545150757,-0.02877875976264477,-0.03485574573278427,1.0,12.0,26752.0,0.666,417198924.0
-8.478878021240234,-0.3657479286193848,1.959323644638062,6.0,13.0,26753.0,8.71,417198927.0
-1.074844717979431,-0.04617694020271301,-0.01877878978848457,2.0,14.0,26754.0,1.076,417198929.0
-2.523436546325684,-0.1048809513449669,0.04408477991819382,4.0,1.0,26762.0,2.526,417198954.0
-7.415519714355469,-0.3056164085865021,0.3889608383178711,18.0,3.0,26764.0,7.432,417198959.0
-12.17122364044189,-0.4994857609272003,1.065740466117859,48.0,5.0,26765.0,12.228,417198963.0
-7.979901790618896,-0.3232960104942322,1.264929056167603,2.0,9.0,26768.0,8.086,417198973.0
-0.676530122756958,-0.02705398947000504,-0.03548377752304077,1.0,12.0,26771.0,0.678,417198980.0
-1.086980581283569,-0.04308760538697243,-0.01898821815848351,2.0,14.0,26773.0,1.088,417198984.0
-2.61370849609375,-0.09949486702680588,0.0456554964184761,4.0,1.0,26782.0,2.616,417199010.0
-7.412549495697021,-0.2795789837837219,0.3887514770030975,3.0,3.0,26784.0,7.428,417199014.0
-11.91008281707764,-0.4471307396888733,1.042731285095215,36.0,5.0,26785.0,11.964,417199019.0
-7.971162796020508,-0.2936823666095734,1.263364791870117,12.0,9.0,26789.0,8.076,417199028.0
-0.6526692509651184,-0.02381823025643826,-0.03422771394252777,1.0,12.0,26791.0,0.654,417199035.0
-1.119098663330078,-0.04044875130057335,-0.01954669505357742,3.0,14.0,26793.0,1.12,417199040.0
-2.705987215042114,-0.09307660162448883,0.04726111516356468,4.0,1.0,26803.0,2.708,417199065.0
-7.427497386932373,-0.2528845071792603,0.3894841969013214,3.0,3.0,26805.0,7.442,417199069.0
-12.15059185028076,-0.4115688800811768,1.063648700714111,48.0,5.0,26806.0,12.204,417199074.0
-12.27487087249756,-0.4114889204502106,1.508011221885681,11.0,7.0,26808.0,12.374,417199079.0
-7.98793363571167,-0.2663827538490295,1.265867710113525,13.0,9.0,26809.0,8.092,417199083.0
-0.7006605863571167,-0.02299846336245537,-0.03673984110355377,1.0,12.0,26812.0,0.7020000000000001,417199090.0
-1.157213568687439,-0.0375799722969532,-0.02020988613367081,3.0,14.0,26814.0,1.158,417199095.0
-8.520769119262695,-0.2767080068588257,2.284336805343628,7.0,15.0,26814.0,8.826,417199097.0
-2.80223536491394,-0.08659511804580688,0.04893654584884644,3.0,1.0,26823.0,2.804,417199120.0
-7.5261549949646,-0.2299448251724243,0.394613116979599,26.0,3.0,26825.0,7.54,417199125.0
-12.17585182189941,-0.3698788583278656,1.065740466117859,46.0,5.0,26826.0,12.228,417199129.0
-8.137195587158203,-0.2443492710590363,0.9995723366737366,4.0,7.0,26828.0,8.202,417199134.0
-8.00465202331543,-0.2375725358724594,1.268370628356934,4.0,9.0,26830.0,8.108,417199139.0
-0.6847653985023499,-0.02008412592113018,-0.0359024666249752,1.0,12.0,26832.0,0.686,417199145.0
-1.181324005126953,-0.03423544764518738,-0.02062874473631382,3.0,14.0,26834.0,1.182,417199150.0
-8.51207160949707,-0.2451978474855423,2.28174877166748,14.0,15.0,26835.0,8.816,417199152.0
-2.996389150619507,-0.08317335695028305,0.05232231318950653,4.0,1.0,26841.0,2.998,417199175.0
-7.516857624053955,-0.206026017665863,0.3940897583961487,7.0,3.0,26843.0,7.53,417199180.0
-12.22276210784912,-0.3328730762004852,1.069749593734741,33.0,5.0,26844.0,12.274,417199185.0
-8.12800121307373,-0.2185176163911819,0.9983536601066589,3.0,7.0,26846.0,8.192,417199189.0
-8.886025428771973,-0.2373447418212891,1.407910227775574,4.0,9.0,26847.0,9.0,417199194.0
-0.7067874073982239,-0.01850788109004498,-0.03705385699868202,1.0,12.0,26850.0,0.708,417199201.0
-1.197417974472046,-0.03093723207712173,-0.02090798318386078,3.0,14.0,26852.0,1.198,417199205.0
-8.553317070007324,-0.2209887951612473,2.292618989944458,11.0,15.0,26852.0,8.858,417199208.0
-3.078624725341797,-0.07470232993364334,0.05375341325998306,4.0,1.0,26861.0,3.08,417199231.0
-7.499560832977295,-0.179356262087822,0.3931477069854736,3.0,3.0,26863.0,7.512,417199235.0
-12.27962017059326,-0.2915296852588654,1.074630260467529,28.0,5.0,26864.0,12.33,417199240.0
-8.116806983947754,-0.1898657381534576,0.99689120054245,3.0,7.0,26866.0,8.18,417199245.0
-8.930282592773438,-0.2057753503322601,1.414793252944946,4.0,9.0,26868.0,9.044,417199249.0
-8.031537055969238,-0.1836635768413544,1.561580777168274,1.0,11.0,26869.0,8.184000000000001,417199254.0
-0.7168314456939697,-0.01626718044281006,-0.03757721558213234,1.0,12.0,26870.0,0.718,417199256.0
-1.221508979797363,-0.02729331329464912,-0.02132683992385864,3.0,14.0,26872.0,1.222,417199261.0
-3.238831043243408,-0.06614726781845093,0.05654579773545265,3.0,1.0,26883.0,3.24,417199286.0
-7.584062099456787,-0.1522423326969147,0.3975439369678497,3.0,3.0,26885.0,7.596,417199291.0
-12.36630535125732,-0.2460817992687225,1.082125663757324,35.0,5.0,26886.0,12.416,417199295.0
-8.182971954345703,-0.1599785536527634,1.004934549331665,3.0,7.0,26888.0,8.246,417199300.0
-8.92505168914795,-0.172928050160408,1.413854718208313,4.0,9.0,26889.0,9.038,417199304.0
-7.99292516708374,-0.152076467871666,1.553948402404785,10.0,11.0,26891.0,8.144,417199309.0
-0.7508360147476196,-0.01415460184216499,-0.03935663774609566,1.0,12.0,26892.0,0.752,417199311.0
-1.233600974082947,-0.02282482571899891,-0.02153627015650272,3.0,14.0,26894.0,1.234,417199316.0
-3.426986694335938,-0.05802337825298309,0.05982685089111328,3.0,1.0,26903.0,3.428,417199341.0
-8.389331817626953,-0.1391131430864334,0.439726710319519,3.0,3.0,26905.0,8.402000000000001,417199346.0
-12.40892314910889,-0.2036002427339554,1.08578622341156,31.0,5.0,26906.0,12.458,417199351.0
-8.19737434387207,-0.1316367983818054,1.006640791893005,2.0,7.0,26908.0,8.26,417199355.0
-8.92957592010498,-0.1402769982814789,1.414480447769165,4.0,9.0,26910.0,9.042,417199360.0
-0.5617845058441162,-0.008825216442346573,-0.04915583878755569,1.0,10.0,26910.0,0.5640000000000001,417199362.0
-7.997333526611328,-0.1242360100150108,1.554711699485779,14.0,11.0,26911.0,8.148,417199364.0
-0.7349046468734741,-0.01128821261227131,-0.03851926326751709,1.0,12.0,26912.0,0.736,417199367.0
-1.255667209625244,-0.01884876936674118,-0.02192022278904915,3.0,14.0,26914.0,1.256,417199371.0
-3.635100603103638,-0.05012430995702744,0.0634569525718689,4.0,1.0,26921.0,3.636,417199397.0
-8.41169548034668,-0.1130518764257431,0.4408780932426453,3.0,3.0,26923.0,8.424,417199401.0
-12.59677028656006,-0.1670996844768524,1.102171540260315,30.0,5.0,26924.0,12.646,417199406.0
-0.5618094205856323,-0.0070602772757411,-0.04915583878755569,1.0,10.0,26928.0,0.5640000000000001,417199417.0
-8.023204803466797,-0.09942733496427536,1.559672713279724,9.0,11.0,26929.0,8.174,417199420.0
-0.7529104948043823,-0.009198994375765324,-0.03946131095290184,1.0,12.0,26930.0,0.754,417199422.0
-1.287713170051575,-0.0152836050838232,-0.02247869968414307,3.0,14.0,26932.0,1.288,417199427.0
-3.787222385406494,-0.03900008276104927,0.06610971689224243,4.0,1.0,26941.0,3.788,417199452.0
-8.43400764465332,-0.08390745520591736,0.4420294761657715,3.0,3.0,26943.0,8.446,417199457.0
-21.84351348876953,-0.2135018855333328,1.911151170730591,15.0,5.0,26944.0,21.928,417199461.0
-8.768321990966797,-0.08111143857240677,1.388825178146362,1.0,9.0,26947.0,8.878,417199470.0
-0.5618306994438171,-0.005099153611809015,-0.04915583878755569,1.0,10.0,26948.0,0.5640000000000001,417199473.0
-0.7689154744148254,-0.006710223387926817,-0.04029868543148041,2.0,12.0,26950.0,0.77,417199477.0
-8.090872764587402,-0.06919574737548828,1.867993593215942,6.0,13.0,26951.0,8.304,417199480.0
-1.311754107475281,-0.01098958309739828,-0.02289755642414093,4.0,14.0,26952.0,1.312,417199482.0
-8.306670188903809,-0.06959142535924911,2.225843906402588,2.0,15.0,26952.0,8.6,417199484.0
-4.053288459777832,-0.02759028598666191,0.07075205445289612,3.0,1.0,26961.0,4.054,417199507.0
-8.448229789733887,-0.05455704405903816,0.4427621960639954,3.0,3.0,26963.0,8.46,417199512.0
-21.73056221008301,-0.136538952589035,1.901215314865112,34.0,5.0,26964.0,21.814,417199516.0
-12.10884952545166,-0.07185620814561844,1.486806035041809,31.0,7.0,26966.0,12.2,417199521.0
-8.76263427734375,-0.04894028976559639,1.387886524200439,4.0,9.0,26968.0,8.872,417199526.0
-0.7789203524589539,-0.004078454803675413,-0.04082204401493073,2.0,12.0,26970.0,0.78,417199533.0
-8.071578025817871,-0.04085427895188332,1.863494515419006,10.0,13.0,26971.0,8.284,417199535.0
-1.335780620574951,-0.006527907215058804,-0.02331641502678394,4.0,14.0,26972.0,1.336,417199537.0
-8.312658309936523,-0.04062363505363464,2.227396726608276,8.0,15.0,26972.0,8.606,417199539.0
-7.746777534484863,-0.0256893802434206,0.1352212429046631,2.0,1.0,26981.0,7.748,417199563.0
-14.6138801574707,-0.0433603823184967,0.7658843994140625,5.0,3.0,26983.0,14.634,417199567.0
-20.81441116333008,-0.05812495201826096,1.821032047271729,9.0,5.0,26984.0,20.894,417199572.0
-12.11696720123291,-0.02960739471018314,1.487780928611755,45.0,7.0,26986.0,12.208,417199576.0
-8.816086769104004,-0.01846439577639103,1.396334052085876,4.0,9.0,26988.0,8.926,417199581.0
-0.5618525743484497,-0.001176742953248322,-0.04915583878755569,1.0,10.0,26988.0,0.5640000000000001,417199583.0
-0.7689435482025146,-0.001342061092145741,-0.04029868543148041,2.0,12.0,26990.0,0.77,417199588.0
-8.028799057006836,-0.01261161919683218,1.853596687316895,9.0,13.0,26991.0,8.24,417199590.0
-1.347793340682983,-0.001881875796243548,-0.02352584339678288,4.0,14.0,26992.0,1.348,417199592.0
-8.303092002868652,-0.01014414615929127,2.22480845451355,7.0,15.0,26993.0,8.596,417199595.0
-7.800811767578125,0.001361498492769897,0.1361636817455292,5.0,1.0,27001.0,7.802,417199618.0
-20.54380416870117,0.01075671147555113,1.076655268669128,31.0,3.0,27003.0,20.572,417199622.0
-20.72881507873535,0.0144714443013072,1.813536643981934,32.0,5.0,27004.0,20.808,417199627.0
-12.16265392303467,0.01273670606315136,1.49338698387146,37.0,7.0,27006.0,12.254,417199632.0
-0.8168777227401733,0.001425722031854093,-0.04281081259250641,2.0,12.0,27010.0,0.8180000000000001,417199643.0
-8.019050598144531,0.01539549138396978,1.851347208023071,12.0,13.0,27011.0,8.23,417199645.0
-1.363789319992065,0.002856317674741149,-0.02380508184432983,4.0,14.0,27012.0,1.364,417199648.0
-8.100711822509766,0.02969079092144966,0.1413993984460831,2.0,1.0,27021.0,8.102,417199673.0
-20.47573471069336,0.08219531178474426,1.073096394538879,26.0,3.0,27023.0,20.504,417199678.0
-20.66089630126953,0.08654467016458511,1.807610154151917,31.0,5.0,27024.0,20.74,417199682.0
-12.39677333831787,0.05625516176223755,1.522148132324219,24.0,7.0,27026.0,12.49,417199687.0
-0.8088788390159607,0.004235318396240473,-0.04239212349057198,2.0,12.0,27030.0,0.81,417199698.0
-8.04623031616211,0.04353471845388412,1.857645750045776,10.0,13.0,27031.0,8.258000000000001,417199701.0
-1.401764631271362,0.007829011417925358,-0.02446827292442322,4.0,14.0,27032.0,1.402,417199703.0
-8.678444862365723,0.06361746042966843,0.1514868885278702,5.0,1.0,27042.0,8.68,417199728.0
-20.4213981628418,0.1532637625932693,1.070270299911499,12.0,3.0,27043.0,20.45,417199733.0
-20.61461639404297,0.1619101613759995,1.803600907325745,18.0,5.0,27045.0,20.694,417199738.0
-12.54139137268066,0.1028799340128899,1.539941072463989,4.0,7.0,27047.0,12.636,417199742.0
-0.8068606853485107,0.007182201370596886,-0.04228745400905609,3.0,12.0,27051.0,0.808,417199754.0
-1.441718697547913,0.01333663146942854,-0.02516636997461319,4.0,14.0,27053.0,1.442,417199758.0
-9.096081733703613,0.09843292087316513,0.1587819904088974,5.0,1.0,27062.0,9.098,417199784.0
-11.12004470825195,0.1242172569036484,0.5828132033348083,13.0,3.0,27064.0,11.136,417199788.0
-11.02716541290283,0.1251045912504196,0.9648140668869019,29.0,5.0,27065.0,11.07,417199793.0
-0.5618130564689636,0.006766113918274641,-0.04915583878755569,1.0,10.0,27069.0,0.5640000000000001,417199804.0
-0.8427786231040955,0.01044411025941372,-0.04417154565453529,3.0,12.0,27071.0,0.844,417199809.0
-1.445662379264832,0.01842004247009754,-0.02523618005216122,4.0,14.0,27073.0,1.446,417199814.0
-9.923521041870117,0.1385674923658371,0.1732325851917267,5.0,1.0,27080.0,9.926,417199839.0
-20.28613090515137,0.286807507276535,1.063257336616516,16.0,3.0,27081.0,20.316,417199844.0
-11.02871036529541,0.1597756445407867,0.9649884104728699,21.0,5.0,27083.0,11.072,417199848.0
-0.8607147932052612,0.0133709292858839,-0.04511359333992004,2.0,12.0,27089.0,0.862,417199864.0
-1.48358678817749,0.02356504462659359,-0.0258993711322546,4.0,14.0,27091.0,1.484,417199869.0
-8.106958389282227,0.12876957654953,2.172527074813843,3.0,15.0,27091.0,8.394,417199871.0
-10.76671981811523,0.1879337877035141,0.1879624128341675,7.0,1.0,27100.0,10.77,417199894.0
-13.54929733276367,0.23886938393116,0.7101989388465881,35.0,3.0,27101.0,13.57,417199899.0
-12.17750835418701,0.2189373373985291,1.065566062927246,33.0,5.0,27103.0,12.226,417199903.0
-0.6135489344596863,0.01145937293767929,-0.0536879375576973,1.0,10.0,27107.0,0.616,417199915.0
-0.8766380548477173,0.01667925342917442,-0.04595096781849861,2.0,12.0,27109.0,0.878,417199920.0
-1.527480602264404,0.02959582023322582,-0.02666727639734745,4.0,14.0,27111.0,1.528,417199924.0
-8.08714485168457,0.1566931158304214,2.167350769042969,8.0,15.0,27111.0,8.374,417199926.0
-10.89794921875,0.2282794862985611,0.1902661323547363,7.0,1.0,27120.0,10.902,417199949.0
-13.52037525177002,0.2879331111907959,0.7087334990501404,30.0,3.0,27122.0,13.542,417199954.0
-12.24041175842285,0.2628120183944702,1.071144104003906,30.0,5.0,27123.0,12.29,417199959.0
-0.5617157816886902,0.01245285291224718,-0.04915583878755569,1.0,10.0,27127.0,0.5640000000000001,417199970.0
-0.8845615386962891,0.01991904526948929,-0.04636965692043304,3.0,12.0,27129.0,0.886,417199975.0
-1.565352201461792,0.035796158015728,-0.02733046934008598,4.0,14.0,27131.0,1.566,417199979.0
-8.123211860656738,0.1871784776449203,2.177185773849487,14.0,15.0,27132.0,8.412,417199982.0
-12.30045318603516,0.300616592168808,0.2147693186998367,29.0,1.0,27140.0,12.306,417200005.0
-13.50936317443848,0.3325209617614746,0.7082101702690125,37.0,3.0,27141.0,13.532,417200009.0
-13.52411079406738,0.3376076817512512,1.183575034141541,37.0,5.0,27143.0,13.58,417200014.0
-0.6015035510063171,0.0154357673600316,-0.05264206975698471,1.0,10.0,27147.0,0.604,417200026.0
-0.906449019908905,0.02357788942754269,-0.04752104729413986,3.0,12.0,27149.0,0.908,417200030.0
-1.601199746131897,0.04220854863524437,-0.02795875445008278,4.0,14.0,27151.0,1.602,417200035.0
-12.42126274108887,0.346957266330719,0.216898500919342,45.0,1.0,27160.0,12.428,417200060.0
-13.52608871459961,0.3801804482936859,0.7091522216796875,28.0,3.0,27161.0,13.55,417200065.0
-13.50492572784424,0.3843035101890564,1.182006239891052,43.0,5.0,27163.0,13.562,417200069.0
-0.637293815612793,0.01858046278357506,-0.05577967688441277,1.0,10.0,27167.0,0.64,417200081.0
-9.27238941192627,0.271958589553833,1.803145051002502,0.0,11.0,27168.0,9.450000000000001,417200083.0
-0.9203359484672546,0.02715416252613068,-0.04825375229120255,3.0,12.0,27169.0,0.922,417200085.0
-1.643017649650574,0.04905064031481743,-0.02869175560772419,5.0,14.0,27171.0,1.644,417200090.0
-8.986786842346191,0.2698613703250885,2.409087657928467,10.0,15.0,27172.0,9.308,417200092.0
-12.4739408493042,0.3920093774795532,0.2178409397602081,33.0,1.0,27180.0,12.482,417200115.0
-13.67040634155273,0.4319981336593628,0.7167932391166687,41.0,3.0,27181.0,13.696,417200120.0
-13.477614402771,0.4306150376796722,1.179740190505981,39.0,5.0,27183.0,13.536,417200125.0
-8.483721733093262,0.2755048871040344,1.344397783279419,1.0,9.0,27186.0,8.594,417200134.0
-0.6013811826705933,0.01963464356958866,-0.05264206975698471,1.0,10.0,27187.0,0.604,417200136.0
-0.9242278933525085,0.03049831092357635,-0.04846309497952461,3.0,12.0,27189.0,0.926,417200141.0
-9.107298851013184,0.3021202385425568,2.103742361068726,7.0,13.0,27190.0,9.352,417200143.0
-1.688803791999817,0.05631846934556961,-0.02949456684291363,4.0,14.0,27191.0,1.69,417200145.0
-12.94018459320068,0.4564037322998047,0.6785880327224731,18.0,3.0,27202.0,12.966,417200175.0
-13.47196292877197,0.4798682034015656,1.179391503334045,33.0,5.0,27204.0,13.532,417200180.0
-9.508398056030273,0.3420102596282959,1.16823947429657,2.0,7.0,27206.0,9.586,417200184.0
-8.5181884765625,0.3078817427158356,1.350029468536377,2.0,9.0,27207.0,8.63,417200189.0
-0.5853765606880188,0.02126017585396767,-0.05124757811427116,1.0,10.0,27208.0,0.588,417200191.0
-9.291787147521973,0.339090496301651,1.807342767715454,3.0,11.0,27209.0,9.472,417200194.0
-0.948060929775238,0.03476381674408913,-0.04971915856003761,2.0,12.0,27210.0,0.9500000000000001,417200196.0
-1.722557544708252,0.06376542150974274,-0.03008794784545898,6.0,14.0,27212.0,1.724,417200201.0
-12.13511753082275,0.4683052897453308,0.2119769304990768,9.0,1.0,27221.0,12.146,417200226.0
-13.64900302886963,0.5291132926940918,0.7158511877059937,30.0,3.0,27222.0,13.678,417200231.0
-13.47816944122314,0.5272027254104614,1.180088758468628,7.0,5.0,27224.0,13.54,417200235.0
-9.503179550170898,0.3750421404838562,1.167752027511597,14.0,7.0,27226.0,9.582,417200240.0
-8.546669006347656,0.3387875258922577,1.354722499847412,2.0,9.0,27227.0,8.66,417200244.0
-0.6609496474266052,0.02631539478898048,-0.05787141248583794,1.0,10.0,27228.0,0.664,417200247.0
-0.9658946394920349,0.03879433497786522,-0.05066120624542236,2.0,12.0,27230.0,0.968,417200251.0
-1.78226625919342,0.07220634818077087,-0.03113509342074394,5.0,14.0,27232.0,1.784,417200256.0
-12.20342540740967,0.5114750862121582,0.2131986021995544,2.0,1.0,27240.0,12.216,417200281.0
-9.809768676757812,0.4145814478397369,0.5145671367645264,9.0,3.0,27242.0,9.832,417200286.0
-9.670324325561523,0.4103790521621704,0.846805214881897,15.0,5.0,27243.0,9.716000000000001,417200290.0
-13.50810432434082,0.5779665112495422,1.660104155540466,20.0,7.0,27245.0,13.622,417200295.0
-8.584969520568848,0.3688232004642487,1.360979795455933,2.0,9.0,27246.0,8.700000000000001,417200300.0
-0.6210479736328125,0.02678974717855453,-0.05438518524169922,1.0,10.0,27247.0,0.624,417200302.0
-0.9478023052215576,0.04121620580554008,-0.04971915856003761,2.0,12.0,27249.0,0.9500000000000001,417200307.0
-9.208767890930176,0.4020634889602661,2.128036975860596,18.0,13.0,27250.0,9.46,417200309.0
-1.823970317840576,0.07995521277189255,-0.0318680927157402,5.0,14.0,27251.0,1.826,417200311.0
-9.13275146484375,0.4003415703773499,2.449463367462158,28.0,15.0,27251.0,9.464,417200314.0
-23.34238624572754,1.059971570968628,0.4078627526760101,15.0,1.0,27260.0,23.37,417200337.0
-9.83220386505127,0.4499169886112213,0.5158231854438782,19.0,3.0,27262.0,9.856,417200341.0
-13.50005626678467,0.624839723110199,1.659372925758362,20.0,7.0,27265.0,13.616,417200350.0
-8.595399856567383,0.400838315486908,1.362857103347778,2.0,9.0,27267.0,8.712,417200355.0
-0.628911554813385,0.02932869456708431,-0.05508242920041084,1.0,10.0,27267.0,0.632,417200357.0
-0.9755834937095642,0.04583670198917389,-0.05118456482887268,1.0,12.0,27269.0,0.978,417200362.0
-9.217041015625,0.4346646368503571,2.130286455154419,30.0,13.0,27270.0,9.47,417200364.0
-1.889596223831177,0.08944162726402283,-0.03301995247602463,6.0,14.0,27271.0,1.892,417200367.0
-9.1061372756958,0.4326202869415283,2.442734241485596,3.0,15.0,27272.0,9.438,417200369.0
-9.798792839050293,0.4792409539222717,0.1712430119514465,2.0,1.0,27280.0,9.812,417200392.0
-19.61725997924805,0.9663083553314209,1.029343605041504,31.0,3.0,27282.0,19.668,417200396.0
-13.53546237945557,0.673835277557373,1.664003968238831,8.0,7.0,27285.0,13.654,417200406.0
-8.674912452697754,0.4333805441856384,1.37568473815918,1.0,9.0,27286.0,8.794,417200410.0
-0.6128862500190735,0.03072575479745865,-0.0536879375576973,1.0,10.0,27287.0,0.616,417200413.0
-9.380346298217773,0.4719051420688629,1.825660467147827,17.0,11.0,27288.0,9.568,417200415.0
-0.9953647255897522,0.05024883523583412,-0.05223128572106361,1.0,12.0,27289.0,0.998,417200417.0
-1.93320906162262,0.09827042371034622,-0.03378785774111748,6.0,14.0,27291.0,1.936,417200422.0
-9.729164123535156,0.5098838806152344,0.1700562536716461,10.0,1.0,27300.0,9.744,417200447.0
-19.55792236328125,1.031833171844482,1.026412725448608,33.0,3.0,27302.0,19.612,417200452.0
-11.92170715332031,0.6310496926307678,1.044474363327026,3.0,5.0,27303.0,11.984,417200456.0
-9.659652709960938,0.514694094657898,1.187738656997681,18.0,7.0,27305.0,9.746,417200461.0
-0.6286914944648743,0.03371857479214668,-0.05508242920041084,1.0,10.0,27307.0,0.632,417200468.0
-1.021109938621521,0.05512259528040886,-0.0535920187830925,1.0,12.0,27309.0,1.024,417200472.0
-1.996750235557556,0.1084896549582481,-0.03490481153130531,6.0,14.0,27311.0,2.0,417200477.0
-9.72532844543457,0.5437302589416504,0.1700213402509689,5.0,1.0,27320.0,9.742,417200502.0
-9.970529556274414,0.5609304308891296,0.5233595371246338,7.0,3.0,27322.0,10.0,417200507.0
-9.804886817932129,0.553328275680542,0.85918128490448,15.0,5.0,27323.0,9.858,417200512.0
-9.655815124511719,0.5482969284057617,1.187494874000549,7.0,7.0,27325.0,9.744,417200516.0
-9.638044357299805,0.54897540807724,1.528990507125854,38.0,9.0,27326.0,9.774000000000001,417200521.0
-0.6325482726097107,0.03614021092653275,-0.0554310530424118,1.0,10.0,27327.0,0.636,417200523.0
-1.032875061035156,0.05937433242797852,-0.054220050573349,1.0,12.0,27329.0,1.036,417200528.0
-2.058246612548828,0.1190381795167923,-0.03598686307668686,4.0,14.0,27331.0,2.062,417200532.0
-9.825176239013672,0.5837230086326599,0.1718014925718307,2.0,1.0,27340.0,9.844,417200558.0
-9.960536003112793,0.5952540636062622,0.5229408740997314,30.0,3.0,27342.0,9.992,417200562.0
-9.9063138961792,0.593748927116394,0.8682454824447632,12.0,5.0,27343.0,9.962,417200567.0
-9.673430442810059,0.5865685939788818,1.534934997558594,30.0,9.0,27347.0,9.812,417200576.0
-0.6483281254768372,0.03931272402405739,-0.05682554468512535,1.0,10.0,27347.0,0.652,417200578.0
-1.046616435050964,0.06383045017719269,-0.05495275557041168,1.0,12.0,27349.0,1.05,417200583.0
-9.449321746826172,0.5779452919960022,2.185624361038208,3.0,13.0,27350.0,9.716000000000001,417200585.0
-2.125680685043335,0.1303845942020416,-0.03717362508177757,4.0,14.0,27351.0,2.13,417200588.0
-9.681380271911621,0.6091008186340332,0.1693232506513596,5.0,1.0,27360.0,9.702,417200613.0
-19.36664962768555,1.225233554840088,1.016992330551147,30.0,3.0,27362.0,19.432,417200618.0
-9.959856033325195,0.6318567991256714,0.873126208782196,13.0,5.0,27363.0,10.018,417200622.0
-9.679317474365234,0.6191480159759521,1.536186456680298,18.0,9.0,27366.0,9.82,417200631.0
-0.6322805285453796,0.04055531322956085,-0.0554310530424118,1.0,10.0,27367.0,0.636,417200634.0
-1.044394135475159,0.06735489517450333,-0.0548480823636055,1.0,12.0,27369.0,1.048,417200638.0
-9.412242889404297,0.6086624264717102,2.177526235580444,21.0,13.0,27370.0,9.68,417200641.0
-2.169113636016846,0.1406504511833191,-0.03794153034687042,4.0,14.0,27371.0,2.174,417200643.0
-9.340206146240234,0.6056410670280457,2.507956504821777,2.0,15.0,27371.0,9.69,417200645.0
-9.599383354187012,0.6375903487205505,0.1679270565509796,20.0,1.0,27380.0,9.622,417200668.0
-19.31642150878906,1.289767861366272,1.014584898948669,39.0,3.0,27382.0,19.386,417200673.0
-19.47982025146484,1.304093241691589,1.708078265190125,34.0,5.0,27383.0,19.598,417200678.0
-0.5842738151550293,0.03942201659083366,-0.07190291583538055,1.0,8.0,27386.0,0.59,417200684.0
-0.6440621614456177,0.04356896877288818,-0.05647692084312439,1.0,10.0,27387.0,0.648,417200689.0
-9.462742805480957,0.6417866945266724,1.843596458435059,16.0,11.0,27388.0,9.662,417200691.0
-1.064079165458679,0.07235506176948547,-0.05589479953050613,1.0,12.0,27389.0,1.068,417200694.0
-9.063987731933594,0.6179206967353821,2.097443580627441,3.0,13.0,27390.0,9.324,417200696.0
-2.272351503372192,0.1553118377923965,-0.03975658118724823,4.0,14.0,27391.0,2.278,417200698.0
-8.910056114196777,0.6105514168739319,2.393040895462036,0.0,15.0,27392.0,9.246,417200701.0
-9.559197425842285,0.6684442162513733,0.1672638654708862,27.0,1.0,27400.0,9.584,417200724.0
-19.26000022888184,1.353546500205994,1.011863350868225,31.0,3.0,27402.0,19.334,417200728.0
-19.41751289367676,1.368021845817566,1.703023195266724,23.0,5.0,27403.0,19.54,417200733.0
-9.373285293579102,0.6653083562850952,1.488317489624023,3.0,9.0,27406.0,9.514,417200742.0
-0.6558303833007812,0.04666536301374435,-0.05752278864383698,1.0,10.0,27407.0,0.66,417200744.0
-9.241117477416992,0.6591693162918091,1.800855278968811,7.0,11.0,27408.0,9.438,417200747.0
-1.07378101348877,0.07678120583295822,-0.05641816183924675,1.0,12.0,27409.0,1.078,417200749.0
-9.04039478302002,0.6480235457420349,2.09249472618103,4.0,13.0,27410.0,9.302,417200751.0
-2.353572130203247,0.1691190451383591,-0.04118767753243446,4.0,14.0,27411.0,2.36,417200754.0
-8.890640258789062,0.6388487219810486,2.388382196426392,2.0,15.0,27411.0,9.228,417200756.0
-9.526891708374023,0.6996111869812012,0.1667402982711792,25.0,1.0,27420.0,9.554,417200779.0
-19.20536231994629,1.417093873023987,1.009246587753296,33.0,3.0,27422.0,19.284,417200784.0
-19.36692047119141,1.432413220405579,1.699014067649841,13.0,5.0,27423.0,19.494,417200788.0
-9.486404418945312,0.7049616575241089,1.167995810508728,2.0,7.0,27425.0,9.584,417200793.0
-9.368935585021973,0.6978763937950134,1.488004684448242,8.0,9.0,27426.0,9.512,417200797.0
-0.6437423229217529,0.04806427285075188,-0.05647692084312439,1.0,10.0,27427.0,0.648,417200800.0
-9.18981647491455,0.6877598762512207,1.791314840316772,12.0,11.0,27428.0,9.388,417200802.0
-1.097406387329102,0.08232178539037704,-0.05767422541975975,1.0,12.0,27429.0,1.102,417200804.0
-9.001155853271484,0.6768003106117249,2.083946466445923,9.0,13.0,27430.0,9.264,417200807.0
-2.43671727180481,0.1836453825235367,-0.04265367984771729,4.0,14.0,27431.0,2.444,417200809.0
-9.478533744812012,0.7293334007263184,0.1659374833106995,10.0,1.0,27440.0,9.508000000000001,417200834.0
-19.15250587463379,1.480430364608765,1.006734490394592,33.0,3.0,27442.0,19.236,417200839.0
-19.32008743286133,1.49677586555481,1.695353507995605,5.0,5.0,27443.0,19.452,417200843.0
-9.422533988952637,0.7332963943481445,1.160439848899841,5.0,7.0,27445.0,9.522,417200848.0
-9.31511116027832,0.7282077670097351,1.479870080947876,10.0,9.0,27447.0,9.46,417200853.0
-0.6654202342033386,0.052019152790308,-0.05839434638619423,1.0,10.0,27447.0,0.67,417200855.0
-9.112983703613281,0.7140067219734192,1.776813387870789,12.0,11.0,27448.0,9.312,417200857.0
-1.134943842887878,0.0891227051615715,-0.05966299027204514,2.0,12.0,27449.0,1.14,417200860.0
-2.537729978561401,0.2001693546772003,-0.0444338284432888,4.0,14.0,27451.0,2.546,417200864.0
-9.342382431030273,0.751670241355896,0.1635988652706146,2.0,1.0,27460.0,9.374,417200890.0
-19.19898223876953,1.551458716392517,1.009455919265747,31.0,3.0,27462.0,19.288,417200894.0
-9.583893775939941,0.7761526107788086,0.8412272334098816,3.0,5.0,27463.0,9.652000000000001,417200899.0
-9.36253833770752,0.7615157961845398,1.153371453285217,7.0,7.0,27465.0,9.464,417200903.0
-9.025065422058105,0.7372381687164307,1.434191226959229,30.0,9.0,27467.0,9.168000000000001,417200908.0
-0.6870781183242798,0.0561259351670742,-0.06031177565455437,3.0,10.0,27467.0,0.6920000000000001,417200910.0
-8.809103012084961,0.721144437789917,1.71804416179657,5.0,11.0,27468.0,9.004,417200913.0
-1.142588138580322,0.09373707324266434,-0.06008167937397957,2.0,12.0,27469.0,1.148,417200915.0
-8.74372673034668,0.7188652157783508,2.025459289550781,16.0,13.0,27470.0,9.004,417200917.0
-2.64662766456604,0.2180574536323547,-0.04635358974337578,5.0,14.0,27471.0,2.656,417200919.0
-8.815949440002441,0.7279012203216553,2.370264768600464,8.0,15.0,27472.0,9.158,417200922.0
-9.36361312866211,0.7862846255302429,0.1640177220106125,5.0,1.0,27480.0,9.398,417200945.0
-16.62410736083984,1.401809215545654,0.8743245005607605,13.0,3.0,27482.0,16.706,417200949.0
-9.499728202819824,0.8027238249778748,0.8340804576873779,5.0,5.0,27483.0,9.57,417200954.0
-0.5834968090057373,0.04961299523711205,-0.07190291583538055,1.0,8.0,27486.0,0.59,417200961.0
-8.925992965698242,0.7605197429656982,1.418860554695129,27.0,9.0,27487.0,9.07,417200963.0
-0.6590852737426758,0.05615592375397682,-0.05787141248583794,1.0,10.0,27487.0,0.664,417200966.0
-8.984539985656738,0.7670876383781433,1.752771377563477,13.0,11.0,27488.0,9.186,417200968.0
-1.160163879394531,0.09925715625286102,-0.06102372333407402,2.0,12.0,27489.0,1.166,417200970.0
-8.904260635375977,0.7633643746376038,2.06325101852417,7.0,13.0,27490.0,9.172,417200972.0
-2.699644088745117,0.2319157868623734,-0.04729602113366127,4.0,14.0,27491.0,2.71,417200975.0
-8.78846549987793,0.7549824714660645,2.363535404205322,10.0,15.0,27491.0,9.132,417200977.0
-9.364795684814453,0.8193134665489197,0.1640875190496445,10.0,1.0,27500.0,9.402000000000001,417201000.0
-13.66455936431885,1.200300455093384,0.71888667345047,5.0,3.0,27502.0,13.736,417201005.0
-9.173359870910645,0.8074051737785339,0.8056676983833313,13.0,5.0,27503.0,9.244,417201009.0
-9.078182220458984,0.8022214770317078,1.119004368782043,18.0,7.0,27505.0,9.182,417201014.0
-9.047245025634766,0.8026704788208008,1.438571333885193,8.0,9.0,27507.0,9.196,417201019.0
-0.6668236255645752,0.0591605119407177,-0.05856866016983986,3.0,10.0,27507.0,0.672,417201021.0
-8.925097465515137,0.7934035658836365,1.74170446395874,11.0,11.0,27508.0,9.128,417201023.0
-1.187661647796631,0.1057870462536812,-0.06248913332819939,2.0,12.0,27509.0,1.194,417201025.0
-8.821959495544434,0.78733891248703,2.04480504989624,9.0,13.0,27510.0,9.09,417201028.0
-2.848199129104614,0.2546960711479187,-0.04991388320922852,4.0,14.0,27511.0,2.86,417201030.0
-8.708809852600098,0.7787726521492004,2.342829942703247,15.0,15.0,27511.0,9.052,417201032.0
-9.421623229980469,0.857434868812561,0.1651346683502197,7.0,1.0,27520.0,9.462,417201055.0
-9.34037971496582,0.8516848683357239,0.4915392994880676,32.0,3.0,27521.0,9.392,417201060.0
-9.190326690673828,0.8412373661994934,0.8074107766151428,11.0,5.0,27523.0,9.264,417201065.0
-9.116838455200195,0.8377197980880737,1.124122858047485,4.0,7.0,27525.0,9.224,417201069.0
-9.016995429992676,0.8301325440406799,1.434191226959229,5.0,9.0,27526.0,9.168000000000001,417201074.0
-0.6844687461853027,0.06313479691743851,-0.06013746187090874,1.0,10.0,27527.0,0.6900000000000001,417201076.0
-8.908588409423828,0.8232884407043457,1.739033222198486,12.0,11.0,27528.0,9.114,417201078.0
-1.191262602806091,0.1103003919124603,-0.06269847601652145,2.0,12.0,27529.0,1.198,417201081.0
-8.743481636047363,0.8111082315444946,2.02725887298584,18.0,13.0,27530.0,9.012,417201083.0
-3.014546394348145,0.2801816761493683,-0.05284588783979416,3.0,14.0,27531.0,3.028,417201085.0
-8.667567253112793,0.8055917024612427,2.332477331161499,27.0,15.0,27531.0,9.012,417201088.0
-9.428526878356934,0.891258180141449,0.1653091907501221,10.0,1.0,27540.0,9.472,417201111.0
-12.26998138427734,1.164176106452942,0.6459303498268127,3.0,3.0,27542.0,12.342,417201115.0
-9.244853973388672,0.8787801265716553,0.8124658465385437,4.0,5.0,27543.0,9.322000000000001,417201120.0
-9.157333374023438,0.8736862540245056,1.129485130310059,4.0,7.0,27545.0,9.268,417201124.0
-0.5829452872276306,0.05572052672505379,-0.07190291583538055,1.0,8.0,27546.0,0.59,417201127.0
-0.7120106220245361,0.0681825801730156,-0.06257782131433487,3.0,10.0,27547.0,0.718,417201131.0
-8.91543197631836,0.8553176522254944,1.740941286087036,30.0,11.0,27548.0,9.124,417201134.0
-1.210751414299011,0.1163688227534294,-0.06374519318342209,2.0,12.0,27549.0,1.218,417201136.0
-8.752235412597656,0.8427444100379944,2.029958248138428,13.0,13.0,27550.0,9.024000000000001,417201138.0
-3.144920110702515,0.3033753335475922,-0.05514960363507271,3.0,14.0,27551.0,3.16,417201141.0
-8.658787727355957,0.8367969989776611,2.330924272537231,3.0,15.0,27552.0,9.006,417201143.0
-14.02284812927246,1.372481346130371,0.245939314365387,9.0,1.0,27559.0,14.092,417201166.0
-9.40791130065918,0.9224538207054138,0.4954121708869934,6.0,3.0,27560.0,9.466000000000001,417201171.0
-9.307321548461914,0.9158711433410645,0.8182181119918823,5.0,5.0,27562.0,9.388,417201175.0
-0.582757294178009,0.05765333771705627,-0.07190291583538055,1.0,8.0,27565.0,0.59,417201182.0
-9.056192398071289,0.89754319190979,1.441387176513672,37.0,9.0,27566.0,9.214,417201184.0
-0.7236766815185547,0.07172231376171112,-0.06362368911504745,3.0,10.0,27566.0,0.73,417201187.0
-8.943805694580078,0.8879810571670532,1.747047185897827,17.0,11.0,27567.0,9.156,417201189.0
-1.24017059803009,0.123348280787468,-0.06531527638435364,2.0,12.0,27568.0,1.248,417201191.0
-3.251346349716187,0.3245275020599365,-0.05703446269035339,4.0,14.0,27570.0,3.268,417201196.0
-9.533653259277344,0.9667121171951294,0.1672638654708862,7.0,1.0,27579.0,9.584,417201221.0
-9.458284378051758,0.9607374668121338,0.4982382953166962,32.0,3.0,27580.0,9.52,417201226.0
-9.300104141235352,0.9479500651359558,0.8178694844245911,11.0,5.0,27582.0,9.384,417201230.0
-9.196595191955566,0.9406431913375854,1.135091066360474,22.0,7.0,27584.0,9.314,417201235.0
-0.5825524926185608,0.05968718975782394,-0.07190291583538055,1.0,8.0,27585.0,0.59,417201237.0
-0.7293678522109985,0.07485824078321457,-0.06414662301540375,3.0,10.0,27586.0,0.736,417201242.0
-1.259600043296814,0.1297226399183273,-0.06636199355125427,3.0,12.0,27588.0,1.268,417201247.0
-3.486896991729736,0.3603357374668121,-0.06118813529610634,6.0,14.0,27590.0,3.506,417201251.0
-9.54811954498291,1.0018630027771,0.1675780117511749,12.0,1.0,27599.0,9.602,417201276.0
-9.450726509094238,0.9949791431427002,0.498028963804245,14.0,3.0,27601.0,9.516,417201281.0
-9.31655216217041,0.9824972748756409,0.8196126222610474,11.0,5.0,27602.0,9.404,417201286.0
-39.12216567993164,4.139521598815918,4.830413341522217,1.0,7.0,27604.0,39.636,417201290.0
-0.5823405981063843,0.06172031164169312,-0.07190291583538055,1.0,8.0,27605.0,0.59,417201293.0
-40.63308334350586,4.306563377380371,6.471693992614746,2.0,9.0,27605.0,41.37,417201295.0
-0.7231583595275879,0.07677274197340012,-0.06362368911504745,3.0,10.0,27606.0,0.73,417201297.0
-1.292901873588562,0.1377149075269699,-0.06814141571521759,3.0,12.0,27608.0,1.302,417201302.0
-3.668548107147217,0.3920547068119049,-0.06439937651157379,4.0,14.0,27610.0,3.69,417201306.0
-9.572397232055664,1.038204669952393,0.168066680431366,5.0,1.0,27619.0,9.63,417201332.0
-13.88712596893311,1.508624672889709,0.7320753335952759,5.0,3.0,27620.0,13.988,417201336.0
-39.08041381835938,4.259294986724854,3.439339876174927,1.0,5.0,27622.0,39.462,417201341.0
-38.94171905517578,4.257934093475342,4.809939384460449,1.0,7.0,27624.0,39.468,417201346.0
-0.5821216106414795,0.063752681016922,-0.07190291583538055,1.0,8.0,27625.0,0.59,417201348.0
-40.48939514160156,4.441461563110352,6.451357364654541,2.0,9.0,27626.0,41.24,417201350.0
-0.7387300133705139,0.0810345783829689,-0.0650181844830513,3.0,10.0,27626.0,0.746,417201353.0
-1.304324984550476,0.1435379832983017,-0.06876944750547409,3.0,12.0,27628.0,1.314,417201357.0
-3.91560959815979,0.432287335395813,-0.06876248121261597,5.0,14.0,27630.0,3.94,417201362.0
-20.06747245788574,2.247381210327148,0.3524687886238098,26.0,1.0,27639.0,20.196,417201387.0
-13.93933486938477,1.563546895980835,0.7351108193397522,8.0,3.0,27640.0,14.046,417201392.0
-39.19400024414062,4.410165786743164,3.45067024230957,1.0,5.0,27642.0,39.592,417201396.0
-38.87335968017578,4.387828350067139,4.80335807800293,1.0,7.0,27644.0,39.414,417201401.0
-0.6134559512138367,0.06935223937034607,-0.07580272853374481,1.0,8.0,27645.0,0.622,417201403.0
-39.19661331176758,4.431243896484375,6.247679710388184,0.0,9.0,27645.0,39.938,417201406.0
-0.7602197527885437,0.08607852458953857,-0.06693561375141144,3.0,10.0,27646.0,0.768,417201408.0
-40.71216201782227,4.61697244644165,7.964367389678955,2.0,11.0,27647.0,41.74,417201410.0
-1.323660969734192,0.1503440886735916,-0.06981616467237473,3.0,12.0,27648.0,1.334,417201412.0
-6.62015438079834,0.7542713284492493,-0.1163028329610825,1.0,14.0,27650.0,6.664,417201417.0
-20.1588306427002,2.328890800476074,0.3542140424251556,26.0,1.0,27659.0,20.296,417201442.0
-13.97744083404541,1.617245078086853,0.7374136447906494,5.0,3.0,27660.0,14.09,417201447.0
-39.32878112792969,4.564407825469971,3.46391773223877,0.0,5.0,27662.0,39.744,417201452.0
-38.84991836547852,4.522576808929443,4.802383422851562,1.0,7.0,27664.0,39.406,417201456.0
-0.5501145720481873,0.06413696706295013,-0.0680030956864357,1.0,8.0,27665.0,0.558,417201459.0
-39.10830688476562,4.559574604034424,6.236103534698486,0.0,9.0,27665.0,39.864,417201461.0
-0.7599146962165833,0.08873166143894196,-0.06693561375141144,3.0,10.0,27666.0,0.768,417201463.0
-40.59829711914062,4.747654438018799,7.945286750793457,2.0,11.0,27667.0,41.64,417201465.0
-1.342965126037598,0.1572869122028351,-0.07086288183927536,3.0,12.0,27668.0,1.354,417201468.0
-8.922521591186523,1.046576738357544,2.074048757553101,3.0,13.0,27669.0,9.22,417201470.0
-8.682961463928223,1.020013570785522,-0.1526038348674774,4.0,14.0,27670.0,8.744,417201472.0
-14.41367721557617,1.718726992607117,0.2533740401268005,27.0,1.0,27680.0,14.518,417201498.0
-13.92977237701416,1.663490653038025,0.7352154850959778,11.0,3.0,27681.0,14.048,417201502.0
-39.57489395141602,4.74003791809082,3.487101316452026,1.0,5.0,27683.0,40.01,417201507.0
-39.00652313232422,4.685773372650146,4.823832511901855,1.0,7.0,27685.0,39.582,417201511.0
-0.5814098715782166,0.0699465200304985,-0.07190291583538055,1.0,8.0,27686.0,0.59,417201514.0
-9.223688125610352,1.109655737876892,1.471422553062439,8.0,9.0,27686.0,9.406,417201516.0
-0.7437596917152405,0.08960970491170883,-0.06554111838340759,3.0,10.0,27687.0,0.752,417201518.0
-1.386001944541931,0.1674792319536209,-0.07316567003726959,3.0,12.0,27689.0,1.398,417201523.0
-8.87993335723877,1.074590086936951,2.065050601959229,18.0,13.0,27690.0,9.18,417201525.0
-8.820111274719238,1.068912744522095,-0.1550820767879486,6.0,14.0,27691.0,8.886000000000001,417201528.0
-8.821969032287598,1.069137930870056,2.381135225296021,9.0,15.0,27691.0,9.200000000000001,417201530.0
-19.09169387817383,2.344165325164795,0.3357493877410889,47.0,1.0,27700.0,19.238,417201553.0
-20.08099555969238,2.469193935394287,1.060326457023621,18.0,3.0,27701.0,20.26,417201558.0
-39.68466186523438,4.893757343292236,3.498257160186768,1.0,5.0,27703.0,40.138,417201562.0
-39.13965606689453,4.840419769287109,4.84235668182373,0.0,7.0,27705.0,39.734,417201567.0
-0.5811622142791748,0.07197558879852295,-0.07190291583538055,1.0,8.0,27706.0,0.59,417201569.0
-9.21191692352295,1.14087450504303,1.470171093940735,28.0,9.0,27706.0,9.398,417201571.0
-0.7671692371368408,0.09514808654785156,-0.06763285398483276,4.0,10.0,27707.0,0.776,417201574.0
-9.086799621582031,1.128599762916565,1.779866337776184,4.0,11.0,27708.0,9.328,417201576.0
-1.417120695114136,0.1762605458498001,-0.07484041899442673,3.0,12.0,27709.0,1.43,417201578.0
-40.64841461181641,5.063027858734131,9.456942558288574,1.0,13.0,27710.0,42.04,417201581.0
-9.038570404052734,1.127415537834167,-0.1589914262294769,7.0,14.0,27711.0,9.11,417201583.0
-19.04413604736328,2.402457237243652,0.3350512981414795,37.0,1.0,27719.0,19.198,417201608.0
-20.13764190673828,2.547546625137329,1.063780665397644,26.0,3.0,27721.0,20.326,417201613.0
-39.59310531616211,5.015814304351807,3.491633415222168,1.0,5.0,27722.0,40.062,417201617.0
-39.27699279785156,4.98969841003418,4.861368179321289,0.0,7.0,27724.0,39.89,417201622.0
-0.612427830696106,0.0779106616973877,-0.07580272853374481,1.0,8.0,27725.0,0.622,417201624.0
-38.80367279052734,4.936450481414795,6.195430755615234,0.0,9.0,27725.0,39.604,417201627.0
-0.7826608419418335,0.09970584511756897,-0.06902734935283661,4.0,10.0,27726.0,0.792,417201629.0
-39.05848693847656,4.982722282409668,7.653730392456055,2.0,11.0,27727.0,40.112,417201631.0
-1.424453020095825,0.1819712817668915,-0.07525910437107086,3.0,12.0,27728.0,1.438,417201634.0
-40.51542282104492,5.182958126068115,9.429947853088379,2.0,13.0,27729.0,41.92,417201636.0
-9.352140426635742,1.198036789894104,-0.1645761877298355,5.0,14.0,27730.0,9.43,417201638.0
-14.27622985839844,1.851624965667725,0.25127974152565,29.0,1.0,27739.0,14.398,417201664.0
-19.08684349060059,2.482335567474365,1.008723258972168,48.0,3.0,27741.0,19.274,417201668.0
-39.72353363037109,5.173286914825439,3.504706621170044,1.0,5.0,27742.0,40.212,417201673.0
-39.74946212768555,5.190774917602539,4.922059059143066,2.0,7.0,27744.0,40.388,417201677.0
-0.5806587934494019,0.07592973858118057,-0.07190291583538055,1.0,8.0,27745.0,0.59,417201680.0
-9.307536125183105,1.218750476837158,1.486753106117249,3.0,9.0,27746.0,9.504,417201682.0
-0.8099653720855713,0.1060587540268898,-0.07146771252155304,4.0,10.0,27746.0,0.8200000000000001,417201684.0
-38.89291381835938,5.099633693695068,7.624727249145508,0.0,11.0,27747.0,39.96,417201687.0
-1.445592045783997,0.1898024827241898,-0.07641049474477768,3.0,12.0,27748.0,1.46,417201689.0
-40.38115692138672,5.309110164642334,9.4029541015625,2.0,13.0,27749.0,41.8,417201691.0
-10.2103271484375,1.344215035438538,-0.1797597855329514,3.0,14.0,27750.0,10.3,417201694.0
-18.93572044372559,2.523200750350952,0.33344566822052,32.0,1.0,27759.0,19.106,417201719.0
-19.07212257385254,2.548152446746826,1.008409261703491,41.0,3.0,27761.0,19.268,417201723.0
-40.202880859375,5.378493785858154,3.548633337020874,1.0,5.0,27762.0,40.716,417201728.0
-39.69765472412109,5.325007915496826,4.917915344238281,2.0,7.0,27764.0,40.354,417201733.0
-0.6039993166923523,0.08112724870443344,-0.07482777535915375,1.0,8.0,27765.0,0.614,417201735.0
-9.319106101989746,1.251712441444397,1.489256143569946,10.0,9.0,27765.0,9.52,417201737.0
-0.8056409955024719,0.1083542630076408,-0.07111908495426178,4.0,10.0,27766.0,0.8160000000000001,417201740.0
-38.82429122924805,5.228551387786865,7.614805221557617,0.0,11.0,27767.0,39.908,417201742.0
-1.482528209686279,0.1999187469482422,-0.07839926332235336,3.0,12.0,27768.0,1.498,417201744.0
-39.10515594482422,5.280274868011475,9.110067367553711,0.0,13.0,27769.0,40.498,417201747.0
-10.89915466308594,1.473623514175415,-0.191976472735405,3.0,14.0,27770.0,11.0,417201749.0
-18.89113426208496,2.584404706954956,0.332817405462265,32.0,1.0,27779.0,19.07,417201774.0
-19.01562118530273,2.608197450637817,1.005897045135498,31.0,3.0,27781.0,19.22,417201779.0
-40.4128303527832,5.550240993499756,3.568853378295898,1.0,5.0,27782.0,40.948,417201783.0
-39.91481018066406,5.496039867401123,4.947164058685303,2.0,7.0,27784.0,40.594,417201788.0
-0.5801145434379578,0.07998161762952805,-0.07190291583538055,1.0,8.0,27785.0,0.59,417201790.0
-9.316411972045898,1.286130309104919,1.489568948745728,13.0,9.0,27786.0,9.522,417201793.0
-0.813152551651001,0.1122556775808334,-0.0718163326382637,4.0,10.0,27786.0,0.8240000000000001,417201795.0
-9.255126953125,1.279316067695618,1.816120028495789,2.0,11.0,27787.0,9.518,417201797.0
-1.529302954673767,0.2116642445325851,-0.08091139048337936,3.0,12.0,27788.0,1.546,417201799.0
-9.072373390197754,1.257282018661499,2.114539861679077,6.0,13.0,27789.0,9.4,417201802.0
-12.05266380310059,1.6724454164505,-0.2123957872390747,2.0,14.0,27790.0,12.17,417201804.0
-8.972265243530273,1.246600866317749,2.427205085754395,8.0,15.0,27791.0,9.378,417201806.0
-18.83051109313965,2.643104314804077,0.3319098651409149,32.0,1.0,27799.0,19.018,417201829.0
-18.96486854553223,2.668713808059692,1.003698945045471,31.0,3.0,27801.0,19.178,417201834.0
-40.84303283691406,5.754652976989746,3.608596324920654,1.0,5.0,27802.0,41.404,417201839.0
-40.16073226928711,5.672817230224609,4.980068683624268,2.0,7.0,27804.0,40.864,417201843.0
-0.5798318386077881,0.08200611174106598,-0.07190291583538055,1.0,8.0,27805.0,0.59,417201846.0
-9.359038352966309,1.323656678199768,1.497077822685242,12.0,9.0,27805.0,9.57,417201848.0
-0.8364282250404358,0.1184456646442413,-0.07390806823968887,2.0,10.0,27806.0,0.848,417201850.0
-9.242830276489258,1.31051230430603,1.814593553543091,5.0,11.0,27807.0,9.51,417201852.0
-1.577990651130676,0.2240193635225296,-0.08352818340063095,3.0,12.0,27808.0,1.596,417201855.0
-9.083364486694336,1.291136741638184,2.118139028549194,3.0,13.0,27809.0,9.416,417201857.0
-13.74735450744629,1.956538319587708,-0.2423790246248245,3.0,14.0,27810.0,13.888,417201859.0
-40.38601303100586,5.747781276702881,10.93044567108154,2.0,15.0,27810.0,42.232,417201862.0
-18.78554344177246,2.703691482543945,0.3312815725803375,30.0,1.0,27819.0,18.982,417201885.0
-18.91985511779785,2.729763507843018,1.001814842224121,37.0,3.0,27821.0,19.142,417201889.0
-40.83058166503906,5.89832592010498,3.609293699264526,2.0,5.0,27822.0,41.412,417201894.0
-40.15443801879883,5.814961433410645,4.981774806976318,2.0,7.0,27824.0,40.878,417201899.0
-0.618833065032959,0.089726522564888,-0.07677768915891647,1.0,8.0,27825.0,0.63,417201901.0
-39.66461181640625,5.758163452148438,6.348110675811768,1.0,9.0,27826.0,40.58,417201903.0
-0.8438965678215027,0.1225095689296722,-0.0746053159236908,4.0,10.0,27826.0,0.856,417201905.0
-39.07437515258789,5.679441928863525,7.675100803375244,1.0,11.0,27827.0,40.224,417201908.0
-1.581151843070984,0.230101466178894,-0.08373752981424332,3.0,12.0,27828.0,1.6,417201910.0
-38.72760772705078,5.642844200134277,9.035384178161621,1.0,13.0,27829.0,40.166,417201912.0
-13.80969715118408,2.014616966247559,-0.2436006963253021,4.0,14.0,27830.0,13.958,417201915.0
-39.01319885253906,5.6983642578125,10.56447601318359,0.0,15.0,27831.0,40.818,417201917.0
-18.73642539978027,2.763413190841675,0.3305834829807281,30.0,1.0,27839.0,18.942,417201940.0
-18.85291290283203,2.787318468093872,0.9987794160842896,33.0,3.0,27841.0,19.084,417201945.0
-40.81368637084961,6.041399002075195,3.609642267227173,1.0,5.0,27842.0,41.416,417201949.0
-40.39701843261719,5.994132995605469,5.014435768127441,2.0,7.0,27844.0,41.146,417201954.0
-0.6106619238853455,0.0907192975282669,-0.07580272853374481,1.0,8.0,27845.0,0.622,417201956.0
-39.8856315612793,5.925368309020996,6.386593341827393,2.0,9.0,27845.0,40.826,417201958.0
-0.8710537552833557,0.1295582205057144,-0.07704567909240723,3.0,10.0,27846.0,0.884,417201961.0
-39.199951171875,5.837490081787109,7.703722476959229,2.0,11.0,27847.0,40.374,417201963.0
-1.631700038909912,0.2432769536972046,-0.08645900338888168,3.0,12.0,27848.0,1.652,417201965.0
-38.70960235595703,5.778282165527344,9.035834312438965,1.0,13.0,27849.0,40.168,417201968.0
-13.87575721740723,2.073745727539062,-0.2448921650648117,1.0,14.0,27850.0,14.032,417201970.0
-38.97689056396484,5.825135231018066,10.55981731414795,2.0,15.0,27850.0,40.8,417201972.0
-18.68118858337402,2.821928977966309,0.3297806680202484,37.0,1.0,27859.0,18.896,417201995.0
-18.7719783782959,2.84234619140625,0.9950112104415894,26.0,3.0,27861.0,19.012,417202000.0
-41.96640014648438,6.361806392669678,3.713531970977783,1.0,5.0,27862.0,42.608,417202005.0
-40.78602600097656,6.197434902191162,5.065377235412598,1.0,7.0,27864.0,41.564,417202009.0
-0.6181915402412415,0.09404456615447998,-0.07677768915891647,1.0,8.0,27865.0,0.63,417202011.0
-40.13704681396484,6.113157272338867,6.430395126342773,2.0,9.0,27866.0,41.106,417202014.0
-0.8981716632843018,0.1367979198694229,-0.07948603481054306,3.0,10.0,27866.0,0.912,417202016.0
-39.69753646850586,6.053306102752686,7.805614471435547,2.0,11.0,27867.0,40.908,417202018.0
-1.668354272842407,0.2546980977058411,-0.08844776451587677,3.0,12.0,27868.0,1.69,417202021.0
-38.85871887207031,5.939278602600098,9.075425148010254,1.0,13.0,27869.0,40.344,417202023.0
-38.80824279785156,5.945427894592285,10.51995849609375,2.0,15.0,27871.0,40.646,417202028.0
-18.63367652893066,2.881315469741821,0.329117476940155,32.0,1.0,27879.0,18.858,417202051.0
-18.72049522399902,2.901431322097778,0.9928131103515625,24.0,3.0,27881.0,18.97,417202055.0
-42.50505447387695,6.59532356262207,3.763210773468018,1.0,5.0,27882.0,43.178,417202060.0
-40.79160308837891,6.344037532806396,5.068789958953857,2.0,7.0,27884.0,41.592,417202064.0
-0.5943220257759094,0.0925370529294014,-0.07385282218456268,1.0,8.0,27885.0,0.606,417202067.0
-40.10679626464844,6.24470329284668,6.428830623626709,2.0,9.0,27885.0,41.096,417202069.0
-0.897688627243042,0.1399322897195816,-0.07948603481054306,3.0,10.0,27886.0,0.912,417202071.0
-39.62767028808594,6.184271335601807,7.796073913574219,1.0,11.0,27887.0,40.858,417202074.0
-1.722707986831665,0.269152820110321,-0.0913785770535469,3.0,12.0,27888.0,1.746,417202076.0
-38.99370193481445,6.099278450012207,9.11186695098877,1.0,13.0,27889.0,40.506,417202078.0
-20.10784721374512,3.148804903030396,-0.3552611768245697,21.0,14.0,27890.0,20.356,417202081.0
-38.71006011962891,6.06183385848999,10.49873542785645,1.0,15.0,27890.0,40.564,417202083.0
-18.58005142211914,2.939466953277588,0.3283495604991913,37.0,1.0,27899.0,18.814,417202106.0
-18.67277336120605,2.960817575454712,0.9908243417739868,26.0,3.0,27901.0,18.932,417202111.0
-42.55851745605469,6.755836009979248,3.77000880241394,1.0,5.0,27902.0,43.256,417202115.0
-0.5267415046691895,0.08371040225028992,-0.0844746083021164,1.0,6.0,27903.0,0.54,417202117.0
-40.74568557739258,6.482645511627197,5.065865039825439,1.0,7.0,27904.0,41.568,417202120.0
-0.6410444974899292,0.1021050065755844,-0.07970254868268967,1.0,8.0,27905.0,0.654,417202122.0
-40.38127136230469,6.431893348693848,6.476387023925781,2.0,9.0,27905.0,41.4,417202124.0
-0.8893246054649353,0.1418099999427795,-0.07878879457712173,3.0,10.0,27906.0,0.904,417202127.0
-39.85980987548828,6.36310338973999,7.846065998077393,2.0,11.0,27907.0,41.12,417202129.0
-1.776980400085449,0.2839899957180023,-0.09430938959121704,3.0,12.0,27908.0,1.802,417202131.0
-39.13573455810547,6.261523723602295,9.15010929107666,1.0,13.0,27909.0,40.676,417202134.0
-20.22310447692871,3.239216327667236,-0.3574950993061066,27.0,14.0,27910.0,20.484,417202136.0
-38.66577529907227,6.193253517150879,10.49252414703369,2.0,15.0,27910.0,40.54,417202138.0
-18.5242748260498,2.996960163116455,0.3275467753410339,37.0,1.0,27919.0,18.768,417202161.0
-18.6268367767334,3.020225524902344,0.9889402389526367,28.0,3.0,27921.0,18.896,417202166.0
-42.62317276000977,6.918716907501221,3.777852773666382,2.0,5.0,27922.0,43.346,417202170.0
-0.5264461040496826,0.08554856479167938,-0.0844746083021164,1.0,6.0,27923.0,0.54,417202173.0
-41.90820693969727,6.817676544189453,5.213326930999756,0.0,7.0,27924.0,42.778,417202175.0
-0.6250099539756775,0.1017893403768539,-0.07775264233350754,1.0,8.0,27925.0,0.638,417202177.0
-40.65377044677734,6.628170967102051,6.523942947387695,1.0,9.0,27926.0,41.704,417202180.0
-0.9045555591583252,0.1474782973527908,-0.08018328249454498,3.0,10.0,27926.0,0.92,417202182.0
-40.08537292480469,6.542681694030762,7.894913196563721,2.0,11.0,27927.0,41.376,417202184.0
-1.819342851638794,0.2972767651081085,-0.09661217778921127,3.0,12.0,27928.0,1.846,417202187.0
-39.63290023803711,6.483033657073975,9.27158260345459,2.0,13.0,27929.0,41.216,417202189.0
-13.38564586639404,2.191983461380005,-0.2367593497037888,46.0,14.0,27930.0,13.566,417202191.0
-38.80025100708008,6.353784561157227,10.5349702835083,2.0,15.0,27930.0,40.704,417202193.0
-18.48016166687012,3.056057214736938,0.3269533812999725,32.0,1.0,27939.0,18.734,417202217.0
-18.56101036071777,3.076083660125732,0.986009418964386,24.0,3.0,27941.0,18.84,417202221.0
-42.67541885375977,7.080175399780273,3.784651041030884,1.0,5.0,27942.0,43.424,417202226.0
-42.44224166870117,7.056713581085205,5.282792091369629,1.0,7.0,27944.0,43.348,417202230.0
-0.6207345128059387,0.1033185571432114,-0.077265165746212,1.0,8.0,27945.0,0.634,417202233.0
-40.76483535766602,6.792440891265869,6.545530796051025,2.0,9.0,27946.0,41.842,417202235.0
-0.9374452829360962,0.1562018245458603,-0.0831465795636177,3.0,10.0,27946.0,0.9540000000000001,417202237.0
-40.07197189331055,6.684181213378906,7.896821022033691,1.0,11.0,27947.0,41.386,417202240.0
-1.893153429031372,0.3161259293556213,-0.100589707493782,3.0,12.0,27948.0,1.922,417202242.0
-39.55236434936523,6.61169958114624,9.258085250854492,1.0,13.0,27949.0,41.156,417202244.0
-13.3779125213623,2.238694906234741,-0.2367593497037888,36.0,14.0,27950.0,13.566,417202246.0
-38.95960998535156,6.526593208312988,10.58466339111328,2.0,15.0,27951.0,40.896,417202249.0
-18.42994689941406,3.113883495330811,0.3262552917003632,35.0,1.0,27959.0,18.694,417202272.0
-18.54031372070312,3.139187812805176,0.9854860305786133,28.0,3.0,27961.0,18.83,417202276.0
-42.74866104125977,7.245744705200195,3.793366432189941,2.0,5.0,27962.0,43.524,417202281.0
-42.52890396118164,7.223769664764404,5.296685218811035,2.0,7.0,27964.0,43.462,417202286.0
-0.6242840886116028,0.106150209903717,-0.07775264233350754,1.0,8.0,27965.0,0.638,417202288.0
-40.71166610717773,6.929723262786865,6.54083776473999,1.0,9.0,27966.0,41.812,417202290.0
-0.9467149972915649,0.1611447930335999,-0.08401813358068466,3.0,10.0,27966.0,0.964,417202293.0
-40.35805511474609,6.876781463623047,7.957880020141602,2.0,11.0,27967.0,41.706,417202295.0
-1.958978414535522,0.3341505527496338,-0.1041485518217087,3.0,12.0,27968.0,1.99,417202297.0
-39.79989624023438,6.795971870422363,9.321521759033203,1.0,13.0,27969.0,41.438,417202299.0
-18.28398513793945,3.125338792800903,-0.323777049779892,14.0,14.0,27970.0,18.552,417202302.0
-39.11294174194336,6.68569803237915,10.63228607177734,2.0,15.0,27970.0,41.08,417202304.0
-18.39137649536133,3.173436880111694,0.3257666230201721,25.0,1.0,27979.0,18.666,417202327.0
-18.51349830627441,3.20116400718689,0.9846487045288086,35.0,3.0,27981.0,18.814,417202332.0
-42.79378509521484,7.407154560089111,3.799641847610474,1.0,5.0,27982.0,43.596,417202336.0
-42.57188415527344,7.384052753448486,5.305216312408447,2.0,7.0,27984.0,43.532,417202341.0
-0.6591147184371948,0.1144413203001022,-0.08213993906974792,1.0,8.0,27985.0,0.674,417202343.0
-41.88998031616211,7.280839920043945,6.734190940856934,1.0,9.0,27986.0,43.048,417202346.0
-0.9697022438049316,0.1685426235198975,-0.08610987663269043,3.0,10.0,27986.0,0.988,417202348.0
-40.50401306152344,7.047229766845703,7.991462230682373,1.0,11.0,27987.0,41.882,417202350.0
-2.008958578109741,0.3498968482017517,-0.106870025396347,4.0,12.0,27988.0,2.042,417202352.0
-40.03126525878906,6.979374408721924,9.381359100341797,1.0,13.0,27989.0,41.704,417202355.0
-18.17840957641602,3.172640085220337,-0.3221016228199005,15.0,14.0,27990.0,18.456,417202357.0
-39.60319900512695,6.911864757537842,10.77204895019531,2.0,15.0,27990.0,41.62,417202359.0
-18.3334846496582,3.226089954376221,0.3249289095401764,35.0,1.0,27998.0,18.618,417202382.0
-18.45614242553711,3.250994682312012,0.9821365475654602,28.0,3.0,27999.0,18.766,417202387.0
-42.83177185058594,7.560105323791504,3.805219650268555,1.0,5.0,28001.0,43.66,417202392.0
-42.64685821533203,7.542818069458008,5.317646980285645,2.0,7.0,28003.0,43.634,417202396.0
-0.6509128212928772,0.115242101252079,-0.08116498589515686,1.0,8.0,28004.0,0.666,417202398.0
-42.42709350585938,7.51158618927002,6.824296951293945,1.0,9.0,28004.0,43.624,417202401.0
-0.9730616807937622,0.1724527180194855,-0.08645849674940109,3.0,10.0,28005.0,0.992,417202403.0
-40.71818923950195,7.223689079284668,8.03840160369873,2.0,11.0,28006.0,42.128,417202405.0
-2.062849044799805,0.3663351237773895,-0.1098008379340172,4.0,12.0,28007.0,2.098,417202408.0
-40.00406265258789,7.11140251159668,9.38045883178711,1.0,13.0,28008.0,41.7,417202410.0
-18.15597534179688,3.230802536010742,-0.3218921720981598,29.0,14.0,28009.0,18.444,417202412.0
-39.51919937133789,7.032325267791748,10.75548458099365,2.0,15.0,28009.0,41.556,417202415.0
-18.2768440246582,3.28193736076355,0.3241260945796967,35.0,1.0,28018.0,18.572,417202438.0
-18.37530326843262,3.306238889694214,0.9784730672836304,28.0,3.0,28020.0,18.696,417202442.0
-42.90316390991211,7.727228164672852,3.813935279846191,1.0,5.0,28021.0,43.76,417202447.0
-42.67301559448242,7.701156139373779,5.324227809906006,2.0,7.0,28023.0,43.688,417202451.0
-0.6465996503829956,0.116807721555233,-0.08067750185728073,1.0,8.0,28024.0,0.662,417202454.0
-42.50230407714844,7.685668468475342,6.840878963470459,2.0,9.0,28025.0,43.73,417202456.0
-0.9959808588027954,0.180102676153183,-0.08855023235082626,3.0,10.0,28025.0,1.016,417202458.0
-40.67533874511719,7.362630844116211,8.034966468811035,1.0,11.0,28026.0,42.11,417202461.0
-2.118550300598145,0.3838600516319275,-0.1128363236784935,4.0,12.0,28027.0,2.156,417202463.0
-40.31646728515625,7.312206745147705,9.459641456604004,1.0,13.0,28028.0,42.052,417202465.0
-18.09539794921875,3.285228729248047,-0.3210195600986481,26.0,14.0,28029.0,18.394,417202468.0
-39.78586959838867,7.230318069458008,10.83520030975342,2.0,15.0,28030.0,41.864,417202470.0
-18.2298698425293,3.339230060577393,0.3234978020191193,42.0,1.0,28038.0,18.536,417202493.0
-18.32102012634277,3.359230995178223,0.9761702418327332,31.0,3.0,28039.0,18.652,417202498.0
-42.97390747070312,7.894941329956055,3.822650909423828,1.0,5.0,28041.0,43.86,417202502.0
-42.74348831176758,7.868034362792969,5.336414813995361,2.0,7.0,28043.0,43.788,417202507.0
-0.6559491157531738,0.1208626180887222,-0.08189620077610016,3.0,8.0,28044.0,0.672,417202509.0
-42.55486297607422,7.848672389984131,6.853706836700439,2.0,9.0,28045.0,43.812,417202511.0
-1.007102131843567,0.1857464462518692,-0.08959610015153885,3.0,10.0,28045.0,1.028,417202514.0
-41.81162643432617,7.719138145446777,8.264700889587402,1.0,11.0,28046.0,43.314,417202516.0
-2.183973550796509,0.4035929143428802,-0.1163951680064201,4.0,12.0,28047.0,2.224,417202518.0
-40.41141891479492,7.475224018096924,9.487985610961914,1.0,13.0,28048.0,42.178,417202521.0
-18.04056358337402,3.3403639793396,-0.3202516436576843,26.0,14.0,28049.0,18.35,417202523.0
-39.91743850708008,7.391054153442383,10.87764644622803,2.0,15.0,28049.0,42.028,417202525.0
-18.18272018432617,3.39623498916626,0.3228695094585419,38.0,1.0,28058.0,18.5,417202548.0
-18.25421142578125,3.412885427474976,0.9732394218444824,33.0,3.0,28059.0,18.596,417202553.0
-43.00483703613281,8.05590534210205,3.827880144119263,1.0,5.0,28061.0,43.92,417202557.0
-42.78794860839844,8.03073787689209,5.345433235168457,2.0,7.0,28063.0,43.862,417202562.0
-0.6496703624725342,0.1220519989728928,-0.08116498589515686,1.0,8.0,28064.0,0.666,417202564.0
-42.61650848388672,8.013961791992188,6.868098735809326,2.0,9.0,28065.0,43.904,417202567.0
-1.031902551651001,0.1940475106239319,-0.09186214953660965,3.0,10.0,28065.0,1.054,417202569.0
-42.40375518798828,7.981616973876953,8.387200355529785,1.0,11.0,28066.0,43.956,417202571.0
-2.272836923599243,0.4282245934009552,-0.1212100759148598,4.0,12.0,28067.0,2.316,417202574.0
-40.65126419067383,7.666440010070801,9.550521850585938,1.0,13.0,28068.0,42.456,417202576.0
-18.0130729675293,3.400349378585815,-0.319972425699234,11.0,14.0,28069.0,18.334,417202578.0
-40.03566741943359,7.557581424713135,10.91698741912842,2.0,15.0,28069.0,42.18,417202580.0
-18.13539505004883,3.452951431274414,0.3222412467002869,35.0,1.0,28078.0,18.464,417202603.0
-18.2121524810791,3.474153757095337,0.9716693758964539,33.0,3.0,28080.0,18.566,417202608.0
-42.46567153930664,8.108441352844238,3.782384872436523,2.0,5.0,28081.0,43.398,417202613.0
-42.85129547119141,8.197577476501465,5.356888771057129,2.0,7.0,28083.0,43.956,417202617.0
-0.6726363897323608,0.1287989914417267,-0.08408984541893005,3.0,8.0,28084.0,0.6900000000000001,417202620.0
-42.65566253662109,8.16787052154541,6.87873649597168,2.0,9.0,28084.0,43.972,417202622.0
-1.021435022354126,0.1957731246948242,-0.0909905955195427,3.0,10.0,28085.0,1.044,417202624.0
-42.48168182373047,8.14992904663086,8.408188819885254,2.0,11.0,28086.0,44.066,417202627.0
-2.363515138626099,0.4538579881191254,-0.1261296570301056,4.0,12.0,28087.0,2.41,417202629.0
-40.62616729736328,7.808660507202148,9.550971984863281,1.0,13.0,28088.0,42.458,417202631.0
-17.98342132568359,3.459805965423584,-0.3196582794189453,13.0,14.0,28089.0,18.316,417202633.0
-40.26568984985352,7.753950119018555,10.98738574981689,2.0,15.0,28090.0,42.452,417202636.0
-18.08397102355957,3.508617162704468,0.3215431272983551,35.0,1.0,28098.0,18.424,417202659.0
-18.17896461486816,3.530339956283569,0.9705179929733276,31.0,3.0,28099.0,18.544,417202663.0
-42.56422805786133,8.281357765197754,3.793715238571167,2.0,5.0,28101.0,43.528,417202668.0
-42.91399383544922,8.364956855773926,5.368344783782959,2.0,7.0,28103.0,44.05,417202673.0
-0.6565958857536316,0.1281050741672516,-0.08213993906974792,1.0,8.0,28104.0,0.674,417202675.0
-42.72431564331055,8.343464851379395,6.894692420959473,2.0,9.0,28105.0,44.074,417202677.0
-1.07745349407196,0.2104116976261139,-0.09604562819004059,3.0,10.0,28105.0,1.102,417202680.0
-42.54738616943359,8.316622734069824,8.426888465881348,2.0,11.0,28106.0,44.164,417202682.0
-2.503043651580811,0.4897167086601257,-0.1336660385131836,4.0,12.0,28107.0,2.554,417202684.0
-41.76332473754883,8.178500175476074,9.824962615966797,1.0,13.0,28108.0,43.676,417202686.0
-17.94376182556152,3.517173767089844,-0.3191696107387543,19.0,14.0,28109.0,18.288,417202689.0
-40.24785995483398,7.896316051483154,10.98997402191162,1.0,15.0,28110.0,42.462,417202691.0
-18.03041648864746,3.563578367233276,0.3208101391792297,38.0,1.0,28118.0,18.382,417202714.0
-18.13518142700195,3.587573528289795,0.9688432216644287,29.0,3.0,28119.0,18.512,417202719.0
-42.59760284423828,8.442278861999512,3.799293041229248,3.0,5.0,28121.0,43.592,417202723.0
-42.95852279663086,8.529394149780273,5.377606868743896,2.0,7.0,28123.0,44.126,417202728.0
-0.6717208027839661,0.1334917098283768,-0.08408984541893005,1.0,8.0,28124.0,0.6900000000000001,417202730.0
-42.7739143371582,8.500499725341797,6.907207489013672,2.0,9.0,28124.0,44.154,417202733.0
-1.080620765686035,0.214948832988739,-0.09639424830675125,3.0,10.0,28125.0,1.106,417202735.0
-42.58163833618164,8.477741241455078,8.439481735229492,1.0,11.0,28126.0,44.23,417202737.0
-2.599256277084351,0.5179674625396729,-0.1388996243476868,5.0,12.0,28127.0,2.654,417202739.0
-42.36136245727539,8.449258804321289,9.972530364990234,1.0,13.0,28128.0,44.332,417202742.0
-17.90980339050293,3.575481414794922,-0.3187856674194336,30.0,14.0,28129.0,18.266,417202744.0
-40.63871383666992,8.120415687561035,11.10437202453613,1.0,15.0,28130.0,42.904,417202746.0
-17.99042129516602,3.620970726013184,0.3203214704990387,38.0,1.0,28138.0,18.354,417202769.0
-18.07751655578613,3.641783237457275,0.9664357900619507,24.0,3.0,28139.0,18.466,417202774.0
-42.61865234375,8.601168632507324,3.80382513999939,4.0,5.0,28141.0,43.644,417202779.0
-42.40119552612305,8.572687149047852,5.311553478240967,3.0,7.0,28143.0,43.584,417202783.0
-0.6576311588287354,0.1330795586109161,-0.08238367736339569,3.0,8.0,28144.0,0.676,417202786.0
-42.8369140625,8.668562889099121,6.922224998474121,2.0,9.0,28144.0,44.25,417202788.0
-1.081816554069519,0.2191151082515717,-0.09656856209039688,3.0,10.0,28145.0,1.108,417202790.0
-42.64221954345703,8.644659996032715,8.457417488098145,2.0,11.0,28146.0,44.324,417202792.0
-2.714874505996704,0.5508673191070557,-0.1451799422502518,4.0,12.0,28147.0,2.774,417202795.0
-42.41181945800781,8.61336612701416,9.991426467895508,1.0,13.0,28148.0,44.416,417202797.0
-17.85018348693848,3.628416538238525,-0.3179479539394379,26.0,14.0,28149.0,18.218,417202799.0
-40.59119033813477,8.258370399475098,11.09919548034668,2.0,15.0,28150.0,42.884,417202802.0
-17.95024681091309,3.67812705039978,0.3198328018188477,38.0,1.0,28158.0,18.326,417202825.0
-18.00208473205566,3.692023038864136,0.9630862474441528,21.0,3.0,28159.0,18.402,417202829.0
-42.63911056518555,8.760308265686035,3.808357238769531,4.0,5.0,28161.0,43.696,417202834.0
-0.5224206447601318,0.1074276193976402,-0.0844746083021164,1.0,6.0,28162.0,0.54,417202836.0
-42.52656173706055,8.752656936645508,5.331052780151367,3.0,7.0,28163.0,43.744,417202838.0
-0.662995457649231,0.136575847864151,-0.08311489224433899,1.0,8.0,28164.0,0.682,417202841.0
-42.89152526855469,8.835576057434082,6.935991287231445,2.0,9.0,28164.0,44.338,417202843.0
-1.112266659736633,0.2293272614479065,-0.09935754537582397,3.0,10.0,28165.0,1.14,417202845.0
-42.69253921508789,8.810121536254883,8.473445892333984,2.0,11.0,28166.0,44.408,417202848.0
-2.810733795166016,0.5805403590202332,-0.1504135429859161,4.0,12.0,28167.0,2.874,417202850.0
-42.45210647583008,8.775955200195312,10.00807285308838,1.0,13.0,28168.0,44.49,417202852.0
-17.7943286895752,3.681789398193359,-0.3171800374984741,27.0,14.0,28169.0,18.174,417202855.0
-41.60406112670898,8.608214378356934,11.38389682769775,0.0,15.0,28169.0,43.984,417202857.0
-17.89618873596191,3.732189655303955,0.3190998136997223,35.0,1.0,28178.0,18.284,417202880.0
-17.96758079528809,3.750350475311279,0.9619348645210266,17.0,3.0,28179.0,18.38,417202885.0
-42.62972640991211,8.913578987121582,3.810274839401245,4.0,5.0,28181.0,43.718,417202889.0
-0.5220425128936768,0.1092505529522896,-0.0844746083021164,1.0,6.0,28182.0,0.54,417202891.0
-42.55403900146484,8.913257598876953,5.338364601135254,4.0,7.0,28183.0,43.804,417202894.0
-0.6897146701812744,0.1445915102958679,-0.08652723580598831,2.0,8.0,28184.0,0.71,417202896.0
-42.92615509033203,8.999021530151367,6.946629047393799,2.0,9.0,28184.0,44.406,417202898.0
-1.132908582687378,0.2377089262008667,-0.1012749746441841,4.0,10.0,28185.0,1.162,417202901.0
-42.72685241699219,8.972810745239258,8.486420631408691,2.0,11.0,28186.0,44.476,417202903.0
-2.929872512817383,0.6158189177513123,-0.1569031924009323,3.0,12.0,28187.0,2.998,417202905.0
-42.52609634399414,8.946151733398438,10.03281688690186,1.0,13.0,28188.0,44.6,417202908.0
-17.74223136901855,3.735640525817871,-0.3164819478988647,30.0,14.0,28189.0,18.134,417202910.0
-42.31702041625977,8.917594909667969,11.58784675598145,1.0,15.0,28190.0,44.772,417202912.0
-17.84459114074707,3.783220291137695,0.3184016942977905,40.0,1.0,28197.0,18.244,417202935.0
-17.94265747070312,3.810556650161743,0.9613068699836731,12.0,3.0,28199.0,18.368,417202940.0
-42.62136840820312,9.059452056884766,3.81219220161438,4.0,5.0,28200.0,43.74,417202944.0
-0.5409986972808838,0.1150915175676346,-0.08760330080986023,1.0,6.0,28201.0,0.56,417202947.0
-42.58055114746094,9.066311836242676,5.345433235168457,4.0,7.0,28202.0,43.862,417202949.0
-0.6756409406661987,0.1439816951751709,-0.08482106029987335,3.0,8.0,28203.0,0.6960000000000001,417202951.0
-42.39955520629883,9.03550910949707,6.86622142791748,3.0,9.0,28203.0,43.892,417202954.0
-1.147702574729919,0.2447892874479294,-0.1026694625616074,4.0,10.0,28204.0,1.178,417202956.0
-42.80246353149414,9.136991500854492,8.507410049438477,2.0,11.0,28205.0,44.586,417202958.0
-3.107506513595581,0.6639228463172913,-0.1665330082178116,5.0,12.0,28206.0,3.182,417202961.0
-42.56289672851562,9.101386070251465,10.04856395721436,1.0,13.0,28207.0,44.67,417202963.0
-17.70236968994141,3.788596630096436,-0.3159932792186737,29.0,14.0,28208.0,18.106,417202965.0
-42.39269638061523,9.07273006439209,11.61631679534912,1.0,15.0,28208.0,44.882,417202968.0
-17.80195426940918,3.839163064956665,0.3178781270980835,52.0,1.0,28217.0,18.214,417202991.0
-42.63427734375,9.217856407165527,3.816201448440552,4.0,5.0,28220.0,43.786,417203000.0
-42.5758056640625,9.220772743225098,5.348845481872559,4.0,7.0,28222.0,43.89,417203004.0
-0.7081149220466614,0.1534880101680756,-0.08896461874246597,1.0,8.0,28223.0,0.73,417203007.0
-42.50128555297852,9.220166206359863,6.88812255859375,3.0,9.0,28224.0,44.032,417203009.0
-1.170206308364868,0.2538628280162811,-0.1047612056136131,4.0,10.0,28224.0,1.202,417203011.0
-42.82786560058594,9.298840522766113,8.518857955932617,2.0,11.0,28225.0,44.646,417203014.0
-3.196900367736816,0.6946994066238403,-0.171452596783638,6.0,12.0,28226.0,3.276,417203016.0
-42.61274719238281,9.267711639404297,10.06790924072266,1.0,13.0,28227.0,44.756,417203018.0
-17.66559028625488,3.84526252746582,-0.3155744075775146,26.0,14.0,28228.0,18.082,417203021.0
-42.44598770141602,9.24696159362793,11.64012813568115,0.0,15.0,28229.0,44.974,417203023.0
-17.74674606323242,3.895381450653076,0.3171451389789581,45.0,1.0,28238.0,18.172,417203046.0
-17.93248748779297,3.942713022232056,0.9622488617897034,49.0,3.0,28240.0,18.386,417203050.0
-42.62939071655273,9.38047981262207,3.818815946578979,4.0,5.0,28241.0,43.816,417203055.0
-0.6173272132873535,0.1359541118144989,-0.1001180559396744,1.0,6.0,28242.0,0.64,417203057.0
-42.56111145019531,9.38103199005127,5.351283073425293,4.0,7.0,28243.0,43.91,417203060.0
-0.715301513671875,0.1577928364276886,-0.08993957191705704,2.0,8.0,28244.0,0.738,417203062.0
-42.54021453857422,9.384212493896484,6.899698734283447,4.0,9.0,28244.0,44.106,417203064.0
-1.196505546569824,0.264163613319397,-0.107201561331749,4.0,10.0,28245.0,1.23,417203067.0
-42.89892959594727,9.479047775268555,8.539847373962402,2.0,11.0,28246.0,44.756,417203069.0
-3.291839838027954,0.7279752492904663,-0.1766861826181412,5.0,12.0,28247.0,3.376,417203071.0
-42.666015625,9.443203926086426,10.08860492706299,1.0,13.0,28248.0,44.848,417203074.0
-17.12033462524414,3.792351722717285,-0.3060803115367889,9.0,14.0,28249.0,17.538,417203076.0
-42.49266815185547,9.412616729736328,11.66186809539795,0.0,15.0,28249.0,45.058,417203078.0
-17.70376586914062,3.950772285461426,0.3166215717792511,21.0,1.0,28258.0,18.142,417203101.0
-17.86988639831543,3.994392871856689,0.9596320986747742,54.0,3.0,28260.0,18.336,417203106.0
-42.63916397094727,9.538796424865723,3.822650909423828,3.0,5.0,28261.0,43.86,417203110.0
-0.5667299032211304,0.126886859536171,-0.09198346734046936,1.0,6.0,28262.0,0.588,417203113.0
-42.56878280639648,9.538656234741211,5.356401443481445,4.0,7.0,28263.0,43.952,417203115.0
-0.7108724117279053,0.1594199687242508,-0.0894520953297615,2.0,8.0,28264.0,0.734,417203117.0
-42.53059005737305,9.545690536499023,6.903765678405762,5.0,9.0,28265.0,44.132,417203120.0
-1.21501636505127,0.2727018296718597,-0.1089446768164635,4.0,10.0,28265.0,1.25,417203122.0
-42.348388671875,9.51255989074707,8.436810493469238,2.0,11.0,28266.0,44.216,417203124.0
-3.38865852355957,0.7618030309677124,-0.1820244491100311,3.0,12.0,28267.0,3.478,417203126.0
-42.712646484375,9.610044479370117,10.10750102996826,1.0,13.0,28268.0,44.932,417203129.0
-16.91971015930176,3.809918403625488,-0.3027294278144836,6.0,14.0,28269.0,17.346,417203131.0
-42.53326797485352,9.585286140441895,11.68257427215576,0.0,15.0,28270.0,45.138,417203133.0
-17.66841506958008,4.00767993927002,0.316237598657608,28.0,1.0,28278.0,18.12,417203156.0
-17.92205429077148,4.07179069519043,0.9631909132003784,59.0,3.0,28280.0,18.404,417203161.0
-42.64252090454102,9.695969581604004,3.825962781906128,3.0,5.0,28281.0,43.898,417203166.0
-0.616362988948822,0.1402605175971985,-0.1001180559396744,1.0,6.0,28282.0,0.64,417203168.0
-42.57780838012695,9.696887969970703,5.361763477325439,4.0,7.0,28283.0,43.996,417203170.0
-0.7257952690124512,0.1654295772314072,-0.09140200912952423,2.0,8.0,28284.0,0.75,417203173.0
-42.52566528320312,9.69282054901123,6.908145904541016,5.0,9.0,28284.0,44.16,417203175.0
-1.225712060928345,0.2795999944210052,-0.1099905446171761,4.0,10.0,28285.0,1.262,417203177.0
-42.44890594482422,9.690913200378418,8.463523864746094,3.0,11.0,28286.0,44.356,417203179.0
-3.728665590286255,0.851923942565918,-0.2004467099905014,4.0,12.0,28287.0,3.83,417203182.0
-42.76242828369141,9.778194427490234,10.12729644775391,1.0,13.0,28288.0,45.02,417203184.0
-42.59352111816406,9.747395515441895,11.7079381942749,1.0,15.0,28289.0,45.236,417203189.0
-17.61729431152344,4.06079626083374,0.3155744075775146,42.0,1.0,28298.0,18.082,417203212.0
-42.40652465820312,9.798113822937012,3.807834386825562,1.0,5.0,28301.0,43.69,417203221.0
-0.5388859510421753,0.1246097758412361,-0.08760330080986023,1.0,6.0,28302.0,0.56,417203223.0
-42.57658004760742,9.85306167602539,5.365907192230225,4.0,7.0,28303.0,44.03,417203226.0
-0.7368167638778687,0.170649453997612,-0.09286443889141083,2.0,8.0,28304.0,0.762,417203228.0
-42.53026580810547,9.857986450195312,6.914716243743896,5.0,9.0,28305.0,44.202,417203230.0
-1.24413788318634,0.2883756756782532,-0.1117336601018906,4.0,10.0,28305.0,1.282,417203232.0
-42.48940658569336,9.856329917907715,8.47840690612793,4.0,11.0,28306.0,44.434,417203235.0
-5.544729232788086,1.287238836288452,-0.2983149588108063,2.0,12.0,28307.0,5.7,417203237.0
-42.81155395507812,9.946808815002441,10.14709186553955,1.0,13.0,28308.0,45.108,417203239.0
-42.66476058959961,9.928400993347168,11.7374439239502,0.0,15.0,28310.0,45.35,417203244.0
-17.51539611816406,4.101749420166016,0.3140037059783936,68.0,1.0,28318.0,17.992,417203267.0
-42.60181427001953,9.992165565490723,2.293256998062134,4.0,3.0,28320.0,43.818,417203272.0
-42.32745361328125,9.935608863830566,3.80382513999939,1.0,5.0,28321.0,43.644,417203276.0
-0.6153687834739685,0.1445600837469101,-0.1001180559396744,1.0,6.0,28322.0,0.64,417203279.0
-42.5709114074707,10.00843620300293,5.369563102722168,4.0,7.0,28323.0,44.06,417203281.0
-0.7613368630409241,0.1791307926177979,-0.09603304415941238,2.0,8.0,28324.0,0.788,417203283.0
-42.53964614868164,10.00892066955566,6.921599388122559,5.0,9.0,28324.0,44.246,417203285.0
-1.270274639129639,0.2991099655628204,-0.114174023270607,4.0,10.0,28325.0,1.31,417203288.0
-42.47958374023438,10.0104398727417,8.483367919921875,4.0,11.0,28326.0,44.46,417203290.0
-5.886221885681152,1.388190031051636,-0.3169465363025665,1.0,12.0,28327.0,6.056,417203292.0
-42.26827621459961,9.976219177246094,10.02651882171631,3.0,13.0,28328.0,44.572,417203295.0
-16.94505500793457,4.002518653869629,-0.3039162158966064,9.0,14.0,28329.0,17.414,417203297.0
-42.70304489135742,10.08670330047607,11.75711441040039,0.0,15.0,28329.0,45.426,417203299.0
-17.51069831848145,4.165178298950195,0.3141782283782959,76.0,1.0,28338.0,18.002,417203322.0
-42.47536087036133,10.11905860900879,2.288337469100952,4.0,3.0,28340.0,43.724,417203327.0
-42.74408340454102,10.19096088409424,3.844439744949341,2.0,5.0,28341.0,44.11,417203332.0
-0.5649030208587646,0.1347872763872147,-0.09198346734046936,1.0,6.0,28342.0,0.588,417203334.0
-42.55888748168945,10.16250801086426,5.372488021850586,3.0,7.0,28343.0,44.084,417203336.0
-0.747191846370697,0.1785575449466705,-0.09432686865329742,2.0,8.0,28344.0,0.774,417203338.0
-42.54109954833984,10.17395877838135,6.927856922149658,5.0,9.0,28345.0,44.286,417203341.0
-1.302164435386658,0.3114204108715057,-0.1171373203396797,3.0,10.0,28345.0,1.344,417203343.0
-42.48829650878906,10.16917133331299,8.492145538330078,4.0,11.0,28346.0,44.506,417203345.0
-42.37722015380859,10.15822601318359,10.06071090698242,3.0,13.0,28348.0,44.724,417203350.0
-16.97375869750977,4.071906089782715,-0.3046841025352478,12.0,14.0,28349.0,17.458,417203352.0
-42.73341369628906,10.25938510894775,11.77574920654297,0.0,15.0,28350.0,45.498,417203355.0
-17.47151947021484,4.217123508453369,0.3137244582176208,83.0,1.0,28357.0,17.976,417203378.0
-42.33091735839844,10.23310565948486,2.282371044158936,2.0,3.0,28359.0,43.61,417203382.0
-42.10198593139648,10.18554210662842,3.789705991744995,0.0,5.0,28360.0,43.482,417203387.0
-0.614370584487915,0.1487453877925873,-0.1001180559396744,1.0,6.0,28361.0,0.64,417203389.0
-42.351318359375,10.26151180267334,5.350551605224609,2.0,7.0,28362.0,43.904,417203391.0
-0.7504540085792542,0.1819699108600616,-0.09481435269117355,2.0,8.0,28363.0,0.778,417203394.0
-42.53772354125977,10.31453800201416,6.932549953460693,5.0,9.0,28363.0,44.316,417203396.0
-1.332103729248047,0.3232543766498566,-0.1199263036251068,3.0,10.0,28364.0,1.376,417203398.0
-42.49440765380859,10.31974124908447,8.50015926361084,4.0,11.0,28365.0,44.548,417203401.0
-7.539872169494629,1.832447052001953,-0.4066503942012787,1.0,12.0,28366.0,7.77,417203403.0
-42.40010833740234,10.31251525878906,10.07420825958252,4.0,13.0,28367.0,44.784,417203405.0
-16.92518997192383,4.11965799331665,-0.3040558397769928,6.0,14.0,28368.0,17.422,417203408.0
-33.42459869384766,8.135679244995117,9.217581748962402,3.0,15.0,28368.0,35.614,417203410.0
-17.40231132507324,4.26475715637207,0.3127471208572388,68.0,1.0,28377.0,17.92,417203433.0
-42.2076530456543,10.35938262939453,2.277660846710205,4.0,3.0,28379.0,43.52,417203438.0
-42.52667617797852,10.44555377960205,3.831192255020142,2.0,5.0,28380.0,43.958,417203442.0
-0.5754821300506592,0.1414584666490555,-0.0938606783747673,1.0,6.0,28381.0,0.6,417203444.0
-42.27668762207031,10.39979934692383,5.345676898956299,2.0,7.0,28382.0,43.864,417203447.0
-0.7633070349693298,0.1879100203514099,-0.09652052074670792,2.0,8.0,28383.0,0.792,417203449.0
-42.53215026855469,10.47051429748535,6.93755578994751,4.0,9.0,28383.0,44.348,417203451.0
-1.35805082321167,0.3345747590065002,-0.1223666593432426,3.0,10.0,28384.0,1.404,417203454.0
-42.50387191772461,10.47929000854492,8.509318351745605,4.0,11.0,28385.0,44.596,417203456.0
-9.402729034423828,2.319974899291992,-0.5075541138648987,11.0,12.0,28386.0,9.698,417203458.0
-42.40168762207031,10.46979904174805,10.08320617675781,4.0,13.0,28387.0,44.824,417203461.0
-17.72217178344727,4.379229545593262,-0.3186460435390472,6.0,14.0,28388.0,18.258,417203463.0
-33.35661315917969,8.242571830749512,9.206710815429688,7.0,15.0,28388.0,35.572,417203465.0
-17.42537307739258,4.338173389434814,0.3134452104568481,33.0,1.0,28398.0,17.96,417203488.0
-42.10738372802734,10.49855041503906,2.274311304092407,4.0,3.0,28400.0,43.456,417203493.0
-42.41851425170898,10.58398723602295,3.824916839599609,3.0,5.0,28401.0,43.886,417203497.0
-0.5749598145484924,0.1435667723417282,-0.0938606783747673,1.0,6.0,28402.0,0.6,417203500.0
-42.72168350219727,10.67547416687012,5.40685510635376,3.0,7.0,28403.0,44.366,417203502.0
-0.7760937213897705,0.1940774917602539,-0.09822668880224228,2.0,8.0,28404.0,0.806,417203504.0
-42.52995681762695,10.64334011077881,6.943812847137451,3.0,9.0,28405.0,44.388,417203507.0
-1.370344996452332,0.3429358303546906,-0.1235868409276009,4.0,10.0,28405.0,1.418,417203509.0
-42.49755477905273,10.64311218261719,8.5158052444458,4.0,11.0,28406.0,44.63,417203511.0
-9.396100044250488,2.354907751083374,-0.5076587796211243,10.0,12.0,28407.0,9.700000000000001,417203514.0
-42.41028594970703,10.63699054718018,10.09445381164551,4.0,13.0,28408.0,44.874,417203516.0
-17.01358795166016,4.270361423492432,-0.3061850070953369,6.0,14.0,28409.0,17.544,417203518.0
-33.23249053955078,8.341259002685547,9.180829048156738,3.0,15.0,28409.0,35.472,417203520.0
-17.61369323730469,4.450408458709717,0.3171102106571198,21.0,1.0,28418.0,18.17,417203544.0
-41.96786117553711,10.6195011138916,2.268763780593872,4.0,3.0,28420.0,43.35,417203548.0
-42.25962829589844,10.70117855072021,3.813935279846191,3.0,5.0,28421.0,43.76,417203553.0
-0.5591363310813904,0.1416909396648407,-0.09135773032903671,1.0,6.0,28422.0,0.584,417203555.0
-42.60911560058594,10.80550479888916,5.39734935760498,4.0,7.0,28423.0,44.288,417203557.0
-0.7811838388442993,0.1982502788305283,-0.09895790368318558,2.0,8.0,28424.0,0.812,417203560.0
-42.32023239135742,10.74796962738037,6.91565465927124,1.0,9.0,28425.0,44.208,417203562.0
-1.403899073600769,0.3565449416637421,-0.1267244517803192,4.0,10.0,28425.0,1.454,417203564.0
-42.48678207397461,10.79816246032715,8.521147727966309,4.0,11.0,28426.0,44.658,417203567.0
-9.39362907409668,2.389168739318848,-0.507972776889801,6.0,12.0,28427.0,9.706,417203569.0
-42.41822052001953,10.79650211334229,10.10525131225586,4.0,13.0,28428.0,44.922,417203571.0
-17.04508590698242,4.341569900512695,-0.3070227205753326,1.0,14.0,28429.0,17.592,417203573.0
-42.40629577636719,10.80922889709473,11.72605609893799,4.0,15.0,28430.0,45.306,417203576.0
-17.67165946960449,4.530736446380615,0.3184366226196289,21.0,1.0,28438.0,18.246,417203599.0
-41.07741546630859,10.54688835144043,2.222603321075439,3.0,3.0,28440.0,42.468,417203603.0
-42.15254974365234,10.83077716827393,3.807660102844238,3.0,5.0,28441.0,43.688,417203608.0
-0.5815960764884949,0.1495449095964432,-0.0951121523976326,1.0,6.0,28442.0,0.608,417203610.0
-42.48078155517578,10.93092250823975,5.385893821716309,4.0,7.0,28443.0,44.194,417203613.0
-0.8035556077957153,0.2069160938262939,-0.1018827706575394,2.0,8.0,28444.0,0.836,417203615.0
-42.23846054077148,10.88429260253906,6.908458709716797,1.0,9.0,28445.0,44.162,417203617.0
-1.447021245956421,0.372878223657608,-0.1307336091995239,4.0,10.0,28445.0,1.5,417203620.0
-42.48875427246094,10.95669746398926,8.529162406921387,4.0,11.0,28446.0,44.7,417203622.0
-12.2996244430542,3.174029350280762,-0.665713369846344,2.0,12.0,28447.0,12.72,417203624.0
-42.4085807800293,10.95181179046631,10.11199951171875,4.0,13.0,28448.0,44.952,417203626.0
-18.07144355773926,4.670228004455566,-0.3258015215396881,14.0,14.0,28449.0,18.668,417203629.0
-42.39453125,10.95607757568359,11.73278522491455,4.0,15.0,28449.0,45.332,417203631.0
-17.78153038024902,4.625114440917969,0.3207054138183594,19.0,1.0,28458.0,18.376,417203654.0
-41.45203018188477,10.79744529724121,2.244898557662964,3.0,3.0,28460.0,42.894,417203659.0
-42.03543853759766,10.95724582672119,3.80051326751709,3.0,5.0,28461.0,43.606,417203663.0
-0.5466650128364563,0.1425993591547012,-0.08948051184415817,1.0,6.0,28462.0,0.5720000000000001,417203666.0
-42.36553573608398,11.05908679962158,5.376144409179688,4.0,7.0,28463.0,44.114,417203668.0
-0.7913045883178711,0.2067094296216965,-0.1004203408956528,2.0,8.0,28464.0,0.8240000000000001,417203670.0
-42.7066650390625,11.16405963897705,6.991369247436523,3.0,9.0,28465.0,44.692,417203673.0
-1.470769882202148,0.3844777345657349,-0.1329996585845947,4.0,10.0,28465.0,1.526,417203675.0
-42.50912857055664,11.12034702301025,8.54099178314209,3.0,11.0,28466.0,44.762,417203677.0
-14.91232872009277,3.903831958770752,-0.8078578114509583,3.0,12.0,28467.0,15.436,417203679.0
-42.41722106933594,11.11212539672852,10.12324714660645,4.0,13.0,28468.0,45.002,417203682.0
-18.13820648193359,4.755085945129395,-0.3273024260997772,14.0,14.0,28469.0,18.754,417203684.0
-42.4195671081543,11.1206521987915,11.75038433074951,4.0,15.0,28469.0,45.4,417203686.0
-17.88404655456543,4.715152740478516,0.3228346109390259,28.0,1.0,28477.0,18.498,417203709.0
-41.61488342285156,10.97958755493164,2.255574941635132,4.0,3.0,28478.0,43.098,417203714.0
-41.92182159423828,11.07622241973877,3.793540954589844,3.0,5.0,28480.0,43.526,417203719.0
-0.5576476454734802,0.1474409997463226,-0.09135773032903671,1.0,6.0,28481.0,0.584,417203721.0
-42.24035263061523,11.17615795135498,5.364932060241699,4.0,7.0,28482.0,44.022,417203723.0
-0.807885468006134,0.2139051556587219,-0.1026139855384827,2.0,8.0,28483.0,0.842,417203725.0
-42.58927154541016,11.27643013000488,6.97791576385498,4.0,9.0,28483.0,44.606,417203728.0
-1.49067211151123,0.3949660956859589,-0.1349170953035355,5.0,10.0,28484.0,1.548,417203730.0
-42.30881881713867,11.21797943115234,8.508172988891602,1.0,11.0,28485.0,44.59,417203732.0
-15.04601669311523,3.992189884185791,-0.815812885761261,2.0,12.0,28486.0,15.588,417203735.0
-42.41592407226562,11.26222705841064,10.13179588317871,4.0,13.0,28487.0,45.04,417203737.0
-18.24216270446777,4.847046375274658,-0.3294665217399597,14.0,14.0,28488.0,18.878,417203739.0
-42.38805770874023,11.2627477645874,11.75193786621094,4.0,15.0,28488.0,45.406,417203742.0
-17.98531913757324,4.809060096740723,0.3249638080596924,16.0,1.0,28497.0,18.62,417203765.0
-41.51455307006836,11.11602592468262,2.252330303192139,4.0,3.0,28499.0,43.036,417203769.0
-41.78667831420898,11.19670581817627,3.784825325012207,3.0,5.0,28500.0,43.426,417203774.0
-0.5723934173583984,0.1534794420003891,-0.0938606783747673,1.0,6.0,28501.0,0.6,417203776.0
-42.11288833618164,11.29987144470215,5.353720188140869,4.0,7.0,28502.0,43.93,417203778.0
-0.8167198300361633,0.2192978113889694,-0.1038326770067215,2.0,8.0,28503.0,0.852,417203781.0
-42.45799255371094,11.40836048126221,6.963211059570312,4.0,9.0,28504.0,44.512,417203783.0
-1.506601572036743,0.4048202037811279,-0.1364858895540237,5.0,10.0,28504.0,1.566,417203785.0
-42.21631622314453,11.35132312774658,8.497488021850586,1.0,11.0,28505.0,44.534,417203788.0
-16.02524948120117,4.311944484710693,-0.8697189092636108,1.0,12.0,28506.0,16.618,417203790.0
-42.41022491455078,11.41933727264404,10.13989353179932,4.0,13.0,28507.0,45.076,417203792.0
-18.3448429107666,4.942949295043945,-0.3316306173801422,12.0,14.0,28508.0,19.002,417203795.0
-42.38379669189453,11.42809009552002,11.76229000091553,4.0,15.0,28509.0,45.446,417203797.0
-18.09666061401367,4.903190135955811,0.3272675275802612,20.0,1.0,28516.0,18.752,417203820.0
-41.43123626708984,11.23332691192627,2.24971342086792,4.0,3.0,28517.0,42.986,417203825.0
-41.67625045776367,11.31537628173828,3.778201341629028,3.0,5.0,28519.0,43.35,417203829.0
-0.5718812942504883,0.1553767174482346,-0.0938606783747673,1.0,6.0,28520.0,0.6,417203831.0
-41.98515701293945,11.41498374938965,5.342264652252197,4.0,7.0,28521.0,43.836,417203834.0
-0.8485509753227234,0.2308643013238907,-0.1079762354493141,2.0,8.0,28522.0,0.886,417203836.0
-42.35131072998047,11.53041172027588,6.951947689056396,4.0,9.0,28523.0,44.44,417203838.0
-1.551388740539551,0.4223753809928894,-0.1406693756580353,4.0,10.0,28523.0,1.614,417203841.0
-42.6368408203125,11.61614322662354,8.589838981628418,2.0,11.0,28524.0,45.018,417203843.0
-17.48111152648926,4.765897750854492,-0.9495835900306702,6.0,12.0,28525.0,18.144,417203845.0
-42.40972137451172,11.57017040252686,10.14889144897461,2.0,13.0,28526.0,45.116,417203848.0
-18.46145820617676,5.040095329284668,-0.3340390622615814,12.0,14.0,28527.0,19.14,417203850.0
-42.40359497070312,11.57645034790039,11.77781963348389,4.0,15.0,28527.0,45.506,417203852.0
-18.13342666625977,4.981160640716553,0.3282448649406433,15.0,1.0,28536.0,18.808,417203875.0
-31.59702301025391,8.685473442077637,1.717352032661438,40.0,3.0,28537.0,32.814,417203880.0
-41.55582046508789,11.43857669830322,3.770880460739136,3.0,5.0,28539.0,43.266,417203884.0
-0.5675265789031982,0.1563228666782379,-0.09323494136333466,1.0,6.0,28540.0,0.596,417203887.0
-41.85511016845703,11.53667736053467,5.330808639526367,4.0,7.0,28541.0,43.742,417203889.0
-0.8477399945259094,0.2338248938322067,-0.1079762354493141,2.0,8.0,28542.0,0.886,417203891.0
-42.19845962524414,11.64716720581055,6.933488368988037,4.0,9.0,28543.0,44.322,417203894.0
-1.574872493743896,0.4346794486045837,-0.1429354250431061,4.0,10.0,28543.0,1.64,417203896.0
-42.51655197143555,11.74295043945312,8.573811531066895,4.0,11.0,28544.0,44.934,417203898.0
-17.53174591064453,4.845511436462402,-0.9532471299171448,6.0,12.0,28545.0,18.214,417203901.0
-42.1718635559082,11.66359329223633,10.10165214538574,1.0,13.0,28546.0,44.906,417203903.0
-18.56902313232422,5.139177322387695,-0.3363078832626343,13.0,14.0,28547.0,19.27,417203905.0
-42.40388870239258,11.73573207855225,11.78920745849609,4.0,15.0,28547.0,45.55,417203907.0
-18.21995544433594,5.073393821716309,0.3301297128200531,25.0,1.0,28556.0,18.916,417203930.0
-31.47647857666016,8.776548385620117,1.712537169456482,37.0,3.0,28558.0,32.722,417203935.0
-41.46958160400391,11.57071304321289,3.766696929931641,3.0,5.0,28559.0,43.218,417203940.0
-0.5936139822006226,0.1657399982213974,-0.09761510789394379,1.0,6.0,28560.0,0.624,417203942.0
-41.7419319152832,11.66241073608398,5.32154655456543,4.0,7.0,28561.0,43.666,417203944.0
-0.8564774990081787,0.2394551187753677,-0.1091949343681335,2.0,8.0,28562.0,0.896,417203947.0
-42.0835075378418,11.76576232910156,6.920973777770996,4.0,9.0,28562.0,44.242,417203949.0
-1.63282573223114,0.4568148553371429,-0.1483390778303146,4.0,10.0,28563.0,1.702,417203951.0
-42.40346145629883,11.87117671966553,8.559309959411621,3.0,11.0,28564.0,44.858,417203954.0
-16.12616348266602,4.517679214477539,-0.8776739835739136,2.0,12.0,28565.0,16.77,417203956.0
-42.16466903686523,11.82019805908203,10.10975074768066,1.0,13.0,28566.0,44.942,417203958.0
-18.65879249572754,5.234210014343262,-0.338262528181076,15.0,14.0,28567.0,19.382,417203960.0
-42.4089469909668,11.9046459197998,11.80266571044922,4.0,15.0,28568.0,45.602,417203963.0
-18.31568145751953,5.169007301330566,0.3321891129016876,15.0,1.0,28576.0,19.034,417203986.0
-31.41452598571777,8.871651649475098,1.710757732391357,46.0,3.0,28577.0,32.688,417203990.0
-41.36566925048828,11.69750785827637,3.760944604873657,3.0,5.0,28579.0,43.152,417203995.0
-0.6158407330513,0.1742653548717499,-0.1013695299625397,1.0,6.0,28580.0,0.648,417203997.0
-41.62648010253906,11.78695297241211,5.31204080581665,4.0,7.0,28581.0,43.588,417204000.0
-0.8613661527633667,0.2440668344497681,-0.1099261492490768,2.0,8.0,28582.0,0.902,417204002.0
-41.94317626953125,11.89244651794434,6.905017375946045,4.0,9.0,28583.0,44.14,417204004.0
-1.667640924453735,0.4728380441665649,-0.151650995016098,4.0,10.0,28583.0,1.74,417204007.0
-42.28621673583984,11.99768447875977,8.544045448303223,3.0,11.0,28584.0,44.778,417204009.0
-16.17177772521973,4.591398239135742,-0.8810234665870667,1.0,12.0,28585.0,16.834,417204011.0
-42.55617523193359,12.09033107757568,10.21367740631104,2.0,13.0,28586.0,45.404,417204013.0
-18.76735687255859,5.335400104522705,-0.3405662477016449,13.0,14.0,28587.0,19.514,417204016.0
-42.39315032958984,12.06000900268555,11.80991268157959,3.0,15.0,28588.0,45.63,417204018.0
-18.4455680847168,5.275248050689697,0.3348767757415771,20.0,1.0,28596.0,19.188,417204041.0
-31.34112358093262,8.969165802001953,1.708454966545105,50.0,3.0,28597.0,32.644,417204046.0
-41.21924591064453,11.81164264678955,3.751357555389404,1.0,5.0,28599.0,43.042,417204050.0
-0.6076332330703735,0.1742360293865204,-0.1001180559396744,1.0,6.0,28600.0,0.64,417204053.0
-41.51638793945312,11.9124755859375,5.303266525268555,4.0,7.0,28601.0,43.516,417204055.0
-0.8795889616012573,0.2525503933429718,-0.1123635321855545,2.0,8.0,28602.0,0.922,417204057.0
-41.83515548706055,12.01184368133545,6.893754005432129,4.0,9.0,28602.0,44.068,417204060.0
-1.694704055786133,0.4869090020656586,-0.1542656719684601,4.0,10.0,28603.0,1.77,417204062.0
-42.12709808349609,12.11158561706543,8.520384788513184,3.0,11.0,28604.0,44.654,417204064.0
-17.71421241760254,5.096202373504639,-0.9660170674324036,15.0,12.0,28605.0,18.458,417204066.0
-42.45191192626953,12.22101497650146,10.19883060455322,3.0,13.0,28606.0,45.338,417204069.0
-18.87928581237793,5.438518524169922,-0.3429397940635681,11.0,14.0,28607.0,19.65,417204071.0
-42.18929672241211,12.16136264801025,11.76487827301025,1.0,15.0,28608.0,45.456,417204073.0
-18.61142730712891,5.393032073974609,0.3382276296615601,20.0,1.0,28616.0,19.38,417204096.0
-31.2463207244873,9.06015682220459,1.705000758171082,39.0,3.0,28617.0,32.578,417204101.0
-0.4732584655284882,0.1373151689767838,-0.09578611701726913,1.0,4.0,28618.0,0.502,417204103.0
-41.10888290405273,11.93545436859131,3.745082378387451,3.0,5.0,28619.0,42.97,417204106.0
-0.5804641842842102,0.1686404347419739,-0.09573788940906525,1.0,6.0,28620.0,0.612,417204108.0
-41.40974426269531,12.03848075866699,5.294979095458984,4.0,7.0,28621.0,43.448,417204110.0
-0.8939506411552429,0.2600550949573517,-0.1143134459853172,2.0,8.0,28622.0,0.9380000000000001,417204113.0
-41.71520614624023,12.13517951965332,6.880926609039307,4.0,9.0,28622.0,43.986,417204115.0
-1.750383734703064,0.5095275044441223,-0.159495010972023,4.0,10.0,28623.0,1.83,417204117.0
-42.01482009887695,12.23824787139893,8.506264686584473,3.0,11.0,28624.0,44.58,417204119.0
-17.77493095397949,5.180920124053955,-0.9703086018562317,13.0,12.0,28625.0,18.54,417204122.0
-42.31732559204102,12.34238910675049,10.17678546905518,3.0,13.0,28626.0,45.24,417204124.0
-19.00031852722168,5.545284271240234,-0.3454878330230713,11.0,14.0,28627.0,19.796,417204126.0
-42.12248229980469,12.30151653289795,11.75814914703369,1.0,15.0,28628.0,45.43,417204129.0
-18.64429473876953,5.473173141479492,0.3391700685024261,15.0,1.0,28636.0,19.434,417204152.0
-31.15318489074707,9.151158332824707,1.701651334762573,52.0,3.0,28637.0,32.514,417204156.0
-41.01153945922852,12.06257438659668,3.740027189254761,3.0,5.0,28639.0,42.912,417204161.0
-0.5950320363044739,0.1751274466514587,-0.09824084490537643,1.0,6.0,28640.0,0.628,417204163.0
-41.29891586303711,12.16276550292969,5.286204814910889,4.0,7.0,28641.0,43.376,417204165.0
-0.9006539583206177,0.265418529510498,-0.1152883991599083,2.0,8.0,28642.0,0.9460000000000001,417204168.0
-41.61385345458984,12.26340866088867,6.871227264404297,4.0,9.0,28642.0,43.924,417204170.0
-1.809747457504272,0.5336674451828003,-0.1650729775428772,4.0,10.0,28643.0,1.894,417204172.0
-41.88522720336914,12.35927391052246,8.488710403442383,4.0,11.0,28644.0,44.488,417204175.0
-17.81037139892578,5.25877046585083,-0.9732394218444824,10.0,12.0,28645.0,18.596,417204177.0
-42.20296859741211,12.4690465927124,10.15968894958496,4.0,13.0,28646.0,45.164,417204179.0
-19.09973907470703,5.646724224090576,-0.3476519286632538,52.0,14.0,28647.0,19.92,417204182.0
-42.50384521484375,12.56600952148438,11.87617111206055,2.0,15.0,28647.0,45.886,417204184.0
-18.72091293334961,5.566718101501465,0.3409152925014496,15.0,1.0,28656.0,19.534,417204207.0
-31.04830741882324,9.238203048706055,1.697673797607422,48.0,3.0,28657.0,32.438,417204212.0
-40.90235137939453,12.18574714660645,3.733926296234131,3.0,5.0,28659.0,42.842,417204216.0
-0.6171336770057678,0.1839755326509476,-0.1019952744245529,1.0,6.0,28660.0,0.652,417204218.0
-41.18582534790039,12.28585529327393,5.277186393737793,4.0,7.0,28661.0,43.302,417204221.0
-0.9016241431236267,0.2691285610198975,-0.1155321374535561,2.0,8.0,28662.0,0.9480000000000001,417204223.0
-41.46857833862305,12.37808322906494,6.854332447052002,4.0,9.0,28662.0,43.816,417204225.0
-1.868963360786438,0.5582278966903687,-0.1706509441137314,4.0,10.0,28663.0,1.958,417204228.0
-41.78163909912109,12.4874153137207,8.4764986038208,3.0,11.0,28664.0,44.424,417204230.0
-17.88949584960938,5.350093841552734,-0.978577733039856,6.0,12.0,28665.0,18.698,417204232.0
-42.04343414306641,12.5816478729248,10.13179588317871,3.0,13.0,28666.0,45.04,417204235.0
-19.12588882446289,5.727127552032471,-0.3484896421432495,20.0,14.0,28667.0,19.968,417204237.0
-42.44084930419922,12.71671867370605,11.8715124130249,3.0,15.0,28668.0,45.868,417204239.0
-18.83922958374023,5.673550605773926,0.3434284627437592,10.0,1.0,28676.0,19.678,417204262.0
-30.91097831726074,9.320802688598633,1.692021489143372,19.0,3.0,28678.0,32.33,417204267.0
-40.75274658203125,12.29621982574463,3.724164962768555,3.0,5.0,28679.0,42.73,417204271.0
-0.6164877414703369,0.1861286163330078,-0.1019952744245529,3.0,6.0,28680.0,0.652,417204274.0
-41.07807922363281,12.41002750396729,5.268898963928223,4.0,7.0,28681.0,43.234,417204276.0
-0.9424828886985779,0.2849113941192627,-0.1208943873643875,2.0,8.0,28682.0,0.992,417204278.0
-41.37217330932617,12.50675582885742,6.845571994781494,4.0,9.0,28682.0,43.76,417204281.0
-1.939471364021301,0.5866691470146179,-0.1772747784852982,4.0,10.0,28683.0,2.034,417204283.0
-41.66638946533203,12.61157131195068,8.461997032165527,3.0,11.0,28684.0,44.348,417204285.0
-29.74310493469238,9.008301734924316,-1.628695011138916,16.0,12.0,28685.0,31.12,417204288.0
-41.9265251159668,12.7062873840332,10.11424922943115,4.0,13.0,28686.0,44.962,417204290.0
-23.40955543518066,7.09898042678833,-0.4269905686378479,38.0,14.0,28687.0,24.466,417204292.0
-42.32264709472656,12.83440208435059,11.85028839111328,4.0,15.0,28687.0,45.786,417204295.0
-18.94937515258789,5.778943061828613,0.34580197930336,10.0,1.0,28696.0,19.814,417204318.0
-30.85915374755859,9.422812461853027,1.690974712371826,26.0,3.0,28698.0,32.31,417204322.0
-0.4788057804107666,0.146202877163887,-0.09731258451938629,1.0,4.0,28698.0,0.51,417204324.0
-40.64098358154297,12.41743946075439,3.717889785766602,3.0,5.0,28699.0,42.658,417204327.0
-0.6196123957633972,0.1894345134496689,-0.1026210114359856,1.0,6.0,28700.0,0.656,417204329.0
-40.969970703125,12.53359603881836,5.260612010955811,4.0,7.0,28701.0,43.166,417204331.0
-0.9490752220153809,0.2905237078666687,-0.1218693405389786,2.0,8.0,28702.0,1.0,417204334.0
-41.27505874633789,12.64268779754639,6.837124824523926,4.0,9.0,28703.0,43.706,417204336.0
-1.992657423019409,0.6103575825691223,-0.1823298186063766,4.0,10.0,28703.0,2.092,417204338.0
-41.53952026367188,12.73162364959717,8.445205688476562,3.0,11.0,28704.0,44.26,417204341.0
-24.29047012329102,7.449526786804199,-1.331531405448914,8.0,12.0,28705.0,25.442,417204343.0
-41.81298828125,12.83140754699707,10.09760284423828,4.0,13.0,28706.0,44.888,417204345.0
-23.33684349060059,7.165977001190186,-0.4261179566383362,33.0,14.0,28707.0,24.416,417204348.0
-42.19407272338867,12.96447086334229,11.82751274108887,4.0,15.0,28708.0,45.698,417204350.0
-19.03226470947266,5.876913070678711,0.3476868271827698,10.0,1.0,28716.0,19.922,417204373.0
-30.80699157714844,9.524574279785156,1.68992805480957,50.0,3.0,28718.0,32.29,417204377.0
-0.4801681935787201,0.1484532356262207,-0.09769420325756073,1.0,4.0,28718.0,0.512,417204380.0
-40.52315902709961,12.53626251220703,3.7110915184021,3.0,5.0,28719.0,42.58,417204382.0
-0.6038510799407959,0.1869231313467026,-0.1001180559396744,1.0,6.0,28720.0,0.64,417204384.0
-40.8387451171875,12.64951419830322,5.24940013885498,4.0,7.0,28721.0,43.074,417204387.0
-0.9783931374549866,0.3032375574111938,-0.125769168138504,3.0,8.0,28722.0,1.032,417204389.0
-41.15554809570312,12.75551509857178,6.824296951293945,4.0,9.0,28722.0,43.624,417204391.0
-2.066633701324463,0.6409159898757935,-0.1893022805452347,4.0,10.0,28723.0,2.172,417204394.0
-41.40857315063477,12.84978103637695,8.427651405334473,3.0,11.0,28724.0,44.168,417204396.0
-25.84747886657715,8.02585506439209,-1.418409109115601,21.0,12.0,28725.0,27.102,417204398.0
-41.69536590576172,12.95473384857178,10.08005714416504,4.0,13.0,28726.0,44.81,417204401.0
-23.26776695251465,7.233739852905273,-0.4253151416778564,33.0,14.0,28727.0,24.37,417204403.0
-42.04384994506836,13.07105541229248,11.79749011993408,4.0,15.0,28727.0,45.582,417204405.0
-30.49381446838379,9.532807350158691,0.5576741695404053,63.0,1.0,28736.0,31.954,417204428.0
-30.72781181335449,9.6177339553833,1.687415957450867,60.0,3.0,28738.0,32.242,417204433.0
-0.4721525609493256,0.1477826684713364,-0.09616773575544357,1.0,4.0,28738.0,0.504,417204435.0
-40.41070175170898,12.65620136260986,3.704816341400146,4.0,5.0,28739.0,42.508,417204437.0
-0.6295846700668335,0.1972998827695847,-0.1044982224702835,1.0,6.0,28740.0,0.668,417204440.0
-40.70342254638672,12.76348114013672,5.237700462341309,4.0,7.0,28741.0,42.978,417204442.0
-0.981116771697998,0.3078395128250122,-0.1262566447257996,3.0,8.0,28742.0,1.036,417204444.0
-41.03878784179688,12.88437843322754,6.812720775604248,4.0,9.0,28743.0,43.55,417204447.0
-2.121411085128784,0.6660300493240356,-0.1945316195487976,4.0,10.0,28743.0,2.232,417204449.0
-41.31664276123047,12.97953510284424,8.418110847473145,4.0,11.0,28744.0,44.118,417204451.0
-25.75642967224121,8.096266746520996,-1.414954900741577,31.0,12.0,28745.0,27.036,417204453.0
-41.57925033569336,13.07798099517822,10.06296062469482,4.0,13.0,28746.0,44.734,417204456.0
-23.20041084289551,7.301708698272705,-0.4245472252368927,37.0,14.0,28747.0,24.326,417204458.0
-41.92748260498047,13.2035961151123,11.7783374786377,4.0,15.0,28748.0,45.508,417204460.0
-30.41840934753418,9.625920295715332,0.5569062829017639,63.0,1.0,28756.0,31.91,417204483.0
-30.62550926208496,9.703218460083008,1.683647751808167,54.0,3.0,28758.0,32.17,417204488.0
-0.4678907096385956,0.1482439339160919,-0.0954044982790947,1.0,4.0,28758.0,0.5,417204490.0
-40.2998046875,12.77611064910889,3.698715448379517,3.0,5.0,28759.0,42.438,417204493.0
-0.625126302242279,0.1983017474412918,-0.1038724854588509,1.0,6.0,28760.0,0.664,417204495.0
-40.58861541748047,12.88326454162598,5.228682518005371,4.0,7.0,28761.0,42.904,417204497.0
-0.980036199092865,0.3112623691558838,-0.1262566447257996,3.0,8.0,28762.0,1.036,417204500.0
-40.93558883666992,13.00126266479492,6.802709102630615,4.0,9.0,28762.0,43.486,417204502.0
-2.210216283798218,0.7023958563804626,-0.2028985619544983,4.0,10.0,28763.0,2.328,417204504.0
-41.22431182861328,13.10880470275879,8.408571243286133,3.0,11.0,28764.0,44.068,417204506.0
-41.44978332519531,13.19643592834473,10.04271507263184,3.0,13.0,28766.0,44.644,417204511.0
-23.12714767456055,7.36747407913208,-0.423674613237381,18.0,14.0,28767.0,24.276,417204513.0
-41.80984115600586,13.31910514831543,11.75763130187988,4.0,15.0,28767.0,45.428,417204516.0
-30.33891677856445,9.717402458190918,0.5560685992240906,69.0,1.0,28776.0,31.862,417204539.0
-30.52298355102539,9.788106918334961,1.679879546165466,57.0,3.0,28778.0,32.098,417204543.0
-40.19046020507812,12.89600849151611,3.69278883934021,3.0,5.0,28779.0,42.37,417204548.0
-0.6432384848594666,0.2065212726593018,-0.1070011705160141,1.0,6.0,28780.0,0.684,417204550.0
-40.48102569580078,13.0048303604126,5.220638751983643,4.0,7.0,28781.0,42.838,417204553.0
-1.009181380271912,0.324401319026947,-0.1301564574241638,3.0,8.0,28782.0,1.068,417204555.0
-40.79551696777344,13.12157440185547,6.787378787994385,4.0,9.0,28783.0,43.388,417204557.0
-2.327242612838745,0.7485402822494507,-0.2138801962137222,7.0,10.0,28783.0,2.454,417204559.0
-41.11476135253906,13.23217487335205,8.39559555053711,3.0,11.0,28784.0,44.0,417204562.0
-20.54915809631348,6.617399215698242,-1.131398677825928,32.0,12.0,28785.0,21.618,417204564.0
-41.33855056762695,13.32012462615967,10.02696800231934,4.0,13.0,28786.0,44.574,417204566.0
-23.27638626098633,7.504611492156982,-0.4268858730792999,15.0,14.0,28787.0,24.46,417204569.0
-41.69639205932617,13.45149707794189,11.73951435089111,4.0,15.0,28788.0,45.358,417204571.0
-30.24964714050293,9.805363655090332,0.5550563335418701,80.0,1.0,28796.0,31.804,417204594.0
-30.44303894042969,9.879796028137207,1.677367448806763,57.0,3.0,28798.0,32.05,417204599.0
-40.08456039428711,13.01652908325195,3.68721079826355,1.0,5.0,28799.0,42.306,417204603.0
-0.642513632774353,0.2087653428316116,-0.1070011705160141,1.0,6.0,28800.0,0.684,417204606.0
-40.38441467285156,13.12948417663574,5.214057922363281,4.0,7.0,28801.0,42.784,417204608.0
-1.026920080184937,0.3340629041194916,-0.1325938403606415,3.0,8.0,28802.0,1.088,417204610.0
-40.67664337158203,13.23234176635742,6.774863719940186,4.0,9.0,28802.0,43.308,417204612.0
-2.354928493499756,0.7665261030197144,-0.2166691720485687,5.0,10.0,28803.0,2.486,417204615.0
-40.98431777954102,13.34825229644775,8.378422737121582,4.0,11.0,28804.0,43.91,417204617.0
-16.33491325378418,5.323299407958984,-0.9003877639770508,4.0,12.0,28805.0,17.204,417204619.0
-41.25845336914062,13.45346736907959,10.01887035369873,4.0,13.0,28806.0,44.538,417204622.0
-23.36601448059082,7.623651504516602,-0.429015040397644,11.0,14.0,28807.0,24.582,417204624.0
-41.57992935180664,13.56632328033447,11.71932601928711,4.0,15.0,28807.0,45.28,417204626.0
-30.16013336181641,9.892820358276367,0.5540440678596497,86.0,1.0,28816.0,31.746,417204649.0
-30.35523414611816,9.96855354309082,1.674436569213867,59.0,3.0,28818.0,31.994,417204654.0
-0.4700431823730469,0.1543605476617813,-0.09616773575544357,1.0,4.0,28818.0,0.504,417204656.0
-31.10286521911621,10.2200870513916,2.864286422729492,19.0,5.0,28819.0,32.864,417204659.0
-0.6718058586120605,0.2208785265684128,-0.1120070740580559,2.0,6.0,28820.0,0.716,417204661.0
-40.25725173950195,13.24369812011719,5.203577041625977,4.0,7.0,28821.0,42.698,417204663.0
-1.029518842697144,0.3388868272304535,-0.133081316947937,3.0,8.0,28822.0,1.092,417204665.0
-40.55469512939453,13.35723972320557,6.762661933898926,4.0,9.0,28823.0,43.23,417204668.0
-2.433611154556274,0.8015428781509399,-0.2241645753383636,6.0,10.0,28823.0,2.572,417204670.0
-40.86102294921875,13.46603870391846,8.362776756286621,3.0,11.0,28824.0,43.828,417204672.0
-16.40917587280273,5.410934448242188,-0.9055167436599731,4.0,12.0,28825.0,17.302,417204675.0
-41.14831924438477,13.57664394378662,10.00357341766357,3.0,13.0,28826.0,44.47,417204677.0
-16.17284774780273,5.3392653465271,-0.2972843050956726,1.0,14.0,28827.0,17.034,417204679.0
-41.46022415161133,13.69560432434082,11.69965648651123,4.0,15.0,28828.0,45.204,417204682.0
-30.0797119140625,9.977042198181152,0.5531714558601379,82.0,1.0,28835.0,31.696,417204705.0
-30.26704216003418,10.05090618133545,1.671401143074036,56.0,3.0,28837.0,31.936,417204709.0
-0.5179721713066101,0.1720052361488342,-0.1060898005962372,1.0,4.0,28837.0,0.556,417204712.0
-31.01964378356934,10.30683708190918,2.859754323959351,19.0,5.0,28838.0,32.812,417204714.0
-0.6560737490653992,0.2181195020675659,-0.1095041260123253,2.0,6.0,28839.0,0.7000000000000001,417204716.0
-40.13588714599609,13.35143280029297,5.193583965301514,4.0,7.0,28840.0,42.616,417204718.0
-1.058525323867798,0.3523297309875488,-0.1369811445474625,3.0,8.0,28841.0,1.124,417204721.0
-40.44318389892578,13.46149730682373,6.751085758209229,4.0,9.0,28841.0,43.156,417204723.0
-2.512223243713379,0.8366795182228088,-0.2316599637269974,4.0,10.0,28842.0,2.658,417204725.0
-40.76213073730469,13.58346557617188,8.351709365844727,4.0,11.0,28843.0,43.77,417204728.0
-16.50103569030762,5.501961231231689,-0.9115877151489258,5.0,12.0,28844.0,17.418,417204730.0
-41.0198860168457,13.68526935577393,9.983327865600586,4.0,13.0,28845.0,44.38,417204732.0
-16.19298934936523,5.40553092956543,-0.297982394695282,7.0,14.0,28846.0,17.074,417204735.0
-41.33819580078125,13.79948425292969,11.67739772796631,4.0,15.0,28846.0,45.118,417204737.0
-30.00678634643555,10.06925582885742,0.5524733662605286,60.0,1.0,28855.0,31.656,417204760.0
-30.17497444152832,10.13741493225098,1.668260931968689,59.0,3.0,28857.0,31.876,417204765.0
-0.5024802684783936,0.1688104569911957,-0.1030368581414223,1.0,4.0,28857.0,0.54,417204767.0
-30.94570541381836,10.40235614776611,2.856267929077148,19.0,5.0,28858.0,32.772,417204769.0
-0.6422021985054016,0.2160001397132874,-0.1073140427470207,2.0,6.0,28859.0,0.686,417204771.0
-40.04388427734375,13.47625541687012,5.187734127044678,4.0,7.0,28860.0,42.568,417204774.0
-1.072339415550232,0.3610904514789581,-0.1389310508966446,3.0,8.0,28861.0,1.14,417204776.0
-40.33229827880859,13.58115482330322,6.740447998046875,4.0,9.0,28861.0,43.088,417204778.0
-2.786838293075562,0.9389577507972717,-0.2572837471961975,15.0,10.0,28862.0,2.952,417204781.0
-40.61958694458008,13.69368267059326,8.332246780395508,4.0,11.0,28863.0,43.668,417204783.0
-20.35566329956055,6.866261959075928,-1.125851035118103,12.0,12.0,28864.0,21.512,417204785.0
-40.9053955078125,13.80593681335449,9.967131614685059,4.0,13.0,28865.0,44.308,417204788.0
-20.47282218933105,6.913741588592529,-0.3771814107894897,42.0,14.0,28866.0,21.612,417204790.0
-41.26232147216797,13.93442630767822,11.66963291168213,4.0,15.0,28866.0,45.088,417204792.0
-29.9296760559082,10.1539306640625,0.5516705513000488,66.0,1.0,28874.0,31.61,417204815.0
-30.10336875915527,10.22457695007324,1.666167497634888,59.0,3.0,28876.0,31.836,417204820.0
-0.4851871430873871,0.1647932827472687,-0.09960229694843292,1.0,4.0,28876.0,0.522,417204822.0
-30.82426452636719,10.47542858123779,2.848249673843384,20.0,5.0,28877.0,32.68,417204824.0
-0.6583142876625061,0.2238520532846451,-0.1101298630237579,2.0,6.0,28878.0,0.704,417204827.0
-39.91816329956055,13.58147716522217,5.177253246307373,4.0,7.0,28879.0,42.482,417204829.0
-1.082411170005798,0.3684828281402588,-0.1403934806585312,3.0,8.0,28880.0,1.152,417204831.0
-40.20236968994141,13.69383430480957,6.726682186126709,5.0,9.0,28881.0,43.0,417204834.0
-2.808227062225342,0.9565454125404358,-0.2595497965812683,4.0,10.0,28881.0,2.978,417204836.0
-40.50519943237305,13.8048734664917,8.318127632141113,4.0,11.0,28882.0,43.594,417204838.0
-16.73163414001465,5.705690860748291,-0.9264510869979858,5.0,12.0,28883.0,17.702,417204841.0
-40.79299163818359,13.91885375976562,9.950934410095215,4.0,13.0,28884.0,44.236,417204843.0
-20.39490127563477,6.962857246398926,-0.3761691749095917,49.0,14.0,28885.0,21.554,417204845.0
-41.15189743041992,14.04933452606201,11.65151596069336,4.0,15.0,28885.0,45.018,417204847.0
-20.5163402557373,7.040318965911865,0.3786125183105469,52.0,1.0,28894.0,21.694,417204871.0
-30.02216148376465,10.31402015686035,1.663655400276184,59.0,3.0,28896.0,31.788,417204875.0
-0.5273139476776123,0.1811570674180984,-0.1083795130252838,1.0,4.0,28896.0,0.5680000000000001,417204877.0
-30.75736427307129,10.57259845733643,2.845460653305054,20.0,5.0,28897.0,32.648,417204880.0
-0.6836805939674377,0.2351431846618652,-0.1145100295543671,2.0,6.0,28898.0,0.732,417204882.0
-39.83672714233398,13.70910835266113,5.172866344451904,4.0,7.0,28899.0,42.446,417204884.0
-1.129918813705444,0.3890622556209564,-0.1467306911945343,3.0,8.0,28900.0,1.204,417204887.0
-40.09456253051758,13.81349277496338,6.716670036315918,4.0,9.0,28901.0,42.936,417204889.0
-2.929196834564209,1.009175300598145,-0.2710543572902679,5.0,10.0,28901.0,3.11,417204891.0
-40.38994598388672,13.92314529418945,8.304388999938965,4.0,11.0,28902.0,43.522,417204894.0
-20.15174293518066,6.950605869293213,-1.117163300514221,32.0,12.0,28903.0,21.346,417204896.0
-40.67599868774414,14.03764057159424,9.934288024902344,4.0,13.0,28904.0,44.162,417204898.0
-20.3440113067627,7.024868965148926,-0.3756805062294006,49.0,14.0,28905.0,21.526,417204900.0
-41.01795959472656,14.17168045043945,11.62822246551514,4.0,15.0,28906.0,44.928,417204903.0
-20.45072746276855,7.101692199707031,0.3778795003890991,52.0,1.0,28915.0,21.652,417204926.0
-29.93133544921875,10.40562438964844,1.660724520683289,56.0,3.0,28917.0,31.732,417204930.0
-0.5229376554489136,0.1817992031574249,-0.1076162755489349,1.0,4.0,28917.0,0.5640000000000001,417204933.0
-30.67324256896973,10.6695499420166,2.841277122497559,27.0,5.0,28918.0,32.6,417204935.0
-0.6716204881668091,0.2337515652179718,-0.1126328185200691,2.0,6.0,28919.0,0.72,417204937.0
-39.72247314453125,13.83282852172852,5.164578914642334,4.0,7.0,28920.0,42.378,417204940.0
-1.132234454154968,0.3945073187351227,-0.1472181677818298,3.0,8.0,28921.0,1.208,417204942.0
-39.99516677856445,13.94344615936279,6.708535671234131,5.0,9.0,28922.0,42.884,417204944.0
-3.045883893966675,1.061881303787231,-0.2822102904319763,5.0,10.0,28922.0,3.238,417204947.0
-40.2663459777832,14.04587078094482,8.289505958557129,3.0,11.0,28923.0,43.444,417204949.0
-20.10161781311035,7.015863418579102,-1.115802645683289,44.0,12.0,28924.0,21.32,417204951.0
-40.5433235168457,14.15836238861084,9.9144926071167,4.0,13.0,28925.0,44.074,417204953.0
-20.29547309875488,7.091470718383789,-0.3752616345882416,55.0,14.0,28926.0,21.502,417204956.0
-40.90805816650391,14.29374504089355,11.61114025115967,4.0,15.0,28926.0,44.862,417204958.0
-20.40317344665527,7.165084362030029,0.3774606585502625,22.0,1.0,28935.0,21.628,417204981.0
-29.85337829589844,10.49546718597412,1.658421754837036,61.0,3.0,28937.0,31.688,417204986.0
-0.4815530776977539,0.1692982465028763,-0.09922067821025848,1.0,4.0,28937.0,0.52,417204988.0
-30.59258460998535,10.76134777069092,2.837268114089966,27.0,5.0,28938.0,32.554,417204990.0
-0.6596204042434692,0.2321596294641495,-0.1107556000351906,2.0,6.0,28939.0,0.708,417204993.0
-39.61028289794922,13.94898319244385,5.156291961669922,4.0,7.0,28940.0,42.31,417204995.0
-1.145828604698181,0.4037347435951233,-0.149168074131012,3.0,8.0,28941.0,1.224,417204997.0
-39.90340042114258,14.06786441802979,6.701339721679688,5.0,9.0,28942.0,42.838,417205000.0
-3.245094537734985,1.144051551818848,-0.3010359406471252,11.0,10.0,28942.0,3.454,417205002.0
-40.16337966918945,14.16740131378174,8.27843952178955,4.0,11.0,28943.0,43.386,417205004.0
-20.05440521240234,7.078011512756348,-1.114546537399292,42.0,12.0,28944.0,21.296,417205006.0
-40.42566680908203,14.27578926086426,9.897846221923828,4.0,13.0,28945.0,44.0,417205009.0
-40.7868766784668,14.41135311126709,11.59095191955566,4.0,15.0,28946.0,44.784,417205013.0
-16.40946578979492,5.827016830444336,0.3039511144161224,7.0,1.0,28955.0,17.416,417205037.0
-29.7675952911377,10.57635307312012,1.655595660209656,61.0,3.0,28956.0,31.634,417205042.0
-0.5105566382408142,0.1814998835325241,-0.1053265631198883,1.0,4.0,28957.0,0.552,417205044.0
-30.51541328430176,10.85404872894287,2.83360743522644,20.0,5.0,28958.0,32.512,417205047.0
-0.6811383962631226,0.2424085438251495,-0.1145100295543671,2.0,6.0,28959.0,0.732,417205049.0
-39.50337982177734,14.06652069091797,5.148736000061035,4.0,7.0,28960.0,42.248,417205051.0
-1.150022149085999,0.4097306430339813,-0.1498992890119553,4.0,8.0,28961.0,1.23,417205053.0
-39.79326629638672,14.17757034301758,6.690701961517334,4.0,9.0,28961.0,42.77,417205056.0
-3.216684103012085,1.146675109863281,-0.2987698912620544,4.0,10.0,28962.0,3.428,417205058.0
-40.05451202392578,14.28640556335449,8.266227722167969,4.0,11.0,28963.0,43.322,417205060.0
-20.03145599365234,7.148642539978027,-1.114651203155518,62.0,12.0,28964.0,21.298,417205063.0
-40.30768203735352,14.39256763458252,9.881199836730957,4.0,13.0,28965.0,43.926,417205065.0
-16.73344421386719,5.978263854980469,-0.3101641535758972,3.0,14.0,28966.0,17.772,417205067.0
-40.68174743652344,14.53413963317871,11.57542324066162,4.0,15.0,28966.0,44.724,417205070.0
-20.27548980712891,7.27964448928833,0.3760295510292053,21.0,1.0,28975.0,21.546,417205093.0
-29.67976379394531,10.66782093048096,1.652874112129211,61.0,3.0,28977.0,31.582,417205097.0
-0.5247002840042114,0.1885934472084045,-0.1083795130252838,1.0,4.0,28977.0,0.5680000000000001,417205100.0
-39.08846282958984,14.05730152130127,3.634220123291016,3.0,5.0,28978.0,41.698,417205102.0
-0.6840055584907532,0.2461223006248474,-0.1151357665657997,2.0,6.0,28979.0,0.736,417205104.0
-39.39427185058594,14.18280982971191,5.140936374664307,4.0,7.0,28980.0,42.184,417205106.0
-1.187804937362671,0.4278702735900879,-0.1550178080797195,3.0,8.0,28981.0,1.272,417205109.0
-39.66484069824219,14.29586410522461,6.677874565124512,5.0,9.0,28982.0,42.688,417205111.0
-3.443208932876587,1.240989327430725,-0.320210188627243,4.0,10.0,28982.0,3.674,417205113.0
-39.94529724121094,14.40482330322266,8.254015922546387,4.0,11.0,28983.0,43.258,417205116.0
-19.98007965087891,7.20903205871582,-1.11318576335907,52.0,12.0,28984.0,21.27,417205118.0
-40.19304656982422,14.51002025604248,9.865453720092773,4.0,13.0,28985.0,43.856,417205120.0
-16.82155799865723,6.076039791107178,-0.3121886551380157,6.0,14.0,28986.0,17.888,417205123.0
-40.53736114501953,14.65031814575195,11.54954147338867,4.0,15.0,28987.0,44.624,417205125.0
-20.22927856445312,7.342869758605957,0.3756456077098846,28.0,1.0,28995.0,21.524,417205148.0
-29.60292434692383,10.75118446350098,1.650571346282959,58.0,3.0,28996.0,31.538,417205153.0
-0.5240387916564941,0.190423846244812,-0.1083795130252838,1.0,4.0,28997.0,0.5680000000000001,417205155.0
-38.96425628662109,14.166428565979,3.62724781036377,3.0,5.0,28998.0,41.618,417205157.0
-0.6942804455757141,0.2525601983070374,-0.1170129776000977,2.0,6.0,28999.0,0.748,417205159.0
-39.2885627746582,14.29986667633057,5.133624076843262,4.0,7.0,29000.0,42.124,417205162.0
-1.20868718624115,0.440165102481842,-0.1579426676034927,3.0,8.0,29001.0,1.296,417205164.0
-39.56829833984375,14.41732597351074,6.670052528381348,4.0,9.0,29002.0,42.638,417205166.0
-39.8431282043457,14.52534198760986,8.243330001831055,4.0,11.0,29003.0,43.202,417205171.0
-19.93790626525879,7.272571563720703,-1.11224377155304,38.0,12.0,29004.0,21.252,417205173.0
-40.08539962768555,14.62952041625977,9.851506233215332,4.0,13.0,29005.0,43.794,417205176.0
-16.8021240234375,6.135406970977783,-0.3122235536575317,8.0,14.0,29006.0,17.89,417205178.0
-40.40508270263672,14.75418281555176,11.52573013305664,4.0,15.0,29006.0,44.532,417205180.0
-16.66105461120605,6.113572597503662,0.3097802102565765,9.0,1.0,29015.0,17.75,417205203.0
-29.53146743774414,10.84206199645996,1.648687243461609,61.0,3.0,29016.0,31.502,417205208.0
-0.512313723564148,0.1881902515888214,-0.1060898005962372,1.0,4.0,29017.0,0.556,417205210.0
-38.87342834472656,14.28723239898682,3.623412847518921,4.0,5.0,29018.0,41.574,417205212.0
-0.6896865963935852,0.253618597984314,-0.116387240588665,2.0,6.0,29019.0,0.744,417205215.0
-39.14898300170898,14.40402126312256,5.121924877166748,4.0,7.0,29020.0,42.028,417205217.0
-1.222046375274658,0.4498676955699921,-0.1598925739526749,4.0,8.0,29021.0,1.312,417205219.0
-39.45656204223633,14.53282737731934,6.659728050231934,4.0,9.0,29022.0,42.572,417205222.0
-4.640355587005615,1.709157586097717,-0.4326411187648773,1.0,10.0,29022.0,4.964,417205224.0
-39.74428558349609,14.6466817855835,8.233407974243164,4.0,11.0,29023.0,43.15,417205226.0
-19.92739105224609,7.347651481628418,-1.113081097602844,14.0,12.0,29024.0,21.268,417205229.0
-39.97924041748047,14.74912071228027,9.83800983428955,4.0,13.0,29025.0,43.734,417205231.0
-16.43542671203613,6.06660795211792,-0.3058010637760162,9.0,14.0,29026.0,17.522,417205233.0
-40.30621337890625,14.87773990631104,11.5122709274292,4.0,15.0,29026.0,44.48,417205235.0
-20.09820365905762,7.450506687164307,0.3741447031497955,40.0,1.0,29034.0,21.438,417205258.0
-29.45224571228027,10.92979335784912,1.646384477615356,65.0,3.0,29036.0,31.458,417205263.0
-0.5411365032196045,0.2008169293403625,-0.1121956929564476,1.0,4.0,29036.0,0.588,417205265.0
-38.75485992431641,14.38970851898193,3.616789102554321,4.0,5.0,29037.0,41.498,417205268.0
-0.7055073380470276,0.2620955109596252,-0.1192030608654022,2.0,6.0,29038.0,0.762,417205270.0
-39.03960037231445,14.51094055175781,5.113881587982178,4.0,7.0,29039.0,41.962,417205272.0
-1.265202045440674,0.4705244302749634,-0.1657423079013824,4.0,8.0,29040.0,1.36,417205275.0
-39.35516357421875,14.63605499267578,6.650341987609863,4.0,9.0,29040.0,42.512,417205277.0
-5.224731922149658,1.944098472595215,-0.4877235293388367,1.0,10.0,29041.0,5.596,417205279.0
-39.63661956787109,14.75647830963135,8.221196174621582,4.0,11.0,29042.0,43.086,417205282.0
-20.0170841217041,7.456219673156738,-1.119466066360474,16.0,12.0,29043.0,21.39,417205284.0
-39.84976577758789,14.85167121887207,9.81821346282959,4.0,13.0,29044.0,43.646,417205286.0
-16.31591415405273,6.084046840667725,-0.3039511144161224,6.0,14.0,29045.0,17.416,417205288.0
-40.19973754882812,14.99808597564697,11.49674224853516,4.0,15.0,29046.0,44.42,417205291.0
-20.06458473205566,7.517810821533203,0.3740050792694092,34.0,1.0,29054.0,21.43,417205314.0
-29.35599517822266,11.00496482849121,1.643035054206848,63.0,3.0,29055.0,31.394,417205318.0
-0.5441086292266846,0.2040835618972778,-0.1129589229822159,1.0,4.0,29056.0,0.592,417205321.0
-38.65402984619141,14.50600051879883,3.612082719802856,3.0,5.0,29057.0,41.444,417205323.0
-0.6897936463356018,0.259001612663269,-0.1167001128196716,2.0,6.0,29058.0,0.746,417205325.0
-38.93110275268555,14.62548446655273,5.106325626373291,4.0,7.0,29059.0,41.9,417205328.0
-1.28213357925415,0.4819223284721375,-0.1681796908378601,4.0,8.0,29060.0,1.38,417205330.0
-39.24209213256836,14.75794887542725,6.64033031463623,5.0,9.0,29061.0,42.448,417205332.0
-7.366247177124023,2.770257711410522,-0.6885303854942322,3.0,10.0,29061.0,7.9,417205335.0
-39.52055740356445,14.8705472946167,8.207839965820312,4.0,11.0,29062.0,43.016,417205337.0
-20.18159294128418,7.597824096679688,-1.130142688751221,6.0,12.0,29063.0,21.594,417205339.0
-39.75756072998047,14.97557067871094,9.808316230773926,4.0,13.0,29064.0,43.602,417205341.0
-16.11306953430176,6.07255744934082,-0.3005653321743011,1.0,14.0,29065.0,17.222,417205344.0
-40.0657958984375,15.10764598846436,11.47344779968262,4.0,15.0,29066.0,44.33,417205346.0
-17.00116348266602,6.437771320343018,0.3173196613788605,7.0,1.0,29074.0,18.182,417205369.0
-29.27257537841797,11.09038734436035,1.640522837638855,63.0,3.0,29075.0,31.346,417205374.0
-0.52503502368927,0.1990227848291397,-0.1091427430510521,1.0,4.0,29076.0,0.5720000000000001,417205376.0
-38.55099487304688,14.62105655670166,3.607201814651489,4.0,5.0,29077.0,41.388,417205378.0
-0.7239760160446167,0.2747235596179962,-0.1226446181535721,2.0,6.0,29078.0,0.784,417205381.0
-38.82413482666016,14.74015235900879,5.099013328552246,4.0,7.0,29079.0,41.84,417205383.0
-1.306423544883728,0.4962637424468994,-0.17159204185009,4.0,8.0,29080.0,1.408,417205385.0
-39.10429763793945,14.85432910919189,6.625312328338623,4.0,9.0,29080.0,42.352,417205388.0
-7.810961246490479,2.968665838241577,-0.7310623526573181,1.0,10.0,29081.0,8.388,417205390.0
-39.41886138916016,14.98956871032715,8.19753646850586,4.0,11.0,29082.0,42.962,417205392.0
-15.67482662200928,5.963701248168945,-0.8789300322532654,7.0,12.0,29083.0,16.794,417205394.0
-39.66679763793945,15.09969997406006,9.798868179321289,4.0,13.0,29084.0,43.56,417205397.0
-15.76661205291748,6.004923343658447,-0.2944919168949127,6.0,14.0,29085.0,16.874,417205399.0
-39.95143890380859,15.22402095794678,11.45584869384766,4.0,15.0,29086.0,44.262,417205401.0
-17.08691024780273,6.538528442382812,0.3193441331386566,4.0,1.0,29094.0,18.298,417205424.0
-29.20011138916016,11.17964553833008,1.638638734817505,60.0,3.0,29095.0,31.31,417205429.0
-0.5371705293655396,0.2057702988386154,-0.1118140742182732,1.0,4.0,29096.0,0.586,417205431.0
-38.44205093383789,14.73343181610107,3.601798295974731,3.0,5.0,29097.0,41.326,417205434.0
-0.7414568662643433,0.2843216955661774,-0.1257733106613159,2.0,6.0,29098.0,0.804,417205436.0
-38.72055435180664,14.85567474365234,5.092188835144043,4.0,7.0,29099.0,41.784,417205438.0
-1.312096238136292,0.5036665797233582,-0.1725669950246811,4.0,8.0,29100.0,1.416,417205441.0
-39.00241470336914,14.97162437438965,6.616865158081055,5.0,9.0,29100.0,42.298,417205443.0
-9.461469650268555,3.633812665939331,-0.8867225050926208,1.0,10.0,29101.0,10.174,417205445.0
-39.29849243164062,15.10101890563965,8.183416366577148,4.0,11.0,29102.0,42.888,417205447.0
-15.78254508972168,6.067834854125977,-0.8861523866653442,3.0,12.0,29103.0,16.932,417205450.0
-39.55928421020508,15.21708202362061,9.785370826721191,4.0,13.0,29104.0,43.5,417205452.0
-15.48801231384277,5.960803508758545,-0.2896750569343567,5.0,14.0,29105.0,16.598,417205454.0
-39.83315277099609,15.33839321136475,11.43721389770508,4.0,15.0,29106.0,44.19,417205457.0
-17.10128402709961,6.612556457519531,0.320042222738266,4.0,1.0,29114.0,18.338,417205480.0
-29.11992835998535,11.26565074920654,1.636335968971252,30.0,3.0,29115.0,31.266,417205484.0
-0.5419416427612305,0.2097701579332352,-0.1129589229822159,1.0,4.0,29116.0,0.592,417205487.0
-38.36251831054688,14.85673713684082,3.599183559417725,3.0,5.0,29117.0,41.296,417205489.0
-0.7551953792572021,0.2926177382469177,-0.1282762587070465,2.0,6.0,29118.0,0.8200000000000001,417205491.0
-38.61293411254883,14.96921730041504,5.084876537322998,4.0,7.0,29119.0,41.724,417205493.0
-1.351046681404114,0.5240364670753479,-0.1779292374849319,4.0,8.0,29120.0,1.46,417205496.0
-38.88914108276367,15.08410358428955,6.606540203094482,5.0,9.0,29120.0,42.232,417205498.0
-13.10228538513184,5.084672451019287,-1.229593276977539,2.0,10.0,29121.0,14.108,417205500.0
-39.18331527709961,15.21394348144531,8.170441627502441,4.0,11.0,29122.0,42.82,417205503.0
-20.65385246276855,8.023545265197754,-1.161230206489563,2.0,12.0,29123.0,22.188,417205505.0
-39.44961929321289,15.33319187164307,9.771424293518066,4.0,13.0,29124.0,43.438,417205507.0
-20.14880561828613,7.835441589355469,-0.3773559331893921,10.0,14.0,29125.0,21.622,417205510.0
-39.75146102905273,15.45849704742432,11.42841339111328,4.0,15.0,29125.0,44.156,417205512.0
-16.68509101867676,6.518667697906494,0.3126773238182068,2.0,1.0,29134.0,17.916,417205535.0
-29.01718139648438,11.34250736236572,1.632777214050293,26.0,3.0,29135.0,31.198,417205540.0
-0.535720944404602,0.2095154076814651,-0.1118140742182732,1.0,4.0,29136.0,0.586,417205542.0
-38.26589584350586,14.97313213348389,3.595000028610229,3.0,5.0,29137.0,41.248,417205544.0
-0.7394538521766663,0.2894910871982574,-0.1257733106613159,2.0,6.0,29138.0,0.804,417205546.0
-38.49020767211914,15.0763988494873,5.075614452362061,4.0,7.0,29139.0,41.648,417205549.0
-1.356602072715759,0.5316465497016907,-0.178904190659523,4.0,8.0,29140.0,1.468,417205551.0
-38.78107452392578,15.1981372833252,6.597154140472412,4.0,9.0,29140.0,42.172,417205553.0
-13.40720844268799,5.256927013397217,-1.259923458099365,2.0,10.0,29141.0,14.456,417205556.0
-39.05869293212891,15.32266426086426,8.155557632446289,4.0,11.0,29142.0,42.742,417205558.0
-16.11535263061523,6.325273990631104,-0.9072961211204529,1.0,12.0,29143.0,17.336,417205560.0
-39.33781051635742,15.44800853729248,9.757026672363281,4.0,13.0,29144.0,43.374,417205563.0
-20.29069900512695,7.972271919250488,-0.3805322647094727,2.0,14.0,29145.0,21.804,417205565.0
-39.64239501953125,15.58359336853027,11.41340255737305,4.0,15.0,29146.0,44.098,417205567.0
-16.51715087890625,6.519603252410889,0.3099547326564789,7.0,1.0,29154.0,17.76,417205590.0
-28.90854263305664,11.42236232757568,1.629009008407593,19.0,3.0,29156.0,31.126,417205595.0
-0.5368121862411499,0.2121055871248245,-0.1121956929564476,1.0,4.0,29156.0,0.588,417205597.0
-0.7806878089904785,0.3087809979915619,-0.1329692900180817,2.0,6.0,29158.0,0.85,417205602.0
-38.39489364624023,15.19386291503906,5.070008277893066,4.0,7.0,29159.0,41.602,417205604.0
-1.384269118309021,0.5480709075927734,-0.1828040182590485,4.0,8.0,29160.0,1.5,417205606.0
-38.68003463745117,15.31450843811035,6.589019775390625,5.0,9.0,29160.0,42.12,417205609.0
-38.95021438598633,15.43721008300781,8.144109725952148,4.0,11.0,29162.0,42.682,417205613.0
-16.06904029846191,6.371917724609375,-0.9059354066848755,5.0,12.0,29163.0,17.31,417205616.0
-39.21481323242188,15.55792045593262,9.739931106567383,4.0,13.0,29164.0,43.298,417205618.0
-20.45976257324219,8.12125301361084,-0.3842321932315826,2.0,14.0,29165.0,22.016,417205620.0
-39.54920196533203,15.69857406616211,11.40149688720703,4.0,15.0,29165.0,44.052,417205623.0
-28.71455955505371,11.45013809204102,0.539593517780304,18.0,1.0,29174.0,30.918,417205646.0
-0.5725358128547668,0.228534460067749,-0.1198280528187752,1.0,4.0,29176.0,0.628,417205652.0
-37.29634475708008,14.89482593536377,3.513596534729004,0.0,5.0,29177.0,40.314,417205655.0
-0.7869426608085632,0.3144360184669495,-0.134220764040947,2.0,6.0,29178.0,0.858,417205657.0
-38.31581878662109,15.31747722625732,5.066596031188965,4.0,7.0,29179.0,41.574,417205659.0
-1.419210195541382,0.5676435828208923,-0.1876787841320038,4.0,8.0,29180.0,1.54,417205662.0
-38.54111480712891,15.42314910888672,6.57494068145752,4.0,9.0,29181.0,42.03,417205664.0
-6.877467632293701,2.752183198928833,-0.648090124130249,1.0,10.0,29181.0,7.436,417205666.0
-38.85417175292969,15.55629444122314,8.135332107543945,4.0,11.0,29182.0,42.636,417205669.0
-6.887751579284668,2.759088277816772,-0.3888561427593231,1.0,12.0,29183.0,7.43,417205671.0
-39.0987663269043,15.67006206512451,9.724634170532227,4.0,13.0,29184.0,43.23,417205673.0
-20.5649242401123,8.246207237243652,-0.3867453336715698,2.0,14.0,29185.0,22.16,417205676.0
-39.41430282592773,15.81249332427979,11.37923812866211,4.0,15.0,29186.0,43.966,417205678.0
-28.63546371459961,11.53461074829102,0.5388604998588562,6.0,1.0,29194.0,30.876,417205701.0
-31.2639331817627,12.60606670379639,1.766652584075928,5.0,3.0,29196.0,33.756,417205705.0
-0.5498848557472229,0.2217214703559875,-0.1152486354112625,1.0,4.0,29196.0,0.604,417205708.0
-37.43628692626953,15.10244464874268,3.53172492980957,0.0,5.0,29197.0,40.522,417205710.0
-0.7656905651092529,0.30904820561409,-0.1307792067527771,2.0,6.0,29198.0,0.836,417205712.0
-38.21057891845703,15.43031883239746,5.059771537780762,4.0,7.0,29199.0,41.518,417205715.0
-1.446668744087219,0.5844921469688416,-0.1915786117315292,4.0,8.0,29200.0,1.572,417205717.0
-38.45312881469727,15.53607177734375,6.56868314743042,5.0,9.0,29200.0,41.99,417205719.0
-6.856735706329346,2.771693229675293,-0.6470442414283752,6.0,10.0,29201.0,7.424,417205722.0
-38.72682952880859,15.66238212585449,8.120067596435547,4.0,11.0,29202.0,42.556,417205724.0
-6.90770149230957,2.795100688934326,-0.390530914068222,22.0,12.0,29203.0,7.462,417205726.0
-38.98060607910156,15.78085231781006,9.708887100219727,4.0,13.0,29204.0,43.16,417205729.0
-6.929977893829346,2.806930065155029,-0.1305090934038162,14.0,14.0,29205.0,7.478,417205731.0
-39.32583618164062,15.92860412597656,11.3688850402832,4.0,15.0,29205.0,43.926,417205733.0
-15.6941089630127,6.385483264923096,0.2957484722137451,4.0,1.0,29214.0,16.946,417205756.0
-31.41581153869629,12.79497718811035,1.777747750282288,5.0,3.0,29216.0,33.968,417205761.0
-0.5545622706413269,0.2258611619472504,-0.1163934841752052,1.0,4.0,29216.0,0.61,417205763.0
-37.47190475463867,15.269118309021,3.540091991424561,0.0,5.0,29217.0,40.618,417205765.0
-0.7755823135375977,0.3161935210227966,-0.1326564252376556,1.0,6.0,29218.0,0.848,417205768.0
-1.481378436088562,0.6045393347740173,-0.1964533776044846,4.0,8.0,29220.0,1.612,417205772.0
-38.35203552246094,15.65898418426514,6.561174392700195,4.0,9.0,29221.0,41.942,417205775.0
-6.544510841369629,2.67209792137146,-0.6184571385383606,12.0,10.0,29221.0,7.096,417205777.0
-38.62103271484375,15.7766809463501,8.109382629394531,4.0,11.0,29222.0,42.5,417205779.0
-6.890507698059082,2.816173553466797,-0.3901122212409973,5.0,12.0,29223.0,7.454,417205781.0
-38.86936950683594,15.89395904541016,9.694940567016602,4.0,13.0,29224.0,43.098,417205784.0
-6.914585590362549,2.828831672668457,-0.1304043829441071,28.0,14.0,29225.0,7.472,417205786.0
-39.21891784667969,16.05287551879883,11.35490894317627,4.0,15.0,29226.0,43.872,417205788.0
-15.78568172454834,6.483837604522705,0.2978776693344116,2.0,1.0,29233.0,17.068,417205811.0
-28.92564010620117,11.89276885986328,1.639057517051697,3.0,3.0,29235.0,31.318,417205816.0
-0.5556259751319885,0.2284454703330994,-0.1167751029133797,1.0,4.0,29235.0,0.612,417205818.0
-38.038330078125,15.64721012115479,3.598486423492432,2.0,5.0,29236.0,41.288,417205821.0
-0.807410478591919,0.3322961032390594,-0.1382880657911301,1.0,6.0,29237.0,0.884,417205823.0
-37.25662994384766,15.34086227416992,4.947164058685303,1.0,7.0,29238.0,40.594,417205825.0
-1.497720003128052,0.6170098781585693,-0.1988907754421234,4.0,8.0,29239.0,1.632,417205828.0
-38.28621292114258,15.77262115478516,6.558358669281006,5.0,9.0,29239.0,41.924,417205830.0
-6.502456665039062,2.680119276046753,-0.615319550037384,13.0,10.0,29240.0,7.06,417205832.0
-38.51950073242188,15.8844575881958,8.099078178405762,4.0,11.0,29241.0,42.446,417205834.0
-16.53170013427734,6.820627212524414,-0.9372323155403137,4.0,12.0,29242.0,17.908,417205837.0
-38.7443962097168,15.99302577972412,9.676944732666016,4.0,13.0,29243.0,43.018,417205839.0
-6.890380382537842,2.845638990402222,-0.1301251351833344,14.0,14.0,29244.0,7.456,417205841.0
-39.09687042236328,16.14650917053223,11.33420372009277,4.0,15.0,29244.0,43.792,417205844.0
-6.922843456268311,2.871783256530762,0.1308232396841049,21.0,1.0,29253.0,7.496,417205867.0
-28.83968162536621,11.9752836227417,1.636545300483704,3.0,3.0,29255.0,31.27,417205871.0
-0.5602646470069885,0.2326422333717346,-0.117919959127903,1.0,4.0,29255.0,0.618,417205874.0
-37.92644119262695,15.75619792938232,3.593082666397095,3.0,5.0,29256.0,41.226,417205876.0
-0.8190142512321472,0.3404196798801422,-0.1404781490564346,2.0,6.0,29257.0,0.898,417205878.0
-37.45762634277344,15.57676696777344,4.981043815612793,0.0,7.0,29258.0,40.872,417205881.0
-1.535878539085388,0.6390100717544556,-0.2042530179023743,4.0,8.0,29259.0,1.676,417205883.0
-38.1643180847168,15.88627243041992,6.547408103942871,5.0,9.0,29260.0,41.854,417205885.0
-6.34591007232666,2.641547441482544,-0.601374626159668,9.0,10.0,29260.0,6.9,417205887.0
-38.40038681030273,15.99240112304688,8.085721969604492,4.0,11.0,29261.0,42.376,417205890.0
-6.520890712738037,2.717055797576904,-0.3702245652675629,2.0,12.0,29262.0,7.074,417205892.0
-38.65235900878906,16.11317443847656,9.667946815490723,4.0,13.0,29263.0,42.978,417205894.0
-16.09918785095215,6.714635848999023,-0.3044746816158295,12.0,14.0,29264.0,17.446,417205897.0
-38.97859573364258,16.26514625549316,11.3171215057373,4.0,15.0,29265.0,43.726,417205899.0
-28.89191246032715,12.10945510864258,1.641778945922852,3.0,3.0,29274.0,31.37,417205927.0
-0.5631113648414612,0.236016646027565,-0.1186831966042519,1.0,4.0,29274.0,0.622,417205929.0
-37.82253646850586,15.86030673980713,3.588201999664307,3.0,5.0,29275.0,41.17,417205931.0
-0.8634198904037476,0.3622392117977142,-0.1482998728752136,2.0,6.0,29276.0,0.9480000000000001,417205934.0
-37.3947868347168,15.69628620147705,4.979581356048584,0.0,7.0,29277.0,40.86,417205936.0
-1.570356130599976,0.6594719886779785,-0.2091277986764908,4.0,8.0,29278.0,1.716,417205938.0
-6.270988941192627,2.634793281555176,-0.5950993895530701,9.0,10.0,29279.0,6.828,417205943.0
-38.30913543701172,16.10367774963379,8.07770824432373,4.0,11.0,29280.0,42.334,417205945.0
-6.336943626403809,2.665107488632202,-0.3602807223796844,8.0,12.0,29281.0,6.884,417205947.0
-38.54123687744141,16.21707725524902,9.653549194335938,4.0,13.0,29282.0,42.914,417205950.0
-38.85964584350586,16.35903739929199,11.29745101928711,4.0,15.0,29283.0,43.65,417205954.0
-15.54494762420654,6.572838306427002,0.2945966124534607,9.0,1.0,29292.0,16.88,417205977.0
-28.86417961120605,12.21646118164062,1.642616271972656,3.0,3.0,29294.0,31.386,417205982.0
-0.5659000873565674,0.2395112663507462,-0.1194464340806007,1.0,4.0,29294.0,0.626,417205984.0
-37.7229118347168,15.97358989715576,3.584018468856812,4.0,5.0,29295.0,41.122,417205987.0
-0.8603312969207764,0.3644803464412689,-0.1479870080947876,2.0,6.0,29296.0,0.9460000000000001,417205989.0
-37.97946166992188,16.09786033630371,5.064889907836914,3.0,7.0,29297.0,41.56,417205991.0
-1.622871279716492,0.688199520111084,-0.2164399474859238,4.0,8.0,29298.0,1.776,417205993.0
-37.2278938293457,15.79463481903076,6.405052661895752,1.0,9.0,29299.0,40.944,417205996.0
-6.250749111175537,2.651998043060303,-0.5940535664558411,9.0,10.0,29299.0,6.816,417205998.0
-38.22196578979492,16.22426223754883,8.071220397949219,4.0,11.0,29300.0,42.3,417206000.0
-6.31289529800415,2.680965423583984,-0.359443336725235,8.0,12.0,29301.0,6.868,417206003.0
-38.43058395385742,16.32864952087402,9.640052795410156,4.0,13.0,29302.0,42.854,417206005.0
-6.533135890960693,2.777189493179321,-0.123912088572979,8.0,14.0,29303.0,7.100000000000001,417206007.0
-38.73542404174805,16.47413635253906,11.27881622314453,4.0,15.0,29304.0,43.578,417206010.0
-28.15093231201172,12.01900672912598,0.5342879891395569,79.0,1.0,29312.0,30.614,417206033.0
-0.5268751978874207,0.225057452917099,-0.1322712153196335,2.0,2.0,29313.0,0.588,417206035.0
-6.936741352081299,2.964496374130249,0.3953458070755005,1.0,3.0,29314.0,7.554,417206037.0
-0.57769775390625,0.2468857914209366,-0.1221177577972412,1.0,4.0,29314.0,0.64,417206040.0
-37.61746215820312,16.08402061462402,3.579312086105347,3.0,5.0,29315.0,41.068,417206042.0
-0.8663185238838196,0.3705888986587524,-0.1492384821176529,2.0,6.0,29316.0,0.9540000000000001,417206044.0
-37.87376403808594,16.20924758911133,5.058309078216553,4.0,7.0,29317.0,41.506,417206046.0
-1.65695595741272,0.7094876766204834,-0.2213147282600403,4.0,8.0,29318.0,1.816,417206049.0
-37.46403884887695,16.04162979125977,6.454798698425293,0.0,9.0,29318.0,41.262,417206051.0
-6.232296466827393,2.669878244400024,-0.5931819677352905,9.0,10.0,29319.0,6.806,417206053.0
-38.11818313598633,16.33747482299805,8.061298370361328,4.0,11.0,29320.0,42.248,417206056.0
-6.279635429382324,2.692752599716187,-0.3580826222896576,6.0,12.0,29321.0,6.842000000000001,417206058.0
-38.33932495117188,16.44810104370117,9.63150405883789,4.0,13.0,29322.0,42.816,417206060.0
-38.63797760009766,16.5842113494873,11.26639270782471,4.0,15.0,29323.0,43.53,417206065.0
-28.06473541259766,12.09819984436035,0.5334502458572388,87.0,1.0,29332.0,30.566,417206088.0
-6.909846305847168,2.981570482254028,0.3944037556648254,7.0,3.0,29334.0,7.536,417206093.0
-0.6002662181854248,0.2590124309062958,-0.1270787864923477,1.0,4.0,29334.0,0.666,417206095.0
-37.51169967651367,16.19391059875488,3.574605703353882,4.0,5.0,29335.0,41.014,417206097.0
-0.875900387763977,0.3783101439476013,-0.1511157006025314,2.0,6.0,29336.0,0.966,417206099.0
-37.76228332519531,16.31772994995117,5.050996780395508,4.0,7.0,29337.0,41.446,417206102.0
-1.694555521011353,0.7325974702835083,-0.2266769856214523,4.0,8.0,29338.0,1.86,417206104.0
-37.36429977416992,16.15349388122559,6.447289943695068,0.0,9.0,29338.0,41.214,417206106.0
-6.217453002929688,2.689244031906128,-0.592659056186676,9.0,10.0,29339.0,6.8,417206109.0
-6.262866497039795,2.711482286453247,-0.3576639294624329,8.0,12.0,29341.0,6.834000000000001,417206113.0
-38.22982025146484,16.55936622619629,9.618456840515137,4.0,13.0,29342.0,42.758,417206116.0
-6.513588428497314,2.822731494903564,-0.123912088572979,19.0,14.0,29343.0,7.100000000000001,417206118.0
-38.52312850952148,16.69440078735352,11.24982833862305,4.0,15.0,29343.0,43.466,417206120.0
-28.00032997131348,12.18651390075684,0.5330314040184021,87.0,1.0,29352.0,30.542,417206143.0
-0.5252911448478699,0.2287302166223526,-0.1322712153196335,2.0,2.0,29353.0,0.588,417206146.0
-6.888410568237305,3.000886201858521,0.3937757313251495,3.0,3.0,29354.0,7.524,417206148.0
-0.575960099697113,0.2509128153324127,-0.1221177577972412,1.0,4.0,29354.0,0.64,417206150.0
-37.39832305908203,16.30007553100586,3.569201946258545,4.0,5.0,29355.0,40.952,417206152.0
-0.8908709287643433,0.3884715139865875,-0.153931513428688,3.0,6.0,29356.0,0.984,417206155.0
-37.66688537597656,16.43277549743652,5.045878410339355,4.0,7.0,29357.0,41.404,417206157.0
-1.735652208328247,0.7575663924217224,-0.2325267046689987,3.0,8.0,29358.0,1.908,417206159.0
-37.94387817382812,16.56938743591309,6.557732582092285,4.0,9.0,29359.0,41.92,417206162.0
-6.204376220703125,2.709335803985596,-0.5923104286193848,9.0,10.0,29359.0,6.796,417206164.0
-37.18822860717773,16.24713706970215,7.888425350189209,0.0,11.0,29360.0,41.342,417206166.0
-6.257023811340332,2.73492693901062,-0.357873260974884,8.0,12.0,29361.0,6.838,417206169.0
-38.13250350952148,16.67553520202637,9.608559608459473,4.0,13.0,29362.0,42.714,417206171.0
-6.48537540435791,2.837435483932495,-0.1235630363225937,24.0,14.0,29363.0,7.08,417206173.0
-38.41506576538086,16.80708694458008,11.2353343963623,4.0,15.0,29363.0,43.41,417206175.0
-27.9338207244873,12.27372169494629,0.532577633857727,100.0,1.0,29372.0,30.516,417206199.0
-33.81539535522461,14.87208652496338,1.936011672019958,5.0,3.0,29374.0,36.992,417206203.0
-0.5876606106758118,0.258454442024231,-0.1247890815138817,3.0,4.0,29374.0,0.654,417206205.0
-37.29013442993164,16.40805244445801,3.564321279525757,4.0,5.0,29375.0,40.896,417206208.0
-0.918436586856842,0.4043131172657013,-0.1589374095201492,3.0,6.0,29376.0,1.016,417206210.0
-37.56750869750977,16.54575538635254,5.040272235870361,4.0,7.0,29377.0,41.358,417206212.0
-1.783860802650452,0.7860326766967773,-0.2393513917922974,3.0,8.0,29378.0,1.964,417206215.0
-37.83881378173828,16.68101692199707,6.549598217010498,5.0,9.0,29379.0,41.868,417206217.0
-6.185765743255615,2.726958036422729,-0.591438889503479,9.0,10.0,29379.0,6.786,417206219.0
-37.40432357788086,16.49727249145508,7.946431636810303,0.0,11.0,29380.0,41.646,417206222.0
-6.240129947662354,2.753526210784912,-0.3574545681476593,8.0,12.0,29381.0,6.83,417206224.0
-38.02771377563477,16.78807830810547,9.596861839294434,4.0,13.0,29382.0,42.662,417206226.0
-6.451651573181152,2.849553346633911,-0.1231092736124992,17.0,14.0,29383.0,7.054,417206228.0
-38.3072624206543,16.92747116088867,11.22187614440918,4.0,15.0,29384.0,43.358,417206231.0
-27.85059356689453,12.35331630706787,0.5318097472190857,87.0,1.0,29392.0,30.472,417206254.0
-0.5236815214157104,0.2323918342590332,-0.1322712153196335,2.0,2.0,29393.0,0.588,417206256.0
-33.73041915893555,14.97544479370117,1.934127569198608,25.0,3.0,29394.0,36.956,417206258.0
-0.6136702299118042,0.2724539041519165,-0.1305133551359177,3.0,4.0,29394.0,0.684,417206261.0
-37.17618942260742,16.51304626464844,3.55891752243042,4.0,5.0,29395.0,40.834,417206263.0
-0.9134093523025513,0.4059122204780579,-0.1583116799592972,3.0,6.0,29396.0,1.012,417206265.0
-37.44785308837891,16.64937019348145,5.031985282897949,4.0,7.0,29397.0,41.29,417206268.0
-1.839146375656128,0.8180716037750244,-0.2471510320901871,3.0,8.0,29398.0,2.028,417206270.0
-37.72440719604492,16.78810119628906,6.539899349212646,5.0,9.0,29399.0,41.806,417206272.0
-6.163466930389404,2.742863416671753,-0.5902186632156372,10.0,10.0,29399.0,6.772,417206275.0
-37.31064224243164,16.61176681518555,7.938798904418945,0.0,11.0,29400.0,41.606,417206277.0
-6.225006580352783,2.77285361289978,-0.3571405708789825,8.0,12.0,29401.0,6.824,417206279.0
-6.45262336730957,2.87694239616394,-0.1233187019824982,7.0,14.0,29403.0,7.066,417206284.0
-38.19622039794922,17.0300235748291,11.20582962036133,4.0,15.0,29403.0,43.296,417206286.0
-27.76532554626465,12.43166351318359,0.531006932258606,100.0,1.0,29412.0,30.426,417206309.0
-0.5228671431541443,0.234218418598175,-0.1322712153196335,2.0,2.0,29413.0,0.588,417206311.0
-33.69069671630859,15.0988130569458,1.934860348701477,16.0,3.0,29414.0,36.97,417206314.0
-0.6270479559898376,0.2810176312923431,-0.133566290140152,3.0,4.0,29414.0,0.7000000000000001,417206316.0
-37.07832336425781,16.62478256225586,3.55508279800415,4.0,5.0,29415.0,40.79,417206318.0
-0.9155915975570679,0.4107151031494141,-0.1589374095201492,3.0,6.0,29416.0,1.016,417206321.0
-37.32431030273438,16.75072479248047,5.023210525512695,4.0,7.0,29417.0,41.218,417206323.0
-1.89785099029541,0.8521319031715393,-0.2554381489753723,4.0,8.0,29418.0,2.096,417206325.0
-37.62233352661133,16.90025520324707,6.532390594482422,4.0,9.0,29419.0,41.758,417206328.0
-6.157489776611328,2.765994071960449,-0.5905672907829285,10.0,10.0,29419.0,6.776,417206330.0
-37.87918090820312,17.02357864379883,8.072365760803223,3.0,11.0,29420.0,42.306,417206332.0
-6.197073936462402,2.786375522613525,-0.3560938537120819,6.0,12.0,29421.0,6.804,417206334.0
-37.15249252319336,16.71258354187012,9.405203819274902,0.0,13.0,29422.0,41.81,417206337.0
-6.469894886016846,2.911758899688721,-0.1238422766327858,5.0,14.0,29423.0,7.096,417206339.0
-38.11716461181641,17.15452766418457,11.20013523101807,4.0,15.0,29423.0,43.274,417206341.0
-27.69624900817871,12.51697731018066,0.5305182337760925,100.0,1.0,29432.0,30.398,417206364.0
-33.67137908935547,15.224440574646,1.936639666557312,5.0,3.0,29433.0,37.004,417206369.0
-0.6224856972694397,0.2815864086151123,-0.1328030675649643,3.0,4.0,29434.0,0.6960000000000001,417206371.0
-36.97831726074219,16.73521423339844,3.551073551177979,4.0,5.0,29435.0,40.744,417206374.0
-0.9141523838043213,0.4139086306095123,-0.1589374095201492,3.0,6.0,29436.0,1.016,417206376.0
-37.21859741210938,16.8596134185791,5.016873359680176,4.0,7.0,29437.0,41.166,417206378.0
-1.970804214477539,0.8931670784950256,-0.2656751573085785,4.0,8.0,29438.0,2.18,417206380.0
-37.51930236816406,17.00372123718262,6.524255752563477,5.0,9.0,29438.0,41.706,417206383.0
-6.140539169311523,2.784179925918579,-0.5898700952529907,10.0,10.0,29439.0,6.768,417206385.0
-37.77482986450195,17.13542175292969,8.062825202941895,4.0,11.0,29440.0,42.256,417206387.0
-6.174578666687012,2.802212715148926,-0.355361133813858,6.0,12.0,29441.0,6.79,417206390.0
-37.33524703979492,16.95173645019531,9.466390609741211,0.0,13.0,29442.0,42.082,417206392.0
-22.52699089050293,10.2329216003418,-0.4318772554397583,4.0,14.0,29443.0,24.746,417206394.0
-38.01483917236328,17.26830101013184,11.18771171569824,4.0,15.0,29443.0,43.226,417206397.0
-27.6232795715332,12.60029983520508,0.5299597978591919,100.0,1.0,29452.0,30.366,417206420.0
-0.5212192535400391,0.2378629744052887,-0.1322712153196335,2.0,2.0,29453.0,0.588,417206422.0
-33.65532302856445,15.36599922180176,1.938942551612854,3.0,3.0,29454.0,37.048,417206424.0
-0.6465018391609192,0.2951731085777283,-0.1381457149982452,3.0,4.0,29454.0,0.724,417206427.0
-36.87618255615234,16.84432411193848,3.546890020370483,4.0,5.0,29455.0,40.696,417206429.0
-0.9522284269332886,0.4351603388786316,-0.1658205389976501,3.0,6.0,29456.0,1.06,417206431.0
-37.1234130859375,16.97291946411133,5.011998653411865,4.0,7.0,29457.0,41.126,417206433.0
-2.021830558776855,0.9248127937316895,-0.2729873359203339,4.0,8.0,29458.0,2.24,417206436.0
-37.38488006591797,17.10824203491211,6.511741161346436,5.0,9.0,29459.0,41.626,417206438.0
-6.127159595489502,2.803939342498779,-0.5895214676856995,10.0,10.0,29459.0,6.764,417206440.0
-37.68265533447266,17.25246620178223,8.05595588684082,4.0,11.0,29460.0,42.22,417206443.0
-6.164759635925293,2.823748826980591,-0.355361133813858,6.0,12.0,29461.0,6.79,417206445.0
-37.26522064208984,17.07708740234375,9.463690757751465,0.0,13.0,29462.0,42.07,417206447.0
-7.581873416900635,3.476055860519409,-0.1455879807472229,16.0,14.0,29463.0,8.342,417206450.0
-27.54058456420898,12.68472862243652,0.5292616486549377,95.0,1.0,29473.0,30.326,417206475.0
-0.5203439593315125,0.2397717386484146,-0.1322712153196335,2.0,2.0,29474.0,0.588,417206477.0
-33.71938705444336,15.53771591186523,1.945746183395386,2.0,3.0,29474.0,37.178,417206480.0
-0.6240206360816956,0.2876774370670319,-0.133566290140152,3.0,4.0,29475.0,0.7000000000000001,417206482.0
-36.76715469360352,16.95767211914062,3.542357921600342,4.0,5.0,29476.0,40.644,417206484.0
-0.9524207711219788,0.4394751489162445,-0.1661334037780762,3.0,6.0,29477.0,1.062,417206486.0
-37.01229095458984,17.08640480041504,5.005417823791504,4.0,7.0,29478.0,41.072,417206489.0
-2.133766174316406,0.9854865074157715,-0.2885866165161133,5.0,8.0,29479.0,2.368,417206491.0
-37.26992034912109,17.22112083435059,6.502667903900146,5.0,9.0,29480.0,41.568,417206493.0
-6.113224029541016,2.824706077575684,-0.5891728401184082,12.0,10.0,29480.0,6.76,417206496.0
-37.57639694213867,17.37069320678711,8.046796798706055,4.0,11.0,29481.0,42.172,417206498.0
-6.148930072784424,2.843809843063354,-0.3550471365451813,6.0,12.0,29482.0,6.784,417206500.0
-37.78601455688477,17.48360443115234,9.61215877532959,3.0,13.0,29483.0,42.73,417206503.0
-7.581784725189209,3.509701728820801,-0.1458323150873184,4.0,14.0,29484.0,8.356,417206505.0
-37.07509231567383,17.16251754760742,10.9470100402832,0.0,15.0,29484.0,42.296,417206507.0
-27.42541694641113,12.7479133605957,0.5279003977775574,44.0,1.0,29493.0,30.248,417206530.0
-33.83155822753906,15.73280429840088,1.955376029014587,2.0,3.0,29494.0,37.362,417206535.0
-0.6514931917190552,0.3031044006347656,-0.139672189950943,3.0,4.0,29495.0,0.732,417206537.0
-36.65896987915039,17.06320953369141,3.537651538848877,4.0,5.0,29496.0,40.59,417206539.0
-0.9598345756530762,0.4469664990901947,-0.1676977425813675,3.0,6.0,29497.0,1.072,417206542.0
-36.91283798217773,17.19705390930176,5.000055313110352,4.0,7.0,29498.0,41.028,417206544.0
-2.186089992523193,1.018926024436951,-0.2961425185203552,5.0,8.0,29499.0,2.43,417206546.0
-37.17377471923828,17.33441543579102,6.496410369873047,5.0,9.0,29500.0,41.528,417206549.0
-6.096104145050049,2.842659950256348,-0.5884755849838257,12.0,10.0,29500.0,6.752,417206551.0
-37.46749496459961,17.47934150695801,8.036493301391602,4.0,11.0,29501.0,42.118,417206553.0
-6.133536338806152,2.862722158432007,-0.3547331094741821,6.0,12.0,29502.0,6.778,417206556.0
-37.68767547607422,17.59808158874512,9.602710723876953,4.0,13.0,29503.0,42.688,417206558.0
-27.23783493041992,12.72436904907227,-0.5247589349746704,24.0,14.0,29504.0,30.068,417206560.0
-37.30025482177734,17.42510795593262,11.03138542175293,0.0,15.0,29504.0,42.622,417206562.0
-7.60318660736084,3.56321120262146,0.1465653032064438,7.0,1.0,29511.0,8.398,417206585.0
-0.5187423229217529,0.2432174980640411,-0.1322712153196335,2.0,2.0,29512.0,0.588,417206588.0
-35.39574432373047,16.60318374633789,2.048952579498291,0.0,3.0,29513.0,39.15,417206590.0
-0.6505377888679504,0.3051496148109436,-0.139672189950943,3.0,4.0,29513.0,0.732,417206592.0
-36.59616470336914,17.1740608215332,3.536780118942261,4.0,5.0,29514.0,40.58,417206595.0
-0.9655780792236328,0.4533377587795258,-0.1689492166042328,3.0,6.0,29515.0,1.08,417206597.0
-36.81730270385742,17.29352378845215,4.994449615478516,4.0,7.0,29516.0,40.982,417206599.0
-2.236776351928711,1.051116943359375,-0.3034546673297882,8.0,8.0,29517.0,2.49,417206602.0
-37.08284759521484,17.4261531829834,6.489527225494385,6.0,9.0,29517.0,41.484,417206604.0
-6.076324939727783,2.856711387634277,-0.5874297022819519,10.0,10.0,29518.0,6.74,417206606.0
-37.34311294555664,17.56437492370605,8.021610260009766,4.0,11.0,29519.0,42.04,417206609.0
-6.119091510772705,2.879425764083862,-0.354419082403183,6.0,12.0,29520.0,6.772,417206611.0
-37.58459854125977,17.69398307800293,9.59056282043457,4.0,13.0,29521.0,42.634,417206613.0
-37.1828498840332,17.52070617675781,11.01378536224365,0.0,15.0,29523.0,42.554,417206618.0
-7.574432849884033,3.582035541534424,0.1462511718273163,15.0,1.0,29531.0,8.38,417206641.0
-0.5178901553153992,0.2450267672538757,-0.1322712153196335,2.0,2.0,29532.0,0.588,417206643.0
-35.3079948425293,16.70509338378906,2.04706859588623,0.0,3.0,29532.0,39.114,417206645.0
-0.6565666794776917,0.3107783198356628,-0.1411986500024796,3.0,4.0,29533.0,0.74,417206648.0
-36.49277496337891,17.28123664855957,3.532596588134766,4.0,5.0,29534.0,40.532,417206650.0
-0.9818413853645325,0.4651630222797394,-0.1720779091119766,3.0,6.0,29535.0,1.1,417206652.0
-36.71186828613281,17.40067863464355,4.988356113433838,4.0,7.0,29536.0,40.932,417206655.0
-2.290490388870239,1.086135506629944,-0.3112542927265167,9.0,8.0,29537.0,2.554,417206657.0
-36.9741096496582,17.54078483581543,6.481705665588379,5.0,9.0,29538.0,41.434,417206659.0
-6.060915946960449,2.87534236907959,-0.5869067907333374,12.0,10.0,29538.0,6.734,417206662.0
-37.22836685180664,17.66936492919922,8.010161399841309,4.0,11.0,29539.0,41.98,417206664.0
-6.098177909851074,2.895627737045288,-0.3537910580635071,6.0,12.0,29540.0,6.76,417206666.0
-37.47507858276367,17.80249214172363,9.578415870666504,4.0,13.0,29541.0,42.58,417206668.0
-27.11130523681641,12.88499355316162,-0.5239561200141907,100.0,14.0,29542.0,30.022,417206671.0
-37.76873779296875,17.95815658569336,11.20582962036133,3.0,15.0,29543.0,43.296,417206673.0
-27.22097396850586,12.98957061767578,0.5264692902565002,84.0,1.0,29551.0,30.166,417206696.0
-35.13771820068359,16.77488899230957,2.040578842163086,0.0,3.0,29552.0,38.99,417206701.0
-0.648391604423523,0.30968376994133,-0.139672189950943,3.0,4.0,29553.0,0.732,417206703.0
-36.38908386230469,17.38789749145508,3.528413057327271,4.0,5.0,29554.0,40.484,417206705.0
-1.005162596702576,0.4805151224136353,-0.1764580756425858,3.0,6.0,29555.0,1.128,417206708.0
-36.60434341430664,17.5064525604248,4.982018947601318,4.0,7.0,29556.0,40.88,417206710.0
-2.358311891555786,1.128395915031433,-0.3210038542747498,7.0,8.0,29557.0,2.634,417206712.0
-36.8658447265625,17.63942527770996,6.472945213317871,5.0,9.0,29557.0,41.378,417206715.0
-6.056233406066895,2.899062156677246,-0.5874297022819519,12.0,10.0,29558.0,6.74,417206717.0
-37.12573623657227,17.77970504760742,8.001384735107422,4.0,11.0,29559.0,41.934,417206719.0
-6.082629203796387,2.914307594299316,-0.3534770607948303,8.0,12.0,29560.0,6.754,417206721.0
-37.35471725463867,17.90539932250977,9.563569068908691,4.0,13.0,29561.0,42.514,417206724.0
-27.02108573913574,12.95793437957764,-0.523083508014679,85.0,14.0,29562.0,29.972,417206726.0
-37.67795562744141,18.07651329040527,11.19754695892334,4.0,15.0,29563.0,43.264,417206728.0
-27.16105270385742,13.07757091522217,0.5261900424957275,71.0,1.0,29571.0,30.15,417206751.0
-0.5161669254302979,0.248636320233345,-0.1322712153196335,2.0,2.0,29572.0,0.588,417206754.0
-35.06095504760742,16.88877296447754,2.03953218460083,0.0,3.0,29572.0,38.97,417206756.0
-0.6543810367584229,0.3153544068336487,-0.1411986500024796,3.0,4.0,29573.0,0.74,417206758.0
-36.28330230712891,17.4931812286377,3.524055242538452,4.0,5.0,29574.0,40.434,417206761.0
-1.03372585773468,0.4986101388931274,-0.1817768514156342,3.0,6.0,29575.0,1.162,417206763.0
-36.52870941162109,17.62721633911133,4.980068683624268,4.0,7.0,29576.0,40.864,417206765.0
-2.4759202003479,1.195307612419128,-0.3375780880451202,8.0,8.0,29577.0,2.77,417206768.0
-36.75067901611328,17.74223899841309,6.463559150695801,5.0,9.0,29577.0,41.318,417206770.0
-6.024548053741455,2.909786224365234,-0.5853379964828491,12.0,10.0,29578.0,6.716,417206772.0
-37.0316276550293,17.8938159942627,7.994515419006348,4.0,11.0,29579.0,41.898,417206774.0
-6.070621490478516,2.934653043746948,-0.3533723652362823,9.0,12.0,29580.0,6.752,417206777.0
-37.24637603759766,18.01362228393555,9.551871299743652,4.0,13.0,29581.0,42.462,417206779.0
-6.563016414642334,3.175513029098511,-0.1272629499435425,14.0,14.0,29582.0,7.292,417206781.0
-37.57637023925781,18.18940734863281,11.18615913391113,5.0,15.0,29583.0,43.22,417206784.0
-27.08186340332031,13.16777420043945,0.5256316065788269,65.0,1.0,29593.0,30.118,417206807.0
-35.92799377441406,17.47670364379883,2.093857049942017,5.0,3.0,29594.0,40.008,417206811.0
-0.6566959619522095,0.3195829093456268,-0.1419618874788284,3.0,4.0,29595.0,0.744,417206814.0
-36.16391754150391,17.60707855224609,3.519000291824341,4.0,5.0,29596.0,40.376,417206816.0
-1.030027747154236,0.5017106533050537,-0.1814639866352081,3.0,6.0,29597.0,1.16,417206818.0
-36.43220520019531,17.75343322753906,4.976169109344482,4.0,7.0,29598.0,40.832,417206820.0
-2.517705202102661,1.227422952651978,-0.3439152836799622,6.0,8.0,29599.0,2.822,417206823.0
-36.65032196044922,17.86763954162598,6.457927703857422,5.0,9.0,29599.0,41.282,417206825.0
-5.997214317321777,2.925036668777466,-0.5837691426277161,13.0,10.0,29600.0,6.698,417206827.0
-36.91147994995117,18.01090812683105,7.983448505401611,4.0,11.0,29601.0,41.84,417206830.0
-6.0628981590271,2.959693193435669,-0.3535817265510559,9.0,12.0,29602.0,6.756,417206832.0
-37.13666152954102,18.1368350982666,9.541523933410645,4.0,13.0,29603.0,42.416,417206834.0
-6.548978328704834,3.199811697006226,-0.1272280365228653,12.0,14.0,29604.0,7.29,417206837.0
-37.44522857666016,18.29562950134277,11.16700649261475,4.0,15.0,29604.0,43.146,417206839.0
-26.98367118835449,13.23668766021729,0.5246193408966064,45.0,1.0,29613.0,30.06,417206862.0
-35.82553100585938,17.5817699432373,2.091449499130249,0.0,3.0,29614.0,39.962,417206867.0
-0.669674813747406,0.3287952840328217,-0.1450148373842239,2.0,4.0,29615.0,0.76,417206869.0
-36.07719802856445,17.72090911865234,3.516559839248657,4.0,5.0,29616.0,40.348,417206871.0
-1.033588886260986,0.5079166889190674,-0.1824025809764862,4.0,6.0,29617.0,1.166,417206873.0
-36.31835174560547,17.85509872436523,4.969100475311279,5.0,7.0,29618.0,40.774,417206876.0
-2.63097071647644,1.294027805328369,-0.3600020408630371,6.0,8.0,29619.0,2.954,417206878.0
-36.57177734375,17.98761749267578,6.455111980438232,6.0,9.0,29619.0,41.264,417206880.0
-5.992330551147461,2.948592185974121,-0.5842921137809753,12.0,10.0,29620.0,6.704,417206883.0
-36.80611038208008,18.11883163452148,7.974289417266846,4.0,11.0,29621.0,41.792,417206885.0
-6.038195610046387,2.973779201507568,-0.3527443408966064,9.0,12.0,29622.0,6.74,417206887.0
-37.03991317749023,18.24999237060547,9.532976150512695,4.0,13.0,29623.0,42.378,417206890.0
-26.80036926269531,13.21066474914551,-0.5215477347373962,91.0,14.0,29624.0,29.884,417206892.0
-37.3328742980957,18.41053581237793,11.15354824066162,4.0,15.0,29625.0,43.094,417206894.0
-35.7276496887207,17.68098640441895,2.089146614074707,0.0,3.0,29633.0,39.918,417206922.0
-0.6827151775360107,0.3378637433052063,-0.1480677872896194,2.0,4.0,29633.0,0.776,417206924.0
-35.97135543823242,17.80940818786621,3.511679172515869,4.0,5.0,29634.0,40.292,417206926.0
-1.058540105819702,0.5243129730224609,-0.1870956271886826,3.0,6.0,29635.0,1.196,417206929.0
-36.2158317565918,17.94619178771973,4.96276330947876,5.0,7.0,29636.0,40.722,417206931.0
-2.715819120407104,1.346372365951538,-0.3721889853477478,7.0,8.0,29637.0,3.054,417206933.0
-36.48500061035156,18.08750534057617,6.449792861938477,5.0,9.0,29637.0,41.23,417206936.0
-5.979467868804932,2.965632438659668,-0.5839434862136841,12.0,10.0,29638.0,6.7,417206938.0
-36.70152282714844,18.21081161499023,7.963985919952393,4.0,11.0,29639.0,41.738,417206940.0
-6.005567073822021,2.981189250946045,-0.3513835966587067,9.0,12.0,29640.0,6.714,417206943.0
-36.93701553344727,18.34372901916504,9.521278381347656,4.0,13.0,29641.0,42.326,417206945.0
-26.74798965454102,13.28945636749268,-0.5213382840156555,100.0,14.0,29642.0,29.872,417206947.0
-37.2365608215332,18.5005931854248,11.1411247253418,4.0,15.0,29642.0,43.046,417206950.0
-6.54219388961792,3.263243436813354,0.1276119947433472,26.0,1.0,29651.0,7.312,417206973.0
-0.5126451253890991,0.2558189034461975,-0.1322712153196335,2.0,2.0,29652.0,0.588,417206975.0
-35.61746597290039,17.78150367736816,2.086320638656616,0.0,3.0,29653.0,39.864,417206977.0
-0.6815316677093506,0.3402448296546936,-0.1480677872896194,2.0,4.0,29653.0,0.776,417206979.0
-35.85727691650391,17.9090461730957,3.506624221801758,4.0,5.0,29654.0,40.234,417206982.0
-1.070840001106262,0.5350683927536011,-0.1895985752344131,3.0,6.0,29655.0,1.212,417206984.0
-36.1139030456543,18.0529727935791,4.957401275634766,4.0,7.0,29656.0,40.678,417206986.0
-2.769692420959473,1.385145306587219,-0.3802323639392853,6.0,8.0,29657.0,3.12,417206989.0
-36.37606048583984,18.19989585876465,6.442284107208252,5.0,9.0,29658.0,41.182,417206991.0
-5.981552124023438,2.992727041244507,-0.5851636528968811,12.0,10.0,29658.0,6.714,417206993.0
-36.60086441040039,18.32035827636719,7.955971717834473,4.0,11.0,29659.0,41.696,417206996.0
-6.012982845306396,3.011077404022217,-0.3524303436279297,5.0,12.0,29660.0,6.734,417206998.0
-36.823974609375,18.44811248779297,9.508681297302246,4.0,13.0,29661.0,42.27,417207000.0
-26.64601707458496,13.35496711730957,-0.5202562212944031,100.0,14.0,29662.0,29.81,417207003.0
-37.12360382080078,18.61443519592285,11.12766647338867,4.0,15.0,29663.0,42.994,417207005.0
-0.5117490291595459,0.2576068043708801,-0.1322712153196335,2.0,2.0,29672.0,0.588,417207030.0
-35.52663803100586,17.8913516998291,2.084645748138428,0.0,3.0,29673.0,39.832,417207032.0
-0.6838467121124268,0.3443878293037415,-0.1488310098648071,2.0,4.0,29673.0,0.78,417207035.0
-35.75717926025391,18.0152759552002,3.502963542938232,4.0,5.0,29674.0,40.192,417207037.0
-1.100717186927795,0.5548071265220642,-0.1952302157878876,3.0,6.0,29675.0,1.248,417207039.0
-36.01521682739258,18.16104698181152,4.952526569366455,4.0,7.0,29676.0,40.638,417207042.0
-2.807376384735107,1.416263341903687,-0.3860820829868317,3.0,8.0,29677.0,3.168,417207044.0
-36.27494430541992,18.29995918273926,6.435088157653809,5.0,9.0,29677.0,41.136,417207046.0
-6.033323287963867,3.045007944107056,-0.591264545917511,13.0,10.0,29678.0,6.784,417207049.0
-36.51916885375977,18.43915939331055,7.952155590057373,4.0,11.0,29679.0,41.676,417207051.0
-26.41998672485352,13.34569549560547,-1.55123770236969,30.0,12.0,29680.0,29.64,417207053.0
-36.72282791137695,18.55808067321777,9.49923324584961,4.0,13.0,29681.0,42.228,417207056.0
-26.5617618560791,13.42895126342773,-0.5195232629776001,100.0,14.0,29682.0,29.768,417207058.0
-37.01339721679688,18.71303176879883,11.11317253112793,4.0,15.0,29682.0,42.938,417207060.0
-7.41618537902832,3.764073133468628,0.145169124007225,18.0,1.0,29691.0,8.318,417207083.0
-35.43191909790039,17.99897003173828,2.082761764526367,0.0,3.0,29693.0,39.796,417207088.0
-0.6756389737129211,0.3432161509990692,-0.1473045498132706,2.0,4.0,29693.0,0.772,417207090.0
-35.65677642822266,18.12102699279785,3.499303102493286,4.0,5.0,29694.0,40.15,417207092.0
-1.105817198753357,0.5622270107269287,-0.1964816898107529,3.0,6.0,29695.0,1.256,417207095.0
-35.91444778442383,18.26775360107422,4.947407722473145,4.0,7.0,29696.0,40.596,417207097.0
-2.94572114944458,1.498977541923523,-0.4058248996734619,2.0,8.0,29697.0,3.33,417207099.0
-36.17066192626953,18.41397094726562,6.428517818450928,5.0,9.0,29698.0,41.094,417207102.0
-6.013779640197754,3.061530113220215,-0.5903930068016052,13.0,10.0,29698.0,6.774,417207104.0
-36.43708419799805,18.55761337280273,7.948339462280273,4.0,11.0,29699.0,41.656,417207106.0
-26.34476661682129,13.42332935333252,-1.549563050270081,67.0,12.0,29700.0,29.608,417207108.0
-36.62483978271484,18.66934013366699,9.490684509277344,4.0,13.0,29701.0,42.19,417207111.0
-7.364409446716309,3.755592584609985,-0.1442964971065521,8.0,14.0,29702.0,8.268,417207113.0
-36.90670394897461,18.82925224304199,11.10178375244141,4.0,15.0,29703.0,42.894,417207115.0
-7.393440246582031,3.78667163848877,0.1449945867061615,13.0,1.0,29712.0,8.308,417207138.0
-0.5098925232887268,0.2612621784210205,-0.1322712153196335,2.0,2.0,29713.0,0.588,417207141.0
-35.32305526733398,18.10684776306152,2.080249547958374,1.0,3.0,29714.0,39.748,417207143.0
-0.7023299336433411,0.360019326210022,-0.1534104347229004,2.0,4.0,29714.0,0.804,417207145.0
-35.55289077758789,18.23250198364258,3.495642423629761,4.0,5.0,29715.0,40.108,417207148.0
-1.133627653121948,0.5816053748130798,-0.2018004655838013,3.0,6.0,29716.0,1.29,417207150.0
-35.79250335693359,18.37116432189941,4.939851760864258,5.0,7.0,29717.0,40.534,417207152.0
-3.22981333732605,1.658473610877991,-0.4457980692386627,1.0,8.0,29718.0,3.658,417207155.0
-36.06398773193359,18.51846122741699,6.421009063720703,5.0,9.0,29718.0,41.046,417207157.0
-5.993657112121582,3.078999042510986,-0.5895214676856995,13.0,10.0,29719.0,6.764,417207159.0
-36.32866287231445,18.67039680480957,7.939562320709229,4.0,11.0,29720.0,41.61,417207161.0
-26.30782508850098,13.52618980407715,-1.55029571056366,22.0,12.0,29721.0,29.622,417207164.0
-36.50590896606445,18.77760124206543,9.477638244628906,4.0,13.0,29722.0,42.132,417207166.0
-7.354151248931885,3.78438925743103,-0.1443663090467453,24.0,14.0,29723.0,8.272,417207168.0
-36.79952621459961,18.93675231933594,11.0893611907959,4.0,15.0,29723.0,42.846,417207171.0
-26.53772354125977,13.7088737487793,0.5213732123374939,52.0,1.0,29732.0,29.874,417207194.0
-35.22060012817383,18.20985794067383,2.077946901321411,1.0,3.0,29734.0,39.704,417207198.0
-0.7045568823814392,0.3642720282077789,-0.1541736721992493,2.0,4.0,29734.0,0.808,417207201.0
-35.45186614990234,18.33727073669434,3.491981983184814,4.0,5.0,29735.0,40.066,417207203.0
-1.150889039039612,0.59554523229599,-0.2052420228719711,3.0,6.0,29736.0,1.312,417207205.0
-35.67351150512695,18.46770095825195,4.932296276092529,4.0,7.0,29737.0,40.472,417207208.0
-4.648277282714844,2.407380104064941,-0.642738938331604,1.0,8.0,29738.0,5.274,417207210.0
-35.97131729125977,18.63779640197754,6.416628837585449,5.0,9.0,29739.0,41.018,417207212.0
-5.984642028808594,3.100818634033203,-0.5896957516670227,13.0,10.0,29739.0,6.766,417207214.0
-36.21272277832031,18.77089309692383,7.928495407104492,4.0,11.0,29740.0,41.552,417207217.0
-6.448534965515137,3.344031095504761,-0.3806917369365692,5.0,12.0,29741.0,7.274,417207219.0
-36.42630386352539,18.89773750305176,9.474039077758789,4.0,13.0,29742.0,42.116,417207221.0
-26.35871696472168,13.68057537078857,-0.5183714032173157,60.0,14.0,29743.0,29.702,417207224.0
-36.70587158203125,19.05903816223145,11.08211421966553,5.0,15.0,29744.0,42.818,417207226.0
-26.47615623474121,13.78848838806152,0.5210590362548828,52.0,1.0,29751.0,29.856,417207249.0
-35.12636947631836,18.30901336669922,2.075958013534546,1.0,3.0,29753.0,39.666,417207254.0
-0.70682692527771,0.3684213161468506,-0.1549369096755981,2.0,4.0,29753.0,0.812,417207256.0
-35.36259841918945,18.43999290466309,3.489192962646484,4.0,5.0,29754.0,40.034,417207258.0
-1.183935523033142,0.6176315546035767,-0.2114993929862976,3.0,6.0,29755.0,1.352,417207261.0
-35.58743286132812,18.57303810119629,4.92888355255127,4.0,7.0,29756.0,40.444,417207263.0
-4.84791088104248,2.531195163726807,-0.6715000867843628,1.0,8.0,29757.0,5.51,417207265.0
-35.85305404663086,18.71962547302246,6.405991554260254,5.0,9.0,29757.0,40.95,417207267.0
-5.937240600585938,3.10127592086792,-0.5860351920127869,13.0,10.0,29758.0,6.724,417207270.0
-36.12069702148438,18.87541770935059,7.922008037567139,4.0,11.0,29759.0,41.518,417207272.0
-6.440950393676758,3.367247581481934,-0.3809010982513428,20.0,12.0,29760.0,7.278,417207274.0
-36.32026672363281,18.99584770202637,9.462791442871094,4.0,13.0,29761.0,42.066,417207277.0
-26.29371643066406,13.75771141052246,-0.5179874300956726,100.0,14.0,29762.0,29.68,417207279.0
-36.60986709594727,19.15545082092285,11.07124328613281,4.0,15.0,29762.0,42.776,417207281.0
-7.339892864227295,3.855164289474487,0.14471535384655,10.0,1.0,29771.0,8.292,417207304.0
-0.5071752071380615,0.2664988338947296,-0.1322712153196335,2.0,2.0,29772.0,0.588,417207307.0
-35.04987335205078,18.42501068115234,2.075225353240967,1.0,3.0,29773.0,39.652,417207309.0
-0.7090121507644653,0.3727133870124817,-0.155700147151947,2.0,4.0,29773.0,0.8160000000000001,417207311.0
-35.25392913818359,18.54013442993164,3.484835147857666,0.0,5.0,29774.0,39.984,417207314.0
-1.192261457443237,0.6272791028022766,-0.2133766114711761,3.0,6.0,29775.0,1.364,417207316.0
-35.48549652099609,18.67773246765137,4.923765182495117,5.0,7.0,29776.0,40.402,417207318.0
-4.969023704528809,2.616544961929321,-0.6895367503166199,1.0,8.0,29777.0,5.658,417207320.0
-35.72477722167969,18.81960487365723,6.3953537940979,5.0,9.0,29778.0,40.882,417207323.0
-6.171401977539062,3.251058578491211,-0.6102645397186279,9.0,10.0,29778.0,7.002,417207325.0
-36.01464080810547,18.9803352355957,7.913230419158936,4.0,11.0,29779.0,41.472,417207327.0
-6.422090530395508,3.385984182357788,-0.380482405424118,5.0,12.0,29780.0,7.27,417207330.0
-36.23132705688477,19.11069488525391,9.456942558288574,4.0,13.0,29781.0,42.04,417207332.0
-26.19424438476562,13.82234573364258,-0.5169751644134521,100.0,14.0,29782.0,29.622,417207334.0
-36.4967041015625,19.26695823669434,11.0583028793335,4.0,15.0,29783.0,42.726,417207337.0
-7.304510593414307,3.87080454826355,0.1442964971065521,15.0,1.0,29792.0,8.268,417207360.0
-34.94505310058594,18.53369903564453,2.07302713394165,1.0,3.0,29794.0,39.61,417207364.0
-0.7111101150512695,0.3771492838859558,-0.1564633697271347,2.0,4.0,29794.0,0.8200000000000001,417207367.0
-35.14702224731445,18.64867782592773,3.481000423431396,1.0,5.0,29795.0,39.94,417207369.0
-1.198678374290466,0.636275589466095,-0.2149409502744675,4.0,6.0,29796.0,1.374,417207371.0
-35.38173675537109,18.78904724121094,4.918890476226807,5.0,7.0,29797.0,40.362,417207373.0
-6.938602447509766,3.686213970184326,-0.9647177457809448,2.0,8.0,29798.0,7.916,417207376.0
-35.63095855712891,18.92936515808105,6.390347957611084,5.0,9.0,29798.0,40.85,417207378.0
-5.978232860565186,3.177344560623169,-0.5923104286193848,9.0,10.0,29799.0,6.796,417207380.0
-35.91016387939453,19.09377288818359,7.905598163604736,4.0,11.0,29800.0,41.432,417207383.0
-26.01236915588379,13.83684635162354,-1.544120073318481,18.0,12.0,29801.0,29.504,417207385.0
-36.11803436279297,19.22047424316406,9.445694923400879,4.0,13.0,29802.0,41.99,417207387.0
-6.409203052520752,3.412139654159546,-0.1267393827438354,8.0,14.0,29803.0,7.262,417207390.0
-36.40876388549805,19.38334274291992,11.05209064483643,4.0,15.0,29803.0,42.702,417207392.0
-7.276845455169678,3.888738393783569,0.1440172642469406,15.0,1.0,29812.0,8.252,417207415.0
-0.5911830067634583,0.3160602152347565,-0.154766321182251,2.0,2.0,29813.0,0.6880000000000001,417207417.0
-34.85548782348633,18.64237976074219,2.071561813354492,1.0,3.0,29814.0,39.582,417207420.0
-0.7322947978973389,0.3916662633419037,-0.1614244133234024,2.0,4.0,29814.0,0.846,417207422.0
-35.0571174621582,18.75809097290039,3.478559970855713,1.0,5.0,29815.0,39.912,417207424.0
-1.231281161308289,0.6591008305549622,-0.2211983352899551,4.0,6.0,29816.0,1.414,417207426.0
-35.2844352722168,18.89556884765625,4.91450309753418,5.0,7.0,29817.0,40.326,417207429.0
-7.189911842346191,3.851966142654419,-1.001522302627563,1.0,8.0,29818.0,8.218,417207431.0
-35.5263557434082,19.03310203552246,6.383464813232422,5.0,9.0,29818.0,40.806,417207433.0
-5.961837291717529,3.195369482040405,-0.5917875170707703,6.0,10.0,29819.0,6.79,417207436.0
-35.78100967407227,19.18560791015625,7.891860008239746,4.0,11.0,29820.0,41.36,417207438.0
-25.93047142028809,13.90962409973145,-1.542131304740906,14.0,12.0,29821.0,29.466,417207440.0
-36.02153015136719,19.33076667785645,9.4380464553833,4.0,13.0,29822.0,41.956,417207443.0
-6.421919345855713,3.447733402252197,-0.1272280365228653,22.0,14.0,29823.0,7.29,417207445.0
-36.30003356933594,19.48838424682617,11.0396671295166,4.0,15.0,29823.0,42.654,417207447.0
-7.259706020355225,3.912218332290649,0.1439474523067474,15.0,1.0,29832.0,8.248,417207470.0
-34.7444953918457,18.73928451538086,2.068840265274048,1.0,3.0,29834.0,39.53,417207475.0
-0.7499306201934814,0.4044716358184814,-0.16562220454216,2.0,4.0,29834.0,0.868,417207477.0
-34.98440933227539,18.87656402587891,3.47786283493042,1.0,5.0,29835.0,39.904,417207479.0
-1.242879390716553,0.6709014177322388,-0.2237012833356857,4.0,6.0,29836.0,1.43,417207482.0
-35.17110443115234,18.9931526184082,4.907922267913818,4.0,7.0,29837.0,40.272,417207484.0
-8.858314514160156,4.785677433013916,-1.236242651939392,2.0,8.0,29838.0,10.144,417207486.0
-35.42855453491211,19.14815711975098,6.378458976745605,5.0,9.0,29839.0,40.774,417207489.0
-5.933119297027588,3.206687450408936,-0.590044379234314,7.0,10.0,29839.0,6.77,417207491.0
-35.66891860961914,19.28611183166504,7.881937980651855,4.0,11.0,29840.0,41.308,417207493.0
-5.997443199157715,3.244158267974854,-0.3573499023914337,2.0,12.0,29841.0,6.828,417207496.0
-35.91441345214844,19.43505668640137,9.427699089050293,4.0,13.0,29842.0,41.91,417207498.0
-25.98932838439941,14.06996917724609,-0.5158582329750061,36.0,14.0,29843.0,29.558,417207500.0
-36.22159194946289,19.60945892333984,11.03656196594238,4.0,15.0,29843.0,42.642,417207502.0
-0.5889620780944824,0.3201797306537628,-0.154766321182251,2.0,2.0,29853.0,0.6880000000000001,417207528.0
-34.64728927612305,18.84327507019043,2.066956281661987,2.0,3.0,29854.0,39.494,417207530.0
-0.7640364170074463,0.4155288338661194,-0.16905677318573,3.0,4.0,29854.0,0.886,417207532.0
-34.87805557250977,18.97666549682617,3.473853588104248,1.0,5.0,29855.0,39.858,417207535.0
-1.264819979667664,0.688457190990448,-0.2280814498662949,4.0,6.0,29856.0,1.458,417207537.0
-35.087158203125,19.1063117980957,4.905484676361084,5.0,7.0,29857.0,40.252,417207539.0
-9.16404914855957,4.992252826690674,-1.281334280967712,0.0,8.0,29858.0,10.514,417207542.0
-35.32333755493164,19.25091361999512,6.371575832366943,5.0,9.0,29859.0,40.73,417207544.0
-5.928887367248535,3.231192111968994,-0.5907416343688965,9.0,10.0,29859.0,6.778,417207546.0
-35.57380294799805,19.39546585083008,7.875832080841064,4.0,11.0,29860.0,41.276,417207549.0
-5.966794967651367,3.254553318023682,-0.3561985194683075,5.0,12.0,29861.0,6.806,417207551.0
-35.80871963500977,19.53976631164551,9.417800903320312,4.0,13.0,29862.0,41.866,417207553.0
-25.91899490356445,14.14910507202148,-0.5154393911361694,100.0,14.0,29863.0,29.534,417207555.0
-36.09860992431641,19.71430587768555,11.02103233337402,4.0,15.0,29864.0,42.582,417207558.0
-0.4457003474235535,0.2439127266407013,-0.1361388117074966,1.0,0.0,29869.0,0.526,417207579.0
-6.403945922851562,3.506057977676392,0.1274374723434448,22.0,1.0,29870.0,7.302,417207581.0
-0.5879533290863037,0.3220284283161163,-0.154766321182251,2.0,2.0,29871.0,0.6880000000000001,417207583.0
-34.56690216064453,18.94051170349121,2.06570029258728,3.0,3.0,29872.0,39.47,417207585.0
-0.7558403015136719,0.4141534566879272,-0.1675302982330322,3.0,4.0,29872.0,0.878,417207588.0
-34.77458572387695,19.06220245361328,3.46949577331543,2.0,5.0,29873.0,39.808,417207590.0
-1.273043036460876,0.6981263160705566,-0.2299586683511734,4.0,6.0,29874.0,1.47,417207592.0
-35.00433349609375,19.20403480529785,4.902316093444824,5.0,7.0,29875.0,40.226,417207595.0
-11.61246681213379,6.373454570770264,-1.626468300819397,0.0,8.0,29876.0,13.346,417207597.0
-35.22459411621094,19.34087371826172,6.364692687988281,5.0,9.0,29877.0,40.686,417207599.0
-5.913467884063721,3.246925592422485,-0.5902186632156372,12.0,10.0,29877.0,6.772,417207602.0
-35.49204254150391,19.49578666687012,7.871252536773682,4.0,11.0,29878.0,41.252,417207604.0
-5.963542461395264,3.277129888534546,-0.3566172122955322,5.0,12.0,29879.0,6.814,417207606.0
-35.70617294311523,19.62963485717773,9.407003402709961,4.0,13.0,29880.0,41.818,417207608.0
-25.83761978149414,14.21022510528564,-0.5147063732147217,48.0,14.0,29881.0,29.492,417207611.0
-36.00440979003906,19.80177688598633,11.01016235351562,4.0,15.0,29881.0,42.54,417207613.0
-6.386416435241699,3.525491237640381,0.1273327618837357,13.0,1.0,29890.0,7.296,417207636.0
-34.46910858154297,19.04367256164551,2.063816070556641,3.0,3.0,29892.0,39.434,417207641.0
-0.7629821300506592,0.4215363264083862,-0.1694383919239044,3.0,4.0,29892.0,0.888,417207643.0
-34.67819213867188,19.16708755493164,3.466532468795776,2.0,5.0,29893.0,39.774,417207645.0
-1.306901216506958,0.7226391434669495,-0.2365289181470871,4.0,6.0,29894.0,1.512,417207648.0
-34.9179801940918,19.31553649902344,4.899635314941406,5.0,7.0,29895.0,40.204,417207650.0
-6.186738967895508,3.423721313476562,-0.8681972026824951,3.0,8.0,29896.0,7.124000000000001,417207652.0
-35.13612747192383,19.45223045349121,6.36093807220459,6.0,9.0,29897.0,40.662,417207655.0
-5.88292407989502,3.256932258605957,-0.5883012413978577,28.0,10.0,29897.0,6.75,417207657.0
-35.38942718505859,19.60053443908691,7.863620281219482,4.0,11.0,29898.0,41.212,417207659.0
-5.929355621337891,3.285342931747437,-0.3552564680576324,8.0,12.0,29899.0,6.788,417207661.0
-35.60334777832031,19.73525810241699,9.398005485534668,4.0,13.0,29900.0,41.778,417207664.0
-5.961671829223633,3.305968999862671,-0.1189905107021332,3.0,14.0,29901.0,6.818000000000001,417207666.0
-35.89790344238281,19.90672302246094,10.99877452850342,4.0,15.0,29901.0,42.496,417207668.0
-25.84945297241211,14.39944076538086,0.5164865255355835,82.0,1.0,29912.0,29.594,417207691.0
-0.6094085574150085,0.3396105170249939,-0.1610649526119232,2.0,2.0,29913.0,0.716,417207694.0
-34.35371780395508,19.14460182189941,2.061094522476196,3.0,3.0,29913.0,39.382,417207696.0
-0.79908287525177,0.4454948008060455,-0.1778339892625809,3.0,4.0,29914.0,0.932,417207698.0
-34.57823944091797,19.28554344177246,3.46391773223877,2.0,5.0,29915.0,39.744,417207701.0
-1.329992175102234,0.7420894503593445,-0.2412219494581223,4.0,6.0,29916.0,1.542,417207703.0
-34.80715560913086,19.42915153503418,4.894516468048096,6.0,7.0,29917.0,40.162,417207705.0
-6.18567943572998,3.454226493835449,-0.8699033856391907,9.0,8.0,29918.0,7.138,417207707.0
-35.03355026245117,19.56354331970215,6.355306625366211,6.0,9.0,29918.0,40.626,417207710.0
-5.936470985412598,3.316421747207642,-0.5949251055717468,6.0,10.0,29919.0,6.826000000000001,417207712.0
-35.26763153076172,19.71041488647461,7.853316783905029,5.0,11.0,29920.0,41.158,417207714.0
-5.911467552185059,3.305161476135254,-0.3549424409866333,12.0,12.0,29921.0,6.782,417207717.0
-35.4966926574707,19.85469627380371,9.389906883239746,4.0,13.0,29922.0,41.742,417207719.0
-5.947188854217529,3.327859401702881,-0.1189556047320366,7.0,14.0,29923.0,6.816,417207721.0
-35.79591369628906,20.03026390075684,10.99100971221924,4.0,15.0,29923.0,42.466,417207724.0
-0.4598803520202637,0.2581783831119537,-0.1413151919841766,1.0,0.0,29931.0,0.546,417207744.0
-25.79728698730469,14.48860549926758,0.5164515972137451,63.0,1.0,29932.0,29.592,417207747.0
-0.5844342708587646,0.3283717036247253,-0.154766321182251,2.0,2.0,29933.0,0.6880000000000001,417207749.0
-34.23805236816406,19.24494171142578,2.058373212814331,2.0,3.0,29934.0,39.33,417207751.0
-0.7975229620933533,0.4482814073562622,-0.1778339892625809,3.0,4.0,29934.0,0.932,417207754.0
-34.47250366210938,19.38464164733887,3.4600830078125,2.0,5.0,29935.0,39.7,417207756.0
-1.348053574562073,0.7583497166633606,-0.2449763715267181,4.0,6.0,29936.0,1.566,417207758.0
-34.69414520263672,19.52521896362305,4.888179302215576,5.0,7.0,29937.0,40.11,417207760.0
-6.158016204833984,3.467032432556152,-0.8677096962928772,12.0,8.0,29938.0,7.12,417207763.0
-34.95300674438477,19.68696975708008,6.353742122650146,6.0,9.0,29939.0,40.616,417207765.0
-5.973465442657471,3.364501237869263,-0.5998058319091797,4.0,10.0,29939.0,6.882000000000001,417207767.0
-35.16611862182617,19.81509017944336,7.846065998077393,4.0,11.0,29940.0,41.12,417207770.0
-5.894674777984619,3.322834014892578,-0.3546284437179565,13.0,12.0,29941.0,6.776,417207772.0
-35.38813018798828,19.95646476745605,9.379559516906738,4.0,13.0,29942.0,41.696,417207774.0
-5.925086498260498,3.342703342437744,-0.1187461763620377,7.0,14.0,29943.0,6.804,417207777.0
-35.68188095092773,20.1385383605957,10.97858619689941,4.0,15.0,29944.0,42.418,417207779.0
-0.5027876496315002,0.2843477427959442,-0.1547737866640091,1.0,0.0,29949.0,0.598,417207800.0
-0.583399772644043,0.3302061259746552,-0.154766321182251,2.0,2.0,29951.0,0.6880000000000001,417207804.0
-34.14256286621094,19.32479858398438,2.056070327758789,1.0,3.0,29951.0,39.286,417207807.0
-0.7926939129829407,0.4488499760627747,-0.177070751786232,3.0,4.0,29952.0,0.928,417207809.0
-34.38022994995117,19.47516822814941,3.456945419311523,3.0,5.0,29953.0,39.664,417207811.0
-1.371443510055542,0.7771897912025452,-0.2496694028377533,4.0,6.0,29954.0,1.596,417207813.0
-34.60845565795898,19.62041091918945,4.884767055511475,5.0,7.0,29955.0,40.082,417207816.0
-5.844919681549072,3.31498122215271,-0.8250554800033569,15.0,8.0,29956.0,6.77,417207818.0
-34.86864852905273,19.78400802612305,6.349674701690674,5.0,9.0,29957.0,40.59,417207820.0
-7.978214263916016,4.526732444763184,-0.80253005027771,5.0,10.0,29957.0,9.208,417207823.0
-35.08320617675781,19.91383934020996,7.84148645401001,4.0,11.0,29958.0,41.096,417207825.0
-5.8789963722229,3.338377475738525,-0.3543144166469574,16.0,12.0,29959.0,6.77,417207827.0
-35.29645538330078,20.05117797851562,9.37191104888916,4.0,13.0,29960.0,41.662,417207830.0
-5.904124736785889,3.355372667312622,-0.1185367479920387,7.0,14.0,29961.0,6.792,417207832.0
-35.57326507568359,20.21664047241211,10.96357440948486,4.0,15.0,29961.0,42.36,417207834.0
-5.942271709442139,3.389411926269531,0.119409367442131,7.0,1.0,29970.0,6.842000000000001,417207857.0
-0.6668720245361328,0.3805313408374786,-0.1772614270448685,2.0,2.0,29971.0,0.788,417207859.0
-6.355975151062012,3.626854658126831,0.3835178911685944,13.0,3.0,29971.0,7.328,417207862.0
-0.8132873773574829,0.4642672538757324,-0.1820317804813385,5.0,4.0,29972.0,0.9540000000000001,417207864.0
-34.27051544189453,19.57134628295898,3.452761888504028,3.0,5.0,29973.0,39.616,417207866.0
-1.399595618247986,0.7996107935905457,-0.2553010582923889,4.0,6.0,29974.0,1.632,417207869.0
-34.52079772949219,19.73026275634766,4.882085800170898,5.0,7.0,29975.0,40.06,417207871.0
-5.843652248382568,3.341275453567505,-0.8265178799629211,7.0,8.0,29976.0,6.782,417207873.0
-34.74622344970703,19.87519645690918,6.339975833892822,5.0,9.0,29977.0,40.528,417207876.0
-5.755592823028564,3.292258024215698,-0.580108642578125,1.0,10.0,29977.0,6.656000000000001,417207878.0
-34.98280715942383,20.01862907409668,7.834617137908936,4.0,11.0,29978.0,41.06,417207880.0
-5.95570707321167,3.409485340118408,-0.3596526980400085,6.0,12.0,29979.0,6.872,417207883.0
-35.19411849975586,20.15586280822754,9.363362312316895,4.0,13.0,29980.0,41.624,417207885.0
-5.883700847625732,3.370990991592407,-0.1183622181415558,11.0,14.0,29981.0,6.782,417207887.0
-35.47733306884766,20.32628440856934,10.955810546875,4.0,15.0,29981.0,42.33,417207889.0
-0.4404502809047699,0.253270149230957,-0.1361388117074966,1.0,0.0,29990.0,0.526,417207910.0
-5.905541896820068,3.39720892906189,0.11892069876194,7.0,1.0,29991.0,6.814,417207912.0
-0.5810219645500183,0.3343723714351654,-0.154766321182251,2.0,2.0,29992.0,0.6880000000000001,417207915.0
-6.35238790512085,3.657212257385254,0.3841459155082703,15.0,3.0,29993.0,7.34,417207917.0
-0.8115803003311157,0.4672449827194214,-0.1820317804813385,3.0,4.0,29993.0,0.9540000000000001,417207919.0
-34.16229629516602,19.67594146728516,3.449101448059082,3.0,5.0,29994.0,39.574,417207922.0
-1.436022043228149,0.8274176716804504,-0.2624970376491547,4.0,6.0,29995.0,1.678,417207924.0
-34.42589569091797,19.8437671661377,4.878917217254639,5.0,7.0,29996.0,40.034,417207926.0
-5.728187084197998,3.30317234992981,-0.8118935823440552,12.0,8.0,29997.0,6.662,417207929.0
-34.6680793762207,19.99142837524414,6.338411808013916,5.0,9.0,29997.0,40.518,417207931.0
-5.916068077087402,3.412890434265137,-0.5975397825241089,1.0,10.0,29998.0,6.856,417207933.0
-34.89559936523438,20.13886260986328,7.831564426422119,4.0,11.0,29999.0,41.044,417207936.0
-35.08457183837891,20.26425170898438,9.353915214538574,4.0,13.0,30001.0,41.582,417207940.0
-5.873037338256836,3.393533706665039,-0.1183971241116524,26.0,14.0,30002.0,6.784,417207942.0
-35.34048843383789,20.42852020263672,10.93769264221191,4.0,15.0,30003.0,42.26,417207945.0
-0.4562769532203674,0.2644945085048676,-0.1413151919841766,1.0,0.0,30010.0,0.546,417207965.0
-5.897107124328613,3.419808626174927,0.1189905107021332,10.0,1.0,30011.0,6.818000000000001,417207968.0
-0.5596238374710083,0.3246636390686035,-0.1493674963712692,2.0,2.0,30012.0,0.664,417207970.0
-5.954974174499512,3.454755544662476,0.3608040809631348,3.0,3.0,30012.0,6.894,417207972.0
-0.8303202986717224,0.4819008708000183,-0.1866111904382706,3.0,4.0,30013.0,0.978,417207975.0
-34.06928634643555,19.78106307983398,3.446660995483398,3.0,5.0,30014.0,39.546,417207977.0
-1.448498249053955,0.8413547277450562,-0.2653128504753113,4.0,6.0,30015.0,1.696,417207979.0
-34.31007385253906,19.93688774108887,4.872336387634277,0.0,7.0,30016.0,39.98,417207982.0
-5.696027278900146,3.311175584793091,-0.808968722820282,10.0,8.0,30017.0,6.638,417207984.0
-34.56042098999023,20.09849739074707,6.332154273986816,5.0,9.0,30018.0,40.478,417207986.0
-5.814558029174805,3.381436824798584,-0.5884755849838257,7.0,10.0,30018.0,6.752,417207989.0
-34.79963302612305,20.2457389831543,7.825839996337891,4.0,11.0,30019.0,41.014,417207991.0
-5.703300952911377,3.319400548934937,-0.3458360135555267,12.0,12.0,30020.0,6.608000000000001,417207993.0
-34.99678039550781,20.37679100036621,9.34941577911377,4.0,13.0,30021.0,41.562,417207995.0
-5.893986701965332,3.433136940002441,-0.1190603151917458,5.0,14.0,30022.0,6.822,417207998.0
-35.2455940246582,20.53813934326172,10.93044567108154,4.0,15.0,30023.0,42.232,417208000.0
-0.4387161433696747,0.2562623023986816,-0.1361388117074966,1.0,0.0,30029.0,0.526,417208021.0
-5.878828048706055,3.435309886932373,0.1188508868217468,14.0,1.0,30030.0,6.81,417208023.0
-0.5787324905395508,0.3383194804191589,-0.154766321182251,2.0,2.0,30031.0,0.6880000000000001,417208025.0
-5.929691314697266,3.46642017364502,0.3599666953086853,3.0,3.0,30031.0,6.878,417208028.0
-0.838886022567749,0.4905983209609985,-0.1889009028673172,3.0,4.0,30032.0,0.99,417208030.0
-33.9725456237793,19.87582206726074,3.443523406982422,2.0,5.0,30033.0,39.51,417208032.0
-1.505369544029236,0.8810772895812988,-0.2762632668018341,4.0,6.0,30034.0,1.766,417208035.0
-5.649045467376709,3.308976173400879,-0.8038501739501953,11.0,8.0,30036.0,6.596,417208039.0
-34.47835922241211,20.19599151611328,6.328712940216064,6.0,9.0,30036.0,40.456,417208042.0
-5.801593780517578,3.39969277381897,-0.5883012413978577,6.0,10.0,30037.0,6.75,417208044.0
-34.68996047973633,20.33620643615723,7.816299915313721,4.0,11.0,30038.0,40.964,417208046.0
-34.88027191162109,20.46413421630859,9.336368560791016,4.0,13.0,30040.0,41.504,417208051.0
-6.023985862731934,3.535664796829224,-0.1219225078821182,11.0,14.0,30041.0,6.986,417208053.0
-35.16063690185547,20.6451244354248,10.92526912689209,4.0,15.0,30042.0,42.212,417208055.0
-0.4378189444541931,0.2577921450138092,-0.1361388117074966,1.0,0.0,30049.0,0.526,417208076.0
-5.856462955474854,3.44972038269043,0.1186414584517479,25.0,1.0,30050.0,6.798,417208078.0
-0.5775480270385742,0.3403375744819641,-0.154766321182251,2.0,2.0,30051.0,0.6880000000000001,417208081.0
-5.905509948730469,3.479999780654907,0.3592340052127838,3.0,3.0,30051.0,6.864,417208083.0
-0.8439334034919739,0.4975116550922394,-0.190427377820015,3.0,4.0,30052.0,0.998,417208085.0
-1.539714336395264,0.9084095358848572,-0.2831463813781738,4.0,6.0,30054.0,1.81,417208090.0
-5.904728889465332,3.485095500946045,0.8418734073638916,11.0,7.0,30055.0,6.908,417208092.0
-5.632332801818848,3.325647115707397,-0.8031189441680908,10.0,8.0,30056.0,6.59,417208095.0
-34.37193298339844,20.29512786865234,6.322142601013184,5.0,9.0,30056.0,40.414,417208097.0
-5.793122291564941,3.421950101852417,-0.5886498689651489,6.0,10.0,30057.0,6.754,417208099.0
-34.60017013549805,20.44618606567383,7.8121018409729,5.0,11.0,30058.0,40.942,417208101.0
-5.885171413421631,3.479094505310059,-0.3582919538021088,1.0,12.0,30059.0,6.846,417208104.0
-34.80359649658203,20.58278846740723,9.3350191116333,4.0,13.0,30060.0,41.498,417208106.0
-6.180269718170166,3.656457424163818,-0.1253431886434555,22.0,14.0,30061.0,7.182,417208108.0
-35.06674575805664,20.75494003295898,10.91854000091553,2.0,15.0,30062.0,42.186,417208111.0
-0.4535292088985443,0.2691788971424103,-0.1413151919841766,1.0,0.0,30069.0,0.546,417208131.0
-5.882213115692139,3.492602586746216,0.119409367442131,10.0,1.0,30070.0,6.842000000000001,417208134.0
-5.889892101287842,3.498552560806274,0.3590246737003326,7.0,3.0,30071.0,6.86,417208138.0
-0.8590692281723022,0.5104836225509644,-0.1942435503005981,3.0,4.0,30072.0,1.018,417208141.0
-5.930829524993896,3.525670528411865,0.6036406755447388,4.0,5.0,30073.0,6.926,417208143.0
-1.573886275291443,0.9359920024871826,-0.2900294959545135,4.0,6.0,30074.0,1.854,417208145.0
-5.921529769897461,3.522939920425415,0.8460170030593872,20.0,7.0,30075.0,6.942,417208147.0
-5.646276950836182,3.360516309738159,-0.8067750334739685,11.0,8.0,30076.0,6.62,417208150.0
-5.777718067169189,3.440112352371216,-0.5883012413978577,7.0,10.0,30077.0,6.75,417208154.0
-34.50835037231445,20.55478286743164,7.807522296905518,5.0,11.0,30078.0,40.918,417208157.0
-5.814656257629395,3.464855432510376,-0.3547331094741821,5.0,12.0,30079.0,6.778,417208159.0
-34.70810317993164,20.69018173217773,9.328720092773438,4.0,13.0,30080.0,41.47,417208161.0
-25.10611343383789,14.97218704223633,-0.510238528251648,17.0,14.0,30081.0,29.236,417208164.0
-0.4360085725784302,0.2608423829078674,-0.1361388117074966,1.0,0.0,30089.0,0.526,417208187.0
-5.911166667938232,3.537760257720947,0.1202470809221268,7.0,1.0,30090.0,6.890000000000001,417208189.0
-0.5751579403877258,0.3443613052368164,-0.154766321182251,2.0,2.0,30091.0,0.6880000000000001,417208191.0
-5.870789527893066,3.514986991882324,0.3586059808731079,7.0,3.0,30091.0,6.852,417208194.0
-0.8673875331878662,0.5195320248603821,-0.1965332627296448,3.0,4.0,30092.0,1.03,417208196.0
-5.90652322769165,3.539182901382446,0.6024205088615417,4.0,5.0,30093.0,6.912,417208198.0
-1.597718119621277,0.9577301144599915,-0.2950353920459747,4.0,6.0,30094.0,1.886,417208200.0
-5.895576477050781,3.535421133041382,0.8440670967102051,17.0,7.0,30095.0,6.926,417208203.0
-5.632810115814209,3.379183769226074,-0.8065313100814819,13.0,8.0,30096.0,6.618,417208205.0
-6.174404621124268,3.704092264175415,1.140407204627991,4.0,9.0,30096.0,7.29,417208207.0
-5.762258052825928,3.458208799362183,-0.5879526138305664,6.0,10.0,30097.0,6.746,417208210.0
-34.39936065673828,20.65288162231445,7.799127101898193,5.0,11.0,30098.0,40.874,417208212.0
-5.785404205322266,3.474847555160522,-0.3536863923072815,6.0,12.0,30099.0,6.758,417208214.0
-34.60726928710938,20.79414558410645,9.32107162475586,4.0,13.0,30100.0,41.436,417208217.0
-25.04341506958008,15.05355167388916,-0.510029137134552,5.0,14.0,30101.0,29.224,417208219.0
-8.163628578186035,4.909082412719727,2.552473306655884,10.0,15.0,30102.0,9.862,417208221.0
-0.4946521818637848,0.2982755303382874,-0.1547737866640091,1.0,0.0,30109.0,0.598,417208242.0
-32.6016845703125,19.66659355163574,0.6645876169204712,1.0,1.0,30110.0,38.08,417208244.0
-0.5572677254676819,0.3362980782985687,-0.1502673029899597,2.0,2.0,30111.0,0.668,417208247.0
-5.878385066986084,3.54886794090271,0.3598620295524597,16.0,3.0,30112.0,6.876,417208249.0
-0.8689301609992981,0.5245859622955322,-0.1972965002059937,3.0,4.0,30112.0,1.034,417208251.0
-5.892427921295166,3.558748960494995,0.6022461652755737,4.0,5.0,30113.0,6.91,417208253.0
-1.645087361335754,0.9939472079277039,-0.304421454668045,4.0,6.0,30114.0,1.946,417208256.0
-5.881500720977783,3.554952144622803,0.8438233137130737,18.0,7.0,30115.0,6.924,417208258.0
-5.627774715423584,3.402933835983276,-0.807506263256073,15.0,8.0,30116.0,6.626,417208260.0
-34.05440902709961,20.59160232543945,6.303057670593262,5.0,9.0,30116.0,40.292,417208263.0
-5.775722980499268,3.493770122528076,-0.5905672907829285,1.0,10.0,30117.0,6.776,417208265.0
-34.31362152099609,20.76469993591309,7.796073913574219,2.0,11.0,30118.0,40.858,417208267.0
-5.776656627655029,3.497089862823486,-0.3538957238197327,5.0,12.0,30119.0,6.762,417208270.0
-34.52780914306641,20.9107837677002,9.3192720413208,4.0,13.0,30120.0,41.428,417208272.0
-5.794452667236328,3.510627746582031,-0.1182575076818466,3.0,14.0,30121.0,6.776,417208274.0
-8.24478816986084,4.995188236236572,2.583014011383057,4.0,15.0,30121.0,9.98,417208277.0
-32.51916885375977,19.77196311950684,0.6643083691596985,1.0,1.0,30130.0,38.064,417208300.0
-0.5727398991584778,0.348368227481842,-0.154766321182251,2.0,2.0,30131.0,0.6880000000000001,417208302.0
-5.893260955810547,3.585977077484131,0.3615367710590363,3.0,3.0,30132.0,6.908,417208304.0
-0.890574038028717,0.5419033765792847,-0.2026391476392746,4.0,4.0,30132.0,1.062,417208306.0
-5.879969596862793,3.579295635223389,0.6022461652755737,4.0,5.0,30133.0,6.91,417208309.0
-1.715842962265015,1.044890284538269,-0.3181877136230469,4.0,6.0,30134.0,2.034,417208311.0
-5.858884334564209,3.56926417350769,0.8423609137535095,18.0,7.0,30135.0,6.912,417208313.0
-5.602301597595215,3.41429328918457,-0.8055563569068909,13.0,8.0,30136.0,6.61,417208316.0
-6.677009105682373,4.070866584777832,-0.6841725707054138,10.0,10.0,30137.0,7.850000000000001,417208320.0
-6.173055171966553,3.765091896057129,1.40549910068512,11.0,11.0,30138.0,7.366000000000001,417208323.0
-5.769529342651367,3.5203537940979,-0.3542097508907318,6.0,12.0,30139.0,6.768,417208325.0
-34.41801071166992,21.00884437561035,9.309374809265137,2.0,13.0,30140.0,41.384,417208327.0
-5.778749942779541,3.528748512268066,-0.1181876957416534,5.0,14.0,30141.0,6.772,417208330.0
-8.298962593078613,5.069685459136963,2.605790138244629,6.0,15.0,30142.0,10.068,417208332.0
-5.655553340911865,3.465727567672729,0.1157792657613754,11.0,1.0,30150.0,6.634,417208355.0
-0.5881342887878418,0.3605503737926483,-0.1592653393745422,2.0,2.0,30151.0,0.708,417208357.0
-5.913056373596191,3.626365423202515,0.3635255396366119,3.0,3.0,30152.0,6.946,417208359.0
-0.8953713774681091,0.5491142868995667,-0.2041656225919724,4.0,4.0,30152.0,1.07,417208362.0
-5.862344741821289,3.596673011779785,0.6017232537269592,5.0,5.0,30153.0,6.904,417208364.0
-1.761008501052856,1.080839157104492,-0.3272609114646912,4.0,6.0,30154.0,2.092,417208366.0
-5.843006134033203,3.587616443634033,0.8418734073638916,20.0,7.0,30155.0,6.908,417208369.0
-5.583583354949951,3.429672241210938,-0.8045814037322998,15.0,8.0,30156.0,6.602,417208371.0
-5.928243637084961,3.641377210617065,1.101924419403076,4.0,9.0,30156.0,7.044,417208373.0
-6.072022438049316,3.731151819229126,-0.6235122084617615,13.0,10.0,30157.0,7.154,417208376.0
-34.07917785644531,20.94925498962402,7.775848388671875,3.0,11.0,30158.0,40.752,417208378.0
-8.654168128967285,5.324079990386963,2.345789670944214,6.0,13.0,30160.0,10.428,417208383.0
-5.756178855895996,3.542609930038452,-0.1179782673716545,9.0,14.0,30161.0,6.76,417208385.0
-8.273879051208496,5.092114925384521,2.603201866149902,4.0,15.0,30161.0,10.058,417208387.0
-0.4323241412639618,0.2669045925140381,-0.1361388117074966,1.0,0.0,30169.0,0.526,417208408.0
-32.88394546508789,20.30953788757324,0.6746402382850647,0.0,1.0,30170.0,38.656,417208410.0
-0.5702938437461853,0.3523581922054291,-0.154766321182251,2.0,2.0,30171.0,0.6880000000000001,417208412.0
-32.52079772949219,20.1009407043457,2.003629684448242,1.0,3.0,30172.0,38.284,417208415.0
-0.8934491276741028,0.5522363781929016,-0.2041656225919724,4.0,4.0,30172.0,1.07,417208417.0
-5.849754333496094,3.617114543914795,0.6017232537269592,4.0,5.0,30173.0,6.904,417208419.0
-1.810983300209045,1.120233416557312,-0.3372727036476135,4.0,6.0,30174.0,2.156,417208422.0
-5.832135677337646,3.609035015106201,0.842117190361023,20.0,7.0,30175.0,6.91,417208424.0
-5.564826011657715,3.444962024688721,-0.8036064505577087,15.0,8.0,30176.0,6.594,417208426.0
-5.903101444244385,3.655800342559814,1.099734306335449,3.0,9.0,30177.0,7.03,417208429.0
-6.052185535430908,3.748128414154053,-0.622814953327179,15.0,10.0,30177.0,7.146,417208431.0
-33.98748397827148,21.05671310424805,7.771650314331055,2.0,11.0,30178.0,40.73,417208433.0
-6.046992301940918,3.747833013534546,-0.3728413581848145,6.0,12.0,30179.0,7.124000000000001,417208435.0
-8.657061576843262,5.367605686187744,2.351638317108154,4.0,13.0,30180.0,10.454,417208438.0
-5.747176647186279,3.564789295196533,-0.1180480793118477,7.0,14.0,30181.0,6.764,417208440.0
-8.266650199890137,5.129536151885986,2.606825351715088,16.0,15.0,30182.0,10.072,417208442.0
-0.4314366579055786,0.2683367729187012,-0.1361388117074966,1.0,0.0,30188.0,0.526,417208463.0
-5.765963554382324,3.587600231170654,0.1185367479920387,3.0,1.0,30189.0,6.792,417208465.0
-0.58235764503479,0.3624857366085052,-0.1583655476570129,2.0,2.0,30190.0,0.704,417208468.0
-32.41496658325195,20.18439102172852,2.001222372055054,1.0,3.0,30191.0,38.238,417208470.0
-0.913278341293335,0.568686842918396,-0.2091266661882401,4.0,4.0,30191.0,1.096,417208472.0
-5.896916389465332,3.67336368560791,0.6078241467475891,4.0,5.0,30192.0,6.974,417208475.0
-1.849170804023743,1.152351260185242,-0.3450944423675537,4.0,6.0,30193.0,2.206,417208477.0
-5.818450927734375,3.627305030822754,0.8418734073638916,18.0,7.0,30194.0,6.908,417208479.0
-5.56010913848877,3.467598676681519,-0.8045814037322998,15.0,8.0,30195.0,6.602,417208482.0
-5.883206844329834,3.669100761413574,1.098169922828674,4.0,9.0,30195.0,7.02,417208484.0
-6.026200294494629,3.759740591049194,-0.6214204430580139,15.0,10.0,30196.0,7.13,417208486.0
-5.942427635192871,3.708915948867798,1.361613035202026,2.0,11.0,30197.0,7.136,417208488.0
-6.076884269714355,3.794309854507446,-0.375458151102066,11.0,12.0,30198.0,7.174,417208491.0
-6.130255699157715,3.829121351242065,1.668686866760254,11.0,13.0,30199.0,7.418,417208493.0
-5.745498657226562,3.59018611907959,-0.1182575076818466,5.0,14.0,30200.0,6.776,417208495.0
-8.227558135986328,5.141149044036865,2.599578380584717,17.0,15.0,30200.0,10.044,417208498.0
-0.4304973781108856,0.2698411345481873,-0.1361388117074966,1.0,0.0,30208.0,0.526,417208518.0
-5.750017166137695,3.605580568313599,0.1184669360518456,7.0,1.0,30209.0,6.788,417208521.0
-0.5810887813568115,0.3645163178443909,-0.1583655476570129,2.0,2.0,30210.0,0.704,417208523.0
-5.682543277740479,3.566035032272339,0.3515929579734802,3.0,3.0,30211.0,6.718,417208525.0
-0.9295799136161804,0.5833504796028137,-0.2133244574069977,4.0,4.0,30211.0,1.118,417208528.0
-5.932993412017822,3.724646329879761,0.6128791570663452,4.0,5.0,30212.0,7.032,417208530.0
-1.896994948387146,1.191367268562317,-0.35479336977005,4.0,6.0,30213.0,2.268,417208532.0
-5.790626049041748,3.638088703155518,0.8396797776222229,18.0,7.0,30214.0,6.890000000000001,417208535.0
-5.551332473754883,3.48909854888916,-0.8050689101219177,15.0,8.0,30215.0,6.606,417208537.0
-5.881425380706787,3.697999477386475,1.100360035896301,4.0,9.0,30216.0,7.034,417208539.0
-6.024846076965332,3.788176536560059,-0.6226406097412109,12.0,10.0,30216.0,7.144,417208541.0
-5.902855396270752,3.712911605834961,1.355507135391235,3.0,11.0,30217.0,7.104,417208544.0
-6.061912059783936,3.814435243606567,-0.3753534853458405,15.0,12.0,30218.0,7.172,417208546.0
-33.99808883666992,21.40145301818848,9.274731636047363,1.0,13.0,30219.0,41.23,417208548.0
-8.0511474609375,5.070078372955322,-0.1660770922899246,4.0,14.0,30220.0,9.516,417208551.0
-8.193948745727539,5.162002563476562,2.594919681549072,16.0,15.0,30221.0,10.026,417208553.0
-5.73845386505127,3.627699851989746,0.1185018420219421,10.0,1.0,30230.0,6.79,417208576.0
-0.5929250121116638,0.3749764859676361,-0.1619647592306137,2.0,2.0,30231.0,0.72,417208578.0
-5.74707555770874,3.635958671569824,0.3564078509807587,3.0,3.0,30232.0,6.81,417208581.0
-0.9440265893936157,0.5972501635551453,-0.2171406298875809,4.0,4.0,30232.0,1.138,417208583.0
-32.43663024902344,20.52936553955078,3.35845947265625,1.0,5.0,30233.0,38.534,417208585.0
-1.98107123374939,1.254317879676819,-0.3713754117488861,6.0,6.0,30234.0,2.374,417208588.0
-5.772221565246582,3.656101226806641,0.8389485478401184,17.0,7.0,30235.0,6.884,417208590.0
-5.521738529205322,3.498796939849854,-0.8026314973831177,15.0,8.0,30236.0,6.586,417208592.0
-5.845120429992676,3.703704833984375,1.095979809761047,4.0,9.0,30236.0,7.006,417208594.0
-6.248194694519043,3.960637331008911,-0.6472185254096985,4.0,10.0,30237.0,7.426,417208597.0
-5.892523288726807,3.736624479293823,1.356270313262939,3.0,11.0,30238.0,7.108000000000001,417208599.0
-6.034398555755615,3.828068494796753,-0.374516099691391,15.0,12.0,30239.0,7.156000000000001,417208601.0
-33.89802932739258,21.51234436035156,9.26888370513916,1.0,13.0,30240.0,41.204,417208604.0
-24.56516647338867,15.59554386138916,-0.5078999400138855,28.0,14.0,30241.0,29.102,417208606.0
-6.179615020751953,3.923216104507446,1.961330771446228,4.0,15.0,30241.0,7.578,417208608.0
-0.4872170090675354,0.3102719187736511,-0.1547737866640091,1.0,0.0,30249.0,0.598,417208629.0
-5.732501983642578,3.652006387710571,0.1186414584517479,7.0,1.0,30250.0,6.798,417208631.0
-0.5883257389068604,0.3749492168426514,-0.1610649526119232,2.0,2.0,30251.0,0.716,417208634.0
-5.737716674804688,3.658145189285278,0.3566172122955322,3.0,3.0,30252.0,6.814,417208636.0
-0.9452468752861023,0.6026526689529419,-0.2179038673639297,4.0,4.0,30252.0,1.142,417208638.0
-32.47731781005859,20.71424865722656,3.370138168334961,2.0,5.0,30253.0,38.668,417208641.0
-2.076597213745117,1.324977397918701,-0.3901475667953491,8.0,6.0,30254.0,2.494,417208643.0
-5.754404544830322,3.673023700714111,0.8382173180580139,16.0,7.0,30255.0,6.878,417208645.0
-5.509491920471191,3.518050193786621,-0.8026314973831177,15.0,8.0,30256.0,6.586,417208647.0
-5.83983039855957,3.730420351028442,1.097544193267822,4.0,9.0,30257.0,7.016,417208650.0
-6.331716537475586,4.044631958007812,-0.6573286056518555,7.0,10.0,30257.0,7.542,417208652.0
-5.884407043457031,3.760341882705688,1.357415199279785,3.0,11.0,30258.0,7.114,417208654.0
-6.01763391494751,3.846957683563232,-0.3743067681789398,15.0,12.0,30259.0,7.152,417208657.0
-5.879002094268799,3.759778738021851,1.611099481582642,4.0,13.0,30260.0,7.162,417208659.0
-8.351552963256836,5.343095302581787,-0.1730580627918243,12.0,14.0,30261.0,9.916,417208661.0
-6.163567066192627,3.94479775428772,1.960813045501709,4.0,15.0,30262.0,7.576000000000001,417208664.0
-0.4861854314804077,0.3118858933448792,-0.1547737866640091,1.0,0.0,30268.0,0.598,417208684.0
-5.779263019561768,3.708796739578247,0.1198631301522255,3.0,1.0,30269.0,6.868,417208687.0
-0.5936386585235596,0.3811092674732208,-0.1628645658493042,2.0,2.0,30270.0,0.724,417208689.0
-5.742359638214111,3.687944889068604,0.3576639294624329,3.0,3.0,30271.0,6.834000000000001,417208691.0
-0.956458568572998,0.6142712235450745,-0.2209568172693253,4.0,4.0,30271.0,1.158,417208694.0
-2.143646955490112,1.377782344818115,-0.4036009311676025,8.0,6.0,30273.0,2.58,417208698.0
-5.738853454589844,3.689938545227051,0.8377298712730408,16.0,7.0,30274.0,6.874000000000001,417208700.0
-5.497795581817627,3.536300897598267,-0.8026314973831177,15.0,8.0,30275.0,6.586,417208703.0
-5.826420783996582,3.747679710388184,1.097231388092041,4.0,9.0,30275.0,7.014,417208705.0
-6.30486536026001,4.056981563568115,-0.6559340953826904,7.0,10.0,30276.0,7.526,417208707.0
-5.863651275634766,3.774521350860596,1.355507135391235,3.0,11.0,30277.0,7.104,417208710.0
-6.006522655487061,3.86797308921814,-0.3744114339351654,12.0,12.0,30278.0,7.154,417208712.0
-5.876331329345703,3.785585641860962,1.613798856735229,4.0,13.0,30279.0,7.174,417208714.0
-8.466578483581543,5.456337451934814,-0.175815537571907,8.0,14.0,30280.0,10.074,417208717.0
-8.130617141723633,5.239824771881104,2.591813802719116,17.0,15.0,30280.0,10.014,417208719.0
-8.29175853729248,5.36212682723999,0.172359973192215,7.0,1.0,30289.0,9.876,417208742.0
-0.6021219491958618,0.3895301520824432,-0.1655639708042145,2.0,2.0,30290.0,0.736,417208744.0
-5.762986183166504,3.72967004776001,0.3597573637962341,3.0,3.0,30291.0,6.874000000000001,417208747.0
-0.9674941301345825,0.6261395812034607,-0.2240097671747208,4.0,4.0,30291.0,1.174,417208749.0
-2.14214038848877,1.387404441833496,-0.4042266607284546,7.0,6.0,30293.0,2.584,417208753.0
-5.729269981384277,3.712107419967651,0.8382173180580139,17.0,7.0,30294.0,6.878,417208756.0
-5.478754997253418,3.551151275634766,-0.8016565442085266,16.0,8.0,30295.0,6.578,417208758.0
-5.872977733612061,3.806674003601074,1.108494639396667,3.0,9.0,30295.0,7.086,417208760.0
-9.772849082946777,6.33686637878418,-1.019024968147278,7.0,10.0,30296.0,11.692,417208763.0
-5.855381011962891,3.798171520233154,1.356651902198792,4.0,11.0,30297.0,7.11,417208765.0
-5.994659900665283,3.890003442764282,-0.374516099691391,6.0,12.0,30298.0,7.156000000000001,417208767.0
-5.859812259674072,3.803952693939209,1.6128990650177,4.0,13.0,30299.0,7.17,417208770.0
-8.09283447265625,5.255548477172852,2.585602283477783,3.0,15.0,30300.0,9.99,417208774.0
-0.419247567653656,0.2730955481529236,-0.1340682655572891,1.0,0.0,30308.0,0.518,417208795.0
-6.693114280700684,4.361522197723389,0.1394447237253189,11.0,1.0,30309.0,7.99,417208797.0
-0.597493588924408,0.38950115442276,-0.1646641790866852,2.0,2.0,30310.0,0.732,417208800.0
-5.78339147567749,3.771583795547485,0.3618507981300354,3.0,3.0,30311.0,6.914,417208802.0
-0.9751694202423096,0.6359474658966064,-0.2262994647026062,4.0,4.0,30311.0,1.186,417208804.0
-5.751946926116943,3.752508640289307,0.6008517146110535,5.0,5.0,30312.0,6.894,417208806.0
-2.176986455917358,1.4207843542099,-0.4117355048656464,6.0,6.0,30313.0,2.632,417208809.0
-5.70630407333374,3.725572347640991,0.8367549180984497,17.0,7.0,30314.0,6.866000000000001,417208811.0
-5.466325759887695,3.57025408744812,-0.8016565442085266,16.0,8.0,30315.0,6.578,417208813.0
-5.928440570831299,3.873554468154907,1.12163507938385,1.0,9.0,30316.0,7.17,417208816.0
-9.732322692871094,6.358953952789307,-1.017107486724854,16.0,10.0,30316.0,11.67,417208818.0
-5.819080352783203,3.803549528121948,1.351309299468994,5.0,11.0,30317.0,7.082,417208820.0
-8.984940528869629,5.875101566314697,-0.5626115202903748,10.0,12.0,30318.0,10.75,417208823.0
-5.854652404785156,3.829717874526978,1.615148544311523,4.0,13.0,30319.0,7.18,417208825.0
-6.651263236999512,4.35246467590332,-0.1387466341257095,17.0,14.0,30320.0,7.95,417208827.0
-5.887309551239014,3.852547407150269,1.8852379322052,3.0,15.0,30320.0,7.284,417208829.0
-6.669491291046143,4.37937068939209,0.1392702013254166,16.0,1.0,30329.0,7.98,417208853.0
-0.5993878841400146,0.3937242329120636,-0.1655639708042145,2.0,2.0,30330.0,0.736,417208855.0
-6.040590286254883,3.969435453414917,0.3788076639175415,15.0,3.0,30331.0,7.238,417208857.0
-0.9893507361412048,0.6501291394233704,-0.2301156520843506,4.0,4.0,30331.0,1.206,417208859.0
-5.733818531036377,3.769280433654785,0.6003287434577942,5.0,5.0,30332.0,6.888,417208862.0
-2.322206020355225,1.527145385742188,-0.4402065873146057,11.0,6.0,30333.0,2.814,417208864.0
-5.688289642333984,3.742195129394531,0.8360236883163452,17.0,7.0,30334.0,6.86,417208866.0
-5.448855400085449,3.586039543151855,-0.8009253144264221,18.0,8.0,30335.0,6.572,417208869.0
-32.42544174194336,21.34817504882812,6.148813247680664,0.0,9.0,30336.0,39.306,417208871.0
-9.447136878967285,6.219780921936035,-0.9895663261413574,2.0,10.0,30336.0,11.354,417208873.0
-5.833641052246094,3.842196702957153,1.357796788215637,12.0,11.0,30337.0,7.116000000000001,417208876.0
-6.611124038696289,4.355922698974609,-0.4149194657802582,13.0,12.0,30338.0,7.928,417208878.0
-5.821723461151123,3.83726167678833,1.609749794006348,6.0,13.0,30339.0,7.156000000000001,417208880.0
-6.631021499633789,4.372353076934814,-0.1386419236660004,28.0,14.0,30340.0,7.944,417208882.0
-5.894113540649414,3.887928009033203,1.891967177391052,3.0,15.0,30341.0,7.31,417208885.0
-0.4817834198474884,0.3186436891555786,-0.1547737866640091,1.0,0.0,30348.0,0.598,417208906.0
-5.953725337982178,3.939190864562988,0.1246101856231689,3.0,1.0,30349.0,7.140000000000001,417208908.0
-0.6272603273391724,0.4151745438575745,-0.1736622154712677,2.0,2.0,30350.0,0.772,417208910.0
-6.025032043457031,3.989394187927246,0.3787029683589935,16.0,3.0,30351.0,7.236,417208912.0
-0.9936230778694153,0.6579142212867737,-0.2316421270370483,4.0,4.0,30351.0,1.214,417208915.0
-5.725609302520752,3.792572975158691,0.6008517146110535,3.0,5.0,30352.0,6.894,417208917.0
-2.371201276779175,1.571249961853027,-0.4505312740802765,12.0,6.0,30353.0,2.88,417208919.0
-5.673537731170654,3.760931491851807,0.8357799649238586,17.0,7.0,30354.0,6.858000000000001,417208922.0
-5.429687023162842,3.600649356842041,-0.799950361251831,18.0,8.0,30355.0,6.564,417208924.0
-32.32109451293945,21.44157409667969,6.143181324005127,0.0,9.0,30356.0,39.27,417208926.0
-6.561398029327393,4.352782726287842,-0.6888790130615234,10.0,10.0,30356.0,7.904,417208929.0
-5.834916114807129,3.872306823730469,1.361231327056885,7.0,11.0,30357.0,7.134,417208931.0
-6.592550754547119,4.376764297485352,-0.4147101044654846,20.0,12.0,30358.0,7.924,417208933.0
-5.800176620483398,3.852169275283813,1.607500195503235,4.0,13.0,30359.0,7.146,417208935.0
-6.614052772521973,4.394366264343262,-0.1386070102453232,7.0,14.0,30360.0,7.942,417208938.0
-5.866706848144531,3.897830486297607,1.887308478355408,2.0,15.0,30360.0,7.292,417208940.0
-5.94992208480835,3.966604471206665,0.1248196139931679,20.0,1.0,30369.0,7.152,417208963.0
-0.5836544632911682,0.3892491459846497,-0.1619647592306137,2.0,2.0,30370.0,0.72,417208965.0
-6.002762794494629,4.00485897064209,0.3781796097755432,5.0,3.0,30371.0,7.226,417208968.0
-1.019083976745605,0.6799015402793884,-0.2381296306848526,4.0,4.0,30371.0,1.248,417208970.0
-32.34338760375977,21.58667373657227,3.402037143707275,3.0,5.0,30372.0,39.034,417208972.0
-2.380487680435181,1.589389443397522,-0.4533470869064331,8.0,6.0,30373.0,2.898,417208975.0
-5.624058723449707,3.75645637512207,0.8304176926612854,20.0,7.0,30374.0,6.814,417208977.0
-5.412133693695068,3.61627197265625,-0.7992191314697266,16.0,8.0,30375.0,6.558,417208979.0
-32.79293060302734,21.91981506347656,6.247366905212402,0.0,9.0,30376.0,39.936,417208982.0
-6.537881851196289,4.370123863220215,-0.6880074143409729,16.0,10.0,30376.0,7.894,417208984.0
-9.86873722076416,6.599063396453857,2.307643890380859,4.0,11.0,30377.0,12.094,417208986.0
-6.565612316131592,4.391976356506348,-0.4139774143695831,20.0,12.0,30378.0,7.91,417208988.0
-5.781836032867432,3.869140863418579,1.606150507926941,9.0,13.0,30379.0,7.140000000000001,417208991.0
-24.05001258850098,16.1000804901123,-0.50517737865448,34.0,14.0,30380.0,28.946,417208993.0
-5.840222358703613,3.909687995910645,1.883167386054993,3.0,15.0,30380.0,7.276,417208995.0
-0.4795471429824829,0.3219994008541107,-0.1547737866640091,1.0,0.0,30388.0,0.598,417209016.0
-5.919440269470215,3.976199150085449,0.1244705617427826,20.0,1.0,30389.0,7.132000000000001,417209018.0
-0.6502262353897095,0.4369339048862457,-0.1808606535196304,2.0,2.0,30390.0,0.804,417209021.0
-32.05590438842773,21.54067230224609,2.024040699005127,5.0,3.0,30390.0,38.674,417209023.0
-1.032997846603394,0.6944074630737305,-0.2419458031654358,4.0,4.0,30391.0,1.268,417209025.0
-32.24138641357422,21.68165397644043,3.399248361587524,3.0,5.0,30392.0,39.002,417209028.0
-2.388037204742432,1.606510043144226,-0.4558500349521637,6.0,6.0,30393.0,2.914,417209030.0
-5.647143363952637,3.800448179244995,0.8357799649238586,16.0,7.0,30394.0,6.858000000000001,417209032.0
-5.401124000549316,3.636250495910645,-0.7994629144668579,13.0,8.0,30395.0,6.56,417209034.0
-5.787622928619385,3.896456718444824,1.105053067207336,4.0,9.0,30395.0,7.064,417209037.0
-6.507714748382568,4.382901668548584,-0.6864386200904846,16.0,10.0,30396.0,7.876,417209039.0
-6.551898002624512,4.415984153747559,-0.4140820801258087,20.0,12.0,30398.0,7.912,417209044.0
-5.803842067718506,3.913267374038696,1.616048336029053,3.0,13.0,30399.0,7.184,417209046.0
-5.876981258392334,3.964073896408081,-0.123737558722496,7.0,14.0,30400.0,7.09,417209048.0
-5.83454704284668,3.935451745986938,1.88575553894043,3.0,15.0,30400.0,7.286,417209051.0
-0.6841979622840881,0.4632368385791779,-0.1907584965229034,2.0,2.0,30410.0,0.848,417209076.0
-31.96846961975098,21.65241813659668,2.023517370223999,5.0,3.0,30411.0,38.664,417209078.0
-1.053324580192566,0.7134225368499756,-0.2472884505987167,4.0,4.0,30411.0,1.296,417209081.0
-5.888460159301758,3.989785671234131,0.6222919821739197,3.0,5.0,30412.0,7.140000000000001,417209083.0
-2.413482904434204,1.635894417762756,-0.4617945551872253,6.0,6.0,30413.0,2.952,417209085.0
-5.627271175384521,3.815680980682373,0.8348050117492676,16.0,7.0,30414.0,6.850000000000001,417209087.0
-5.36539888381958,3.639480829238892,-0.7960505485534668,10.0,8.0,30415.0,6.532,417209090.0
-5.760226249694824,3.908769845962524,1.102550148963928,22.0,9.0,30416.0,7.048,417209092.0
-6.487430095672607,4.40223503112793,-0.6859157085418701,10.0,10.0,30416.0,7.87,417209094.0
-9.850041389465332,6.686543941497803,2.314131498336792,24.0,11.0,30417.0,12.128,417209097.0
-6.531486511230469,4.435461521148682,-0.413768082857132,19.0,12.0,30418.0,7.906000000000001,417209099.0
-5.856236934661865,3.978400707244873,1.634494304656982,4.0,13.0,30419.0,7.266,417209101.0
-5.891224384307861,4.003672122955322,-0.1243309453129768,15.0,14.0,30420.0,7.124000000000001,417209104.0
-5.820084095001221,3.956809997558594,1.88575553894043,3.0,15.0,30421.0,7.286,417209106.0
-0.4772875010967255,0.3253393769264221,-0.1547737866640091,1.0,0.0,30428.0,0.598,417209127.0
-30.82235336303711,21.01770210266113,0.6511842012405396,3.0,1.0,30429.0,37.312,417209129.0
-0.6471600532531738,0.4414626657962799,-0.1808606535196304,2.0,2.0,30430.0,0.804,417209131.0
-31.87834167480469,21.74592971801758,2.022366046905518,8.0,3.0,30430.0,38.642,417209134.0
-1.0767742395401,0.7348009943962097,-0.2533943355083466,4.0,4.0,30431.0,1.328,417209136.0
-5.853105545043945,3.995712518692017,0.6200259327888489,4.0,5.0,30432.0,7.114,417209138.0
-2.459958553314209,1.679957985877991,-0.4718063473701477,3.0,6.0,30433.0,3.016,417209140.0
-5.599165439605713,3.825222492218018,0.8326113820075989,11.0,7.0,30434.0,6.832,417209143.0
-5.332995414733887,3.64474630355835,-0.7931256890296936,10.0,8.0,30435.0,6.508,417209145.0
-5.743285655975342,3.926623106002808,1.101924419403076,29.0,9.0,30436.0,7.044,417209147.0
-20.02133178710938,13.6883716583252,-2.121893644332886,51.0,10.0,30436.0,24.346,417209150.0
-9.786128044128418,6.693178176879883,2.304590940475464,16.0,11.0,30437.0,12.078,417209152.0
-6.511018753051758,4.454850196838379,-0.4134540557861328,8.0,12.0,30438.0,7.9,417209154.0
-8.706382751464844,5.959153175354004,2.435770034790039,9.0,13.0,30439.0,10.828,417209157.0
-5.862363338470459,4.014044284820557,-0.1240167990326881,14.0,14.0,30440.0,7.106,417209159.0
-5.797366619110107,3.969539880752563,1.882649779319763,3.0,15.0,30440.0,7.274,417209161.0
-30.79165458679199,21.15460586547852,0.6520917415618896,1.0,1.0,30449.0,37.364,417209184.0
-0.6873713135719299,0.4724172353744507,-0.1925581097602844,2.0,2.0,30450.0,0.856,417209186.0
-31.77425956726074,21.83784294128418,2.020586490631104,8.0,3.0,30450.0,38.608,417209189.0
-1.079056024551392,0.7418920397758484,-0.2545391917228699,4.0,4.0,30451.0,1.334,417209191.0
-5.830914497375488,4.010473728179932,0.6191543936729431,5.0,5.0,30452.0,7.104,417209193.0
-2.581014633178711,1.775872588157654,-0.496210128068924,2.0,6.0,30453.0,3.172,417209196.0
-5.564521789550781,3.830112218856812,0.8294427394866943,8.0,7.0,30454.0,6.806,417209198.0
-9.566295623779297,6.587031841278076,-1.426115036010742,5.0,8.0,30455.0,11.702,417209200.0
-5.724663734436035,3.943285226821899,1.100985765457153,9.0,9.0,30456.0,7.038,417209203.0
-19.96194458007812,13.75026416778564,-2.120673418045044,34.0,10.0,30456.0,24.332,417209205.0
-5.763213157653809,3.971322298049927,1.360468149185181,13.0,11.0,30457.0,7.13,417209207.0
-9.059067726135254,6.244766235351562,-0.5766375660896301,4.0,12.0,30458.0,11.018,417209210.0
-8.67911148071289,5.985082626342773,2.43397045135498,12.0,13.0,30459.0,10.82,417209212.0
-5.810457706451416,4.008366107940674,-0.123213991522789,10.0,14.0,30460.0,7.06,417209214.0
-5.851852893829346,4.036922931671143,1.904908180236816,1.0,15.0,30460.0,7.36,417209216.0
-0.4751192927360535,0.3284977078437805,-0.1547737866640091,1.0,0.0,30466.0,0.598,417209237.0
-31.50295448303223,21.78928565979004,0.6686016917228699,9.0,1.0,30467.0,38.31,417209239.0
-0.6858838200569153,0.4745743274688721,-0.1925581097602844,2.0,2.0,30468.0,0.856,417209242.0
-31.68852996826172,21.93399620056152,2.019749164581299,7.0,3.0,30469.0,38.592,417209244.0
-1.086405634880066,0.7519824504852295,-0.2568289041519165,4.0,4.0,30469.0,1.346,417209246.0
-5.798629760742188,4.015161991119385,0.6170626878738403,9.0,5.0,30470.0,7.08,417209249.0
-2.747550487518311,1.903203725814819,-0.5293742418289185,2.0,6.0,30471.0,3.384,417209251.0
-5.544303417205811,3.84192156791687,0.8282240629196167,7.0,7.0,30472.0,6.796,417209253.0
-9.527608871459961,6.604612350463867,-1.423433899879456,2.0,8.0,30473.0,11.68,417209256.0
-10.60765552520752,7.353309154510498,2.044285535812378,7.0,9.0,30473.0,13.068,417209258.0
-10.2622127532959,7.11649751663208,-1.092584371566772,24.0,10.0,30474.0,12.536,417209260.0
-5.753934383392334,3.991646528244019,1.361231327056885,24.0,11.0,30475.0,7.134,417209263.0
-5.820070266723633,4.039031505584717,-0.3712712824344635,4.0,12.0,30476.0,7.094,417209265.0
-8.669870376586914,6.01898717880249,2.436669826507568,12.0,13.0,30477.0,10.832,417209267.0
-5.810976028442383,4.035726070404053,-0.1234932243824005,14.0,14.0,30478.0,7.076000000000001,417209269.0
-7.900923728942871,5.489240169525146,2.577837705612183,3.0,15.0,30479.0,9.96,417209272.0
-0.4739697277545929,0.3301541805267334,-0.1547737866640091,1.0,0.0,30486.0,0.598,417209292.0
-0.6746311187744141,0.470279186964035,-0.189858689904213,2.0,2.0,30488.0,0.844,417209297.0
-31.61234283447266,22.03667449951172,2.019539833068848,7.0,3.0,30488.0,38.588,417209299.0
-1.098267436027527,0.7658770084381104,-0.2602634727954865,4.0,4.0,30489.0,1.364,417209302.0
-5.778042793273926,4.030818462371826,0.6163654327392578,11.0,5.0,30490.0,7.072,417209304.0
-2.953098773956299,2.060876607894897,-0.5703600645065308,3.0,6.0,30491.0,3.646,417209306.0
-5.521092891693115,3.854433536529541,0.8267616033554077,8.0,7.0,30492.0,6.784,417209309.0
-10.32149219512939,7.208410263061523,-1.545790791511536,11.0,8.0,30493.0,12.684,417209311.0
-10.54176998138428,7.364986896514893,2.036776781082153,14.0,9.0,30494.0,13.02,417209313.0
-9.554604530334473,6.675305843353271,-1.01972222328186,11.0,10.0,30494.0,11.7,417209316.0
-5.728701591491699,4.003834247589111,1.358560085296631,19.0,11.0,30495.0,7.12,417209318.0
-5.805935859680176,4.059322357177734,-0.3712712824344635,16.0,12.0,30496.0,7.094,417209320.0
-8.607288360595703,6.020174026489258,2.424972295761108,6.0,13.0,30497.0,10.78,417209322.0
-5.793576240539551,4.053692817687988,-0.1234234198927879,10.0,14.0,30498.0,7.072,417209325.0
-7.870635986328125,5.509031772613525,2.574214220046997,8.0,15.0,30499.0,9.946,417209327.0
-0.4728143811225891,0.3318066298961639,-0.1547737866640091,1.0,0.0,30506.0,0.598,417209348.0
-5.80520486831665,4.075427055358887,0.1238073706626892,16.0,1.0,30507.0,7.094,417209350.0
-0.6666064262390137,0.4681513011455536,-0.188059076666832,2.0,2.0,30508.0,0.836,417209352.0
-31.53522682189941,22.14688873291016,2.019539833068848,7.0,3.0,30508.0,38.588,417209355.0
-1.12129020690918,0.7877636551856995,-0.2663693428039551,4.0,4.0,30509.0,1.396,417209357.0
-5.790018558502197,4.06929349899292,0.6191543936729431,16.0,5.0,30510.0,7.104,417209359.0
-4.157853603363037,2.923272848129272,-0.8050117492675781,3.0,6.0,30511.0,5.146,417209362.0
-5.481625080108643,3.855410099029541,0.8228617906570435,8.0,7.0,30512.0,6.752,417209364.0
-10.13554096221924,7.131308555603027,-1.521660566329956,21.0,8.0,30513.0,12.486,417209366.0
-10.50759506225586,7.393084049224854,2.034899473190308,18.0,9.0,30513.0,13.008,417209369.0
-9.514951705932617,6.69714879989624,-1.017979025840759,12.0,10.0,30514.0,11.68,417209371.0
-9.408371925354004,6.624587535858154,2.236663103103638,5.0,11.0,30515.0,11.722,417209373.0
-5.796629428863525,4.083014965057373,-0.3715852797031403,15.0,12.0,30516.0,7.100000000000001,417209375.0
-5.714058876037598,4.026346206665039,1.613798856735229,13.0,13.0,30517.0,7.174,417209378.0
-23.54742240905762,16.59857177734375,-0.5028736591339111,45.0,14.0,30518.0,28.814,417209380.0
-7.846621513366699,5.53313159942627,2.572661399841309,17.0,15.0,30519.0,9.94,417209382.0
-0.5032020211219788,0.3557597100734711,-0.1651265472173691,1.0,0.0,30526.0,0.638,417209403.0
-5.797473907470703,4.100284576416016,0.123946987092495,13.0,1.0,30527.0,7.102,417209405.0
-0.6267881989479065,0.4434624016284943,-0.1772614270448685,2.0,2.0,30528.0,0.788,417209408.0
-31.43816375732422,22.24298858642578,2.018283843994141,6.0,3.0,30528.0,38.564,417209410.0
-1.126546025276184,0.797343909740448,-0.2682774364948273,4.0,4.0,30529.0,1.406,417209412.0
-5.788787364959717,4.098690032958984,0.6205489039421082,15.0,5.0,30530.0,7.12,417209415.0
-4.274970531463623,3.027968406677246,-0.8297284245491028,3.0,6.0,30531.0,5.304,417209417.0
-31.80782508850098,22.53786849975586,4.786540508270264,2.0,7.0,30532.0,39.276,417209419.0
-10.10248851776123,7.160904884338379,-1.520441889762878,24.0,8.0,30533.0,12.476,417209422.0
-10.48655891418457,7.433144092559814,2.03583812713623,18.0,9.0,30533.0,13.014,417209424.0
-19.73552894592285,13.99422836303711,-2.116664409637451,54.0,10.0,30534.0,24.286,417209426.0
-9.34355640411377,6.627855777740479,2.226741075515747,7.0,11.0,30535.0,11.67,417209428.0
-5.767682552337646,4.092821598052979,-0.3706432282924652,16.0,12.0,30536.0,7.082,417209431.0
-5.692024230957031,4.040627002716064,1.611549377441406,19.0,13.0,30537.0,7.164000000000001,417209433.0
-23.48933982849121,16.68066787719727,-0.5028736591339111,100.0,14.0,30538.0,28.814,417209435.0
-7.808360576629639,5.547061920166016,2.566449642181396,5.0,15.0,30539.0,9.916,417209438.0
-0.5019571185112,0.3575140535831451,-0.1651265472173691,1.0,0.0,30546.0,0.638,417209458.0
-31.14191436767578,22.18871879577637,0.6674498319625854,11.0,1.0,30547.0,38.244,417209461.0
-0.6728432774543762,0.4795801639556885,-0.1907584965229034,2.0,2.0,30548.0,0.848,417209463.0
-1.136543989181519,0.8103896975517273,-0.2713303864002228,4.0,4.0,30549.0,1.422,417209468.0
-5.784177303314209,4.125813484191895,0.6215947866439819,15.0,5.0,30550.0,7.132000000000001,417209470.0
-4.492708683013916,3.205801248550415,-0.8741558194160461,1.0,6.0,30551.0,5.588,417209472.0
-31.70795440673828,22.63376808166504,4.783371925354004,4.0,7.0,30552.0,39.25,417209474.0
-10.04512119293213,7.173053741455078,-1.515567183494568,15.0,8.0,30553.0,12.436,417209477.0
-10.43643474578857,7.452484607696533,2.031145095825195,18.0,9.0,30553.0,12.984,417209479.0
-19.66386222839355,14.04681968688965,-2.114223957061768,48.0,10.0,30554.0,24.258,417209481.0
-9.28841781616211,6.637601375579834,2.219108581542969,10.0,11.0,30555.0,11.63,417209484.0
-23.30915260314941,16.66311264038086,-1.501623272895813,21.0,12.0,30556.0,28.692,417209486.0
-5.688980579376221,4.068406581878662,1.614698648452759,19.0,13.0,30557.0,7.178,417209488.0
-6.404605865478516,4.58186674118042,-0.1374551504850388,14.0,14.0,30558.0,7.876,417209491.0
-5.736387252807617,4.103822231292725,1.889896631240845,11.0,15.0,30558.0,7.302,417209493.0
-0.4693138599395752,0.3367396295070648,-0.1547737866640091,1.0,0.0,30566.0,0.598,417209514.0
-31.03827857971191,22.27863121032715,0.66689133644104,11.0,1.0,30567.0,38.212,417209516.0
-0.6933262348175049,0.49783855676651,-0.1970571279525757,2.0,2.0,30568.0,0.876,417209518.0
-5.819362163543701,4.178556442260742,0.375458151102066,18.0,3.0,30568.0,7.174,417209521.0
-1.157626152038574,0.8315324783325195,-0.2770546674728394,4.0,4.0,30569.0,1.452,417209523.0
-5.67913293838501,4.080871105194092,0.6118333339691162,6.0,5.0,30570.0,7.02,417209525.0
-31.62875556945801,22.74431228637695,4.783371925354004,4.0,7.0,30572.0,39.25,417209530.0
-10.03130149841309,7.216188430786133,-1.517273306846619,15.0,8.0,30573.0,12.45,417209532.0
-10.39432144165039,7.477333545684814,2.028016328811646,11.0,9.0,30573.0,12.964,417209534.0
-19.61309242248535,14.11421012878418,-2.114049673080444,25.0,10.0,30574.0,24.256,417209537.0
-9.23969841003418,6.651630878448486,2.213002681732178,13.0,11.0,30575.0,11.598,417209539.0
-23.239501953125,16.7362060546875,-1.500890612602234,73.0,12.0,30576.0,28.678,417209541.0
-8.185609817504883,5.897134780883789,2.329143285751343,6.0,13.0,30577.0,10.354,417209544.0
-6.398306846618652,4.611210346221924,-0.1376645863056183,21.0,14.0,30578.0,7.888,417209546.0
-5.711905002593994,4.118040561676025,1.886790871620178,17.0,15.0,30579.0,7.29,417209548.0
-0.4681946039199829,0.3382940888404846,-0.1547737866640091,1.0,0.0,30585.0,0.598,417209569.0
-30.93667793273926,22.36152267456055,0.666297972202301,12.0,1.0,30586.0,38.178,417209571.0
-0.7011464834213257,0.506986141204834,-0.199756532907486,2.0,2.0,30587.0,0.888,417209574.0
-31.15658569335938,22.53703689575195,2.01524829864502,1.0,3.0,30588.0,38.506,417209576.0
-1.16917884349823,0.8457225561141968,-0.2804892361164093,4.0,4.0,30588.0,1.47,417209578.0
-5.584863185882568,4.041281223297119,0.6031177639961243,4.0,5.0,30589.0,6.92,417209580.0
-6.290140151977539,4.553301811218262,-1.229887723922729,2.0,6.0,30590.0,7.862,417209583.0
-9.380352020263672,6.795233726501465,-1.422215223312378,3.0,8.0,30592.0,11.67,417209587.0
-5.557472229003906,4.025896072387695,1.086906671524048,8.0,9.0,30592.0,6.948,417209590.0
-9.088839530944824,6.588897705078125,2.18209171295166,10.0,11.0,30594.0,11.436,417209594.0
-9.474684715270996,6.871136665344238,-0.6133773922920227,7.0,12.0,30595.0,11.72,417209597.0
-8.12026596069336,5.891061305999756,2.316096067428589,9.0,13.0,30596.0,10.296,417209599.0
-23.27263259887695,16.88994598388672,-0.5019311904907227,84.0,14.0,30597.0,28.76,417209601.0
-5.683304786682129,4.124618053436279,1.881614446640015,16.0,15.0,30597.0,7.27,417209604.0
-0.504496693611145,0.3672114014625549,-0.1671971082687378,1.0,0.0,30605.0,0.646,417209624.0
-6.403177738189697,4.662433624267578,0.1382579654455185,5.0,1.0,30606.0,7.922000000000001,417209627.0
-0.6804705262184143,0.4956620931625366,-0.1943577080965042,2.0,2.0,30607.0,0.864,417209629.0
-31.07126998901367,22.64095115661621,2.014829635620117,5.0,3.0,30608.0,38.498,417209631.0
-1.188433289527893,0.8659852147102356,-0.2858318686485291,4.0,4.0,30608.0,1.498,417209633.0
-5.408108711242676,3.942214965820312,0.5855122804641724,4.0,5.0,30609.0,6.718,417209636.0
-6.60938549041748,4.819646835327148,-1.295590281486511,2.0,6.0,30610.0,8.282,417209638.0
-5.475135326385498,3.994001388549805,0.832123875617981,6.0,7.0,30611.0,6.828,417209640.0
-5.448546409606934,3.977519750595093,1.068447351455688,13.0,9.0,30613.0,6.83,417209645.0
-8.873941421508789,6.480483531951904,2.135915994644165,12.0,11.0,30614.0,11.194,417209650.0
-9.45386791229248,6.906524181365967,-0.6135867238044739,13.0,12.0,30615.0,11.724,417209652.0
-8.093358993530273,5.91477108001709,2.31429648399353,10.0,13.0,30616.0,10.288,417209654.0
-23.20869064331055,16.96753883361816,-0.5018264651298523,95.0,14.0,30617.0,28.754,417209657.0
-5.682183265686035,4.155684471130371,1.886273145675659,16.0,15.0,30618.0,7.288,417209659.0
-0.4658214747905731,0.3415544331073761,-0.1547737866640091,1.0,0.0,30625.0,0.598,417209680.0
-6.390088558197021,4.687121868133545,0.1383277773857117,22.0,1.0,30626.0,7.926,417209682.0
-0.6787362098693848,0.4980343878269196,-0.1943577080965042,2.0,2.0,30627.0,0.864,417209684.0
-6.443460941314697,4.729730606079102,0.4188970029354095,3.0,3.0,30628.0,8.004,417209686.0
-1.213890910148621,0.8910393118858337,-0.2927010059356689,4.0,4.0,30628.0,1.534,417209689.0
-5.485852718353271,4.028285503387451,0.5954480171203613,9.0,5.0,30629.0,6.832,417209691.0
-7.810410499572754,5.737317085266113,-1.534934997558594,2.0,6.0,30630.0,9.812,417209693.0
-5.806682109832764,4.266992568969727,0.8847714066505432,11.0,7.0,30631.0,7.26,417209696.0
-9.321488380432129,6.852324485778809,-1.420509099960327,18.0,8.0,30632.0,11.656,417209698.0
-10.31677436828613,7.583970069885254,2.028016328811646,18.0,9.0,30632.0,12.964,417209700.0
-10.031907081604,7.377258777618408,-1.089446783065796,28.0,10.0,30633.0,12.5,417209703.0
-8.83545207977295,6.499785900115967,2.132099628448486,15.0,11.0,30634.0,11.174,417209705.0
-23.04502105712891,16.95923233032227,-1.499529838562012,17.0,12.0,30635.0,28.652,417209707.0
-8.055400848388672,5.930277347564697,2.309347629547119,13.0,13.0,30636.0,10.266,417209710.0
-23.1461009979248,17.04607772827148,-0.5017566680908203,95.0,14.0,30637.0,28.75,417209712.0
-5.676148891448975,4.180232048034668,1.888861417770386,14.0,15.0,30637.0,7.298,417209714.0
-0.4521948993206024,0.3339963555335999,-0.1506326794624329,1.0,0.0,30645.0,0.582,417209735.0
-6.370471954345703,4.707022190093994,0.1382579654455185,13.0,1.0,30646.0,7.922000000000001,417209737.0
-0.6895305514335632,0.5096672773361206,-0.1979569345712662,2.0,2.0,30647.0,0.88,417209739.0
-6.422093868255615,4.748631477355957,0.4185829758644104,16.0,3.0,30648.0,7.998,417209742.0
-1.229716181755066,0.9092779755592346,-0.2972804009914398,4.0,4.0,30648.0,1.558,417209744.0
-5.37084436416626,3.972765445709229,0.5844663977622986,7.0,5.0,30649.0,6.706,417209746.0
-8.088865280151367,5.985445022583008,-1.593754291534424,1.0,6.0,30650.0,10.188,417209749.0
-9.271986961364746,6.865919589996338,-1.416609287261963,18.0,8.0,30652.0,11.624,417209753.0
-10.27303600311279,7.609973907470703,2.024887800216675,13.0,9.0,30653.0,12.944,417209756.0
-10.19340896606445,7.550988674163818,-1.109841227531433,29.0,10.0,30653.0,12.734,417209758.0
-8.80482292175293,6.524743556976318,2.130191564559937,17.0,11.0,30654.0,11.164,417209760.0
-6.286325454711914,4.660130977630615,-0.4101045429706573,13.0,12.0,30655.0,7.836,417209762.0
-7.66837215423584,5.686733722686768,2.204070329666138,6.0,13.0,30656.0,9.798,417209765.0
-5.682507991790771,4.21712589263916,1.896108269691467,20.0,15.0,30658.0,7.326000000000001,417209769.0
-0.4819620549678802,0.3587203025817871,-0.1609854400157928,1.0,0.0,30666.0,0.622,417209790.0
-6.366008281707764,4.739893436431885,0.13853719830513,24.0,1.0,30667.0,7.938,417209792.0
-0.6939092874526978,0.5168473720550537,-0.199756532907486,4.0,2.0,30668.0,0.888,417209795.0
-5.780037403106689,4.306737899780273,0.3777609467506409,18.0,3.0,30669.0,7.218,417209797.0
-1.237395286560059,0.921990156173706,-0.2999517321586609,4.0,4.0,30669.0,1.572,417209799.0
-5.338675498962402,3.979326009750366,0.582548975944519,9.0,5.0,30670.0,6.684,417209802.0
-11.38610458374023,8.490032196044922,-2.2495276927948,8.0,6.0,30671.0,14.38,417209804.0
-5.774408340454102,4.307247638702393,0.8845276832580566,18.0,7.0,30672.0,7.258,417209806.0
-9.251532554626465,6.90341854095459,-1.417340517044067,21.0,8.0,30673.0,11.63,417209809.0
-10.24640941619873,7.645787239074707,2.024887800216675,16.0,9.0,30673.0,12.944,417209811.0
-19.31587982177734,14.41860103607178,-2.10882043838501,11.0,10.0,30674.0,24.196,417209813.0
-8.785568237304688,6.560494899749756,2.131336450576782,16.0,11.0,30675.0,11.17,417209815.0
-6.246801376342773,4.666406631469727,-0.408639132976532,11.0,12.0,30676.0,7.808,417209818.0
-7.620940685272217,5.694970607757568,2.196422100067139,7.0,13.0,30677.0,9.764,417209820.0
-6.116651058197021,4.572510719299316,-0.1333014816045761,8.0,14.0,30678.0,7.638,417209822.0
-5.647637844085693,4.221899032592773,1.889379024505615,21.0,15.0,30678.0,7.3,417209825.0
-0.4899810552597046,0.3673535585403442,-0.1640912741422653,1.0,0.0,30686.0,0.634,417209845.0
-6.335026741027832,4.751287460327148,0.1382230520248413,8.0,1.0,30687.0,7.92,417209848.0
-0.7357469797134399,0.5520129203796387,-0.2123537957668304,1.0,2.0,30688.0,0.9440000000000001,417209850.0
-5.718644618988037,4.292119026184082,0.3747254610061646,16.0,3.0,30689.0,7.16,417209852.0
-1.265573263168335,0.9498739242553711,-0.3075841069221497,4.0,4.0,30689.0,1.612,417209855.0
-5.302446365356445,3.981189489364624,0.580108642578125,12.0,5.0,30690.0,6.656000000000001,417209857.0
-11.37851238250732,8.546334266662598,-2.253907680511475,8.0,6.0,30691.0,14.408,417209859.0
-5.68950891494751,4.274910449981689,0.8738031983375549,7.0,7.0,30692.0,7.17,417209862.0
-9.238487243652344,6.944019317626953,-1.419046640396118,15.0,8.0,30693.0,11.644,417209864.0
-10.2167387008667,7.682103633880615,2.024574756622314,21.0,9.0,30694.0,12.942,417209866.0
-19.25746917724609,14.47995185852051,-2.107948780059814,54.0,10.0,30694.0,24.186,417209868.0
-8.768890380859375,6.595842838287354,2.13286304473877,16.0,11.0,30695.0,11.178,417209871.0
-6.241646289825439,4.696589469909668,-0.4093718528747559,11.0,12.0,30696.0,7.822,417209873.0
-7.685090065002441,5.784824371337891,2.220716714859009,4.0,13.0,30697.0,9.872,417209875.0
-6.16295337677002,4.640746593475342,-0.1346627622842789,7.0,14.0,30698.0,7.716,417209878.0
-5.630582809448242,4.241407871246338,1.888861417770386,18.0,15.0,30699.0,7.298,417209880.0
-0.4764255285263062,0.359664648771286,-0.1599501669406891,1.0,0.0,30705.0,0.618,417209901.0
-30.37541770935059,22.93943023681641,0.6644130945205688,3.0,1.0,30706.0,38.07,417209903.0
-0.7168084979057312,0.5415282249450684,-0.2074048668146133,4.0,2.0,30707.0,0.922,417209905.0
-5.694819450378418,4.303833961486816,0.3740974068641663,16.0,3.0,30708.0,7.148000000000001,417209908.0
-1.271813988685608,0.9611676931381226,-0.3098738193511963,4.0,4.0,30708.0,1.624,417209910.0
-5.287626266479492,3.997549533843994,0.579934298992157,18.0,5.0,30709.0,6.654,417209912.0
-16.39179992675781,12.39702129364014,-3.255088329315186,5.0,6.0,30710.0,20.808,417209915.0
-5.597731113433838,4.235066890716553,0.8618599772453308,7.0,7.0,30711.0,7.072,417209917.0
-10.07173633575439,7.622722148895264,-1.550909280776978,5.0,8.0,30712.0,12.726,417209919.0
-10.18310356140137,7.707009792327881,2.022697687149048,22.0,9.0,30712.0,12.93,417209921.0
-19.20458221435547,14.54012393951416,-2.107425928115845,46.0,10.0,30713.0,24.18,417209924.0
-8.372926712036133,6.341588497161865,2.041656255722046,6.0,11.0,30714.0,10.7,417209926.0
-6.214893817901611,4.708818435668945,-0.408639132976532,17.0,12.0,30715.0,7.808,417209928.0
-7.90503454208374,5.991554260253906,2.290001630783081,9.0,13.0,30716.0,10.18,417209931.0
-6.114067554473877,4.635786056518555,-0.1339297741651535,7.0,14.0,30717.0,7.674,417209933.0
-5.635703086853027,4.273082256317139,1.895073056221008,7.0,15.0,30717.0,7.322,417209935.0
-0.4874692261219025,0.3706802129745483,-0.1640912741422653,1.0,0.0,30725.0,0.634,417209956.0
-5.640454292297363,4.29065465927124,0.12370266020298,10.0,1.0,30726.0,7.088,417209958.0
-0.7087106704711914,0.539306640625,-0.2056052684783936,4.0,2.0,30727.0,0.914,417209961.0
-5.682940006256104,4.326106071472168,0.3743067681789398,5.0,3.0,30728.0,7.152,417209963.0
-1.323125839233398,1.007222056388855,-0.3232304453849792,4.0,4.0,30728.0,1.694,417209965.0
-5.281565189361572,4.022017955780029,0.5808058977127075,14.0,5.0,30729.0,6.664,417209968.0
-16.13943672180176,12.29495525360107,-3.213476896286011,3.0,6.0,30730.0,20.542,417209970.0
-5.559230327606201,4.236532211303711,0.8582038879394531,11.0,7.0,30731.0,7.042,417209972.0
-16.30606460571289,12.43089008331299,-2.517576932907104,10.0,8.0,30732.0,20.658,417209974.0
-10.12337303161621,7.72032356262207,2.016440153121948,22.0,9.0,30733.0,12.89,417209977.0
-9.206137657165527,7.020818710327148,-1.012924075126648,4.0,10.0,30733.0,11.622,417209979.0
-8.313278198242188,6.342197418212891,2.032497406005859,8.0,11.0,30734.0,10.652,417209981.0
-6.222234725952148,4.748659610748291,-0.4102092385292053,15.0,12.0,30735.0,7.838,417209984.0
-7.888718605041504,6.022658824920654,2.291351556777954,12.0,13.0,30736.0,10.186,417209986.0
-6.062885761260986,4.630397796630859,-0.1331618577241898,7.0,14.0,30737.0,7.63,417209988.0
-7.219578742980957,5.515792369842529,2.434452056884766,7.0,15.0,30738.0,9.406,417209991.0
-0.495374321937561,0.3794277310371399,-0.1671971082687378,1.0,0.0,30745.0,0.646,417210011.0
-5.633378982543945,4.316398620605469,0.1238771826028824,23.0,1.0,30746.0,7.098,417210014.0
-0.7408503293991089,0.5678583979606628,-0.2155031114816666,3.0,2.0,30747.0,0.9580000000000001,417210016.0
-30.40263557434082,23.31190490722656,2.007816553115845,9.0,3.0,30748.0,38.364,417210018.0
-1.336739540100098,1.024975180625916,-0.3274282217025757,4.0,4.0,30748.0,1.716,417210021.0
-5.270655632019043,4.042854785919189,0.581154465675354,10.0,5.0,30749.0,6.668,417210023.0
-9.022207260131836,6.922983169555664,-1.801186442375183,2.0,6.0,30750.0,11.514,417210025.0
-5.564878940582275,4.27162504196167,0.8613725304603577,11.0,7.0,30751.0,7.068000000000001,417210027.0
-9.736446380615234,7.476439476013184,-1.507279992103577,17.0,8.0,30752.0,12.368,417210030.0
-10.06011390686035,7.724977493286133,2.008931398391724,21.0,9.0,30752.0,12.842,417210032.0
-9.21949577331543,7.082040309906006,-1.017107486724854,18.0,10.0,30753.0,11.67,417210034.0
-8.390719413757324,6.447736740112305,2.056921005249023,5.0,11.0,30754.0,10.78,417210037.0
-6.207204341888428,4.771567344665527,-0.4103139042854309,11.0,12.0,30755.0,7.84,417210039.0
-7.864558219909668,6.047782897949219,2.290451526641846,15.0,13.0,30756.0,10.182,417210041.0
-6.005476474761963,4.619832038879395,-0.1322543323040009,7.0,14.0,30757.0,7.578,417210044.0
-7.221153259277344,5.555016040802002,2.441181182861328,9.0,15.0,30757.0,9.432,417210046.0
-0.4940468668937683,0.3811545968055725,-0.1671971082687378,1.0,0.0,30765.0,0.646,417210067.0
-5.621443748474121,4.338479995727539,0.123946987092495,20.0,1.0,30766.0,7.102,417210069.0
-0.7296085357666016,0.5632956027984619,-0.2128036916255951,3.0,2.0,30767.0,0.9460000000000001,417210071.0
-10.2192554473877,7.892641544342041,0.676703929901123,10.0,3.0,30768.0,12.93,417210074.0
-1.358014225959778,1.048835635185242,-0.3335341215133667,4.0,4.0,30768.0,1.748,417210076.0
-5.247051239013672,4.053919315338135,0.580108642578125,9.0,5.0,30769.0,6.656000000000001,417210078.0
-5.184353351593018,4.006923675537109,-1.037786245346069,4.0,6.0,30770.0,6.634,417210080.0
-5.543652534484863,4.286167621612549,0.8603975772857666,7.0,7.0,30771.0,7.06,417210083.0
-9.722850799560547,7.520096302032471,-1.509229898452759,24.0,8.0,30772.0,12.384,417210085.0
-10.00027370452881,7.734667301177979,2.002361059188843,23.0,9.0,30772.0,12.8,417210087.0
-9.191566467285156,7.111740589141846,-1.016758918762207,22.0,10.0,30773.0,11.666,417210090.0
-8.590173721313477,6.648825168609619,2.111492395401001,7.0,11.0,30774.0,11.066,417210092.0
-10.0769510269165,7.802409172058105,-0.6679114699363708,2.0,12.0,30775.0,12.762,417210094.0
-7.866508960723877,6.093098640441895,2.297200202941895,16.0,13.0,30776.0,10.212,417210097.0
-5.941892147064209,4.604022979736328,-0.1312071979045868,7.0,14.0,30777.0,7.518,417210099.0
-7.307087421417236,5.661832332611084,2.476898193359375,40.0,15.0,30777.0,9.57,417210101.0
-0.4957642257213593,0.3852475583553314,-0.1682323813438416,3.0,0.0,30785.0,0.65,417210122.0
-5.603107929229736,4.355621814727783,0.1238771826028824,20.0,1.0,30786.0,7.098,417210124.0
-0.7476363778114319,0.5813905596733093,-0.2186524271965027,3.0,2.0,30787.0,0.972,417210127.0
-10.17903137207031,7.918454647064209,0.6758665442466736,11.0,3.0,30788.0,12.914,417210129.0
-1.385336756706238,1.077678799629211,-0.3411664962768555,4.0,4.0,30788.0,1.788,417210131.0
-5.231296062469482,4.070986747741699,0.579934298992157,7.0,5.0,30789.0,6.654,417210133.0
-5.058105945587158,3.937628030776978,-1.015259623527527,19.0,6.0,30790.0,6.49,417210136.0
-11.20766925811768,8.728074073791504,1.744194030761719,10.0,7.0,30791.0,14.312,417210138.0
-16.09356689453125,12.53752422332764,-2.504902601242065,18.0,8.0,30792.0,20.554,417210140.0
-9.948486328125,7.753054141998291,1.997668147087097,21.0,9.0,30793.0,12.77,417210143.0
-9.143113136291504,7.125411033630371,-1.0141441822052,16.0,10.0,30793.0,11.636,417210145.0
-8.576202392578125,6.686012268066406,2.113782167434692,7.0,11.0,30794.0,11.078,417210147.0
-10.08272838592529,7.863330364227295,-0.6701095700263977,4.0,12.0,30795.0,12.804,417210150.0
-7.556336879730225,5.895166397094727,2.212618589401245,7.0,13.0,30796.0,9.836,417210152.0
-5.662521839141846,4.41927433013916,-0.1253780871629715,7.0,14.0,30797.0,7.184,417210154.0
-7.351243019104004,5.737224578857422,2.498639106750488,29.0,15.0,30797.0,9.654,417210156.0
-0.5081079602241516,0.3976920247077942,-0.1728911250829697,3.0,0.0,30805.0,0.668,417210177.0
-5.568975925445557,4.360360145568848,0.1234583258628845,17.0,1.0,30806.0,7.074,417210180.0
-0.7670806050300598,0.6008197069168091,-0.2249510586261749,3.0,2.0,30807.0,1.0,417210182.0
-10.1843433380127,7.979806423187256,0.6780646443367004,11.0,3.0,30808.0,12.956,417210184.0
-1.421746253967285,1.113990306854248,-0.3510885536670685,4.0,4.0,30808.0,1.84,417210186.0
-5.267232894897461,4.128553867340088,0.5855122804641724,4.0,5.0,30809.0,6.718,417210189.0
-5.002358913421631,3.922350406646729,-1.006812214851379,10.0,6.0,30810.0,6.436,417210191.0
-11.08966636657715,8.698534965515137,1.730544686317444,5.0,7.0,30811.0,14.2,417210193.0
-16.14809226989746,12.67082595825195,-2.520257949829102,9.0,8.0,30812.0,20.68,417210196.0
-9.899608612060547,7.770658016204834,1.993287920951843,22.0,9.0,30813.0,12.742,417210198.0
-16.13313865661621,12.66364288330078,-1.794362425804138,23.0,10.0,30813.0,20.588,417210200.0
-8.531193733215332,6.698933601379395,2.108439445495605,11.0,11.0,30814.0,11.05,417210203.0
-10.06935405731201,7.909581661224365,-0.6710516214370728,3.0,12.0,30815.0,12.822,417210205.0
-7.78394079208374,6.116562843322754,2.285502672195435,10.0,13.0,30816.0,10.16,417210207.0
-5.562166690826416,4.372279644012451,-0.1234932243824005,17.0,14.0,30817.0,7.076000000000001,417210209.0
-7.355981349945068,5.784430027008057,2.507438898086548,30.0,15.0,30818.0,9.688,417210212.0
-0.4930626451969147,0.3886992335319519,-0.1682323813438416,3.0,0.0,30825.0,0.65,417210233.0
-5.555291652679443,4.381011009216309,0.1234932243824005,10.0,1.0,30826.0,7.076000000000001,417210235.0
-0.7466192245483398,0.5890098214149475,-0.2195522338151932,3.0,2.0,30827.0,0.976,417210237.0
-10.16112995147705,8.019020080566406,0.6783786416053772,11.0,3.0,30828.0,12.962,417210239.0
-1.450212955474854,1.144487500190735,-0.3591025173664093,5.0,4.0,30828.0,1.882,417210242.0
-5.351308822631836,4.224692344665527,0.5964938998222351,4.0,5.0,30829.0,6.844,417210244.0
-5.004138946533203,3.952030897140503,-1.00994086265564,13.0,6.0,30830.0,6.456,417210246.0
-11.08571529388428,8.758111953735352,1.734688282012939,6.0,7.0,30831.0,14.234,417210249.0
-16.33893585205078,12.91297626495361,-2.55706262588501,6.0,8.0,30832.0,20.982,417210251.0
-9.587299346923828,7.579746723175049,1.935720086097717,5.0,9.0,30833.0,12.374,417210253.0
-16.12009429931641,12.74459362030029,-1.797848701477051,17.0,10.0,30833.0,20.628,417210256.0
-8.490819931030273,6.715275764465332,2.104241609573364,19.0,11.0,30834.0,11.028,417210258.0
-9.128518104553223,7.222212791442871,-0.6100279092788696,7.0,12.0,30835.0,11.656,417210260.0
-7.654050350189209,6.057829856872559,2.253559589385986,12.0,13.0,30836.0,10.018,417210262.0
-5.543735027313232,4.389185905456543,-0.1234234198927879,17.0,14.0,30837.0,7.072,417210265.0
-7.301923274993896,5.781210422515869,2.495533227920532,24.0,15.0,30837.0,9.642,417210267.0
-0.5007804036140442,0.3976257145404816,-0.1713382005691528,1.0,0.0,30845.0,0.662,417210288.0
-5.552492141723633,4.41032600402832,0.1237724646925926,16.0,1.0,30846.0,7.092000000000001,417210290.0
-0.7811762690544128,0.6207081079483032,-0.2303498834371567,3.0,2.0,30847.0,1.024,417210292.0
-10.13776779174805,8.058168411254883,0.6786926984786987,10.0,3.0,30848.0,12.968,417210295.0
-1.483094453811646,1.178861498832703,-0.3682613670825958,4.0,4.0,30848.0,1.93,417210297.0
-5.408265113830566,4.300387382507324,0.6045122146606445,3.0,5.0,30849.0,6.936,417210299.0
-5.00731897354126,3.983001232147217,-1.013382434844971,13.0,6.0,30850.0,6.478,417210302.0
-9.978615760803223,7.940193176269531,1.56577730178833,2.0,7.0,30851.0,12.848,417210304.0
-16.29531288146973,12.97116756439209,-2.557306289672852,6.0,8.0,30852.0,20.984,417210306.0
-9.503605842590332,7.56763744354248,1.92414391040802,9.0,9.0,30853.0,12.3,417210309.0
-9.682088851928711,7.709761619567871,-1.082822918891907,21.0,10.0,30853.0,12.424,417210311.0
-8.490361213684082,6.763221740722656,2.109965801239014,17.0,11.0,30854.0,11.058,417210313.0
-9.097003936767578,7.249054431915283,-0.6096092462539673,18.0,12.0,30855.0,11.648,417210315.0
-7.727335453033447,6.159822940826416,2.281453609466553,16.0,13.0,30856.0,10.142,417210318.0
-5.514308929443359,4.397289752960205,-0.1231092736124992,15.0,14.0,30857.0,7.054,417210320.0
-7.278677940368652,5.80425500869751,2.494498014450073,31.0,15.0,30857.0,9.638,417210322.0
-0.5024068355560303,0.4017844498157501,-0.1723734885454178,3.0,0.0,30865.0,0.666,417210343.0
-5.540186405181885,4.43217945098877,0.1238422766327858,20.0,1.0,30866.0,7.096,417210345.0
-0.7729188799858093,0.6185606122016907,-0.2285502701997757,3.0,2.0,30867.0,1.016,417210348.0
-10.11566829681396,8.09548568725586,0.6790066957473755,7.0,3.0,30867.0,12.974,417210350.0
-1.505024790763855,1.204889893531799,-0.3747488558292389,4.0,4.0,30868.0,1.964,417210352.0
-5.444540500640869,4.360339641571045,0.6102645397186279,4.0,5.0,30869.0,7.002,417210355.0
-5.00109338760376,4.006631374359131,-1.014946818351746,18.0,6.0,30870.0,6.488,417210357.0
-9.932250022888184,7.960079669952393,1.562852501869202,10.0,7.0,30871.0,12.824,417210359.0
-16.24064445495605,13.0205192565918,-2.555843830108643,6.0,8.0,30872.0,20.972,417210361.0
-9.654156684875488,7.739972591400146,1.959810972213745,9.0,9.0,30872.0,12.528,417210364.0
-9.653563499450684,7.742265224456787,-1.082648634910583,18.0,10.0,30873.0,12.422,417210366.0
-8.379416465759277,6.722788333892822,2.088213682174683,15.0,11.0,30874.0,10.944,417210368.0
-22.21805381774902,17.83187294006348,-1.493040204048157,56.0,12.0,30875.0,28.528,417210371.0
-7.746815204620361,6.219699859619141,2.293601036071777,15.0,13.0,30876.0,10.196,417210373.0
-5.526989459991455,4.439051151275635,-0.123737558722496,8.0,14.0,30877.0,7.09,417210375.0
-7.243310928344727,5.817529678344727,2.48932147026062,24.0,15.0,30877.0,9.618,417210378.0
-0.4979922771453857,0.4011120796203613,-0.1713382005691528,1.0,0.0,30885.0,0.662,417210398.0
-5.518452644348145,4.446472644805908,0.12370266020298,20.0,1.0,30886.0,7.088,417210401.0
-0.7798583507537842,0.6285924911499023,-0.2312496900558472,3.0,2.0,30887.0,1.028,417210403.0
-29.78201866149902,24.01390075683594,2.004990577697754,3.0,3.0,30888.0,38.31,417210405.0
-1.525262832641602,1.22985315322876,-0.3808547556400299,4.0,4.0,30888.0,1.996,417210408.0
-5.376560211181641,4.336788177490234,0.6043379306793213,4.0,5.0,30889.0,6.934,417210410.0
-4.977853298187256,4.016621112823486,-1.013069629669189,19.0,6.0,30890.0,6.476,417210412.0
-10.18707847595215,8.222871780395508,1.607456684112549,7.0,7.0,30891.0,13.19,417210414.0
-16.19509506225586,13.07713031768799,-2.555843830108643,6.0,8.0,30892.0,20.972,417210417.0
-9.617179870605469,7.76840353012085,-1.081602811813354,19.0,10.0,30893.0,12.41,417210421.0
-8.377276420593262,6.769271850585938,2.09355640411377,15.0,11.0,30894.0,10.972,417210424.0
-22.16499328613281,17.9168529510498,-1.49366819858551,24.0,12.0,30895.0,28.54,417210426.0
-7.741725444793701,6.260181903839111,2.298549890518188,12.0,13.0,30896.0,10.218,417210428.0
-5.646720886230469,4.567730903625488,-0.1267742812633514,5.0,14.0,30897.0,7.264,417210431.0
-7.203918933868408,5.829455852508545,2.483109951019287,29.0,15.0,30898.0,9.594,417210433.0
-0.513092041015625,0.4162356555461884,-0.1770322322845459,3.0,0.0,30905.0,0.684,417210454.0
-5.496687412261963,4.460668087005615,0.1235630363225937,20.0,1.0,30906.0,7.08,417210456.0
-0.7958148717880249,0.6460496187210083,-0.2366485148668289,3.0,2.0,30907.0,1.052,417210458.0
-10.09301853179932,8.193602561950684,0.6813094615936279,18.0,3.0,30907.0,13.018,417210461.0
-1.566680908203125,1.27229917049408,-0.3923032879829407,4.0,4.0,30908.0,2.056,417210463.0
-5.260872840881348,4.273870944976807,0.5930076837539673,3.0,5.0,30909.0,6.804,417210465.0
-4.959203243255615,4.030235290527344,-1.012130975723267,19.0,6.0,30910.0,6.47,417210467.0
-10.15677261352539,8.257128715515137,1.607212901115417,9.0,7.0,30911.0,13.188,417210470.0
-16.15242958068848,13.13608741760254,-2.556331396102905,6.0,8.0,30912.0,20.976,417210472.0
-9.04382038116455,7.357579231262207,1.84655237197876,11.0,9.0,30913.0,11.804,417210474.0
-8.406891822814941,6.841845989227295,2.106912851333618,17.0,11.0,30914.0,11.042,417210479.0
-8.117606163024902,6.608770370483398,-0.5485854744911194,4.0,12.0,30915.0,10.482,417210481.0
-7.72133731842041,6.288398265838623,2.298999786376953,12.0,13.0,30916.0,10.22,417210484.0
-9.055386543273926,7.377501487731934,-0.2038790136575699,4.0,14.0,30917.0,11.682,417210486.0
-7.199524879455566,5.865514755249023,2.488286256790161,6.0,15.0,30917.0,9.614,417210488.0
-0.5146280527114868,0.4204687476158142,-0.1780675053596497,3.0,0.0,30925.0,0.6880000000000001,417210509.0
-5.487276554107666,4.484889984130859,0.12370266020298,20.0,1.0,30926.0,7.088,417210511.0
-0.7905375957489014,0.6463565826416016,-0.2357487082481384,3.0,2.0,30927.0,1.048,417210513.0
-10.03652381896973,8.20602798461914,0.6794253587722778,12.0,3.0,30927.0,12.982,417210516.0
-1.609340190887451,1.316291809082031,-0.4041334390640259,4.0,4.0,30928.0,2.118,417210518.0
-5.168821811676025,4.229125499725342,0.5842921137809753,3.0,5.0,30929.0,6.704,417210520.0
-4.945104598999023,4.047521591186523,-1.012130975723267,19.0,6.0,30930.0,6.47,417210523.0
-10.12020874023438,8.28624439239502,1.60599422454834,12.0,7.0,30931.0,13.178,417210525.0
-16.1034049987793,13.18987464904785,-2.555843830108643,6.0,8.0,30932.0,20.972,417210527.0
-9.555928230285645,7.829795360565186,1.956682324409485,4.0,9.0,30933.0,12.508,417210530.0
-21.86401176452637,17.91461181640625,-2.472957134246826,67.0,10.0,30933.0,28.374,417210532.0
-8.417880058288574,6.899774551391602,2.115690231323242,21.0,11.0,30934.0,11.088,417210534.0
-7.681259155273438,6.300481796264648,2.293601036071777,13.0,13.0,30936.0,10.196,417210539.0
-8.052573204040527,6.607399940490723,-0.1818191707134247,1.0,14.0,30937.0,10.418,417210541.0
-5.291287899017334,4.341675281524658,1.833991765975952,13.0,15.0,30937.0,7.086,417210543.0
-0.5101737380027771,0.4198075532913208,-0.1770322322845459,3.0,0.0,30945.0,0.684,417210564.0
-5.470043659210205,4.502746105194092,0.1236677542328835,13.0,1.0,30946.0,7.086,417210566.0
-0.803320050239563,0.6614997982978821,-0.2402477264404297,3.0,2.0,30947.0,1.068,417210569.0
-9.978631973266602,8.219901084899902,0.6775413155555725,17.0,3.0,30948.0,12.946,417210571.0
-1.633526921272278,1.345618367195129,-0.4113841950893402,4.0,4.0,30948.0,2.156,417210573.0
-5.11097526550293,4.21166467666626,0.5794113874435425,4.0,5.0,30949.0,6.648000000000001,417210576.0
-4.932470321655273,4.066014766693115,-1.012443900108337,18.0,6.0,30950.0,6.472,417210578.0
-10.08969116210938,8.320257186889648,1.605750441551208,11.0,7.0,30951.0,13.176,417210580.0
-16.04654693603516,13.23716259002686,-2.554137706756592,8.0,8.0,30952.0,20.958,417210583.0
-5.598479747772217,4.618313789367676,1.14948046207428,12.0,9.0,30952.0,7.348,417210585.0
-21.81363868713379,18.00096702575684,-2.474351644515991,71.0,10.0,30953.0,28.39,417210587.0
-8.393744468688965,6.929116249084473,2.115690231323242,21.0,11.0,30954.0,11.088,417210590.0
-21.94381523132324,18.12127113342285,-1.491470098495483,21.0,12.0,30955.0,28.498,417210592.0
-7.537525177001953,6.226724624633789,2.257158994674683,9.0,13.0,30956.0,10.034,417210594.0
-8.041791915893555,6.64565896987915,-0.1820984035730362,2.0,14.0,30957.0,10.434,417210596.0
-5.200891971588135,4.299495220184326,1.808109879493713,5.0,15.0,30958.0,6.986,417210599.0
-0.5206047296524048,0.4314474761486053,-0.1811733245849609,3.0,0.0,30965.0,0.7000000000000001,417210619.0
-5.468148231506348,4.533298969268799,0.1239818930625916,10.0,1.0,30966.0,7.104,417210622.0
-0.8100061416625977,0.6717638969421387,-0.24294713139534,3.0,2.0,30967.0,1.08,417210624.0
-1.657528281211853,1.375129342079163,-0.4186349213123322,5.0,4.0,30968.0,2.194,417210629.0
-5.056380271911621,4.196397304534912,0.5748792886734009,5.0,5.0,30969.0,6.596,417210631.0
-4.921287059783936,4.085731029510498,-1.013069629669189,19.0,6.0,30970.0,6.476,417210633.0
-15.99871635437012,13.29182624816895,-2.55389404296875,6.0,8.0,30972.0,20.956,417210638.0
-5.575438499450684,4.63375186920166,1.148229002952576,16.0,9.0,30973.0,7.34,417210640.0
-21.72921943664551,18.05917358398438,-2.471911191940308,67.0,10.0,30973.0,28.362,417210643.0
-9.566640853881836,7.956490993499756,-0.652105987071991,15.0,12.0,30975.0,12.46,417210647.0
-7.386911392211914,6.145810604095459,2.218467235565186,6.0,13.0,30976.0,9.862,417210649.0
-26.34884262084961,21.92966461181641,-0.5983732342720032,14.0,14.0,30977.0,34.286,417210652.0
-5.142797470092773,4.281776905059814,1.793098330497742,4.0,15.0,30978.0,6.928,417210654.0
-0.504264235496521,0.4208831787109375,-0.1759969443082809,3.0,0.0,30985.0,0.68,417210675.0
-5.443080902099609,4.544669151306152,0.1237724646925926,6.0,1.0,30986.0,7.092000000000001,417210677.0
-0.8196215629577637,0.6845811605453491,-0.2465463578701019,3.0,2.0,30987.0,1.096,417210679.0
-6.10246753692627,5.097028255462646,0.4166988730430603,28.0,3.0,30987.0,7.962,417210682.0
-1.699422001838684,1.41992974281311,-0.4304651021957397,4.0,4.0,30988.0,2.256,417210684.0
-4.923990249633789,4.115634918212891,0.5614572763442993,20.0,5.0,30989.0,6.442,417210686.0
-4.897902488708496,4.095282077789307,-1.011192440986633,19.0,6.0,30990.0,6.464,417210689.0
-5.518161296844482,4.615535259246826,0.883309006690979,11.0,7.0,30991.0,7.248,417210691.0
-8.064413070678711,6.747680187225342,-1.291083812713623,3.0,8.0,30992.0,10.594,417210693.0
-5.567616939544678,4.658553123474121,1.149793267250061,16.0,9.0,30992.0,7.350000000000001,417210696.0
-8.861369132995605,7.417141914367676,-1.011006593704224,12.0,10.0,30993.0,11.6,417210698.0
-7.214715003967285,6.041001319885254,1.829095005989075,7.0,11.0,30994.0,9.586,417210700.0
-21.81830215454102,18.27530670166016,-1.491574764251709,73.0,12.0,30995.0,28.5,417210702.0
-7.556606292724609,6.331760883331299,2.276054859161377,19.0,13.0,30996.0,10.118,417210705.0
-28.87743186950684,24.20528793334961,-0.657711386680603,8.0,14.0,30997.0,37.686,417210707.0
-5.114497184753418,4.288531303405762,1.788439631462097,4.0,15.0,30998.0,6.91,417210709.0
-0.5057495832443237,0.4251269698143005,-0.1770322322845459,3.0,0.0,31005.0,0.684,417210730.0
-6.004185676574707,5.048833847045898,0.1369315832853317,20.0,1.0,31006.0,7.846,417210732.0
-0.8082792162895203,0.6799113154411316,-0.2438469380140305,3.0,2.0,31007.0,1.084,417210735.0
-6.078524589538574,5.113155841827393,0.416280210018158,20.0,3.0,31007.0,7.954,417210737.0
-1.742524862289429,1.466302871704102,-0.4426768720149994,4.0,4.0,31008.0,2.32,417210739.0
-4.917215347290039,4.139213085174561,0.5623288750648499,23.0,5.0,31009.0,6.452,417210742.0
-4.885088443756104,4.113626480102539,-1.011505246162415,19.0,6.0,31010.0,6.466,417210744.0
-5.497461795806885,4.630932807922363,0.8825777769088745,16.0,7.0,31011.0,7.242,417210746.0
-15.9116039276123,13.40831089019775,-2.554868936538696,8.0,8.0,31012.0,20.964,417210749.0
-5.564916610717773,4.68941593170166,1.15260910987854,7.0,9.0,31012.0,7.368,417210751.0
-8.832378387451172,7.445460319519043,-1.010658025741577,20.0,10.0,31013.0,11.596,417210753.0
-7.187580585479736,6.06108570098877,1.827568531036377,4.0,11.0,31014.0,9.578,417210755.0
-21.71315765380859,18.31658554077148,-1.488748669624329,38.0,12.0,31015.0,28.446,417210758.0
-7.55381965637207,6.374438285827637,2.281903505325317,27.0,13.0,31016.0,10.144,417210760.0
-5.96544885635376,5.035843372344971,-0.1362683922052383,12.0,14.0,31017.0,7.808,417210762.0
-5.086212635040283,4.295140266418457,1.783780813217163,5.0,15.0,31018.0,6.892,417210765.0
-0.5161343812942505,0.4367853999137878,-0.1811733245849609,3.0,0.0,31024.0,0.7000000000000001,417210785.0
-6.004198551177979,5.082929134368896,0.1373155266046524,16.0,1.0,31025.0,7.868,417210788.0
-0.8238655924797058,0.697700560092926,-0.2492457628250122,3.0,2.0,31026.0,1.108,417210790.0
-1.778098225593567,1.50633704662323,-0.4529805481433868,6.0,4.0,31027.0,2.374,417210795.0
-4.879142284393311,4.134886264801025,0.5595398545265198,15.0,5.0,31028.0,6.42,417210797.0
-4.869913578033447,4.128526210784912,-1.011192440986633,19.0,6.0,31029.0,6.464,417210799.0
-5.482074737548828,4.649137496948242,0.8825777769088745,5.0,7.0,31030.0,7.242,417210801.0
-15.86705303192139,13.4610013961792,-2.554868936538696,6.0,8.0,31031.0,20.964,417210804.0
-7.95495080947876,6.748676300048828,1.652260780334473,3.0,9.0,31031.0,10.562,417210806.0
-8.066327095031738,6.845585346221924,-0.9255939722061157,5.0,10.0,31032.0,10.62,417210808.0
-7.156965255737305,6.075993537902832,1.824897289276123,6.0,11.0,31033.0,9.564,417210811.0
-21.68122291564941,18.41305351257324,-1.490737318992615,24.0,12.0,31034.0,28.484,417210813.0
-7.496996402740479,6.369171142578125,2.271105766296387,22.0,13.0,31035.0,10.096,417210815.0
-5.960906505584717,5.065957546234131,-0.1365476250648499,21.0,14.0,31036.0,7.824,417210818.0
-5.066805839538574,4.306093692779541,1.781710267066956,4.0,15.0,31036.0,6.884,417210820.0
-0.5190175175666809,0.442343682050705,-0.1827262490987778,2.0,0.0,31044.0,0.706,417210841.0
-5.983375549316406,5.101262092590332,0.1372457295656204,16.0,1.0,31045.0,7.864,417210843.0
-0.8362522721290588,0.7132178544998169,-0.2537447810173035,3.0,2.0,31046.0,1.128,417210845.0
-5.397736072540283,4.603589057922363,0.3717946410179138,7.0,3.0,31046.0,7.104,417210848.0
-1.804193615913391,1.539293885231018,-0.46099454164505,4.0,4.0,31047.0,2.416,417210850.0
-4.826792240142822,4.119556903839111,0.5551820993423462,10.0,5.0,31048.0,6.37,417210852.0
-4.858477115631104,4.148065567016602,-1.011818170547485,19.0,6.0,31049.0,6.468,417210854.0
-7.529266357421875,6.430601119995117,1.215768575668335,3.0,7.0,31050.0,9.976,417210857.0
-8.367287635803223,7.14886474609375,-1.351287245750427,5.0,8.0,31051.0,11.088,417210859.0
-7.564890384674072,6.463310718536377,1.575920820236206,3.0,9.0,31051.0,10.074,417210861.0
-9.350974082946777,7.992133140563965,-1.076199054718018,16.0,10.0,31052.0,12.348,417210864.0
-7.111837387084961,6.080525875091553,1.818791389465332,5.0,11.0,31053.0,9.532,417210866.0
-9.80968189239502,8.390110969543457,-0.6764945983886719,17.0,12.0,31054.0,12.926,417210868.0
-7.464353084564209,6.386433601379395,2.267956495285034,25.0,13.0,31055.0,10.082,417210871.0
-5.935590267181396,5.080232620239258,-0.1363731026649475,24.0,14.0,31056.0,7.814,417210873.0
-5.034846782684326,4.31081485748291,1.776016235351562,4.0,15.0,31057.0,6.862,417210875.0
-0.529197633266449,0.4542184770107269,-0.186867356300354,2.0,0.0,31064.0,0.722,417210896.0
-5.967049598693848,5.123419761657715,0.1372806280851364,16.0,1.0,31065.0,7.866000000000001,417210898.0
-0.8559319972991943,0.7351786494255066,-0.2604933083057404,3.0,2.0,31066.0,1.158,417210901.0
-5.395975589752197,4.63635778427124,0.3728413581848145,15.0,3.0,31067.0,7.124000000000001,417210903.0
-1.852416396141052,1.591642737388611,-0.4747327864170074,4.0,4.0,31067.0,2.488,417210905.0
-4.800295352935791,4.125990867614746,0.5537875890731812,10.0,5.0,31068.0,6.354,417210907.0
-4.842470645904541,4.163711547851562,-1.011505246162415,19.0,6.0,31069.0,6.466,417210910.0
-7.09742259979248,6.104746341705322,1.149471640586853,10.0,7.0,31070.0,9.432,417210912.0
-7.83876371383667,6.744781017303467,1.637868881225586,3.0,9.0,31071.0,10.47,417210917.0
-9.329059600830078,8.029924392700195,-1.0768963098526,16.0,10.0,31072.0,12.356,417210919.0
-7.039985656738281,6.061758995056152,1.805816292762756,6.0,11.0,31073.0,9.464,417210921.0
-8.086974143981934,6.965723514556885,-0.5593667030334473,5.0,12.0,31074.0,10.688,417210924.0
-5.917820930480957,5.100920677185059,-0.1363731026649475,17.0,14.0,31076.0,7.814,417210928.0
-4.552273750305176,3.923874378204346,1.610372066497803,3.0,15.0,31076.0,6.222,417210931.0
-0.5100706815719604,0.440902978181839,-0.1806556880474091,1.0,0.0,31084.0,0.6980000000000001,417210951.0
-5.940053462982178,5.136369228363037,0.1370712071657181,11.0,1.0,31085.0,7.854,417210954.0
-0.8533605337142944,0.7381619215011597,-0.2604933083057404,3.0,2.0,31086.0,1.158,417210956.0
-5.388820648193359,4.66300630569458,0.3734693825244904,15.0,3.0,31087.0,7.136,417210958.0
-1.897325754165649,1.641777038574219,-0.487707793712616,4.0,4.0,31087.0,2.556,417210960.0
-4.821933746337891,4.175416946411133,-1.01025378704071,19.0,6.0,31089.0,6.458,417210965.0
-7.032557010650635,6.091792106628418,1.142403244972229,10.0,7.0,31090.0,9.374,417210967.0
-7.001991748809814,6.069594860076904,1.467668175697327,5.0,9.0,31092.0,9.382,417210972.0
-8.366058349609375,7.252019882202148,-0.9686489105224609,4.0,10.0,31092.0,11.114,417210974.0
-7.020266532897949,6.087582588195801,1.806198000907898,4.0,11.0,31093.0,9.466000000000001,417210977.0
-8.106362342834473,7.031863212585449,-0.5624021887779236,16.0,12.0,31094.0,10.746,417210979.0
-5.099953174591064,4.425514221191406,1.558910846710205,14.0,13.0,31095.0,6.93,417210981.0
-28.44584465026855,24.69275093078613,-0.6575019359588623,5.0,14.0,31096.0,37.674,417210984.0
-4.518898963928223,3.924066543579102,1.603642821311951,13.0,15.0,31097.0,6.196,417210986.0
-0.5084512233734131,0.4427695274353027,-0.1806556880474091,1.0,0.0,31105.0,0.6980000000000001,417211007.0
-5.900078773498535,5.139717578887939,0.136582538485527,14.0,1.0,31106.0,7.826000000000001,417211009.0
-0.8609334826469421,0.7502467036247253,-0.2636426389217377,3.0,2.0,31107.0,1.172,417211011.0
-5.373198986053467,4.684038639068604,0.3735740482807159,15.0,3.0,31108.0,7.138,417211013.0
-1.980088829994202,1.72612476348877,-0.5106048583984375,4.0,4.0,31108.0,2.676,417211016.0
-4.997392177581787,4.357967376708984,0.580108642578125,2.0,5.0,31109.0,6.656000000000001,417211018.0
-4.806597709655762,4.193062305450439,-1.01025378704071,19.0,6.0,31110.0,6.458,417211020.0
-7.058043479919434,6.159293651580811,1.150202870368958,9.0,7.0,31111.0,9.438,417211023.0
-15.67367839813232,13.68265819549561,-2.554625272750854,11.0,8.0,31112.0,20.962,417211025.0
-7.029870510101318,6.136869430541992,1.47799277305603,2.0,9.0,31112.0,9.448,417211027.0
-8.34842586517334,7.290497303009033,-0.9696947932243347,20.0,10.0,31113.0,11.126,417211030.0
-6.986079216003418,6.102939128875732,1.803145051002502,6.0,11.0,31114.0,9.450000000000001,417211032.0
-8.393349647521973,7.334893703460693,-0.5841739177703857,12.0,12.0,31115.0,11.162,417211034.0
-5.005939483642578,4.376199245452881,1.53506600856781,4.0,13.0,31116.0,6.824,417211037.0
-28.36869621276855,24.80869102478027,-0.6578161120414734,9.0,14.0,31117.0,37.692,417211039.0
-4.524078369140625,3.95634913444519,1.610372066497803,18.0,15.0,31117.0,6.222,417211041.0
-0.5069025754928589,0.4445416331291199,-0.1806556880474091,1.0,0.0,31125.0,0.6980000000000001,417211062.0
-5.306368350982666,4.655198574066162,0.123213991522789,10.0,1.0,31126.0,7.06,417211064.0
-0.8802797794342041,0.7725284099578857,-0.2703911662101746,3.0,2.0,31127.0,1.202,417211066.0
-5.356816291809082,4.702765941619873,0.3735740482807159,16.0,3.0,31128.0,7.138,417211069.0
-2.036017179489136,1.787425994873047,-0.5266328454017639,4.0,4.0,31128.0,2.76,417211071.0
-4.976161479949951,4.370126247406006,0.5794113874435425,4.0,5.0,31129.0,6.648000000000001,417211073.0
-4.788963794708252,4.207207202911377,-1.009628057479858,20.0,6.0,31130.0,6.454,417211076.0
-7.44058895111084,6.539018154144287,1.216256022453308,2.0,7.0,31131.0,9.98,417211078.0
-14.57028484344482,12.80932140350342,-2.382058143615723,17.0,8.0,31132.0,19.546,417211080.0
-7.035513877868652,6.187379837036133,1.483937382698059,3.0,9.0,31133.0,9.486,417211083.0
-17.8547191619873,15.70232582092285,-2.080233335494995,30.0,10.0,31133.0,23.868,417211085.0
-6.97652530670166,6.137662410736084,1.806198000907898,4.0,11.0,31134.0,9.466000000000001,417211087.0
-8.366195678710938,7.362827777862549,-0.5840692520141602,5.0,12.0,31135.0,11.16,417211089.0
-4.965767860412598,4.371755599975586,1.527417659759521,4.0,13.0,31136.0,6.79,417211092.0
-4.531290531158447,3.992059946060181,1.618136644363403,6.0,15.0,31138.0,6.252,417211096.0
-0.5314934849739075,0.4692343771457672,-0.1899731755256653,1.0,0.0,31144.0,0.734,417211117.0
-5.287904262542725,4.670122146606445,0.1231441795825958,21.0,1.0,31145.0,7.056,417211119.0
-0.8806339502334595,0.7780237793922424,-0.2712909579277039,3.0,2.0,31146.0,1.206,417211122.0
-5.324729919433594,4.705955028533936,0.3724226653575897,15.0,3.0,31147.0,7.116000000000001,417211124.0
-2.081566333770752,1.839672088623047,-0.5399894714355469,4.0,4.0,31147.0,2.83,417211126.0
-4.990003108978271,4.411677360534668,0.5827233195304871,20.0,5.0,31148.0,6.686,417211129.0
-4.780904769897461,4.228299617767334,-1.010879516601562,19.0,6.0,31149.0,6.462,417211131.0
-4.608913421630859,4.077621936798096,0.7555899024009705,7.0,7.0,31150.0,6.2,417211133.0
-6.987935543060303,6.184577465057373,1.47799277305603,2.0,9.0,31151.0,9.448,417211138.0
-17.80404281616211,15.76276874542236,-2.080407619476318,46.0,10.0,31152.0,23.87,417211140.0
-6.945846080780029,6.151651859283447,1.803526639938354,4.0,11.0,31153.0,9.452,417211142.0
-8.334259033203125,7.383908271789551,-0.5835459232330322,16.0,12.0,31154.0,11.15,417211145.0
-4.936659336090088,4.37527322769165,1.522918581962585,4.0,13.0,31155.0,6.77,417211147.0
-4.530291080474854,4.016528606414795,1.622277736663818,4.0,15.0,31156.0,6.268,417211152.0
-0.5298522710800171,0.4710867702960968,-0.1899731755256653,1.0,0.0,31164.0,0.734,417211172.0
-5.267087459564209,4.68456506729126,0.1230394616723061,21.0,1.0,31165.0,7.05,417211175.0
-0.8953837156295776,0.7966371774673462,-0.2766897976398468,3.0,2.0,31166.0,1.23,417211177.0
-5.294843196868896,4.712562084197998,0.3714806139469147,5.0,3.0,31167.0,7.098,417211179.0
-2.13965892791748,1.90435791015625,-0.5567806363105774,4.0,4.0,31167.0,2.918,417211182.0
-4.961180686950684,4.417145252227783,0.581154465675354,9.0,5.0,31168.0,6.668,417211184.0
-4.769066333770752,4.247590065002441,-1.011505246162415,19.0,6.0,31169.0,6.466,417211186.0
-4.648008823394775,4.14122486114502,0.7643645405769348,5.0,7.0,31170.0,6.272,417211189.0
-14.45163726806641,12.88046455383301,-2.37693977355957,32.0,8.0,31171.0,19.504,417211191.0
-6.954899787902832,6.200945854187012,1.475802779197693,3.0,9.0,31172.0,9.434000000000001,417211193.0
-6.915539264678955,6.16801929473877,1.801236867904663,3.0,11.0,31173.0,9.44,417211198.0
-8.320355415344238,7.423593044281006,-0.5843833088874817,8.0,12.0,31174.0,11.166,417211200.0
-4.90681791305542,4.379502296447754,1.518419623374939,4.0,13.0,31175.0,6.75,417211202.0
-7.999746322631836,7.142555236816406,-0.1871945112943649,19.0,14.0,31176.0,10.726,417211205.0
-4.501131057739258,4.020236968994141,1.617101430892944,5.0,15.0,31177.0,6.248,417211207.0
-0.5339616537094116,0.4780880212783813,-0.192043736577034,2.0,0.0,31184.0,0.742,417211228.0
-5.249213695526123,4.701588153839111,0.1230045631527901,17.0,1.0,31185.0,7.048,417211230.0
-0.9013057351112366,0.8075603246688843,-0.2793892025947571,4.0,2.0,31186.0,1.242,417211232.0
-6.689790725708008,5.996086120605469,0.4708142578601837,13.0,3.0,31187.0,8.996,417211235.0
-2.197324752807617,1.969470858573914,-0.5735718607902527,6.0,4.0,31187.0,3.006,417211237.0
-4.864143371582031,4.361282348632812,0.5715673565864563,2.0,5.0,31188.0,6.558,417211239.0
-4.743916511535645,4.254978656768799,-1.009315133094788,18.0,6.0,31189.0,6.452,417211242.0
-14.39624691009521,12.92154979705811,-2.37523341178894,37.0,8.0,31191.0,19.49,417211246.0
-4.582193851470947,4.112811088562012,0.9752124547958374,7.0,9.0,31191.0,6.234,417211248.0
-14.6677942276001,13.16990375518799,-1.724637866020203,5.0,10.0,31192.0,19.788,417211251.0
-6.876439571380615,6.176378726959229,1.79665744304657,3.0,11.0,31193.0,9.416,417211253.0
-9.047616958618164,8.129371643066406,-0.6374519467353821,7.0,12.0,31194.0,12.18,417211255.0
-4.888601779937744,4.393998146057129,1.51751983165741,4.0,13.0,31195.0,6.746,417211258.0
-8.28406047821045,7.448536396026611,-0.1944547146558762,23.0,14.0,31196.0,11.142,417211260.0
-4.470536231994629,4.019641399383545,1.610889792442322,6.0,15.0,31196.0,6.224,417211262.0
-0.5322895646095276,0.4799489676952362,-0.192043736577034,1.0,0.0,31204.0,0.742,417211283.0
-5.7584228515625,5.194013595581055,0.1353608667850494,11.0,1.0,31205.0,7.756,417211285.0
-0.9129496216773987,0.8237562775611877,-0.2838882207870483,4.0,2.0,31206.0,1.262,417211288.0
-6.648063182830811,6.00066614151001,0.4693488478660583,13.0,3.0,31207.0,8.968,417211290.0
-2.277879238128662,2.056056261062622,-0.5964689254760742,4.0,4.0,31207.0,3.126,417211292.0
-4.921350002288818,4.443661212921143,0.580108642578125,9.0,5.0,31208.0,6.656000000000001,417211295.0
-4.717307567596436,4.260919094085693,-1.006812214851379,15.0,6.0,31209.0,6.436,417211297.0
-4.56743335723877,4.126992702484131,0.7558336853981018,13.0,7.0,31210.0,6.202,417211299.0
-14.36430835723877,12.98370361328125,-2.377427101135254,41.0,8.0,31211.0,19.508,417211301.0
-4.57441520690918,4.136202335357666,0.9767767786979675,33.0,9.0,31212.0,6.244,417211304.0
-14.62173366546631,13.22102355957031,-1.724637866020203,5.0,10.0,31212.0,19.788,417211306.0
-6.822806358337402,6.171370983123779,1.788261890411377,2.0,11.0,31213.0,9.372,417211308.0
-8.95254135131836,8.100601196289062,-0.6327416896820068,4.0,12.0,31214.0,12.09,417211311.0
-4.857341766357422,4.396650791168213,1.512570858001709,4.0,13.0,31215.0,6.724,417211313.0
-7.893359184265137,7.147225856781006,-0.1858681291341782,4.0,14.0,31216.0,10.65,417211315.0
-4.454341888427734,4.034702777862549,1.610372066497803,3.0,15.0,31217.0,6.222,417211318.0
-0.5276669263839722,0.479298859834671,-0.191008448600769,2.0,0.0,31225.0,0.738,417211338.0
-5.798546314239502,5.268876075744629,0.1367570608854294,11.0,1.0,31226.0,7.836,417211341.0
-0.9156924486160278,0.8323400020599365,-0.2856878340244293,4.0,2.0,31227.0,1.27,417211343.0
-6.620113849639893,6.019617557525635,0.4689301550388336,3.0,3.0,31228.0,8.96,417211345.0
-2.377816438674927,2.162129640579224,-0.6247086524963379,4.0,4.0,31228.0,3.274,417211348.0
-4.933033466339111,4.487141609191895,0.5834205150604248,20.0,5.0,31229.0,6.694,417211350.0
-4.688509464263916,4.266215324401855,-1.0039963722229,14.0,6.0,31230.0,6.418,417211352.0
-4.590444564819336,4.17844820022583,0.7621708512306213,17.0,7.0,31231.0,6.254,417211354.0
-14.33423709869385,13.05230140686035,-2.380352020263672,37.0,8.0,31232.0,19.532,417211357.0
-4.562870025634766,4.154804706573486,0.9774025082588196,31.0,9.0,31232.0,6.248,417211359.0
-17.58090209960938,16.01422500610352,-2.080581903457642,8.0,10.0,31233.0,23.872,417211361.0
-4.938301563262939,4.499814510345459,1.298645973205566,9.0,11.0,31234.0,6.806,417211364.0
-8.620198249816895,7.85753870010376,-0.6112839579582214,17.0,12.0,31235.0,11.68,417211366.0
-4.389042377471924,4.00213098526001,1.371301651000977,6.0,13.0,31236.0,6.096,417211368.0
-7.905522346496582,7.211146831512451,-0.1867756545543671,6.0,14.0,31237.0,10.702,417211371.0
-4.431667327880859,4.042415142059326,1.607266306877136,10.0,15.0,31237.0,6.21,417211373.0
-0.5487977862358093,0.5020002126693726,-0.1992906630039215,1.0,0.0,31245.0,0.77,417211394.0
-5.743237495422363,5.255335807800293,0.1358844339847565,5.0,1.0,31246.0,7.786,417211396.0
-0.9185312390327454,0.8407944440841675,-0.2874874472618103,3.0,2.0,31247.0,1.278,417211398.0
-5.177611827850342,4.741083145141602,0.367921769618988,15.0,3.0,31248.0,7.03,417211401.0
-2.461473941802979,2.253945112228394,-0.6487506031990051,3.0,4.0,31248.0,3.4,417211403.0
-4.901179313659668,4.489530086517334,0.5815030932426453,14.0,5.0,31249.0,6.672,417211405.0
-17.92246437072754,16.42291259765625,-3.850165128707886,100.0,6.0,31250.0,24.612,417211407.0
-4.568514823913574,4.187739372253418,0.7609521746635437,8.0,7.0,31251.0,6.244,417211410.0
-14.34126091003418,13.15055656433105,-2.389126539230347,33.0,8.0,31252.0,19.604,417211412.0
-4.532324314117432,4.156021595001221,0.9739609956741333,21.0,9.0,31252.0,6.226,417211414.0
-20.80200386047363,19.08157157897949,-2.469645023345947,56.0,10.0,31253.0,28.336,417211417.0
-4.93992280960083,4.53295373916626,1.30322539806366,12.0,11.0,31254.0,6.83,417211419.0
-8.557405471801758,7.855166435241699,-0.6087718605995178,18.0,12.0,31255.0,11.632,417211421.0
-4.357820987701416,4.00161075592041,1.365902781486511,19.0,13.0,31256.0,6.072,417211424.0
-7.915646553039551,7.271164894104004,-0.1876133680343628,18.0,14.0,31257.0,10.75,417211426.0
-4.428911209106445,4.068315029144287,1.611407399177551,18.0,15.0,31257.0,6.226,417211428.0
-0.5499723553657532,0.5064345598220825,-0.2003259360790253,1.0,0.0,31264.0,0.774,417211449.0
-5.719895362854004,5.268932819366455,0.1357448101043701,5.0,1.0,31265.0,7.778,417211451.0
-0.9272026419639587,0.8544002771377563,-0.2910866737365723,4.0,2.0,31266.0,1.294,417211454.0
-5.556894302368164,5.122369766235352,0.3960785269737244,7.0,3.0,31267.0,7.568000000000001,417211456.0
-2.833632230758667,2.612054824829102,-0.7491161227226257,4.0,4.0,31267.0,3.926,417211458.0
-4.881870269775391,4.501706123352051,0.5809801816940308,14.0,5.0,31268.0,6.666,417211460.0
-15.14691925048828,13.97228050231934,-3.263848781585693,18.0,6.0,31269.0,20.864,417211463.0
-4.468528747558594,4.123439788818359,0.7465716004371643,2.0,7.0,31270.0,6.126,417211465.0
-14.4055118560791,13.29767990112305,-2.407163381576538,15.0,8.0,31271.0,19.752,417211467.0
-4.503276824951172,4.1584153175354,0.9708322882652283,10.0,9.0,31272.0,6.206,417211470.0
-20.73422241210938,19.14639282226562,-2.469122171401978,71.0,10.0,31272.0,28.33,417211472.0
-4.835451602935791,4.466716289520264,1.279565095901489,4.0,11.0,31273.0,6.706,417211474.0
-8.5342435836792,7.886211395263672,-0.608981192111969,21.0,12.0,31274.0,11.636,417211477.0
-4.350251197814941,4.021330833435059,1.36770236492157,19.0,13.0,31275.0,6.08,417211479.0
-7.910577774047852,7.315023422241211,-0.1880671381950378,12.0,14.0,31276.0,10.776,417211481.0
-4.411140918731689,4.079044818878174,1.609854459762573,21.0,15.0,31276.0,6.22,417211483.0
-0.5666162371635437,0.5254276394844055,-0.2070552408695221,2.0,0.0,31284.0,0.8,417211504.0
-5.578320026397705,5.174630641937256,0.1328128129243851,9.0,1.0,31285.0,7.61,417211507.0
-0.9384992122650146,0.8708871006965637,-0.2955856919288635,4.0,2.0,31286.0,1.314,417211509.0
-5.121799945831299,4.754475116729736,0.3662470281124115,7.0,3.0,31287.0,6.998,417211511.0
-3.246085405349731,3.013282775878906,-0.8609302043914795,4.0,4.0,31287.0,4.512,417211513.0
-4.864666938781738,4.517364025115967,0.5808058977127075,13.0,5.0,31288.0,6.664,417211516.0
-14.06180000305176,13.06245803833008,-3.039834499359131,24.0,6.0,31289.0,19.432,417211518.0
-4.506458282470703,4.18765926361084,0.7553461790084839,2.0,7.0,31290.0,6.198,417211520.0
-14.36918449401855,13.35734462738037,-2.408869504928589,7.0,8.0,31291.0,19.766,417211523.0
-4.7057204246521,4.375887393951416,1.017762660980225,43.0,9.0,31292.0,6.506,417211525.0
-20.66142654418945,19.21322631835938,-2.468425035476685,75.0,10.0,31292.0,28.322,417211527.0
-4.792518615722656,4.4581618309021,1.272314429283142,4.0,11.0,31293.0,6.668,417211530.0
-8.50520133972168,7.914592742919922,-0.6088765263557434,17.0,12.0,31294.0,11.634,417211532.0
-4.353304386138916,4.052425384521484,1.373101234436035,6.0,13.0,31295.0,6.104,417211534.0
-7.920117855072021,7.375298500061035,-0.1889048516750336,15.0,14.0,31296.0,10.824,417211536.0
-4.390506744384766,4.089917659759521,1.607783913612366,19.0,15.0,31297.0,6.212,417211539.0
-0.563366711139679,0.526083767414093,-0.2065376043319702,2.0,0.0,31304.0,0.798,417211560.0
-5.61283016204834,5.243213653564453,0.1340693831443787,6.0,1.0,31305.0,7.682,417211562.0
-0.9297582507133484,0.8688356280326843,-0.2937860786914825,4.0,2.0,31306.0,1.306,417211564.0
-5.02346658706665,4.695945262908936,0.36038538813591,9.0,3.0,31307.0,6.886,417211566.0
-3.340243577957153,3.122465848922729,-0.8887882828712463,5.0,4.0,31307.0,4.658,417211569.0
-4.843047618865967,4.528873920440674,0.580108642578125,18.0,5.0,31308.0,6.656000000000001,417211571.0
-14.02044582366943,13.11551189422607,-3.040773153305054,27.0,6.0,31309.0,19.438,417211573.0
-4.49326229095459,4.204720497131348,0.7555899024009705,1.0,7.0,31310.0,6.2,417211576.0
-17.24841117858887,16.14642524719238,-2.900977849960327,47.0,8.0,31311.0,23.804,417211578.0
-20.58841514587402,19.27978324890137,-2.467727661132812,33.0,10.0,31312.0,28.314,417211583.0
-4.594963073730469,4.304405212402344,1.223848938941956,2.0,11.0,31313.0,6.414,417211585.0
-8.478979110717773,7.94559907913208,-0.608981192111969,15.0,12.0,31314.0,11.636,417211587.0
-4.378940582275391,4.104913711547852,1.385698437690735,6.0,13.0,31315.0,6.16,417211589.0
-7.125605583190918,6.682033538818359,-0.17051000893116,6.0,14.0,31316.0,9.77,417211592.0
-4.372692108154297,4.100490570068359,1.606230974197388,7.0,15.0,31316.0,6.206,417211594.0
-0.5741929411888123,0.5399579405784607,-0.2111963480710983,2.0,0.0,31324.0,0.8160000000000001,417211615.0
-5.279885292053223,4.966820240020752,0.1265299469232559,6.0,1.0,31325.0,7.25,417211617.0
-0.9380731582641602,0.8827597498893738,-0.2973853051662445,3.0,2.0,31326.0,1.322,417211619.0
-5.06521463394165,4.768211841583252,0.3645722568035126,9.0,3.0,31327.0,6.966,417211622.0
-3.472274541854858,3.268675088882446,-0.9269500970840454,2.0,4.0,31327.0,4.858000000000001,417211624.0
-4.835912227630615,4.553947448730469,0.581154465675354,16.0,5.0,31328.0,6.668,417211626.0
-13.97457885742188,13.16437244415283,-3.040773153305054,25.0,6.0,31329.0,19.438,417211629.0
-4.467000484466553,4.209488391876221,0.7536399960517883,1.0,7.0,31330.0,6.184,417211631.0
-14.07046985626221,13.26397705078125,-2.374258518218994,21.0,8.0,31331.0,19.482,417211633.0
-4.488226890563965,4.232450008392334,0.9770896434783936,1.0,9.0,31332.0,6.246,417211636.0
-20.52968788146973,19.35973358154297,-2.468773603439331,78.0,10.0,31332.0,28.326,417211638.0
-4.569912910461426,4.310988426208496,1.221177577972412,2.0,11.0,31333.0,6.4,417211640.0
-8.448287010192871,7.972406387329102,-0.6087718605995178,6.0,12.0,31334.0,11.632,417211642.0
-6.824624061584473,6.44245433807373,2.166728496551514,10.0,13.0,31335.0,9.632,417211645.0
-7.076067447662354,6.68215274810791,-0.1698817312717438,9.0,14.0,31336.0,9.734,417211647.0
-6.338782787322998,5.985911846160889,2.336100816726685,40.0,15.0,31336.0,9.026,417211649.0
-0.589234471321106,0.557796061038971,-0.2174080014228821,2.0,0.0,31343.0,0.84,417211670.0
-5.118188858032227,4.846803665161133,0.1230394616723061,14.0,1.0,31344.0,7.05,417211672.0
-0.9662648439407349,0.9153498411178589,-0.3072831332683563,4.0,2.0,31345.0,1.366,417211675.0
-5.05165958404541,4.78547477722168,0.3646769523620605,7.0,3.0,31345.0,6.968,417211677.0
-3.599644660949707,3.411162376403809,-0.9639670252799988,2.0,4.0,31346.0,5.052,417211679.0
-4.830905914306641,4.579553604125977,0.5823746919631958,12.0,5.0,31347.0,6.682,417211682.0
-13.9222469329834,13.20248603820801,-3.038895845413208,27.0,6.0,31348.0,19.426,417211684.0
-4.463098049163818,4.233841419219971,0.7553461790084839,1.0,7.0,31349.0,6.198,417211686.0
-4.466310501098633,4.238370418548584,0.9752124547958374,1.0,9.0,31350.0,6.234,417211691.0
-20.46537590026855,19.42770767211914,-2.468773603439331,86.0,10.0,31351.0,28.326,417211693.0
-4.5584397315979,4.328822612762451,1.221940755844116,1.0,11.0,31352.0,6.404,417211695.0
-8.91124153137207,8.465324401855469,-0.644150972366333,7.0,12.0,31353.0,12.308,417211698.0
-6.837125778198242,6.497267723083496,2.177526235580444,6.0,13.0,31354.0,9.68,417211700.0
-7.013288497924805,6.667003631591797,-0.1689043939113617,6.0,14.0,31355.0,9.678,417211702.0
-6.35250186920166,6.038843631744385,2.34852409362793,4.0,15.0,31355.0,9.074,417211705.0
-0.5998684763908386,0.5718462467193604,-0.2220667451620102,2.0,0.0,31363.0,0.858,417211725.0
-5.101239204406738,4.864639759063721,0.1230394616723061,21.0,1.0,31364.0,7.05,417211728.0
-0.9771642684936523,0.9321683645248413,-0.3117821514606476,4.0,2.0,31365.0,1.386,417211730.0
-4.997963428497314,4.769486427307129,0.362060159444809,13.0,3.0,31366.0,6.918,417211732.0
-4.042216300964355,3.857430458068848,-1.086084842681885,1.0,4.0,31366.0,5.692,417211735.0
-4.804802894592285,4.586758613586426,0.581154465675354,7.0,5.0,31367.0,6.668,417211737.0
-13.87179088592529,13.24691009521484,-3.037957429885864,30.0,6.0,31368.0,19.42,417211739.0
-4.462645530700684,4.263106822967529,0.7577835917472839,2.0,7.0,31369.0,6.218,417211741.0
-17.66534233093262,16.88136672973633,-3.000179529190063,2.0,8.0,31370.0,24.618,417211744.0
-4.459313869476318,4.262901782989502,0.9770896434783936,1.0,9.0,31371.0,6.246,417211746.0
-20.40175628662109,19.5031566619873,-2.469296455383301,90.0,10.0,31371.0,28.332,417211748.0
-4.399992942810059,4.207664012908936,1.18339741230011,2.0,11.0,31372.0,6.202,417211751.0
-8.838340759277344,8.454959869384766,-0.6410108208656311,5.0,12.0,31373.0,12.248,417211753.0
-6.828484058380127,6.534567832946777,2.182025194168091,3.0,13.0,31374.0,9.700000000000001,417211755.0
-6.534953594207764,6.255856990814209,-0.1579093784093857,12.0,14.0,31375.0,9.048,417211758.0
-0.5992623567581177,0.5752745866775513,-0.2225843816995621,2.0,0.0,31383.0,0.86,417211781.0
-5.087111949920654,4.885187149047852,0.1231092736124992,14.0,1.0,31384.0,7.054,417211783.0
-0.9879578948020935,0.9490739703178406,-0.3162811696529388,3.0,2.0,31385.0,1.406,417211785.0
-4.990761756896973,4.794335842132568,0.3626881837844849,9.0,3.0,31385.0,6.93,417211788.0
-5.115888595581055,4.916254997253418,-1.379167437553406,2.0,4.0,31386.0,7.228,417211790.0
-4.757163047790527,4.57312536239624,0.5773196220397949,6.0,5.0,31387.0,6.624000000000001,417211792.0
-13.82261848449707,13.29251289367676,-3.037331581115723,40.0,6.0,31388.0,19.416,417211794.0
-5.027130603790283,4.836026191711426,0.8564977645874023,8.0,7.0,31389.0,7.028,417211797.0
-4.81157112121582,4.631896495819092,1.057809829711914,11.0,9.0,31391.0,6.762,417211801.0
-20.3306827545166,19.57148933410645,-2.468947887420654,90.0,10.0,31391.0,28.328,417211804.0
-4.235378742218018,4.078644752502441,1.142945885658264,11.0,11.0,31392.0,5.99,417211806.0
-4.251766204833984,4.097287178039551,1.363203406333923,13.0,13.0,31394.0,6.06,417211811.0
-6.490042209625244,6.256424903869629,-0.1573508977890015,24.0,14.0,31395.0,9.016,417211813.0
-6.126598834991455,5.906064033508301,2.280195713043213,15.0,15.0,31395.0,8.81,417211815.0
-0.5944727063179016,0.5746774673461914,-0.2215491086244583,2.0,0.0,31403.0,0.856,417211836.0
-5.854897975921631,5.661913871765137,0.1421672999858856,15.0,1.0,31404.0,8.146,417211838.0
-1.001446485519409,0.9687759876251221,-0.3216800093650818,4.0,2.0,31405.0,1.43,417211840.0
-4.963947296142578,4.802006721496582,0.361955463886261,15.0,3.0,31405.0,6.916,417211843.0
-5.441525459289551,5.265843391418457,-1.471900582313538,2.0,4.0,31406.0,7.714,417211845.0
-4.741170883178711,4.58970308303833,0.5773196220397949,9.0,5.0,31407.0,6.624000000000001,417211847.0
-13.76194381713867,13.32693958282471,-3.034202814102173,37.0,6.0,31408.0,19.396,417211850.0
-17.58269691467285,17.038818359375,-3.006273031234741,78.0,8.0,31410.0,24.668,417211854.0
-4.748569011688232,4.603290557861328,1.04748523235321,6.0,9.0,31411.0,6.696,417211857.0
-20.26510429382324,19.64511108398438,-2.469296455383301,90.0,10.0,31411.0,28.332,417211859.0
-4.221116065979004,4.093403816223145,1.142945885658264,14.0,11.0,31412.0,5.99,417211861.0
-8.33326244354248,8.083958625793457,-0.6084578037261963,13.0,12.0,31413.0,11.626,417211864.0
-4.261212348937988,4.135174751281738,1.370851755142212,26.0,13.0,31414.0,6.094,417211866.0
-6.47246789932251,6.283219814300537,-0.1574556082487106,52.0,14.0,31415.0,9.022,417211868.0
-4.269310474395752,4.144480228424072,1.594325304031372,12.0,15.0,31415.0,6.16,417211870.0
-0.6034346222877502,0.5876347422599792,-0.2256902009248734,2.0,0.0,31424.0,0.872,417211891.0
-5.882808208465576,5.730777740478516,0.1433540731668472,10.0,1.0,31425.0,8.214,417211893.0
-1.020219445228577,0.9942008256912231,-0.3288784325122833,4.0,2.0,31426.0,1.462,417211896.0
-4.951192855834961,4.826608180999756,0.3623741567134857,5.0,3.0,31427.0,6.924,417211898.0
-5.787697792053223,5.642064094543457,-1.571121215820312,2.0,4.0,31427.0,8.234,417211900.0
-4.737154960632324,4.619568824768066,0.5788884162902832,9.0,5.0,31428.0,6.642,417211903.0
-13.71159172058105,13.37591075897217,-3.033890008926392,36.0,6.0,31429.0,19.394,417211905.0
-5.013707160949707,4.892672061920166,0.86015385389328,2.0,7.0,31430.0,7.058,417211907.0
-17.51160430908203,17.09482765197754,-3.004810571670532,76.0,8.0,31431.0,24.656,417211910.0
-4.647660255432129,4.537045478820801,1.02871298789978,5.0,9.0,31431.0,6.576000000000001,417211912.0
-20.19438934326172,19.72064590454102,-2.469470739364624,86.0,10.0,31432.0,28.334,417211914.0
-4.266472339630127,4.167839527130127,1.159355401992798,7.0,11.0,31433.0,6.076000000000001,417211917.0
-8.28929328918457,8.10048770904541,-0.6074110865592957,19.0,12.0,31434.0,11.606,417211919.0
-4.234879493713379,4.139866828918457,1.367252469062805,19.0,13.0,31435.0,6.078,417211921.0
-6.446536064147949,6.304103851318359,-0.1573857963085175,45.0,14.0,31436.0,9.018,417211923.0
-4.268556118011475,4.175702571868896,1.600019335746765,18.0,15.0,31437.0,6.182,417211926.0
-0.6206900477409363,0.6086740493774414,-0.2329371422529221,2.0,0.0,31444.0,0.9,417211946.0
-5.602962017059326,5.49641227722168,0.1370013952255249,11.0,1.0,31445.0,7.850000000000001,417211949.0
-1.008397459983826,0.9895665049552917,-0.326179027557373,4.0,2.0,31446.0,1.45,417211951.0
-4.949415683746338,4.85698938369751,0.3634208738803864,15.0,3.0,31446.0,6.944,417211953.0
-6.552535057067871,6.432417392730713,-1.784827351570129,4.0,4.0,31447.0,9.354000000000001,417211956.0
-4.816245079040527,4.729607582092285,0.5905672907829285,9.0,5.0,31448.0,6.776,417211958.0
-13.66340827941895,13.42230701446533,-3.03357720375061,37.0,6.0,31449.0,19.392,417211960.0
-5.005093097686768,4.918491363525391,0.8616162538528442,2.0,7.0,31450.0,7.07,417211963.0
-17.45748901367188,17.16141700744629,-3.005785465240479,81.0,8.0,31451.0,24.664,417211965.0
-4.60846471786499,4.531888484954834,1.023707151412964,5.0,9.0,31452.0,6.544,417211967.0
-20.12542915344238,19.79101753234863,-2.469470739364624,86.0,10.0,31452.0,28.334,417211970.0
-4.597591876983643,4.522775650024414,1.253615140914917,5.0,11.0,31453.0,6.57,417211972.0
-8.89730167388916,8.755572319030762,-0.654199481010437,19.0,12.0,31454.0,12.5,417211974.0
-4.230123996734619,4.164194107055664,1.370401859283447,22.0,13.0,31455.0,6.092000000000001,417211976.0
-6.425916194915771,6.327971458435059,-0.1574207097291946,22.0,14.0,31456.0,9.02,417211979.0
-6.02930212020874,5.939475536346436,2.267772436141968,8.0,15.0,31457.0,8.762,417211981.0
-0.6159185767173767,0.6080146431922913,-0.2319018691778183,2.0,0.0,31463.0,0.896,417212002.0
-5.587550163269043,5.517772197723389,0.1370712071657181,19.0,1.0,31464.0,7.854,417212004.0
-1.027292132377625,1.014817476272583,-0.3333774507045746,2.0,2.0,31465.0,1.482,417212006.0
-4.921915054321289,4.862146854400635,0.3625835180282593,16.0,3.0,31465.0,6.928,417212009.0
-6.726670265197754,6.647306442260742,-1.838253855705261,4.0,4.0,31466.0,9.634,417212011.0
-4.906804084777832,4.850605010986328,0.6036406755447388,5.0,5.0,31467.0,6.926,417212013.0
-13.62303733825684,13.47171020507812,-3.034515857696533,34.0,6.0,31468.0,19.398,417212016.0
-4.991578102111816,4.937853813171387,0.8621037602424622,3.0,7.0,31469.0,7.074,417212018.0
-17.39766120910645,17.21642112731934,-3.005297899246216,65.0,8.0,31470.0,24.66,417212020.0
-4.587183952331543,4.5393967628479,1.022142767906189,5.0,9.0,31470.0,6.534,417212023.0
-20.06110382080078,19.85904884338379,-2.469645023345947,90.0,10.0,31471.0,28.336,417212025.0
-4.553273677825928,4.508986473083496,1.245601177215576,3.0,11.0,31472.0,6.528,417212027.0
-8.873893737792969,8.790651321411133,-0.6546181440353394,20.0,12.0,31473.0,12.508,417212029.0
-4.196913242340088,4.158995151519775,1.364103198051453,9.0,13.0,31474.0,6.064,417212032.0
-6.389274597167969,6.333759784698486,-0.1570367515087128,7.0,14.0,31475.0,8.998,417212034.0
-6.013688087463379,5.963517665863037,2.269325494766235,14.0,15.0,31476.0,8.768,417212036.0
-0.6137924790382385,0.6101608872413635,-0.2319018691778183,2.0,0.0,31483.0,0.896,417212057.0
-6.004981517791748,5.971536636352539,0.1478218883275986,7.0,1.0,31484.0,8.47,417212059.0
-1.036177635192871,1.030766367912292,-0.3374265730381012,2.0,2.0,31485.0,1.5,417212062.0
-4.945975780487061,4.920146465301514,0.3656190037727356,15.0,3.0,31485.0,6.986,417212064.0
-7.055505275726318,7.021109580993652,-1.934803247451782,11.0,4.0,31486.0,10.14,417212066.0
-4.919495105743408,4.897221565246582,0.6073012351989746,9.0,5.0,31487.0,6.968,417212069.0
-13.56333160400391,13.50663661956787,-3.031699895858765,21.0,6.0,31488.0,19.38,417212071.0
-7.929082870483398,7.898695945739746,1.37419867515564,3.0,7.0,31489.0,11.276,417212073.0
-17.33464622497559,17.27424240112305,-3.004810571670532,63.0,8.0,31490.0,24.656,417212076.0
-4.557318210601807,4.54143762588501,1.019014120101929,5.0,9.0,31490.0,6.514,417212078.0
-19.98884010314941,19.9261417388916,-2.469296455383301,90.0,10.0,31491.0,28.332,417212080.0
-5.011553764343262,4.997578144073486,1.375732898712158,12.0,11.0,31492.0,7.21,417212082.0
-8.78659439086914,8.765151023864746,-0.6504312753677368,19.0,12.0,31493.0,12.428,417212085.0
-6.563230991363525,6.54949951171875,2.140634298324585,9.0,13.0,31494.0,9.516,417212087.0
-4.832269668579102,4.825527191162109,1.829850673675537,21.0,15.0,31496.0,7.07,417212092.0
-0.6225813627243042,0.6232336759567261,-0.2360429763793945,2.0,0.0,31503.0,0.912,417212112.0
-5.984100341796875,5.992461204528809,0.1478218883275986,10.0,1.0,31504.0,8.47,417212115.0
-1.054601430892944,1.056443691253662,-0.3446250259876251,2.0,2.0,31505.0,1.532,417212117.0
-4.931593418121338,4.940207958221436,0.3658283352851868,15.0,3.0,31505.0,6.99,417212119.0
-4.788394451141357,4.800109386444092,0.5931819677352905,3.0,5.0,31507.0,6.806,417212124.0
-13.50773334503174,13.54550647735596,-3.029822826385498,12.0,6.0,31508.0,19.368,417212126.0
-7.897258758544922,7.922107696533203,1.373467445373535,2.0,7.0,31509.0,11.27,417212128.0
-17.29245948791504,17.35292625427246,-3.007979154586792,73.0,8.0,31510.0,24.682,417212131.0
-4.527494430541992,4.543325901031494,1.015885472297668,5.0,9.0,31510.0,6.494,417212133.0
-19.91775703430176,19.99438285827637,-2.469122171401978,86.0,10.0,31511.0,28.33,417212135.0
-5.034252643585205,5.055384159088135,1.386799812316895,7.0,11.0,31512.0,7.268,417212138.0
-8.722127914428711,8.761796951293945,-0.6479191184043884,19.0,12.0,31513.0,12.38,417212140.0
-4.756103038787842,4.779402732849121,1.556661248207092,8.0,13.0,31514.0,6.92,417212142.0
-6.540931701660156,6.575270175933838,-0.161888524889946,1.0,14.0,31515.0,9.276,417212145.0
-4.802616596221924,4.827829360961914,1.824674248695374,11.0,15.0,31515.0,7.05,417212147.0
-0.6367284059524536,0.6418610215187073,-0.2422546297311783,3.0,0.0,31523.0,0.936,417212168.0
-5.944841384887695,5.99485445022583,0.1473681181669235,10.0,1.0,31524.0,8.444,417212170.0
-1.053651213645935,1.062886476516724,-0.3455248177051544,2.0,2.0,31525.0,1.536,417212172.0
-4.91010046005249,4.953137397766113,0.3655143082141876,16.0,3.0,31525.0,6.984,417212175.0
-9.68447208404541,9.77276611328125,-2.674378871917725,12.0,4.0,31526.0,14.016,417212177.0
-4.721131324768066,4.765838146209717,0.5869067907333374,10.0,5.0,31527.0,6.734,417212179.0
-13.48538780212402,13.61783981323242,-3.035454273223877,12.0,6.0,31528.0,19.404,417212181.0
-4.653303623199463,4.700648307800293,0.8121373057365417,11.0,7.0,31529.0,6.664,417212184.0
-17.21502494812012,17.39624977111816,-3.005054235458374,78.0,8.0,31530.0,24.658,417212186.0
-4.158682346343994,4.202461242675781,0.9364166855812073,7.0,9.0,31530.0,5.986,417212188.0
-19.85905075073242,20.07511711120605,-2.470516681671143,86.0,10.0,31531.0,28.346,417212191.0
-4.163454055786133,4.210221767425537,1.150959849357605,4.0,11.0,31532.0,6.032,417212193.0
-8.685873985290527,8.786508560180664,-0.6475004553794861,20.0,12.0,31533.0,12.372,417212195.0
-4.747609615325928,4.80429220199585,1.55936074256897,19.0,13.0,31534.0,6.932,417212198.0
-6.520750999450684,6.600907325744629,-0.1619583368301392,6.0,14.0,31535.0,9.28,417212200.0
-5.925118446350098,6.00004768371582,2.259490251541138,16.0,15.0,31536.0,8.73,417212202.0
-0.6412627100944519,0.6509609222412109,-0.2448428124189377,3.0,0.0,31543.0,0.9460000000000001,417212223.0
-5.905638694763184,5.997046947479248,0.1469143629074097,10.0,1.0,31544.0,8.418000000000001,417212225.0
-1.073175430297852,1.090166568756104,-0.353173166513443,2.0,2.0,31545.0,1.57,417212228.0
-4.884908676147461,4.963982582092285,0.3649909496307373,16.0,3.0,31546.0,6.974,417212230.0
-9.624135971069336,9.779924392700195,-2.667128086090088,5.0,4.0,31546.0,13.978,417212232.0
-4.698877811431885,4.776607513427734,0.5862095355987549,16.0,5.0,31547.0,6.726,417212234.0
-13.44331073760986,13.67046356201172,-3.036705732345581,12.0,6.0,31548.0,19.412,417212237.0
-4.657741069793701,4.738097190856934,0.8157933950424194,20.0,7.0,31549.0,6.694,417212239.0
-17.13054275512695,17.43216705322266,-3.000910758972168,84.0,8.0,31550.0,24.624,417212241.0
-4.123219013214111,4.195818424224854,0.9317236542701721,22.0,9.0,31550.0,5.956,417212244.0
-19.79304313659668,20.14858055114746,-2.471039533615112,78.0,10.0,31551.0,28.352,417212246.0
-4.125347137451172,4.200916290283203,1.144472360610962,14.0,11.0,31552.0,5.998,417212248.0
-8.655150413513184,8.816774368286133,-0.6475004553794861,20.0,12.0,31553.0,12.372,417212251.0
-6.420580387115479,6.542760848999023,2.116339445114136,4.0,13.0,31554.0,9.408,417212253.0
-6.501870632171631,6.627911567687988,-0.1620630472898483,13.0,14.0,31555.0,9.286,417212255.0
-5.890307903289795,6.004493236541748,2.253796339035034,16.0,15.0,31555.0,8.708,417212258.0
-0.6335828304290771,0.6476715207099915,-0.2427722662687302,3.0,0.0,31563.0,0.9380000000000001,417212278.0
-5.859503269195557,5.991889953613281,0.1462860703468323,10.0,1.0,31564.0,8.382,417212281.0
-1.080261468887329,1.105054140090942,-0.3567723631858826,2.0,2.0,31565.0,1.586,417212283.0
-4.863363742828369,4.976718425750732,0.3646769523620605,15.0,3.0,31566.0,6.968,417212285.0
-14.21544742584229,14.54677963256836,-3.953562498092651,2.0,4.0,31566.0,20.72,417212287.0
-4.175392627716064,4.274204254150391,0.5227601528167725,3.0,5.0,31567.0,5.998,417212290.0
-13.3817081451416,13.70317363739014,-3.03357720375061,18.0,6.0,31568.0,19.392,417212292.0
-4.645333766937256,4.758588314056396,0.8165246248245239,3.0,7.0,31569.0,6.7,417212294.0
-16.4872932434082,16.89515686035156,-2.898540496826172,23.0,8.0,31570.0,23.784,417212297.0
-4.106433391571045,4.209488391876221,0.9314107894897461,17.0,9.0,31571.0,5.954,417212299.0
-19.72259140014648,20.21754837036133,-2.471039533615112,78.0,10.0,31571.0,28.352,417212301.0
-4.132588863372803,4.23777961730957,1.150578260421753,16.0,11.0,31572.0,6.03,417212304.0
-8.62710952758789,8.84979248046875,-0.6477097868919373,19.0,12.0,31573.0,12.376,417212306.0
-5.876801490783691,6.030599117279053,1.944027066230774,9.0,13.0,31574.0,8.642,417212308.0
-6.449392795562744,6.620486736297607,-0.1613300442695618,24.0,14.0,31575.0,9.244,417212311.0
-5.841305255889893,5.998361587524414,2.243443489074707,13.0,15.0,31576.0,8.668000000000001,417212313.0
-0.642086923122406,0.6609645485877991,-0.2469133734703064,3.0,0.0,31583.0,0.9540000000000001,417212334.0
-5.810689449310303,5.983615398406982,0.1455879807472229,10.0,1.0,31584.0,8.342,417212336.0
-1.09811544418335,1.131190299987793,-0.3639708161354065,2.0,2.0,31585.0,1.618,417212338.0
-4.638715267181396,4.78010082244873,0.3490808308124542,11.0,3.0,31586.0,6.67,417212340.0
-4.371058940887451,4.504286766052246,-1.220032691955566,5.0,4.0,31586.0,6.394,417212343.0
-4.182643890380859,4.311634063720703,0.5255491137504578,5.0,5.0,31587.0,6.03,417212345.0
-13.32279205322266,13.7384557723999,-3.031074285507202,25.0,6.0,31588.0,19.376,417212347.0
-4.01245641708374,4.139088153839111,0.7078171372413635,10.0,7.0,31589.0,5.808,417212350.0
-16.44064903259277,16.96543502807617,-2.900734186172485,21.0,8.0,31590.0,23.802,417212352.0
-4.399007797241211,4.539423942565918,1.001180529594421,5.0,9.0,31590.0,6.4,417212354.0
-19.64773941040039,20.2819766998291,-2.470516681671143,75.0,10.0,31591.0,28.346,417212357.0
-4.112308025360107,4.246538162231445,1.149051785469055,17.0,11.0,31592.0,6.022,417212359.0
-8.603111267089844,8.887028694152832,-0.64823317527771,17.0,12.0,31593.0,12.386,417212361.0
-5.865200996398926,6.060879230499268,1.947176337242126,10.0,13.0,31594.0,8.656,417212364.0
-6.43041467666626,6.647270679473877,-0.1614347547292709,28.0,14.0,31595.0,9.25,417212366.0
-4.153140544891357,4.293199062347412,1.600536942481995,14.0,15.0,31595.0,6.184,417212368.0
-0.6317283511161804,0.6548596620559692,-0.2438075393438339,3.0,0.0,31603.0,0.9420000000000001,417212389.0
-5.76200532913208,5.975073337554932,0.1448898762464523,10.0,1.0,31604.0,8.302,417212391.0
-1.114447474479675,1.156061410903931,-0.3707193434238434,2.0,2.0,31605.0,1.648,417212393.0
-4.572108745574951,4.744490146636963,0.345312625169754,15.0,3.0,31606.0,6.598,417212396.0
-4.37029504776001,4.535067558288574,-1.224230527877808,12.0,4.0,31606.0,6.416,417212398.0
-4.355557918548584,4.521353721618652,0.5492554903030396,20.0,5.0,31607.0,6.302,417212400.0
-13.28160572052002,13.7919921875,-3.032638549804688,31.0,6.0,31608.0,19.386,417212403.0
-3.997983932495117,4.153069019317627,0.7078171372413635,21.0,7.0,31609.0,5.808,417212405.0
-16.3524227142334,16.9926815032959,-2.895615577697754,35.0,8.0,31610.0,23.76,417212407.0
-4.389187812805176,4.562634468078613,1.002744913101196,5.0,9.0,31611.0,6.41,417212410.0
-19.58234786987305,20.35618019104004,-2.471213817596436,75.0,10.0,31611.0,28.354,417212412.0
-4.102903366088867,4.26652717590332,1.150578260421753,13.0,11.0,31612.0,6.03,417212414.0
-8.541585922241211,8.885327339172363,-0.6459303498268127,12.0,12.0,31613.0,12.342,417212416.0
-6.355764865875244,6.613852024078369,2.11768913269043,10.0,13.0,31614.0,9.414,417212419.0
-6.415483951568604,6.678328990936279,-0.1616441905498505,33.0,14.0,31615.0,9.262,417212421.0
-4.138715744018555,4.309785842895508,1.601054668426514,14.0,15.0,31616.0,6.186,417212423.0
-0.648384153842926,0.6763650178909302,-0.2510544657707214,3.0,0.0,31621.0,0.97,417212444.0
-5.725219249725342,5.974376678466797,0.1444361209869385,10.0,1.0,31622.0,8.276,417212446.0
-1.118898510932922,1.168000221252441,-0.3734187483787537,2.0,2.0,31623.0,1.66,417212449.0
-4.541985511779785,4.742962837219238,0.3441612422466278,20.0,3.0,31624.0,6.576000000000001,417212451.0
-4.368247032165527,4.561536312103271,-1.227665066719055,23.0,4.0,31624.0,6.434,417212453.0
-4.313776969909668,4.506229877471924,0.5457692742347717,13.0,5.0,31625.0,6.262,417212456.0
-13.24504089355469,13.84078502655029,-3.034202814102173,12.0,6.0,31626.0,19.396,417212458.0
-3.986289262771606,4.167043209075928,0.7080608606338501,12.0,7.0,31627.0,5.81,417212460.0
-16.30170249938965,17.04684066772461,-2.896103143692017,45.0,8.0,31628.0,23.764,417212463.0
-4.028856754302979,4.2130126953125,0.9232761859893799,7.0,9.0,31628.0,5.902,417212465.0
-19.52105331420898,20.42047882080078,-2.471562623977661,75.0,10.0,31629.0,28.358,417212467.0
-8.483278274536133,8.880346298217773,-0.6436275839805603,8.0,12.0,31631.0,12.298,417212472.0
-6.314767837524414,6.612646579742432,2.11094069480896,6.0,13.0,31632.0,9.384,417212474.0
-6.383425712585449,6.686879634857178,-0.1613649427890778,27.0,14.0,31633.0,9.246,417212476.0
-4.720851898193359,4.945271015167236,1.831921219825745,20.0,15.0,31633.0,7.078,417212479.0
-0.6606712341308594,0.6940156817436218,-0.2567484974861145,3.0,0.0,31641.0,0.992,417212499.0
-5.696058750152588,5.985633373260498,0.1442266851663589,10.0,1.0,31642.0,8.264,417212502.0
-1.143020749092102,1.201549172401428,-0.3828666806221008,3.0,2.0,31643.0,1.702,417212504.0
-4.518520355224609,4.751551628112793,0.3436378836631775,37.0,3.0,31644.0,6.566,417212506.0
-4.355003356933594,4.579601764678955,-1.228428363800049,15.0,4.0,31644.0,6.438,417212509.0
-4.300766468048096,4.524148464202881,0.546117901802063,14.0,5.0,31645.0,6.266,417212511.0
-13.27420997619629,13.96855449676514,-3.05203652381897,25.0,6.0,31646.0,19.51,417212513.0
-3.993594408035278,4.203959941864014,0.7119607329368591,16.0,7.0,31647.0,5.842000000000001,417212516.0
-16.25030136108398,17.11227607727051,-2.897565603256226,49.0,8.0,31648.0,23.776,417212518.0
-3.998428344726562,4.211991786956787,0.9198346734046936,15.0,9.0,31649.0,5.88,417212520.0
-19.46337127685547,20.5029468536377,-2.473305702209473,63.0,10.0,31649.0,28.378,417212522.0
-4.721844673156738,4.975785732269287,1.333373308181763,7.0,11.0,31650.0,6.988,417212525.0
-8.409616470336914,8.864984512329102,-0.6403827667236328,7.0,12.0,31651.0,12.236,417212527.0
-6.291646957397461,6.63464879989624,2.11094069480896,4.0,13.0,31652.0,9.384,417212529.0
-6.360044956207275,6.709120750427246,-0.1613649427890778,25.0,14.0,31653.0,9.246,417212532.0
-4.698708534240723,4.958333969116211,1.830368280410767,4.0,15.0,31654.0,7.072,417212534.0
-0.6582446694374084,0.6963176131248474,-0.2567484974861145,3.0,0.0,31661.0,0.992,417212555.0
-5.650408267974854,5.979318618774414,0.1435984075069427,10.0,1.0,31662.0,8.228,417212557.0
-1.165583968162537,1.233863949775696,-0.3918647468090057,2.0,2.0,31663.0,1.742,417212559.0
-4.501906871795654,4.767295360565186,0.3436378836631775,41.0,3.0,31664.0,6.566,417212562.0
-4.344382762908936,4.600485324859619,-1.229954838752747,18.0,4.0,31664.0,6.446,417212564.0
-4.265800476074219,4.518849849700928,0.5436775088310242,14.0,5.0,31665.0,6.238,417212566.0
-13.76767063140869,14.5894775390625,-3.177183866500854,29.0,6.0,31666.0,20.31,417212569.0
-3.981619834899902,4.220762729644775,0.7124481797218323,15.0,7.0,31667.0,5.846,417212571.0
-16.19046783447266,17.16889762878418,-2.897565603256226,45.0,8.0,31668.0,23.776,417212573.0
-3.987149477005005,4.228102207183838,0.9204604029655457,14.0,9.0,31668.0,5.884,417212575.0
-19.39168357849121,20.57076072692871,-2.473305702209473,75.0,10.0,31669.0,28.378,417212578.0
-4.023150444030762,4.26926326751709,1.140274524688721,6.0,11.0,31670.0,5.976,417212580.0
-7.986942768096924,8.47850227355957,-0.610446572303772,7.0,12.0,31671.0,11.664,417212582.0
-6.259097099304199,6.646639347076416,2.107791423797607,6.0,13.0,31672.0,9.370000000000001,417212585.0
-6.333845615386963,6.728368759155273,-0.1612951457500458,16.0,14.0,31673.0,9.242,417212587.0
-5.701845645904541,6.057002544403076,2.228949546813965,14.0,15.0,31673.0,8.612,417212589.0
-0.6544878482818604,0.6972025632858276,-0.2562308609485626,3.0,0.0,31681.0,0.99,417212610.0
-5.607607841491699,5.975674629211426,0.1430399268865585,10.0,1.0,31682.0,8.196,417212612.0
-1.203934192657471,1.283405661582947,-0.4062615931034088,3.0,2.0,31683.0,1.806,417212615.0
-4.493435382843018,4.791722297668457,0.3442659080028534,33.0,3.0,31684.0,6.578,417212617.0
-4.325611591339111,4.612757682800293,-1.229191541671753,18.0,4.0,31684.0,6.442,417212619.0
-4.235012054443359,4.517723560333252,0.5417600870132446,15.0,5.0,31685.0,6.216,417212622.0
-13.70855617523193,14.62879848480225,-3.175306797027588,27.0,6.0,31686.0,20.298,417212624.0
-3.964148283004761,4.231737613677979,0.7119607329368591,16.0,7.0,31687.0,5.842000000000001,417212626.0
-16.1602897644043,17.2571849822998,-2.902927875518799,16.0,8.0,31688.0,23.82,417212628.0
-3.999975204467773,4.272971630096436,0.927030622959137,8.0,9.0,31689.0,5.926,417212631.0
-19.3143138885498,20.63250732421875,-2.472608327865601,75.0,10.0,31689.0,28.37,417212633.0
-8.213809967041016,8.780539512634277,-0.6301249265670776,7.0,12.0,31691.0,12.04,417212638.0
-4.707839965820312,5.034428596496582,1.591303706169128,3.0,13.0,31692.0,7.074,417212640.0
-6.627134323120117,7.089346408843994,-0.1693930625915527,50.0,14.0,31693.0,9.706,417212642.0
-5.696754455566406,6.096209526062012,2.235678911209106,19.0,15.0,31694.0,8.638,417212645.0
-0.6678574085235596,0.7164400815963745,-0.2624424993991852,3.0,0.0,31701.0,1.014,417212665.0
-5.547179698944092,5.952786445617676,0.1420276910066605,10.0,1.0,31702.0,8.138,417212668.0
-1.202103495597839,1.290452122688293,-0.4071614146232605,3.0,2.0,31703.0,1.81,417212670.0
-4.483487606048584,4.814686298370361,0.3447892665863037,28.0,3.0,31704.0,6.588,417212672.0
-4.316173553466797,4.635012626647949,-1.231099605560303,20.0,4.0,31704.0,6.452,417212675.0
-4.209713459014893,4.522270679473877,0.5405399203300476,15.0,5.0,31705.0,6.202,417212677.0
-13.65067958831787,14.66933059692383,-3.173742532730103,24.0,6.0,31706.0,20.288,417212679.0
-3.943944454193115,4.23973560333252,0.7109857201576233,16.0,7.0,31707.0,5.834000000000001,417212681.0
-16.08102798461914,17.29313850402832,-2.899515390396118,47.0,8.0,31708.0,23.792,417212684.0
-4.01134204864502,4.313697814941406,0.932975172996521,17.0,9.0,31708.0,5.964,417212686.0
-19.24624633789062,20.70417976379395,-2.473131418228149,67.0,10.0,31709.0,28.376,417212688.0
-3.977210283279419,4.279988288879395,1.135695099830627,18.0,11.0,31710.0,5.952,417212691.0
-7.93163537979126,8.538444519042969,-0.6107606291770935,16.0,12.0,31711.0,11.67,417212693.0
-3.998039722442627,4.305416107177734,1.356454849243164,3.0,13.0,31712.0,6.03,417212695.0
-6.760161399841309,7.282443046569824,-0.1734420210123062,26.0,14.0,31713.0,9.938,417212698.0
-5.685707569122314,6.124978065490723,2.239302396774292,17.0,15.0,31713.0,8.652000000000001,417212700.0
-0.6706018447875977,0.7244377136230469,-0.2645130753517151,3.0,0.0,31721.0,1.022,417212721.0
-5.425862789154053,5.863502979278564,0.1394447237253189,11.0,1.0,31722.0,7.99,417212723.0
-1.213471293449402,1.311806917190552,-0.4125602245330811,3.0,2.0,31723.0,1.834,417212725.0
-4.46394157409668,4.827374458312988,0.3445799350738525,22.0,3.0,31724.0,6.584000000000001,417212728.0
-4.303966999053955,4.654375076293945,-1.232244491577148,18.0,4.0,31724.0,6.458,417212730.0
-4.188492298126221,4.53108549118042,0.5398426651954651,16.0,5.0,31725.0,6.194,417212732.0
-13.59000682830811,14.7067346572876,-3.171552419662476,30.0,6.0,31726.0,20.274,417212734.0
-3.916998147964478,4.240353107452393,0.7087920904159546,18.0,7.0,31727.0,5.816,417212737.0
-16.0367259979248,17.36666679382324,-2.902440309524536,33.0,8.0,31728.0,23.816,417212739.0
-3.994920015335083,4.32622241973877,0.932662308216095,15.0,9.0,31728.0,5.962,417212741.0
-19.18196487426758,20.78001976013184,-2.474177122116089,78.0,10.0,31729.0,28.388,417212744.0
-7.858448028564453,8.5191011428833,-0.6074110865592957,17.0,12.0,31731.0,11.606,417212748.0
-3.96052885055542,4.294991016387939,1.348806500434875,18.0,13.0,31732.0,5.996,417212751.0
-6.742831707000732,7.314817905426025,-0.1736514419317245,24.0,14.0,31733.0,9.950000000000001,417212753.0
-5.699645519256592,6.183139324188232,2.253278493881226,23.0,15.0,31733.0,8.706,417212755.0
-0.670683741569519,0.7296186685562134,-0.2655483484268188,3.0,0.0,31741.0,1.026,417212776.0
-5.351241111755371,5.823509216308594,0.138048529624939,16.0,1.0,31742.0,7.91,417212778.0
-1.243160724639893,1.353348731994629,-0.4242576956748962,4.0,2.0,31743.0,1.886,417212781.0
-4.47273063659668,4.870878219604492,0.3465687036514282,13.0,3.0,31744.0,6.622,417212783.0
-4.279726505279541,4.660694122314453,-1.229954838752747,18.0,4.0,31744.0,6.446,417212785.0
-4.159177303314209,4.531001091003418,0.5380995273590088,18.0,5.0,31745.0,6.174,417212787.0
-13.55060768127441,14.76718235015869,-3.174368143081665,29.0,6.0,31746.0,20.292,417212790.0
-3.903514623641968,4.255463123321533,0.7090358138084412,20.0,7.0,31747.0,5.818000000000001,417212792.0
-15.98539924621582,17.43278121948242,-2.904146432876587,54.0,8.0,31748.0,23.83,417212794.0
-3.967023611068726,4.32772970199585,0.929846465587616,15.0,9.0,31749.0,5.944,417212797.0
-19.13220024108887,20.87181854248047,-2.477140426635742,96.0,10.0,31749.0,28.422,417212799.0
-3.961823701858521,4.323571681976318,1.139892935752869,2.0,11.0,31750.0,5.974,417212801.0
-7.838106155395508,8.55678939819336,-0.6081438064575195,18.0,12.0,31751.0,11.62,417212804.0
-3.942880153656006,4.305915355682373,1.347906708717346,16.0,13.0,31752.0,5.992,417212806.0
-6.18122673034668,6.752720355987549,-0.1597942262887955,13.0,14.0,31753.0,9.156,417212808.0
-4.708862781524658,5.144227027893066,1.86867356300354,5.0,15.0,31753.0,7.22,417212810.0
-0.6811568737030029,0.7462234497070312,-0.2707247138023376,3.0,0.0,31761.0,1.046,417212831.0
-5.30257511138916,5.811132907867432,0.1373155266046524,16.0,1.0,31762.0,7.868,417212834.0
-1.251561999320984,1.372077345848083,-0.4287567138671875,4.0,2.0,31763.0,1.906,417212836.0
-4.521641254425049,4.958776950836182,0.3516976237297058,9.0,3.0,31764.0,6.72,417212838.0
-4.266077041625977,4.678505897521973,-1.230718016624451,18.0,4.0,31764.0,6.45,417212840.0
-4.125887393951416,4.526349544525146,0.535833477973938,16.0,5.0,31765.0,6.148,417212843.0
-13.48567295074463,14.79979133605957,-3.171239376068115,42.0,6.0,31766.0,20.272,417212845.0
-3.900667190551758,4.282270908355713,0.7112295031547546,16.0,7.0,31767.0,5.836,417212847.0
-15.94984340667725,17.51636123657227,-2.908777475357056,28.0,8.0,31768.0,23.868,417212850.0
-3.929287672042847,4.316717147827148,0.9245277047157288,10.0,9.0,31769.0,5.91,417212852.0
-19.05520439147949,20.93405342102051,-2.476617574691772,81.0,10.0,31769.0,28.416,417212854.0
-3.948028802871704,4.338827133178711,1.140274524688721,4.0,11.0,31770.0,5.976,417212857.0
-3.980266809463501,4.37732458114624,1.365902781486511,13.0,13.0,31772.0,6.072,417212861.0
-6.434697151184082,7.079082489013672,-0.1669846177101135,8.0,14.0,31773.0,9.568,417212863.0
-4.002719402313232,4.405105590820312,1.594842910766602,18.0,15.0,31774.0,6.162,417212866.0
-0.6733582615852356,0.7428711652755737,-0.2686541676521301,3.0,0.0,31781.0,1.038,417212887.0
-5.263460159301758,5.808861255645752,0.1368268728256226,17.0,1.0,31782.0,7.84,417212889.0
-1.259847402572632,1.390880942344666,-0.4332557320594788,4.0,2.0,31783.0,1.926,417212891.0
-4.525753498077393,4.998218536376953,0.3533723652362823,7.0,3.0,31784.0,6.752,417212893.0
-4.249720096588135,4.693368911743164,-1.230718016624451,18.0,4.0,31784.0,6.45,417212896.0
-4.096692085266113,4.525952816009521,0.5340903997421265,16.0,5.0,31785.0,6.128,417212898.0
-13.44718360900879,14.86142253875732,-3.174368143081665,32.0,6.0,31786.0,20.292,417212900.0
-3.900343418121338,4.312054634094238,0.7139106392860413,9.0,7.0,31787.0,5.858000000000001,417212903.0
-15.8539867401123,17.53364753723145,-2.902440309524536,40.0,8.0,31788.0,23.816,417212905.0
-7.388623714447021,8.174283027648926,1.745182871818542,2.0,9.0,31789.0,11.156,417212907.0
-18.99003028869629,21.00930976867676,-2.477663516998291,100.0,10.0,31789.0,28.428,417212910.0
-3.932859420776367,4.35258150100708,1.140274524688721,5.0,11.0,31790.0,5.976,417212912.0
-6.397888660430908,7.088140964508057,-0.166670486330986,12.0,14.0,31793.0,9.55,417212919.0
-3.96996808052063,4.398277759552002,1.58759605884552,15.0,15.0,31793.0,6.134,417212921.0
-0.6849775314331055,0.7610117197036743,-0.2743481993675232,3.0,0.0,31801.0,1.06,417212942.0
-5.239138603210449,5.822739124298096,0.1367221474647522,17.0,1.0,31802.0,7.834000000000001,417212944.0
-1.268016695976257,1.409758925437927,-0.43775475025177,4.0,2.0,31803.0,1.946,417212946.0
-4.492254257202148,4.996163845062256,0.3521163165569305,7.0,3.0,31804.0,6.728,417212949.0
-4.239874839782715,4.715474128723145,-1.232626080513,20.0,4.0,31804.0,6.46,417212951.0
-4.063553810119629,4.520961761474609,0.5318243503570557,11.0,5.0,31805.0,6.102,417212953.0
-13.41899013519287,14.93472099304199,-3.179999828338623,47.0,6.0,31806.0,20.328,417212956.0
-3.907818078994751,4.350749492645264,0.7180541753768921,5.0,7.0,31807.0,5.892,417212958.0
-16.22370910644531,18.06892776489258,-2.981655359268188,21.0,8.0,31808.0,24.466,417212960.0
-3.899055957794189,4.344043254852295,0.9245277047157288,1.0,9.0,31809.0,5.91,417212963.0
-18.91657829284668,21.07546997070312,-2.477663516998291,69.0,10.0,31809.0,28.428,417212965.0
-26.26576995849609,29.27367973327637,7.64495325088501,3.0,11.0,31810.0,40.066,417212967.0
-7.233311653137207,8.064488410949707,-0.5677404403686523,18.0,12.0,31811.0,10.848,417212969.0
-3.930096626281738,4.383241176605225,1.359154224395752,4.0,13.0,31812.0,6.042,417212972.0
-6.36910343170166,7.105963230133057,-0.1665657609701157,20.0,14.0,31813.0,9.544,417212974.0
-5.668203830718994,6.323975086212158,2.275537014007568,18.0,15.0,31813.0,8.792,417212976.0
-0.6976293921470642,0.7808043360710144,-0.2805598378181458,3.0,0.0,31822.0,1.084,417212997.0
-5.169806957244873,5.788211345672607,0.1354655772447586,11.0,1.0,31823.0,7.762,417212999.0
-1.283607363700867,1.437655329704285,-0.4449531733989716,4.0,2.0,31824.0,1.978,417213002.0
-4.402095317840576,4.932131290435791,0.3464640378952026,5.0,3.0,31825.0,6.62,417213004.0
-4.227792263031006,4.736841201782227,-1.234152555465698,20.0,4.0,31825.0,6.468,417213006.0
-3.984614133834839,4.465951442718506,0.5236316919326782,6.0,5.0,31826.0,6.008,417213009.0
-13.64685535430908,15.30075740814209,-3.247266530990601,90.0,6.0,31827.0,20.758,417213011.0
-3.894487619400024,4.368006229400635,0.7185416221618652,3.0,7.0,31828.0,5.896,417213013.0
-16.04642677307129,18.00378799438477,-2.961181402206421,40.0,8.0,31829.0,24.298,417213015.0
-3.876537561416626,4.350930213928223,0.9229633212089539,3.0,9.0,31830.0,5.9,417213018.0
-18.84611701965332,21.15985107421875,-2.479058027267456,93.0,10.0,31831.0,28.444,417213020.0
-26.16874694824219,29.3814811706543,7.648005962371826,4.0,11.0,31831.0,40.082,417213022.0
-7.201048851013184,8.08796215057373,-0.5675311088562012,26.0,12.0,31832.0,10.844,417213025.0
-5.986963272094727,6.72670841217041,2.078997611999512,4.0,13.0,31833.0,9.242,417213027.0
-6.34700345993042,7.13374137878418,-0.166670486330986,46.0,14.0,31834.0,9.55,417213029.0
-5.622054100036621,6.321152687072754,2.266737222671509,28.0,15.0,31835.0,8.758000000000001,417213032.0
-0.710145115852356,0.8006997108459473,-0.2867715060710907,3.0,0.0,31843.0,1.108,417213052.0
-5.12037992477417,5.773308277130127,0.1346976757049561,11.0,1.0,31843.0,7.718,417213055.0
-1.312193989753723,1.480039596557617,-0.4566506445407867,4.0,2.0,31844.0,2.03,417213057.0
-4.364981174468994,4.925046920776367,0.3448939621448517,5.0,3.0,31845.0,6.59,417213059.0
-4.20519495010376,4.746427059173584,-1.232626080513,21.0,4.0,31846.0,6.46,417213062.0
-3.84272575378418,4.338831424713135,0.5070720911026001,6.0,5.0,31847.0,5.818000000000001,417213064.0
-13.64175128936768,15.40835380554199,-3.259468555450439,100.0,6.0,31848.0,20.836,417213066.0
-3.866057872772217,4.366711139678955,0.71610426902771,10.0,7.0,31848.0,5.876,417213068.0
-15.99400997161865,18.07158279418945,-2.963131189346313,20.0,8.0,31849.0,24.314,417213071.0
-3.862635374069214,4.365914821624756,0.9232761859893799,5.0,9.0,31850.0,5.902,417213073.0
-18.78797912597656,21.24341773986816,-2.481149673461914,100.0,10.0,31851.0,28.468,417213075.0
-6.534401416778564,7.390994071960449,1.917630434036255,7.0,11.0,31852.0,10.05,417213078.0
-7.175324440002441,8.118790626525879,-0.5678451061248779,29.0,12.0,31853.0,10.85,417213080.0
-5.957107543945312,6.742764472961426,2.077198028564453,4.0,13.0,31854.0,9.234,417213082.0
-6.323387622833252,7.157351970672607,-0.166705384850502,50.0,14.0,31854.0,9.552,417213085.0
-5.594839572906494,6.334947109222412,2.264666557312012,29.0,15.0,31855.0,8.75,417213087.0
-0.699962317943573,0.7942308187484741,-0.2836656868457794,3.0,0.0,31861.0,1.096,417213108.0
-5.188452243804932,5.889286518096924,0.1370013952255249,16.0,1.0,31862.0,7.850000000000001,417213110.0
-1.343341708183289,1.525331258773804,-0.4692479074001312,3.0,2.0,31863.0,2.086,417213112.0
-4.330148696899414,4.918507099151611,0.3434285521507263,11.0,3.0,31864.0,6.562,417213115.0
-4.190262794494629,4.75961446762085,-1.232626080513,22.0,4.0,31864.0,6.46,417213117.0
-3.814596891403198,4.33443021774292,0.5051546692848206,6.0,5.0,31865.0,5.796,417213119.0
-13.61415386199951,15.4748649597168,-3.264474391937256,93.0,6.0,31866.0,20.868,417213121.0
-3.858110904693604,4.386960506439209,0.7173229455947876,16.0,7.0,31867.0,5.886,417213124.0
-25.8050708770752,29.36295890808105,6.191363334655762,0.0,9.0,31869.0,39.578,417213128.0
-18.72137451171875,21.31009292602539,-2.481672525405884,96.0,10.0,31870.0,28.474,417213131.0
-3.892436504364014,4.430667400360107,1.146380424499512,4.0,11.0,31870.0,6.008,417213133.0
-7.087840557098389,8.070759773254395,-0.5629255175590515,9.0,12.0,31871.0,10.756,417213135.0
-5.924324035644531,6.748265743255615,2.073148965835571,6.0,13.0,31872.0,9.216000000000001,417213138.0
-6.274556636810303,7.14972448348999,-0.1660421937704086,45.0,14.0,31873.0,9.514,417213140.0
-5.450222492218018,6.212599754333496,2.214455842971802,4.0,15.0,31874.0,8.556000000000001,417213142.0
-0.7021345496177673,0.8026069402694702,-0.2857362329959869,3.0,0.0,31882.0,1.104,417213163.0
-5.165229797363281,5.904351711273193,0.1369315832853317,17.0,1.0,31882.0,7.846,417213165.0
-1.389322996139526,1.588688492774963,-0.4872439801692963,3.0,2.0,31883.0,2.166,417213167.0
-4.330042362213135,4.953140258789062,0.3447892665863037,16.0,3.0,31884.0,6.588,417213170.0
-4.175373554229736,4.777897357940674,-1.233389377593994,20.0,4.0,31885.0,6.464,417213172.0
-3.789509296417236,4.337878704071045,0.5039345026016235,8.0,5.0,31886.0,5.782,417213174.0
-13.55344676971436,15.52019500732422,-3.263535737991333,100.0,6.0,31887.0,20.862,417213177.0
-3.842773914337158,4.40040111541748,0.7173229455947876,12.0,7.0,31887.0,5.886,417213179.0
-15.61214733123779,17.88393402099609,-2.914870977401733,33.0,8.0,31888.0,23.918,417213181.0
-25.6920280456543,29.44095039367676,6.188860416412354,1.0,9.0,31889.0,39.562,417213184.0
-18.63246726989746,21.35879898071289,-2.479755163192749,46.0,10.0,31890.0,28.452,417213186.0
-3.873590469360352,4.44194507598877,1.145617246627808,7.0,11.0,31891.0,6.004,417213188.0
-6.892846584320068,7.906988620758057,-0.5497368574142456,5.0,12.0,31892.0,10.504,417213191.0
-5.90083122253418,6.771403312683105,2.073598861694336,4.0,13.0,31893.0,9.218,417213193.0
-6.25350284576416,7.176105976104736,-0.1661469042301178,63.0,14.0,31893.0,9.52,417213195.0
-3.950194120407104,4.534579277038574,1.611407399177551,18.0,15.0,31894.0,6.226,417213197.0
-0.7070720791816711,0.813680112361908,-0.2888420522212982,3.0,0.0,31901.0,1.116,417213218.0
-5.141965389251709,5.919326305389404,0.1368617713451385,17.0,1.0,31902.0,7.842000000000001,417213220.0
-1.427211403846741,1.643556118011475,-0.502540647983551,3.0,2.0,31903.0,2.234,417213223.0
-4.311417102813721,4.966716289520264,0.3446846008300781,18.0,3.0,31904.0,6.586,417213225.0
-4.16465425491333,4.797647476196289,-1.234915852546692,20.0,4.0,31904.0,6.472,417213227.0
-3.776409387588501,4.351926326751709,0.5041087865829468,10.0,5.0,31905.0,5.784,417213230.0
-13.49802207946777,15.56057834625244,-3.26259708404541,73.0,6.0,31906.0,20.856,417213232.0
-3.826089859008789,4.412288665771484,0.717079222202301,12.0,7.0,31907.0,5.884,417213234.0
-25.59945297241211,29.54239654541016,6.191363334655762,0.0,9.0,31909.0,39.578,417213239.0
-8.416625022888184,9.716418266296387,-1.1246577501297,9.0,10.0,31910.0,12.904,417213241.0
-3.847270250320435,4.441410541534424,1.142182588577271,14.0,11.0,31910.0,5.986,417213244.0
-6.433831214904785,7.430037975311279,-0.5150904655456543,18.0,12.0,31911.0,9.842,417213246.0
-5.889822483062744,6.804194927215576,2.077647924423218,4.0,13.0,31912.0,9.236,417213248.0
-3.926758289337158,4.539573669433594,1.608301520347595,9.0,15.0,31914.0,6.214,417213253.0
-0.7154412269592285,0.8294318318367004,-0.2935008108615875,3.0,0.0,31922.0,1.134,417213273.0
-5.133026599884033,5.950867176055908,0.1371759176254272,13.0,1.0,31922.0,7.86,417213276.0
-1.446917057037354,1.678045034408569,-0.5115386843681335,3.0,2.0,31923.0,2.274,417213278.0
-4.28492546081543,4.971146106719971,0.3439519107341766,16.0,3.0,31924.0,6.572,417213280.0
-4.143197536468506,4.808417320251465,-1.233770966529846,18.0,4.0,31925.0,6.466,417213283.0
-3.770835638046265,4.377815246582031,0.5055032968521118,9.0,5.0,31926.0,5.8,417213285.0
-13.46667766571045,15.63988494873047,-3.26885461807251,28.0,6.0,31927.0,20.896,417213287.0
-3.79253101348877,4.404557228088379,0.7136668562889099,6.0,7.0,31927.0,5.856,417213290.0
-15.48432445526123,17.98948287963867,-2.914383411407471,2.0,8.0,31928.0,23.914,417213292.0
-3.814956426620483,4.433730602264404,0.9264048933982849,5.0,9.0,31929.0,5.922,417213294.0
-8.389153480529785,9.753291130065918,-1.125529289245605,22.0,10.0,31930.0,12.914,417213297.0
-3.852725505828857,4.480788230895996,1.148670196533203,2.0,11.0,31931.0,6.02,417213299.0
-6.807534694671631,7.920079708099365,-0.5473294258117676,11.0,12.0,31932.0,10.458,417213301.0
-3.850629568099976,4.481514453887939,1.364103198051453,4.0,13.0,31933.0,6.064,417213303.0
-5.610293865203857,6.529480934143066,-0.1502652168273926,8.0,14.0,31933.0,8.61,417213306.0
-4.46221399307251,5.195134162902832,1.835026979446411,7.0,15.0,31934.0,7.09,417213308.0
-0.7200817465782166,0.8407275080680847,-0.2966066300868988,3.0,0.0,31942.0,1.146,417213329.0
-5.090372562408447,5.945336818695068,0.136617437005043,14.0,1.0,31943.0,7.828,417213331.0
-1.481305956840515,1.730713248252869,-0.5259355902671814,4.0,2.0,31944.0,2.338,417213333.0
-4.266676425933838,4.986817836761475,0.3439519107341766,16.0,3.0,31945.0,6.572,417213336.0
-4.1302170753479,4.827325820922852,-1.234915852546692,20.0,4.0,31945.0,6.472,417213338.0
-12.399169921875,14.5021800994873,-3.022001028060913,13.0,6.0,31947.0,19.318,417213343.0
-3.818923473358154,4.468225955963135,0.7217102646827698,18.0,7.0,31948.0,5.922,417213345.0
-15.41570663452148,18.0430965423584,-2.913896083831787,26.0,8.0,31949.0,23.91,417213347.0
-25.40022659301758,29.73984527587891,6.194491863250732,0.0,9.0,31950.0,39.598,417213350.0
-8.363698959350586,9.79609489440918,-1.126923799514771,25.0,10.0,31951.0,12.93,417213352.0
-6.543400287628174,7.664045810699463,1.958845138549805,2.0,11.0,31951.0,10.266,417213354.0
-6.887463569641113,8.069886207580566,-0.5560172200202942,18.0,12.0,31952.0,10.624,417213356.0
-5.814420700073242,6.81503438949585,2.06820011138916,9.0,13.0,31953.0,9.194,417213359.0
-5.582431793212891,6.545435428619385,-0.1501605063676834,14.0,14.0,31954.0,8.604000000000001,417213361.0
-5.353078842163086,6.278736591339111,2.210832357406616,7.0,15.0,31955.0,8.542,417213363.0
-0.7182467579841614,0.8448329567909241,-0.2971242666244507,3.0,0.0,31963.0,1.148,417213384.0
-5.06829309463501,5.961545467376709,0.136582538485527,11.0,1.0,31963.0,7.826000000000001,417213386.0
-1.523210883140564,1.792300462722778,-0.5430318713188171,4.0,2.0,31964.0,2.414,417213389.0
-4.257002353668213,5.01081371307373,0.3445799350738525,16.0,3.0,31965.0,6.584000000000001,417213391.0
-4.111225128173828,4.840935230255127,-1.23453414440155,21.0,4.0,31966.0,6.47,417213393.0
-3.754885911941528,4.42291259765625,0.5075950622558594,3.0,5.0,31967.0,5.824,417213396.0
-13.53847503662109,15.95272922515869,-3.313907623291016,34.0,6.0,31968.0,21.184,417213398.0
-3.764769315719604,4.436123371124268,0.7143980860710144,11.0,7.0,31968.0,5.862,417213400.0
-15.329514503479,18.06954956054688,-2.90950870513916,28.0,8.0,31969.0,23.874,417213403.0
-3.795908451080322,4.475981712341309,0.9295336008071899,5.0,9.0,31970.0,5.942,417213405.0
-8.31785774230957,9.811552047729492,-1.125355005264282,19.0,10.0,31971.0,12.912,417213407.0
-3.805331707000732,4.490269660949707,1.14409077167511,5.0,11.0,31972.0,5.996,417213409.0
-6.95337438583374,8.207845687866211,-0.563762903213501,15.0,12.0,31973.0,10.772,417213412.0
-5.726434230804443,6.761943340301514,2.04570484161377,4.0,13.0,31974.0,9.094,417213414.0
-5.562134742736816,6.567933559417725,-0.1502303183078766,21.0,14.0,31974.0,8.608,417213416.0
-5.427241802215576,6.410916805267334,2.250690460205078,7.0,15.0,31975.0,8.696,417213419.0
-0.7207247018814087,0.8528624773025513,-0.2991948127746582,3.0,0.0,31980.0,1.156,417213439.0
-5.041796684265137,5.968273162841797,0.1363731026649475,11.0,1.0,31981.0,7.814,417213442.0
-1.562835931777954,1.850676536560059,-0.5592283010482788,4.0,2.0,31982.0,2.486,417213444.0
-4.245104312896729,5.028741359710693,0.3448939621448517,16.0,3.0,31983.0,6.59,417213446.0
-4.101909637451172,4.859112739562988,-1.236060619354248,21.0,4.0,31983.0,6.478,417213449.0
-3.726326942443848,4.415761947631836,0.5055032968521118,2.0,5.0,31984.0,5.8,417213451.0
-13.60062122344971,16.12267875671387,-3.340814352035522,21.0,6.0,31985.0,21.356,417213453.0
-3.762331485748291,4.461586952209473,0.7165917158126831,15.0,7.0,31986.0,5.88,417213455.0
-15.28802585601807,18.13583183288574,-2.912433624267578,9.0,8.0,31987.0,23.898,417213458.0
-3.786919593811035,4.493927001953125,0.930785059928894,3.0,9.0,31988.0,5.95,417213460.0
-18.30429458618164,21.72934913635254,-2.485681772232056,34.0,10.0,31989.0,28.52,417213462.0
-6.470924377441406,7.681748390197754,1.952357649803162,4.0,11.0,31989.0,10.232,417213465.0
-6.568775653839111,7.800672054290771,-0.5344547629356384,5.0,12.0,31990.0,10.212,417213467.0
-3.80632209777832,4.521754264831543,1.364553093910217,3.0,13.0,31991.0,6.066,417213469.0
-5.541473388671875,6.585375308990479,-0.1502303183078766,13.0,14.0,31992.0,8.608,417213472.0
-3.847628355026245,4.574064254760742,1.601572275161743,7.0,15.0,31993.0,6.188,417213474.0
-0.7276774048805237,0.867212176322937,-0.3033359348773956,3.0,0.0,32000.0,1.172,417213495.0
-4.997800827026367,5.958258628845215,0.1357448101043701,11.0,1.0,32001.0,7.778,417213497.0
-1.59142529964447,1.897931814193726,-0.5718255639076233,4.0,2.0,32002.0,2.542,417213499.0
-4.235222816467285,5.052712440490723,0.3455219864845276,16.0,3.0,32003.0,6.602,417213502.0
-4.087854862213135,4.878628730773926,-1.237205505371094,21.0,4.0,32004.0,6.484,417213504.0
-3.724190235137939,4.446191310882568,0.5074207186698914,2.0,5.0,32005.0,5.822,417213506.0
-13.56426429748535,16.19968223571777,-3.34644603729248,25.0,6.0,32006.0,21.392,417213508.0
-3.726344347000122,4.450340747833252,0.7126919031143188,5.0,7.0,32006.0,5.848,417213511.0
-15.23481941223145,18.20126533508301,-2.914383411407471,21.0,8.0,32007.0,23.914,417213513.0
-3.775012731552124,4.511663436889648,0.9317236542701721,14.0,9.0,32008.0,5.956,417213515.0
-18.2347240447998,21.80075263977051,-2.486553430557251,77.0,10.0,32009.0,28.53,417213518.0
-6.420058250427246,7.678303241729736,1.945488572120667,6.0,11.0,32010.0,10.196,417213520.0
-6.374907970428467,7.627009391784668,-0.5209521055221558,11.0,12.0,32011.0,9.954,417213522.0
-3.795970916748047,4.54315185546875,1.366802573204041,3.0,13.0,32012.0,6.076000000000001,417213525.0
-5.431264877319336,6.500329494476318,-0.1478567868471146,6.0,14.0,32012.0,8.472,417213527.0
-3.826684951782227,4.581536293029785,1.599501729011536,8.0,15.0,32013.0,6.18,417213529.0
-0.7391751408576965,0.887815535068512,-0.3095475733280182,3.0,0.0,32022.0,1.196,417213550.0
-4.964652061462402,5.965108871459961,0.1354655772447586,11.0,1.0,32023.0,7.762,417213552.0
-1.621516823768616,1.948970079421997,-0.5853226184844971,4.0,2.0,32024.0,2.602,417213555.0
-4.209404945373535,5.061259746551514,0.3449986279010773,16.0,3.0,32025.0,6.592000000000001,417213557.0
-4.079989433288574,4.905654430389404,-1.240258455276489,22.0,4.0,32025.0,6.5,417213559.0
-3.729522705078125,4.485856056213379,0.5103840231895447,2.0,5.0,32026.0,5.856,417213561.0
-13.51742458343506,16.26448059082031,-3.34957480430603,23.0,6.0,32027.0,21.412,417213564.0
-3.714303016662598,4.470723628997803,0.7136668562889099,3.0,7.0,32028.0,5.856,417213566.0
-15.16101455688477,18.25504684448242,-2.913652181625366,28.0,8.0,32029.0,23.908,417213568.0
-3.76018500328064,4.529164791107178,0.9323493838310242,15.0,9.0,32030.0,5.96,417213571.0
-18.1572437286377,21.87827301025391,-2.487424850463867,77.0,10.0,32031.0,28.54,417213573.0
-6.331607818603516,7.631877422332764,-0.519696056842804,18.0,12.0,32032.0,9.93,417213578.0
-3.784270048141479,4.563034534454346,1.368602156639099,6.0,13.0,32033.0,6.084000000000001,417213580.0
-5.062949657440186,6.107022285461426,-0.1384673863649368,5.0,14.0,32034.0,7.934,417213582.0
-3.80290150642395,4.588758945465088,1.596913456916809,12.0,15.0,32035.0,6.17,417213585.0
-0.7408387064933777,0.8964754343032837,-0.3116181194782257,3.0,0.0,32043.0,1.204,417213605.0
-4.9412522315979,5.97931957244873,0.1353957653045654,11.0,1.0,32043.0,7.758,417213608.0
-1.671795606613159,2.023728609085083,-0.6060181260108948,4.0,2.0,32044.0,2.694,417213610.0
-4.191712379455566,5.07592248916626,0.3449986279010773,18.0,3.0,32045.0,6.592000000000001,417213612.0
-4.049483776092529,4.905435085296631,-1.23644232749939,20.0,4.0,32046.0,6.48,417213614.0
-3.682621240615845,4.462614059448242,0.5062005519866943,10.0,5.0,32047.0,5.808,417213617.0
-13.71038341522217,16.62020111083984,-3.412461519241333,51.0,6.0,32048.0,21.814,417213619.0
-7.569145679473877,9.175580978393555,1.460482239723206,9.0,7.0,32048.0,11.984,417213621.0
-15.10225200653076,18.31398391723633,-2.914627313613892,33.0,8.0,32049.0,23.916,417213624.0
-3.735556840896606,4.531592845916748,0.930159330368042,5.0,9.0,32050.0,5.946,417213626.0
-18.10356903076172,21.96919822692871,-2.490562438964844,19.0,10.0,32051.0,28.576,417213628.0
-3.754749536514282,4.55811595916748,1.147906899452209,7.0,11.0,32052.0,6.016,417213631.0
-6.341681480407715,7.701286792755127,-0.5228362083435059,15.0,12.0,32053.0,9.99,417213633.0
-3.767520189285278,4.576873779296875,1.368602156639099,19.0,13.0,32054.0,6.084000000000001,417213635.0
-4.990766048431396,6.062901973724365,-0.1370712071657181,10.0,14.0,32054.0,7.854,417213638.0
-3.802818059921265,4.621397972106934,1.603642821311951,16.0,15.0,32055.0,6.196,417213640.0
-0.7504375576972961,0.9135976433753967,-0.3167945146560669,3.0,0.0,32060.0,1.224,417213661.0
-4.907215118408203,5.97626781463623,0.1349769085645676,11.0,1.0,32061.0,7.734,417213663.0
-1.734667897224426,2.113322973251343,-0.6312126517295837,4.0,2.0,32062.0,2.806,417213665.0
-4.179545879364014,5.093698024749756,0.345312625169754,18.0,3.0,32063.0,6.598,417213667.0
-4.028684616088867,4.909839630126953,-1.23453414440155,17.0,4.0,32063.0,6.47,417213670.0
-3.67062783241272,4.475061416625977,0.5063748359680176,18.0,5.0,32064.0,5.81,417213672.0
-14.98364925384521,18.27388381958008,-3.74285101890564,27.0,6.0,32065.0,23.926,417213674.0
-7.536507606506348,9.194708824157715,1.459751009941101,12.0,7.0,32066.0,11.978,417213677.0
-15.06603050231934,18.38744163513184,-2.918770790100098,32.0,8.0,32067.0,23.95,417213679.0
-7.639121055603027,9.3265380859375,1.909439086914062,3.0,9.0,32068.0,12.206,417213681.0
-18.0294132232666,22.01979637145996,-2.489865303039551,31.0,10.0,32069.0,28.568,417213684.0
-3.734989881515503,4.561641216278076,1.14599883556366,12.0,11.0,32069.0,6.006,417213686.0
-6.302358150482178,7.699976921081543,-0.5214754939079285,18.0,12.0,32070.0,9.964,417213688.0
-3.761327981948853,4.597081661224365,1.371301651000977,9.0,13.0,32071.0,6.096,417213691.0
-5.226165771484375,6.389676570892334,-0.1440870612859726,14.0,14.0,32072.0,8.256,417213693.0
-3.77849817276001,4.621357440948486,1.599501729011536,20.0,15.0,32073.0,6.18,417213695.0
-0.7495254874229431,0.9193366169929504,-0.3178297877311707,3.0,0.0,32081.0,1.228,417213716.0
-4.855998039245605,5.956163883209229,0.1341391950845718,21.0,1.0,32081.0,7.686,417213718.0
-1.781450390815735,2.185831308364868,-0.6510083675384521,5.0,2.0,32082.0,2.894,417213720.0
-4.163001537322998,5.109804630279541,0.345417320728302,16.0,3.0,32083.0,6.600000000000001,417213723.0
-4.008182525634766,4.921528339385986,-1.233770966529846,15.0,4.0,32084.0,6.466,417213725.0
-3.641622304916382,4.473033905029297,0.504631757736206,13.0,5.0,32085.0,5.79,417213727.0
-14.92155933380127,18.33480644226074,-3.744102478027344,45.0,6.0,32086.0,23.934,417213730.0
-7.505619049072266,9.22249984741211,1.459994792938232,9.0,7.0,32086.0,11.98,417213732.0
-15.02931499481201,18.47379684448242,-2.924133062362671,37.0,8.0,32087.0,23.994,417213734.0
-7.600286960601807,9.345483779907227,1.907874703407288,3.0,9.0,32088.0,12.196,417213737.0
-8.364148139953613,10.28841209411621,-1.160042881965637,5.0,10.0,32089.0,13.31,417213739.0
-3.730627298355103,4.590536117553711,1.149814963340759,7.0,11.0,32090.0,6.026,417213741.0
-6.279131412506104,7.729225158691406,-0.5218941569328308,16.0,12.0,32091.0,9.972,417213743.0
-3.739539623260498,4.604785919189453,1.369502067565918,6.0,13.0,32092.0,6.088,417213746.0
-5.279467105865479,6.501018047332764,-0.1461813598871231,9.0,14.0,32092.0,8.376,417213748.0
-3.753820657730103,4.624020099639893,1.59587824344635,18.0,15.0,32093.0,6.166,417213750.0
-0.7463118433952332,0.9219473004341125,-0.3178297877311707,3.0,0.0,32101.0,1.228,417213771.0
-4.671864986419678,5.773392200469971,0.1296364814043045,6.0,1.0,32102.0,7.428,417213773.0
-1.807743430137634,2.234768629074097,-0.6636056303977966,5.0,2.0,32103.0,2.95,417213776.0
-4.151780605316162,5.134346485137939,0.3460453450679779,16.0,3.0,32104.0,6.612,417213778.0
-3.984806299209595,4.9278564453125,-1.231862902641296,16.0,4.0,32104.0,6.456,417213780.0
-3.633501291275024,4.495015144348145,0.5056776404380798,17.0,5.0,32105.0,5.802,417213783.0
-14.84256935119629,18.36834335327148,-3.740348100662231,45.0,6.0,32106.0,23.91,417213785.0
-7.449313640594482,9.222150802612305,1.455607414245605,9.0,7.0,32107.0,11.944,417213787.0
-14.94903373718262,18.51331329345703,-2.921695709228516,32.0,8.0,32108.0,23.974,417213790.0
-3.694899559020996,4.57750415802002,0.9317236542701721,3.0,9.0,32109.0,5.956,417213792.0
-17.87013244628906,22.14669609069824,-2.489691019058228,42.0,10.0,32110.0,28.566,417213794.0
-6.378772258758545,7.905299186706543,1.974491477012634,4.0,11.0,32110.0,10.348,417213796.0
-6.255874633789062,7.755760192871094,-0.5222081542015076,18.0,12.0,32111.0,9.978,417213799.0
-3.728336095809937,4.623878955841064,1.371301651000977,19.0,13.0,32112.0,6.096,417213801.0
-5.256859302520752,6.521881580352783,-0.1462162584066391,8.0,14.0,32113.0,8.378,417213803.0
-3.742908000946045,4.64526891708374,1.598466396331787,21.0,15.0,32114.0,6.176,417213806.0
-0.7622873783111572,0.9487723112106323,-0.3261120021343231,3.0,0.0,32122.0,1.26,417213826.0
-4.485104560852051,5.582334518432617,0.1249941363930702,6.0,1.0,32122.0,7.162,417213829.0
-1.818235993385315,2.263855695724487,-0.6703541278839111,4.0,2.0,32123.0,2.98,417213831.0
-4.133832931518555,5.148808002471924,0.3460453450679779,18.0,3.0,32124.0,6.612,417213833.0
-3.965489149093628,4.940896987915039,-1.231481313705444,13.0,4.0,32125.0,6.454,417213836.0
-3.633210420608521,4.528505325317383,0.5079436898231506,16.0,5.0,32126.0,5.828,417213838.0
-14.78503322601318,18.4349479675293,-3.74285101890564,42.0,6.0,32127.0,23.926,417213840.0
-14.9327449798584,18.62578582763672,-2.931201457977295,17.0,8.0,32128.0,24.052,417213845.0
-24.6009349822998,30.69600677490234,6.230472087860107,0.0,9.0,32129.0,39.828,417213847.0
-17.83008766174316,22.25558853149414,-2.494920253753662,100.0,10.0,32130.0,28.626,417213849.0
-6.344845771789551,7.92249584197998,1.972965002059937,6.0,11.0,32131.0,10.34,417213852.0
-6.234895706176758,7.787992000579834,-0.5228362083435059,15.0,12.0,32132.0,9.99,417213854.0
-3.704057693481445,4.628384113311768,1.368602156639099,16.0,13.0,32133.0,6.084000000000001,417213856.0
-5.104115962982178,6.377818584442139,-0.1425861567258835,6.0,14.0,32133.0,8.17,417213859.0
-3.732704162597656,4.665848255157471,1.601054668426514,18.0,15.0,32134.0,6.186,417213861.0
-0.7701501846313477,0.9647504687309265,-0.33077073097229,3.0,0.0,32140.0,1.278,417213882.0
-4.41168737411499,5.528403759002686,0.1234583258628845,7.0,1.0,32141.0,7.074,417213884.0
-1.836238980293274,2.301864385604858,-0.6798020601272583,3.0,2.0,32142.0,3.022,417213886.0
-4.113000392913818,5.157803058624268,0.3457313179969788,20.0,3.0,32143.0,6.606,417213889.0
-3.948723316192627,4.95179557800293,-1.231099605560303,6.0,4.0,32143.0,6.452,417213891.0
-3.617723941802979,4.538339138031006,0.5077693462371826,7.0,5.0,32144.0,5.826000000000001,417213893.0
-8.532403945922852,10.70750904083252,-2.168494462966919,11.0,6.0,32145.0,13.862,417213896.0
-6.452559471130371,8.100364685058594,1.271584749221802,5.0,7.0,32146.0,10.434,417213898.0
-14.90552139282227,18.71868324279785,-2.938026189804077,17.0,8.0,32147.0,24.108,417213900.0
-17.77231597900391,22.33485984802246,-2.497186422348022,100.0,10.0,32149.0,28.652,417213905.0
-6.326037406921387,7.950070858001709,1.974873065948486,4.0,11.0,32149.0,10.35,417213907.0
-6.230291366577148,7.832550048828125,-0.5245109796524048,9.0,12.0,32150.0,10.022,417213909.0
-5.552441120147705,6.982876777648926,2.059651851654053,7.0,13.0,32151.0,9.156,417213912.0
-5.065517902374268,6.372793674468994,-0.1420974880456924,21.0,14.0,32152.0,8.142,417213914.0
-3.726825714111328,4.690300941467285,1.605195760726929,16.0,15.0,32153.0,6.202,417213916.0
-0.7762066125869751,0.9796802401542664,-0.3349118530750275,3.0,0.0,32161.0,1.294,417213937.0
-4.274388313293457,5.394870281219482,0.120142363011837,7.0,1.0,32161.0,6.884,417213939.0
-1.854811072349548,2.341867923736572,-0.6896999478340149,2.0,2.0,32162.0,3.066,417213942.0
-4.094971179962158,5.172128677368164,0.3457313179969788,16.0,3.0,32163.0,6.606,417213944.0
-15.15563583374023,19.14910125732422,-4.746946334838867,12.0,4.0,32164.0,24.878,417213946.0
-3.597357034683228,4.546880722045898,0.5072464346885681,4.0,5.0,32165.0,5.82,417213949.0
-14.67758941650391,18.55839920043945,-3.747544050216675,12.0,6.0,32166.0,23.956,417213951.0
-6.164417743682861,7.794312953948975,1.220155835151672,6.0,7.0,32166.0,10.012,417213953.0
-14.86840629577637,18.80641555786133,-2.943632125854492,10.0,8.0,32167.0,24.154,417213955.0
-6.314040660858154,7.989226818084717,1.612839341163635,25.0,9.0,32168.0,10.31,417213958.0
-17.68806838989258,22.38894462585449,-2.496314764022827,65.0,10.0,32169.0,28.642,417213960.0
-3.672253847122192,4.649879932403564,1.151723146438599,4.0,11.0,32170.0,6.036,417213962.0
-7.463879585266113,9.454302787780762,-0.6312763094902039,19.0,12.0,32171.0,12.062,417213965.0
-5.517152309417725,6.990942478179932,2.056052684783936,12.0,13.0,32172.0,9.14,417213967.0
-5.286050796508789,6.698107242584229,-0.1489388346672058,30.0,14.0,32172.0,8.534,417213969.0
-3.700858592987061,4.691147804260254,1.601054668426514,15.0,15.0,32173.0,6.186,417213972.0
-0.764421284198761,0.9717551469802856,-0.3312883675098419,3.0,0.0,32181.0,1.28,417213992.0
-4.072883129119873,5.17943000793457,0.1150113567709923,15.0,1.0,32182.0,6.59,417213995.0
-1.975077033042908,2.51258111000061,-0.7378394603729248,3.0,2.0,32183.0,3.28,417213997.0
-4.073518753051758,5.183961868286133,0.3455219864845276,11.0,3.0,32184.0,6.602,417213999.0
-12.78639698028564,16.27197456359863,-4.022635459899902,17.0,4.0,32184.0,21.082,417214002.0
-3.567925453186035,4.54217529296875,0.5053290128707886,5.0,5.0,32185.0,5.798,417214004.0
-14.67737770080566,18.69186401367188,-3.764126062393188,28.0,6.0,32186.0,24.062,417214006.0
-6.000982761383057,7.645089626312256,1.193344593048096,9.0,7.0,32187.0,9.792,417214008.0
-17.50265121459961,22.30591773986816,-3.481319665908813,52.0,8.0,32188.0,28.566,417214011.0
-5.990900993347168,7.637733459472656,1.537437915802002,6.0,9.0,32189.0,9.828,417214013.0
-7.789324760437012,9.934094429016113,-1.104437589645386,5.0,10.0,32190.0,12.672,417214015.0
-6.304117202758789,8.039938926696777,1.985939979553223,3.0,11.0,32190.0,10.408,417214018.0
-7.433296680450439,9.483442306518555,-0.631485641002655,13.0,12.0,32191.0,12.066,417214020.0
-5.498725414276123,7.017827987670898,2.058302164077759,15.0,13.0,32192.0,9.15,417214022.0
-5.392169952392578,6.884309768676758,-0.1526387482881546,21.0,14.0,32193.0,8.746,417214025.0
-3.696740388870239,4.721412181854248,1.606748580932617,13.0,15.0,32194.0,6.208,417214027.0
-0.7798758745193481,0.9989141225814819,-0.3395705819129944,3.0,0.0,32202.0,1.312,417214048.0
-4.043703079223633,5.179429531097412,0.1146972179412842,23.0,1.0,32202.0,6.572,417214050.0
-2.055017471313477,2.633142948150635,-0.771132230758667,4.0,2.0,32203.0,3.428,417214052.0
-4.051712989807129,5.19342565536499,0.3452079594135284,7.0,3.0,32204.0,6.596,417214055.0
-15.03029441833496,19.27254295349121,-4.750762462615967,24.0,4.0,32205.0,24.898,417214057.0
-3.554928541183472,4.559935569763184,0.5058519244194031,8.0,5.0,32206.0,5.804,417214059.0
-5.941313743591309,7.623714923858643,1.186763644218445,12.0,7.0,32207.0,9.738,417214064.0
-17.42834091186523,22.3715763092041,-3.482050895690918,75.0,8.0,32208.0,28.572,417214066.0
-5.970272541046143,7.666391849517822,1.539002299308777,10.0,9.0,32209.0,9.838000000000001,417214068.0
-7.771735191345215,9.983233451843262,-1.10687792301178,11.0,10.0,32210.0,12.7,417214071.0
-6.260138034820557,8.044397354125977,1.981360554695129,3.0,11.0,32211.0,10.384,417214073.0
-7.492916107177734,9.63200855255127,-0.6395453810691833,29.0,12.0,32212.0,12.22,417214075.0
-5.37178897857666,6.907825469970703,-0.1527434587478638,21.0,14.0,32213.0,8.752,417214080.0
-3.699207305908203,4.758691310882568,1.615030884742737,15.0,15.0,32214.0,6.24,417214082.0
-0.7698027491569519,0.9920661449432373,-0.3364647626876831,3.0,0.0,32219.0,1.3,417214103.0
-4.208804607391357,5.425958156585693,0.1198631301522255,14.0,1.0,32220.0,6.868,417214105.0
-2.246154308319092,2.896768569946289,-0.8462658524513245,6.0,2.0,32221.0,3.762,417214108.0
-4.020694255828857,5.187185764312744,0.3439519107341766,7.0,3.0,32222.0,6.572,417214110.0
-14.96823501586914,19.31084632873535,-4.749236106872559,54.0,4.0,32222.0,24.89,417214112.0
-3.548705339431763,4.579912662506104,0.5068978071212769,12.0,5.0,32223.0,5.816,417214114.0
-14.52526473999023,18.75287818908691,-3.756930112838745,3.0,6.0,32224.0,24.016,417214117.0
-5.900319576263428,7.620368003845215,1.183351278305054,13.0,7.0,32225.0,9.71,417214119.0
-17.37498474121094,22.44819450378418,-3.48546314239502,100.0,8.0,32226.0,28.6,417214121.0
-5.988466739654541,7.739791870117188,1.549952626228333,11.0,9.0,32227.0,9.908,417214124.0
-7.714735984802246,9.974503517150879,-1.103217363357544,14.0,10.0,32228.0,12.658,417214126.0
-6.224231243133545,8.047407150268555,1.97754442691803,14.0,11.0,32228.0,10.364,417214128.0
-7.542490005493164,9.755322456359863,-0.6462444067001343,30.0,12.0,32229.0,12.348,417214131.0
-3.633515596389771,4.70121955871582,1.371751546859741,3.0,13.0,32230.0,6.098,417214133.0
-5.347615718841553,6.921502590179443,-0.1526736468076706,13.0,14.0,32231.0,8.748,417214135.0
-3.678334951400757,4.762644290924072,1.61244261264801,6.0,15.0,32232.0,6.23,417214137.0
-0.7885569334030151,1.023962020874023,-0.3462998867034912,4.0,0.0,32240.0,1.338,417214158.0
-4.204480171203613,5.459628582000732,0.1202819868922234,18.0,1.0,32240.0,6.892,417214161.0
-2.497552871704102,3.244309902191162,-0.945244312286377,7.0,2.0,32241.0,4.202,417214163.0
-3.987946510314941,5.18219518661499,0.3426958322525024,9.0,3.0,32242.0,6.548,417214165.0
-14.36706066131592,18.67622947692871,-4.580179214477539,19.0,4.0,32243.0,24.004,417214167.0
-3.546469688415527,4.611841678619385,0.5089895129203796,14.0,5.0,32244.0,5.84,417214170.0
-12.80709171295166,16.66040229797363,-3.328299760818481,36.0,6.0,32245.0,21.276,417214172.0
-5.865214824676514,7.629900932312012,1.181645154953003,18.0,7.0,32245.0,9.696,417214174.0
-17.28926277160645,22.49926376342773,-3.484000682830811,100.0,8.0,32246.0,28.588,417214177.0
-5.767673492431641,7.508434772491455,1.49958074092865,12.0,9.0,32247.0,9.586,417214179.0
-7.664096355438232,9.980829238891602,-1.100951313972473,19.0,10.0,32248.0,12.632,417214181.0
-5.867147445678711,7.643453121185303,1.872981071472168,5.0,11.0,32249.0,9.816,417214184.0
-7.529785633087158,9.813007354736328,-0.64823317527771,29.0,12.0,32250.0,12.386,417214186.0
-3.615074157714844,4.712959289550781,1.371301651000977,4.0,13.0,32251.0,6.096,417214188.0
-5.306383609771729,6.917913913726807,-0.1521849781274796,12.0,14.0,32251.0,8.72,417214190.0
-0.7920179963111877,1.035916566848755,-0.3494057059288025,3.0,0.0,32260.0,1.35,417214214.0
-4.195369720458984,5.489301204681396,0.1205961257219315,21.0,1.0,32261.0,6.91,417214216.0
-2.652459144592285,3.471783399581909,-1.008680582046509,7.0,2.0,32262.0,4.484,417214218.0
-3.97135066986084,5.199951648712158,0.342905193567276,15.0,3.0,32263.0,6.552,417214220.0
-14.3148889541626,18.74342918395996,-4.584376811981201,22.0,4.0,32263.0,24.026,417214223.0
-3.532767772674561,4.627360343933105,0.5093381404876709,15.0,5.0,32264.0,5.844,417214225.0
-12.78001689910889,16.74583435058594,-3.336434364318848,38.0,6.0,32265.0,21.328,417214227.0
-5.829986095428467,7.641877174377441,1.180182695388794,18.0,7.0,32266.0,9.684000000000001,417214230.0
-17.2343692779541,22.59878540039062,-3.489606857299805,100.0,8.0,32267.0,28.634,417214232.0
-5.694605827331543,7.469828128814697,1.487691760063171,23.0,9.0,32268.0,9.51,417214234.0
-7.62263298034668,10.00251388549805,-1.100254058837891,16.0,10.0,32269.0,12.624,417214237.0
-5.765462398529053,7.565511703491211,1.848939180374146,12.0,11.0,32269.0,9.69,417214239.0
-7.500327110290527,9.845586776733398,-0.6486518383026123,27.0,12.0,32270.0,12.394,417214241.0
-5.305811405181885,6.967394828796387,2.021860122680664,6.0,13.0,32271.0,8.988,417214243.0
-5.260401725769043,6.910266876220703,-0.1515915989875793,13.0,14.0,32272.0,8.686,417214246.0
-4.974308013916016,6.536809921264648,2.200997114181519,27.0,15.0,32273.0,8.504,417214248.0
-0.7870481610298157,1.037273526191711,-0.3488880693912506,3.0,0.0,32281.0,1.348,417214269.0
-4.188270568847656,5.519842624664307,0.1209451779723167,14.0,1.0,32281.0,6.93,417214271.0
-2.787532329559326,3.675101280212402,-1.064918279647827,6.0,2.0,32282.0,4.734,417214273.0
-3.949554920196533,5.209007740020752,0.3425911664962769,16.0,3.0,32283.0,6.546,417214276.0
-3.50134539604187,4.621220588684082,0.5072464346885681,12.0,5.0,32285.0,5.82,417214280.0
-12.70424270629883,16.77366638183594,-3.332679748535156,34.0,6.0,32286.0,21.304,417214283.0
-5.796084403991699,7.652686595916748,1.178720235824585,20.0,7.0,32286.0,9.672,417214285.0
-17.16616439819336,22.67305183410645,-3.491800308227539,78.0,8.0,32287.0,28.652,417214287.0
-5.664920330047607,7.484935283660889,1.486753106117249,25.0,9.0,32288.0,9.504,417214290.0
-7.587671279907227,10.02906131744385,-1.100254058837891,18.0,10.0,32289.0,12.624,417214292.0
-5.745984554290771,7.597553253173828,1.851610541343689,12.0,11.0,32290.0,9.704,417214294.0
-7.471417903900146,9.882570266723633,-0.6492798924446106,27.0,12.0,32291.0,12.406,417214296.0
-5.326061725616455,7.047428131103516,2.039406299591064,12.0,13.0,32292.0,9.066,417214299.0
-5.226603031158447,6.915824413299561,-0.1513123661279678,15.0,14.0,32292.0,8.67,417214301.0
-4.945637702941895,6.546426773071289,2.198409080505371,36.0,15.0,32293.0,8.494,417214303.0
-0.8012288808822632,1.062880635261536,-0.3566526472568512,3.0,0.0,32299.0,1.378,417214324.0
-4.185587882995605,5.554462432861328,0.1213989406824112,17.0,1.0,32300.0,6.956,417214326.0
-2.954723834991455,3.922475099563599,-1.133753299713135,5.0,2.0,32301.0,5.04,417214329.0
-3.928364276885986,5.215008735656738,0.3421724736690521,22.0,3.0,32301.0,6.538,417214331.0
-14.7550220489502,19.59480285644531,-4.767935276031494,30.0,4.0,32302.0,24.988,417214333.0
-3.47842264175415,4.621055126190186,0.5060262680053711,16.0,5.0,32303.0,5.806,417214336.0
-12.65029621124268,16.81191635131836,-3.332366943359375,38.0,6.0,32304.0,21.302,417214338.0
-5.756355762481689,7.652828216552734,1.175795435905457,14.0,7.0,32305.0,9.648,417214340.0
-17.10758399963379,22.7520637512207,-3.49521279335022,60.0,8.0,32306.0,28.68,417214342.0
-5.639003753662109,7.499537467956543,1.486127376556396,22.0,9.0,32306.0,9.5,417214345.0
-7.563309192657471,10.06240463256836,-1.101300001144409,16.0,10.0,32307.0,12.636,417214347.0
-5.590003490447998,7.439774990081787,1.808869242668152,24.0,11.0,32308.0,9.48,417214349.0
-7.44393253326416,9.910783767700195,-0.6495938897132874,19.0,12.0,32309.0,12.412,417214352.0
-5.306235790252686,7.06724214553833,2.040306091308594,12.0,13.0,32310.0,9.07,417214354.0
-5.212043285369873,6.944313526153564,-0.1515567004680634,22.0,14.0,32311.0,8.684000000000001,417214356.0
-4.901854038238525,6.531030178070068,2.188056230545044,28.0,15.0,32311.0,8.454,417214359.0
-0.7963563799858093,1.064124226570129,-0.3561350107192993,3.0,0.0,32319.0,1.376,417214379.0
-4.186537265777588,5.596259593963623,0.1219923198223114,21.0,1.0,32320.0,6.99,417214382.0
-3.056553602218628,4.087266445159912,-1.178293585777283,5.0,2.0,32321.0,5.238,417214384.0
-3.899657011032104,5.216574668884277,0.341335117816925,24.0,3.0,32322.0,6.522,417214386.0
-14.69005966186523,19.65090560913086,-4.76908016204834,36.0,4.0,32322.0,24.994,417214389.0
-3.483738660812378,4.661896705627441,0.5091638565063477,15.0,5.0,32323.0,5.842000000000001,417214391.0
-12.60690307617188,16.87654495239258,-3.336434364318848,34.0,6.0,32324.0,21.328,417214393.0
-3.482423067092896,4.663529872894287,0.714641809463501,15.0,7.0,32325.0,5.864,417214395.0
-17.03281021118164,22.81800651550293,-3.496187686920166,100.0,8.0,32326.0,28.688,417214398.0
-5.610297203063965,7.518571853637695,1.485814571380615,31.0,9.0,32327.0,9.498,417214400.0
-7.528138637542725,10.08874416351318,-1.101300001144409,16.0,10.0,32327.0,12.636,417214402.0
-5.561651706695557,7.456095218658447,1.808106064796448,45.0,11.0,32328.0,9.476,417214405.0
-7.422424793243408,9.954320907592773,-0.6507452726364136,11.0,12.0,32329.0,12.434,417214407.0
-5.268723487854004,7.068534374237061,2.035357236862183,6.0,13.0,32330.0,9.048,417214409.0
-5.172238826751709,6.941618919372559,-0.1511029303073883,17.0,14.0,32331.0,8.658,417214412.0
-4.8744215965271,6.544304370880127,2.186503410339355,19.0,15.0,32332.0,8.448,417214414.0
-0.80876624584198,1.088607668876648,-0.363381952047348,3.0,0.0,32339.0,1.404,417214435.0
-4.174130916595459,5.620471954345703,0.1222017481923103,17.0,1.0,32340.0,7.002,417214437.0
-3.147974729537964,4.240297317504883,-1.219234704971313,2.0,2.0,32341.0,5.42,417214439.0
-3.859716653823853,5.199008464813232,0.3393463492393494,24.0,3.0,32341.0,6.484,417214442.0
-14.62722587585449,19.70994567871094,-4.770987987518311,30.0,4.0,32342.0,25.004,417214444.0
-3.485250473022461,4.698030948638916,0.5117785334587097,15.0,5.0,32343.0,5.872,417214446.0
-12.59615898132324,16.98550415039062,-3.349261999130249,40.0,6.0,32344.0,21.41,417214448.0
-3.467305183410645,4.677252292633057,0.7148855924606323,18.0,7.0,32345.0,5.866000000000001,417214451.0
-16.9625129699707,22.89008140563965,-3.498137712478638,100.0,8.0,32346.0,28.704,417214453.0
-5.566380977630615,7.514300346374512,1.48112154006958,23.0,9.0,32347.0,9.468,417214455.0
-7.502364158630371,10.12776851654053,-1.102694511413574,13.0,10.0,32347.0,12.652,417214458.0
-5.534422874450684,7.473886013031006,1.807724475860596,55.0,11.0,32348.0,9.474,417214460.0
-5.481606483459473,7.40526294708252,-0.4828515350818634,10.0,12.0,32349.0,9.226,417214462.0
-5.220834255218506,7.05555248260498,2.026359081268311,6.0,13.0,32350.0,9.008000000000001,417214465.0
-5.137274265289307,6.945162296295166,-0.1507887989282608,14.0,14.0,32351.0,8.64,417214467.0
-4.86762809753418,6.580623626708984,2.193232536315918,38.0,15.0,32351.0,8.474,417214469.0
-0.8141347169876099,1.103862047195435,-0.3675230443477631,3.0,0.0,32359.0,1.42,417214490.0
-4.156859397888184,5.638226985931396,0.1222715601325035,17.0,1.0,32360.0,7.006,417214492.0
-4.082349300384521,5.539187908172607,-1.588604331016541,2.0,2.0,32361.0,7.062,417214494.0
-3.835620641708374,5.204410552978516,0.338822990655899,24.0,3.0,32361.0,6.474,417214497.0
-14.55833625793457,19.76088333129883,-4.770987987518311,27.0,4.0,32362.0,25.004,417214499.0
-3.470011711120605,4.711772441864014,0.511952817440033,16.0,5.0,32363.0,5.874000000000001,417214501.0
-12.58949184417725,17.10095405578613,-3.363341093063354,40.0,6.0,32364.0,21.5,417214504.0
-5.648839950561523,7.675914764404297,1.170189380645752,19.0,7.0,32365.0,9.602,417214506.0
-16.8872127532959,22.95554733276367,-3.499112606048584,90.0,8.0,32366.0,28.712,417214508.0
-3.481590270996094,4.734413146972656,0.930785059928894,17.0,9.0,32367.0,5.95,417214511.0
-7.394964218139648,10.055983543396,-1.092061400413513,7.0,10.0,32367.0,12.53,417214513.0
-5.50830078125,7.493159294128418,1.807724475860596,30.0,11.0,32368.0,9.474,417214515.0
-5.448627948760986,7.414695739746094,-0.4822235107421875,15.0,12.0,32369.0,9.214,417214518.0
-5.175407886505127,7.045464038848877,2.018260955810547,10.0,13.0,32370.0,8.972,417214520.0
-5.094062805175781,6.937263011932373,-0.1502303183078766,13.0,14.0,32371.0,8.608,417214522.0
-4.82404613494873,6.569546222686768,2.183915138244629,31.0,15.0,32371.0,8.438,417214524.0
-0.8171239495277405,1.116049528121948,-0.3706288635730743,3.0,0.0,32379.0,1.432,417214545.0
-4.139515399932861,5.655930042266846,0.1223413720726967,21.0,1.0,32380.0,7.01,417214547.0
-4.469172954559326,6.108587265014648,-1.747419834136963,1.0,2.0,32381.0,7.768,417214550.0
-3.808266401290894,5.207149028778076,0.3380902707576752,22.0,3.0,32382.0,6.46,417214552.0
-14.50433540344238,19.83218193054199,-4.775949001312256,27.0,4.0,32382.0,25.03,417214554.0
-3.452367544174194,4.722248077392578,0.5117785334587097,15.0,5.0,32383.0,5.872,417214557.0
-14.59508609771729,19.97089576721191,-3.917744636535645,35.0,6.0,32384.0,25.044,417214559.0
-5.614985466003418,7.68596887588501,1.168727040290833,21.0,7.0,32385.0,9.59,417214561.0
-16.82688331604004,23.0416088104248,-3.50325608253479,100.0,8.0,32386.0,28.746,417214564.0
-3.477521181106567,4.761885166168213,0.9339137673377991,17.0,9.0,32386.0,5.97,417214566.0
-7.093148231506348,9.71644401550293,-1.052492737770081,6.0,10.0,32387.0,12.076,417214568.0
-5.464751720428467,7.488552570343018,1.802000164985657,11.0,11.0,32388.0,9.444,417214571.0
-5.427421092987061,7.440124034881592,-0.4826421737670898,18.0,12.0,32389.0,9.222,417214573.0
-5.150783061981201,7.063486576080322,2.018260955810547,10.0,13.0,32390.0,8.972,417214575.0
-5.050969123840332,6.929147720336914,-0.1496718376874924,13.0,14.0,32391.0,8.576,417214577.0
-4.779456615447998,6.559079170227051,2.174597501754761,29.0,15.0,32392.0,8.402000000000001,417214580.0
-0.8189021944999695,1.126708626747131,-0.3732170760631561,3.0,0.0,32399.0,1.442,417214600.0
-4.115045547485352,5.66387414932251,0.1222017481923103,21.0,1.0,32400.0,7.002,417214603.0
-4.681436538696289,6.445810317993164,-1.839199781417847,1.0,2.0,32401.0,8.176,417214605.0
-3.781588554382324,5.206820964813232,0.3372529149055481,20.0,3.0,32401.0,6.444,417214607.0
-14.44540023803711,19.8969898223877,-4.779383659362793,27.0,4.0,32402.0,25.048,417214610.0
-3.43703293800354,4.735882759094238,0.511952817440033,15.0,5.0,32403.0,5.874000000000001,417214612.0
-14.53688526153564,20.03771018981934,-3.920873403549194,35.0,6.0,32404.0,25.064,417214614.0
-5.570641040802002,7.681416988372803,1.16507089138031,20.0,7.0,32405.0,9.56,417214617.0
-16.75800132751465,23.11627769470215,-3.505693435668945,100.0,8.0,32406.0,28.766,417214619.0
-5.479273319244385,7.560981273651123,1.478931427001953,23.0,9.0,32407.0,9.454,417214621.0
-6.779767036437988,9.35556411743164,-1.0108323097229,6.0,10.0,32407.0,11.598,417214624.0
-3.478294610977173,4.801546096801758,1.152486324310303,18.0,11.0,32408.0,6.04,417214626.0
-5.394388675689697,7.449317932128906,-0.4820141494274139,18.0,12.0,32409.0,9.21,417214628.0
-5.124952793121338,7.07984447479248,2.017811059951782,6.0,13.0,32410.0,8.97,417214630.0
-4.642241954803467,6.41536283493042,-0.1382230520248413,7.0,14.0,32411.0,7.92,417214633.0
-4.625192642211914,6.394150733947754,2.114551544189453,8.0,15.0,32412.0,8.17,417214635.0
-0.8264673948287964,1.145082592964172,-0.3783934414386749,3.0,0.0,32418.0,1.462,417214656.0
-4.100920677185059,5.683975696563721,0.1223413720726967,21.0,1.0,32419.0,7.01,417214658.0
-4.763769626617432,6.605129241943359,-1.880140900611877,2.0,2.0,32420.0,8.358,417214660.0
-3.754954814910889,5.20637321472168,0.3364155292510986,24.0,3.0,32420.0,6.428,417214663.0
-11.01872634887695,15.28346252441406,-3.662387847900391,28.0,4.0,32421.0,19.194,417214665.0
-3.425968885421753,4.753719806671143,0.5126500725746155,15.0,5.0,32422.0,5.882000000000001,417214667.0
-14.4888334274292,20.1114501953125,-3.925879240036011,10.0,6.0,32423.0,25.096,417214670.0
-5.535857200622559,7.68696117401123,1.163120985031128,19.0,7.0,32424.0,9.544,417214672.0
-16.68357276916504,23.1749439239502,-3.506181001663208,100.0,8.0,32425.0,28.77,417214674.0
-5.45895528793335,7.582967281341553,1.479870080947876,28.0,9.0,32425.0,9.46,417214677.0
-6.619527339935303,9.19848918914795,-0.991483747959137,11.0,10.0,32426.0,11.376,417214679.0
-3.470378160476685,4.824210166931152,1.155157685279846,16.0,11.0,32427.0,6.054,417214681.0
-5.363825798034668,7.459057807922363,-0.4814907908439636,16.0,12.0,32428.0,9.200000000000001,417214683.0
-3.487410545349121,4.851458072662354,1.37939989566803,8.0,13.0,32429.0,6.132000000000001,417214686.0
-4.590602874755859,6.388500213623047,-0.1373155266046524,7.0,14.0,32430.0,7.868,417214688.0
-4.603963375091553,6.409453392028809,2.114551544189453,8.0,15.0,32431.0,8.17,417214690.0
-0.8359667062759399,1.166805267333984,-0.3846051096916199,3.0,0.0,32438.0,1.486,417214711.0
-4.08221960067749,5.699881553649902,0.1223762705922127,17.0,1.0,32439.0,7.012,417214713.0
-5.458763599395752,7.624720096588135,-2.164928913116455,7.0,2.0,32440.0,9.624,417214716.0
-3.727457046508789,5.206457138061523,0.3355781435966492,20.0,3.0,32440.0,6.412,417214718.0
-10.51284980773926,14.68960857391357,-3.511267185211182,8.0,4.0,32441.0,18.402,417214720.0
-3.412832260131836,4.770510673522949,0.51317298412323,15.0,5.0,32442.0,5.888,417214723.0
-11.30456066131592,15.80752277374268,-3.078004598617554,6.0,6.0,32443.0,19.676,417214725.0
-5.504373073577881,7.69977855682373,1.162146091461182,20.0,7.0,32444.0,9.536,417214727.0
-16.61180877685547,23.2459602355957,-3.50813102722168,100.0,8.0,32445.0,28.786,417214730.0
-5.406036853790283,7.565011024475098,1.472674012184143,28.0,9.0,32445.0,9.414,417214732.0
-6.523681640625,9.13237190246582,-0.9818965792655945,10.0,10.0,32446.0,11.266,417214734.0
-5.367954730987549,7.517266273498535,1.795512676239014,58.0,11.0,32447.0,9.41,417214736.0
-5.326152324676514,7.461479663848877,-0.480444073677063,15.0,12.0,32448.0,9.18,417214739.0
-3.456871509552002,4.844566345214844,1.374001026153564,19.0,13.0,32449.0,6.108000000000001,417214741.0
-4.574080944061279,6.412625312805176,-0.1374900639057159,14.0,14.0,32450.0,7.878,417214743.0
-4.581562042236328,6.425485134124756,2.114551544189453,8.0,15.0,32451.0,8.17,417214746.0
-0.8442047238349915,1.187033653259277,-0.3902991116046906,3.0,0.0,32458.0,1.508,417214766.0
-4.029855728149414,5.66846227645874,0.1213989406824112,17.0,1.0,32459.0,6.956,417214769.0
-5.470496654510498,7.697736740112305,-2.180225610733032,5.0,2.0,32460.0,9.692,417214771.0
-3.703475713729858,5.211296558380127,0.3350547850131989,24.0,3.0,32460.0,6.402,417214773.0
-5.528079032897949,7.781639099121094,-1.855426669120789,16.0,4.0,32461.0,9.724,417214776.0
-3.397312879562378,4.784019470214844,0.513347327709198,16.0,5.0,32462.0,5.89,417214778.0
-14.3652286529541,20.23627090454102,-3.930572271347046,24.0,6.0,32463.0,25.126,417214780.0
-5.477462291717529,7.718945503234863,1.162146091461182,24.0,7.0,32464.0,9.536,417214782.0
-16.54319763183594,23.32161521911621,-3.510812044143677,96.0,8.0,32465.0,28.808,417214785.0
-5.372739791870117,7.574168682098389,1.470796823501587,21.0,9.0,32465.0,9.402000000000001,417214787.0
-6.447970867156982,9.093328475952148,-0.9752727746963501,9.0,10.0,32466.0,11.19,417214789.0
-5.33941125869751,7.532754898071289,1.79474937915802,46.0,11.0,32467.0,9.406,417214792.0
-5.29430103302002,7.471877574920654,-0.4799207150936127,15.0,12.0,32468.0,9.17,417214794.0
-3.442192554473877,4.859784126281738,1.374900817871094,19.0,13.0,32469.0,6.112,417214796.0
-4.557446479797363,6.436712741851807,-0.1376645863056183,17.0,14.0,32470.0,7.888,417214799.0
-4.531204700469971,6.399649620056152,2.101093053817749,7.0,15.0,32470.0,8.118,417214801.0
-0.8467408418655396,1.199442625045776,-0.3934049606323242,3.0,0.0,32478.0,1.52,417214822.0
-3.879758358001709,5.497870445251465,0.1174546927213669,15.0,1.0,32479.0,6.73,417214824.0
-5.752505302429199,8.154696464538574,-2.303948640823364,2.0,2.0,32480.0,10.242,417214826.0
-3.678354501724243,5.214399814605713,0.3344267606735229,20.0,3.0,32480.0,6.390000000000001,417214829.0
-13.68545341491699,19.40755844116211,-4.616051197052002,17.0,4.0,32481.0,24.192,417214831.0
-3.37944483757019,4.794220447540283,0.51317298412323,15.0,5.0,32482.0,5.888,417214833.0
-14.29222774505615,20.28306198120117,-3.929946660995483,28.0,6.0,32483.0,25.122,417214835.0
-5.440196514129639,7.723412036895752,1.159952402114868,22.0,7.0,32484.0,9.518,417214838.0
-16.4765453338623,23.40032005310059,-3.513980627059937,100.0,8.0,32485.0,28.834,417214840.0
-5.351954460144043,7.600952625274658,1.472361207008362,26.0,9.0,32485.0,9.412,417214842.0
-6.390960693359375,9.079936027526855,-0.971437931060791,11.0,10.0,32486.0,11.146,417214845.0
-5.326641082763672,7.570614814758301,1.799328804016113,19.0,11.0,32487.0,9.43,417214847.0
-5.249803066253662,7.464174270629883,-0.4782459735870361,15.0,12.0,32488.0,9.138,417214849.0
-4.755614280700684,6.764044761657715,1.908934593200684,4.0,13.0,32489.0,8.486,417214852.0
-4.54874849319458,6.472214698791504,-0.1380834430456161,24.0,14.0,32490.0,7.912,417214854.0
-4.403326511383057,6.267625331878662,2.052434921264648,6.0,15.0,32491.0,7.930000000000001,417214856.0
-0.8558522462844849,1.221376061439514,-0.3996165990829468,3.0,0.0,32498.0,1.544,417214877.0
-3.798591136932373,5.422935962677002,0.1155698373913765,15.0,1.0,32499.0,6.622,417214879.0
-5.971027851104736,8.527511596679688,-2.403377056121826,1.0,2.0,32500.0,10.684,417214882.0
-3.647765159606934,5.211483955383301,0.3333800435066223,18.0,3.0,32501.0,6.37,417214884.0
-13.08174610137939,18.68961143493652,-4.434401035308838,21.0,4.0,32501.0,23.24,417214886.0
-3.36840033531189,4.814149856567383,0.5140445828437805,15.0,5.0,32502.0,5.898,417214888.0
-10.1296329498291,14.48274898529053,-2.799238204956055,5.0,6.0,32503.0,17.894,417214891.0
-5.402966499328613,7.727712631225586,1.157758712768555,21.0,7.0,32504.0,9.5,417214893.0
-16.41068267822266,23.48046875,-3.517392873764038,100.0,8.0,32505.0,28.862,417214895.0
-5.325389385223389,7.619587898254395,1.472361207008362,42.0,9.0,32505.0,9.412,417214898.0
-6.40487003326416,9.167520523071289,-0.9784103631973267,10.0,10.0,32506.0,11.226,417214900.0
-5.278824329376221,7.558579921722412,1.792078137397766,30.0,11.0,32507.0,9.392,417214902.0
-5.203136920928955,7.452976226806641,-0.476361870765686,13.0,12.0,32508.0,9.102,417214905.0
-3.426025152206421,4.909265518188477,1.382099270820618,4.0,13.0,32509.0,6.144,417214907.0
-4.544434547424316,6.514294147491455,-0.1386419236660004,24.0,14.0,32510.0,7.944,417214909.0
-4.369254589080811,6.263179779052734,2.046223402023315,9.0,15.0,32510.0,7.906000000000001,417214912.0
-0.8593052625656128,1.23545777797699,-0.4032400846481323,3.0,0.0,32518.0,1.558,417214932.0
-3.781921625137329,5.439445972442627,0.1156396418809891,22.0,1.0,32519.0,6.626,417214935.0
-7.747393131256104,11.14703750610352,-3.134018182754517,0.0,2.0,32520.0,13.932,417214937.0
-3.618155717849731,5.207783222198486,0.3323333263397217,22.0,3.0,32521.0,6.350000000000001,417214939.0
-5.479893684387207,7.887470722198486,-1.866875171661377,4.0,4.0,32521.0,9.784,417214941.0
-3.352711915969849,4.827515125274658,0.5142188668251038,14.0,5.0,32522.0,5.9,417214944.0
-10.07338523864746,14.50990676879883,-2.797673940658569,22.0,6.0,32523.0,17.884,417214946.0
-5.37030029296875,7.7383713722229,1.156540036201477,19.0,7.0,32524.0,9.49,417214948.0
-16.33993721008301,23.55392074584961,-3.519830465316772,100.0,8.0,32525.0,28.882,417214951.0
-5.282793045043945,7.617952823638916,1.468293905258179,30.0,9.0,32526.0,9.386000000000001,417214953.0
-6.644184112548828,9.581121444702148,-1.020070791244507,20.0,10.0,32526.0,11.704,417214955.0
-5.245697021484375,7.567279815673828,1.789788365364075,39.0,11.0,32527.0,9.38,417214958.0
-5.149787425994873,7.431693553924561,-0.47384974360466,12.0,12.0,32528.0,9.054,417214960.0
-3.408867835998535,4.921195030212402,1.382099270820618,9.0,13.0,32529.0,6.144,417214962.0
-4.522806167602539,6.531761646270752,-0.1386768221855164,21.0,14.0,32530.0,7.946,417214965.0
-4.342971324920654,6.274386405944824,2.044670343399048,7.0,15.0,32531.0,7.9,417214967.0
-0.8736457228660583,1.26547634601593,-0.4120399057865143,3.0,0.0,32538.0,1.592,417214988.0
-3.766318798065186,5.4575514793396,0.1157443597912788,22.0,1.0,32539.0,6.632000000000001,417214990.0
-5.411175727844238,7.843945503234863,-2.200021266937256,0.0,2.0,32540.0,9.78,417214992.0
-3.575010538101196,5.184208393096924,0.3300305306911469,13.0,3.0,32541.0,6.306,417214994.0
-5.446755409240723,7.898469924926758,-1.864967107772827,21.0,4.0,32541.0,9.774000000000001,417214997.0
-3.340363502502441,4.845750331878662,0.5149161219596863,13.0,5.0,32542.0,5.908,417214999.0
-10.00137805938721,14.51407623291016,-2.79172945022583,17.0,6.0,32543.0,17.846,417215001.0
-5.338751316070557,7.75053071975708,1.155565142631531,20.0,7.0,32544.0,9.482,417215004.0
-16.26549911499023,23.62225914001465,-3.521536588668823,100.0,8.0,32545.0,28.896,417215006.0
-5.255261421203613,7.632175445556641,1.467668175697327,25.0,9.0,32545.0,9.382,417215008.0
-6.413010597229004,9.317047119140625,-0.9895663261413574,11.0,10.0,32546.0,11.354,417215011.0
-5.220363140106201,7.587162017822266,1.790169954299927,60.0,11.0,32547.0,9.382,417215013.0
-5.117023468017578,7.439750671386719,-0.4732217192649841,12.0,12.0,32548.0,9.042,417215015.0
-3.398293018341064,4.942698955535889,1.384798645973206,11.0,13.0,32549.0,6.156,417215018.0
-4.504508972167969,6.554101467132568,-0.1388164460659027,21.0,14.0,32550.0,7.954,417215020.0
-4.314481258392334,6.277608871459961,2.041047096252441,7.0,15.0,32550.0,7.886,417215022.0
-0.8703150749206543,1.270111799240112,-0.4125575721263885,3.0,0.0,32558.0,1.594,417215043.0
-3.749505519866943,5.473964691162109,0.115814171731472,26.0,1.0,32559.0,6.636,417215045.0
-5.394772052764893,7.878865718841553,-2.204520225524902,12.0,2.0,32560.0,9.8,417215047.0
-3.528690099716187,5.155451774597168,0.3274137377738953,5.0,3.0,32561.0,6.256,417215050.0
-5.405844688415527,7.897993564605713,-1.860387682914734,11.0,4.0,32561.0,9.75,417215052.0
-3.322303295135498,4.85573673248291,0.514741837978363,13.0,5.0,32562.0,5.906,417215054.0
-9.950654029846191,14.54889869689941,-2.79172945022583,17.0,6.0,32563.0,17.846,417215057.0
-5.309423446655273,7.765841960906982,1.155077695846558,23.0,7.0,32564.0,9.478,417215059.0
-16.20086479187012,23.70511436462402,-3.525436401367188,100.0,8.0,32565.0,28.928,417215061.0
-5.219452381134033,7.639968395233154,1.4654780626297,22.0,9.0,32566.0,9.368,417215064.0
-6.356846809387207,9.304828643798828,-0.9859057664871216,15.0,10.0,32566.0,11.312,417215066.0
-5.200490474700928,7.615065574645996,1.792459726333618,47.0,11.0,32567.0,9.394,417215068.0
-5.075257778167725,7.434473991394043,-0.4717563092708588,12.0,12.0,32568.0,9.014,417215070.0
-3.386511325836182,4.962579250335693,1.387048244476318,13.0,13.0,32569.0,6.166,417215073.0
-4.477096080780029,6.563177108764648,-0.1386768221855164,21.0,14.0,32570.0,7.946,417215075.0
-4.279471397399902,6.27582311630249,2.035352945327759,7.0,15.0,32571.0,7.864,417215077.0
-0.8767404556274414,1.289116144180298,-0.4177339375019073,3.0,0.0,32578.0,1.614,417215098.0
-3.734872102737427,5.493634700775146,0.1159537881612778,26.0,1.0,32579.0,6.644,417215100.0
-5.373808860778809,7.90731954574585,-2.207219839096069,8.0,2.0,32580.0,9.812,417215103.0
-3.524140596389771,5.187562942504883,0.3286698162555695,7.0,3.0,32581.0,6.28,417215105.0
-13.55206775665283,19.94875144958496,-4.687795162200928,14.0,4.0,32581.0,24.568,417215107.0
-3.304214000701904,4.865655899047852,0.514567494392395,14.0,5.0,32582.0,5.904,417215110.0
-9.898698806762695,14.58191013336182,-2.791416645050049,20.0,6.0,32583.0,17.844,417215112.0
-5.27336597442627,7.771187305450439,1.153127670288086,21.0,7.0,32584.0,9.462,417215114.0
-16.10241889953613,23.73852348327637,-3.522023916244507,96.0,8.0,32585.0,28.9,417215117.0
-5.19297981262207,7.655599594116211,1.465165257453918,30.0,9.0,32585.0,9.366,417215119.0
-6.276247501373291,9.25605297088623,-0.9784103631973267,10.0,10.0,32586.0,11.226,417215121.0
-5.16947078704834,7.62667179107666,1.79093325138092,26.0,11.0,32587.0,9.386000000000001,417215123.0
-5.031350612640381,7.425689220428467,-0.4700815677642822,13.0,12.0,32588.0,8.982,417215126.0
-3.370260953903198,4.975983619689941,1.387498140335083,16.0,13.0,32589.0,6.168,417215128.0
-4.465370178222656,6.595324039459229,-0.139025866985321,21.0,14.0,32590.0,7.966,417215130.0
-4.2543044090271,6.283581256866455,2.033282518386841,9.0,15.0,32590.0,7.856,417215133.0
-0.8830435872077942,1.308180689811707,-0.4229103326797485,3.0,0.0,32598.0,1.634,417215153.0
-3.716791391372681,5.508296012878418,0.1159886941313744,22.0,1.0,32599.0,6.646,417215156.0
-3.563389778137207,5.282942771911621,-1.471179842948914,6.0,2.0,32600.0,6.54,417215158.0
-3.484796524047852,5.168368816375732,0.3266810476779938,7.0,3.0,32601.0,6.242,417215160.0
-11.70211887359619,17.35563850402832,-4.068810939788818,9.0,4.0,32601.0,21.324,417215163.0
-3.28943657875061,4.88046407699585,0.5149161219596863,14.0,5.0,32602.0,5.908,417215165.0
-9.835596084594727,14.59835338592529,-2.787975072860718,16.0,6.0,32603.0,17.822,417215167.0
-5.242880821228027,7.784607887268066,1.152396559715271,21.0,7.0,32604.0,9.456,417215170.0
-16.00282859802246,23.7698860168457,-3.518368005752563,69.0,8.0,32605.0,28.87,417215172.0
-5.167091369628906,7.677859306335449,1.465790987014771,48.0,9.0,32606.0,9.370000000000001,417215174.0
-6.131546974182129,9.110958099365234,-0.9608048796653748,12.0,10.0,32606.0,11.024,417215176.0
-5.128571510314941,7.623493671417236,1.785972237586975,30.0,11.0,32607.0,9.36,417215179.0
-4.996483325958252,7.429947853088379,-0.4692441821098328,10.0,12.0,32608.0,8.966,417215181.0
-3.352870941162109,4.987717628479004,1.387498140335083,17.0,13.0,32609.0,6.168,417215183.0
-4.444551467895508,6.614190578460693,-0.1390956789255142,22.0,14.0,32610.0,7.97,417215186.0
-4.240940093994141,6.313564777374268,2.037941217422485,14.0,15.0,32611.0,7.874000000000001,417215188.0
-0.8849232792854309,1.320884943008423,-0.4260161519050598,4.0,0.0,32618.0,1.646,417215209.0
-3.713119268417358,5.544497489929199,0.1164773628115654,18.0,1.0,32619.0,6.674,417215211.0
-3.546011209487915,5.296968460083008,-1.471629738807678,10.0,2.0,32620.0,6.542,417215213.0
-3.486728191375732,5.210379600524902,0.3285651206970215,16.0,3.0,32621.0,6.278,417215216.0
-13.39827632904053,20.02166366577148,-4.682834148406982,54.0,4.0,32621.0,24.542,417215218.0
-3.26794958114624,4.885292530059814,0.5142188668251038,14.0,5.0,32622.0,5.9,417215220.0
-9.806539535522461,14.66543865203857,-2.794232368469238,15.0,6.0,32623.0,17.862,417215223.0
-5.206850528717041,7.789658546447754,1.150446653366089,6.0,7.0,32624.0,9.44,417215225.0
-15.93188953399658,23.84375762939453,-3.521049022674561,58.0,8.0,32625.0,28.892,417215227.0
-5.137212753295898,7.688381671905518,1.464539408683777,42.0,9.0,32625.0,9.362,417215229.0
-6.070934295654297,9.089228630065918,-0.9562727808952332,17.0,10.0,32626.0,10.972,417215232.0
-5.101929187774658,7.641349315643311,1.785972237586975,45.0,11.0,32627.0,9.36,417215234.0
-4.943907260894775,7.407473564147949,-0.4667320549488068,11.0,12.0,32628.0,8.918000000000001,417215236.0
-3.34409236907959,5.012359619140625,1.3910973072052,14.0,13.0,32629.0,6.184,417215239.0
-4.425874710083008,6.636319160461426,-0.1392353028059006,21.0,14.0,32630.0,7.978,417215241.0
-4.217836380004883,6.324378967285156,2.036906003952026,18.0,15.0,32630.0,7.87,417215243.0
-0.8995605111122131,1.352922558784485,-0.435333639383316,4.0,0.0,32638.0,1.682,417215264.0
-3.739125728607178,5.625706195831299,0.1179084554314613,11.0,1.0,32639.0,6.756,417215266.0
-3.532891750335693,5.317429542541504,-1.473879337310791,12.0,2.0,32640.0,6.552,417215269.0
-3.460784673690796,5.210872650146484,0.32783243060112,20.0,3.0,32641.0,6.264,417215271.0
-13.30766868591309,20.0372371673584,-4.675583839416504,31.0,4.0,32641.0,24.504,417215273.0
-3.256386756896973,4.904969692230225,0.5150904655456543,14.0,5.0,32642.0,5.91,417215276.0
-9.741087913513184,14.67818355560303,-2.790165185928345,5.0,6.0,32643.0,17.836,417215278.0
-3.272383451461792,4.932800769805908,0.7268287539482117,2.0,7.0,32644.0,5.964,417215280.0
-15.85514450073242,23.90915107727051,-3.52251148223877,42.0,8.0,32645.0,28.904,417215282.0
-5.10463285446167,7.700572967529297,1.463287949562073,25.0,9.0,32646.0,9.354000000000001,417215285.0
-6.047976493835449,9.123650550842285,-0.9576672911643982,15.0,10.0,32646.0,10.988,417215287.0
-5.071971416473389,7.654202461242676,1.784827351570129,56.0,11.0,32647.0,9.354000000000001,417215289.0
-4.873902797698975,7.358081817626953,-0.4625451862812042,10.0,12.0,32648.0,8.838000000000001,417215292.0
-3.322272300720215,5.017502784729004,1.389297723770142,11.0,13.0,32649.0,6.176,417215294.0
-4.407097339630127,6.658398151397705,-0.1393749117851257,21.0,14.0,32650.0,7.986,417215296.0
-4.19143009185791,6.334962368011475,2.035352945327759,15.0,15.0,32651.0,7.864,417215299.0
-0.8990885019302368,1.362504124641418,-0.4374041855335236,4.0,0.0,32658.0,1.69,417215319.0
-3.793238401412964,5.750563621520996,0.1202470809221268,7.0,1.0,32659.0,6.890000000000001,417215322.0
-3.534691095352173,5.360640525817871,-1.482427477836609,13.0,2.0,32660.0,6.59,417215324.0
-3.435979127883911,5.212915420532227,0.3272044062614441,24.0,3.0,32661.0,6.252,417215326.0
-13.23224258422852,20.07537269592285,-4.673675537109375,40.0,4.0,32661.0,24.494,417215329.0
-3.233764410018921,4.90798807144165,0.5142188668251038,12.0,5.0,32662.0,5.9,417215331.0
-5.332754135131836,8.09676742553711,-1.535560727119446,7.0,6.0,32663.0,9.816,417215333.0
-5.137059211730957,7.80260705947876,1.147034287452698,10.0,7.0,32664.0,9.412,417215335.0
-15.78577613830566,23.98590660095215,-3.525680065155029,58.0,8.0,32665.0,28.93,417215338.0
-5.06169319152832,7.691057205200195,1.458282113075256,23.0,9.0,32665.0,9.322000000000001,417215340.0
-6.027042388916016,9.161351203918457,-0.9594104290008545,18.0,10.0,32666.0,11.008,417215342.0
-5.041985988616943,7.666939258575439,1.783682465553284,46.0,11.0,32667.0,9.348,417215345.0
-4.787846565246582,7.283258438110352,-0.4567882120609283,13.0,12.0,32668.0,8.728,417215347.0
-4.493715286254883,6.83842658996582,1.88913893699646,10.0,13.0,32669.0,8.398,417215349.0
-4.386023998260498,6.677083492279053,-0.1394447237253189,21.0,14.0,32670.0,7.99,417215352.0
-4.160853862762451,6.33429479598999,2.030694246292114,14.0,15.0,32670.0,7.846,417215354.0
-0.9133777022361755,1.394724607467651,-0.4467216730117798,4.0,0.0,32678.0,1.726,417215375.0
-3.7118079662323,5.670076847076416,0.1182924136519432,7.0,1.0,32679.0,6.778,417215377.0
-3.528762102127075,5.392513751983643,-1.487826228141785,13.0,2.0,32680.0,6.614,417215379.0
-3.40464186668396,5.20482063293457,0.3259483277797699,26.0,3.0,32681.0,6.228,417215382.0
-12.5677661895752,19.21287727355957,-4.462640762329102,5.0,4.0,32681.0,23.388,417215384.0
-3.218793392181396,4.922581195831299,0.514567494392395,7.0,5.0,32682.0,5.904,417215386.0
-5.306620121002197,8.118639945983887,-1.536186456680298,10.0,6.0,32683.0,9.82,417215388.0
-5.108705997467041,7.818829536437988,1.146790504455566,18.0,7.0,32684.0,9.41,417215391.0
-15.72040748596191,24.06911849975586,-3.529823780059814,65.0,8.0,32685.0,28.964,417215393.0
-5.036976337432861,7.711986541748047,1.458907842636108,5.0,9.0,32685.0,9.326,417215395.0
-5.986312866210938,9.168987274169922,-0.9580159187316895,13.0,10.0,32686.0,10.992,417215398.0
-5.014120101928711,7.68284797668457,1.783300876617432,38.0,11.0,32687.0,9.346,417215400.0
-4.743842124938965,7.27148962020874,-0.4550088047981262,17.0,12.0,32688.0,8.694,417215402.0
-4.468752861022949,6.852438926696777,1.888689041137695,13.0,13.0,32689.0,8.396,417215405.0
-4.360506057739258,6.689002513885498,-0.1393749117851257,24.0,14.0,32690.0,7.986,417215407.0
-4.140827655792236,6.352016925811768,2.031729459762573,14.0,15.0,32690.0,7.850000000000001,417215409.0
-0.9213837385177612,1.417181491851807,-0.4529333412647247,3.0,0.0,32697.0,1.75,417215430.0
-3.642858743667603,5.605226039886475,0.1166867911815643,7.0,1.0,32698.0,6.686,417215432.0
-3.511922359466553,5.405820369720459,-1.488276124000549,16.0,2.0,32699.0,6.616000000000001,417215435.0
-3.38627552986145,5.214406967163086,0.3258436620235443,26.0,3.0,32700.0,6.226,417215437.0
-10.37187004089355,15.97127914428711,-3.701694488525391,1.0,4.0,32700.0,19.4,417215439.0
-5.231105327606201,8.058274269104004,0.8405299782752991,10.0,5.0,32701.0,9.644,417215441.0
-5.275367259979248,8.12956428527832,-1.534934997558594,3.0,6.0,32702.0,9.812,417215444.0
-5.076268196105957,7.825735092163086,1.145328044891357,15.0,7.0,32703.0,9.398,417215446.0
-15.64914512634277,24.13444137573242,-3.531773567199707,65.0,8.0,32704.0,28.98,417215448.0
-4.214953899383545,6.502876758575439,1.227384805679321,3.0,9.0,32705.0,7.846,417215451.0
-5.929866313934326,9.148662567138672,-0.9538324475288391,15.0,10.0,32705.0,10.944,417215453.0
-4.9822096824646,7.689547538757324,1.78101110458374,29.0,11.0,32706.0,9.334,417215455.0
-4.706674098968506,7.267064571380615,-0.453752726316452,20.0,12.0,32707.0,8.67,417215458.0
-4.450241088867188,6.873763084411621,1.890488624572754,16.0,13.0,32708.0,8.404,417215460.0
-4.346992492675781,6.716856479644775,-0.1396541595458984,21.0,14.0,32709.0,8.002,417215462.0
-4.137584686279297,6.393284797668457,2.040529251098633,14.0,15.0,32709.0,7.884,417215464.0
-0.9279521107673645,1.438245415687561,-0.4586273431777954,3.0,0.0,32717.0,1.772,417215485.0
-3.622186899185181,5.616227626800537,0.1166518852114677,11.0,1.0,32718.0,6.684,417215488.0
-3.494086980819702,5.419683933258057,-1.488726019859314,18.0,2.0,32719.0,6.618,417215490.0
-3.357233762741089,5.209407329559326,0.3247969448566437,22.0,3.0,32720.0,6.206,417215492.0
-10.27883434295654,15.94962787628174,-3.688337802886963,9.0,4.0,32720.0,19.33,417215494.0
-5.189996719360352,8.05638599395752,0.8384382724761963,13.0,5.0,32721.0,9.620000000000001,417215497.0
-5.04677152633667,7.840068340301514,1.144840598106384,18.0,7.0,32723.0,9.394,417215501.0
-15.62710666656494,24.28574180603027,-3.545910358428955,100.0,8.0,32724.0,29.096,417215504.0
-4.978739738464355,7.740317344665527,1.457656383514404,33.0,9.0,32725.0,9.318,417215506.0
-5.878494739532471,9.139143943786621,-0.9506948590278625,15.0,10.0,32725.0,10.908,417215508.0
-4.954276084899902,7.705240249633789,1.780629515647888,45.0,11.0,32726.0,9.332,417215511.0
-4.676959037780762,7.276729106903076,-0.4533340632915497,20.0,12.0,32727.0,8.662,417215513.0
-4.422006607055664,6.882697582244873,1.888689041137695,15.0,13.0,32728.0,8.396,417215515.0
-4.332164764404297,6.745450019836426,-0.1399333924055099,19.0,14.0,32729.0,8.018,417215517.0
-4.121429920196533,6.41978645324707,2.044152736663818,15.0,15.0,32730.0,7.898000000000001,417215520.0
-0.9333428144454956,1.457745313644409,-0.4638037383556366,3.0,0.0,32737.0,1.792,417215541.0
-3.59717059135437,5.620415687561035,0.1164773628115654,15.0,1.0,32738.0,6.674,417215543.0
-3.48249888420105,5.443338394165039,-1.491875410079956,18.0,2.0,32739.0,6.632000000000001,417215545.0
-3.328268527984619,5.204268455505371,0.323750227689743,15.0,3.0,32740.0,6.186,417215547.0
-5.159696578979492,8.071096420288086,0.838089644908905,21.0,5.0,32741.0,9.616,417215552.0
-13.50040817260742,21.12624359130859,-3.970932483673096,14.0,6.0,32742.0,25.384,417215554.0
-15.55612754821777,24.36189270019531,-3.549078941345215,100.0,8.0,32744.0,29.122,417215559.0
-4.948502063751221,7.752654075622559,1.456717729568481,20.0,9.0,32745.0,9.312,417215561.0
-5.81975793838501,9.117621421813965,-0.9463370442390442,12.0,10.0,32745.0,10.858,417215564.0
-4.929461479187012,7.725797176361084,1.781392812728882,7.0,11.0,32746.0,9.336,417215566.0
-4.651530265808105,7.293010234832764,-0.4533340632915497,20.0,12.0,32747.0,8.662,417215568.0
-4.397954940795898,6.898091316223145,1.888689041137695,16.0,13.0,32748.0,8.396,417215570.0
-4.308592319488525,6.760530948638916,-0.1399333924055099,19.0,14.0,32749.0,8.018,417215573.0
-4.106348037719727,6.443193435668945,2.047258615493774,15.0,15.0,32749.0,7.91,417215575.0
-0.9396445751190186,1.478930711746216,-0.4694977402687073,3.0,0.0,32757.0,1.814,417215596.0
-3.581818103790283,5.639689922332764,0.1166169792413712,18.0,1.0,32758.0,6.682,417215598.0
-3.470788240432739,5.466977596282959,-1.495024681091309,18.0,2.0,32759.0,6.646,417215600.0
-3.27262544631958,5.156832695007324,0.3200867176055908,9.0,3.0,32760.0,6.116000000000001,417215603.0
-5.27980899810791,8.319647789001465,-1.915340662002563,14.0,4.0,32760.0,10.038,417215605.0
-5.127222537994385,8.082327842712402,0.8373923897743225,13.0,5.0,32761.0,9.608,417215607.0
-13.44244956970215,21.19826316833496,-3.975625514984131,18.0,6.0,32762.0,25.414,417215610.0
-15.49224376678467,24.44958114624023,-3.553953886032104,100.0,8.0,32764.0,29.162,417215614.0
-4.921410083770752,7.769880294799805,1.456717729568481,20.0,9.0,32765.0,9.312,417215617.0
-5.746317863464355,9.072237968444824,-0.9395388960838318,13.0,10.0,32765.0,10.78,417215619.0
-3.244153738021851,5.123820781707764,1.178817987442017,2.0,11.0,32766.0,6.178,417215621.0
-4.59934139251709,7.267011642456055,-0.4507172405719757,8.0,12.0,32767.0,8.612,417215623.0
-4.369681358337402,6.906813621520996,1.886889457702637,18.0,13.0,32768.0,8.388,417215626.0
-4.287105083465576,6.778909683227539,-0.1400032043457031,19.0,14.0,32769.0,8.022,417215628.0
-4.084864616394043,6.459120750427246,2.047776222229004,15.0,15.0,32769.0,7.912,417215630.0
-0.9489005208015442,1.505080223083496,-0.476744681596756,3.0,0.0,32777.0,1.842,417215651.0
-3.561043977737427,5.650466918945312,0.1165820732712746,11.0,1.0,32778.0,6.68,417215653.0
-3.455838680267334,5.485655307769775,-1.496824264526367,17.0,2.0,32779.0,6.654,417215656.0
-3.139466762542725,4.98345947265625,0.308677464723587,5.0,3.0,32779.0,5.898,417215658.0
-5.093810081481934,8.08883285522461,-1.858098030090332,15.0,4.0,32780.0,9.738,417215660.0
-3.143875122070312,4.994321823120117,0.5163106322288513,3.0,5.0,32781.0,5.924,417215663.0
-13.37784004211426,21.26010322570801,-3.97844123840332,10.0,6.0,32782.0,25.432,417215665.0
-4.960167407989502,7.88576602935791,1.143865704536438,19.0,7.0,32783.0,9.386000000000001,417215667.0
-15.41631412506104,24.51863479614258,-3.556147336959839,42.0,8.0,32784.0,29.18,417215669.0
-5.62873649597168,8.955604553222656,-0.9254196882247925,31.0,10.0,32785.0,10.618,417215674.0
-4.852428436279297,7.723450183868408,1.772997140884399,8.0,11.0,32786.0,9.292,417215676.0
-4.517648696899414,7.193379402160645,-0.4451696574687958,6.0,12.0,32787.0,8.506,417215679.0
-4.347618103027344,6.925325393676758,1.887789249420166,21.0,13.0,32788.0,8.392,417215681.0
-4.26447868347168,6.79552698135376,-0.1400381028652191,16.0,14.0,32789.0,8.024000000000001,417215683.0
-4.063320159912109,6.474976539611816,2.048293828964233,15.0,15.0,32789.0,7.914000000000001,417215686.0
-0.9549114108085632,1.526398777961731,-0.482438713312149,3.0,0.0,32797.0,1.864,417215706.0
-3.54023814201355,5.661167144775391,0.116547167301178,7.0,1.0,32798.0,6.678,417215709.0
-3.434603214263916,5.494379997253418,-1.495924472808838,18.0,2.0,32799.0,6.65,417215711.0
-3.122238874435425,4.996626853942871,0.3087821304798126,7.0,3.0,32800.0,5.9,417215713.0
-5.061382293701172,8.09990406036377,-1.856571555137634,14.0,4.0,32800.0,9.73,417215716.0
-3.129588842391968,5.010334968566895,0.5168335437774658,3.0,5.0,32801.0,5.93,417215718.0
-5.247766017913818,8.404707908630371,-1.569350600242615,18.0,6.0,32802.0,10.032,417215720.0
-4.927355289459229,7.894612312316895,1.142646908760071,10.0,7.0,32803.0,9.376,417215722.0
-5.204429626464844,8.341781616210938,-1.207237720489502,15.0,8.0,32804.0,9.906,417215725.0
-4.885862350463867,7.834218978881836,1.462349414825439,5.0,9.0,32805.0,9.348,417215727.0
-5.579517841339111,8.946457862854004,-0.9224563837051392,22.0,10.0,32805.0,10.584,417215729.0
-4.825438976287842,7.740341186523438,1.772997140884399,15.0,11.0,32806.0,9.292,417215732.0
-4.454484462738037,7.148083209991455,-0.4414014518260956,8.0,12.0,32807.0,8.434000000000001,417215734.0
-4.326508522033691,6.945421695709229,1.88913893699646,16.0,13.0,32808.0,8.398,417215736.0
-4.2417893409729,6.812068939208984,-0.1400730162858963,13.0,14.0,32809.0,8.026,417215739.0
-4.041602611541748,6.493105888366699,2.049329280853271,14.0,15.0,32810.0,7.918,417215741.0
-0.9722656607627869,1.565662384033203,-0.4938267469406128,3.0,0.0,32816.0,1.908,417215762.0
-3.573122978210449,5.756125926971436,0.1182575076818466,3.0,1.0,32817.0,6.776,417215764.0
-3.418419122695923,5.509050846099854,-1.496824264526367,18.0,2.0,32818.0,6.654,417215766.0
-3.107579231262207,5.008107662200928,0.3088868260383606,12.0,3.0,32818.0,5.902,417215769.0
-5.033459186553955,8.114975929260254,-1.856189966201782,12.0,4.0,32819.0,9.728,417215771.0
-3.114006757736206,5.022378921508789,0.5170078873634338,3.0,5.0,32820.0,5.932,417215773.0
-5.241719722747803,8.457324028015137,-1.575920820236206,2.0,6.0,32821.0,10.074,417215775.0
-5.175693511962891,8.357306480407715,-1.206993937492371,21.0,8.0,32823.0,9.904,417215780.0
-4.829703330993652,7.801670074462891,1.45327615737915,27.0,9.0,32824.0,9.290000000000001,417215782.0
-5.565550327301025,8.99032211303711,-0.9250710606575012,21.0,10.0,32824.0,10.614,417215785.0
-3.194319725036621,5.16196346282959,1.179962873458862,4.0,11.0,32825.0,6.184,417215787.0
-4.411843299865723,7.132241249084473,-0.4395173490047455,8.0,12.0,32826.0,8.398,417215789.0
-4.296278953552246,6.948128223419189,1.885989665985107,10.0,13.0,32827.0,8.384,417215792.0
-4.205508232116699,6.803984642028809,-0.1396192461252213,10.0,14.0,32828.0,8.0,417215794.0
-4.033372402191162,6.525490283966064,2.055540800094604,14.0,15.0,32828.0,7.942,417215796.0
-0.9931432604789734,1.611808896064758,-0.5072853565216064,3.0,0.0,32836.0,1.96,417215817.0
-3.588664531707764,5.82645320892334,0.119444265961647,3.0,1.0,32837.0,6.844,417215819.0
-3.403254985809326,5.527587890625,-1.498623967170715,18.0,2.0,32838.0,6.662,417215821.0
-3.091125726699829,5.020625591278076,0.3089914917945862,14.0,3.0,32838.0,5.904,417215824.0
-5.00818920135498,8.13751220703125,-1.857334733009338,12.0,4.0,32839.0,9.734,417215826.0
-3.551633358001709,5.773097991943359,0.5930076837539673,4.0,5.0,32840.0,6.804,417215828.0
-3.136383056640625,5.102107524871826,0.7353596091270447,3.0,7.0,32842.0,6.034,417215833.0
-5.241063594818115,8.529231071472168,-1.229174256324768,22.0,8.0,32843.0,10.086,417215835.0
-3.156480550765991,5.138821125030518,0.9551888704299927,3.0,9.0,32844.0,6.106,417215838.0
-5.547690868377686,9.03176498413086,-0.927337110042572,30.0,10.0,32844.0,10.64,417215840.0
-4.771613597869873,7.771334648132324,1.772615551948547,5.0,11.0,32845.0,9.290000000000001,417215842.0
-4.371249198913574,7.122064590454102,-0.4379472732543945,10.0,12.0,32846.0,8.368,417215845.0
-3.18056058883667,5.184108257293701,1.404144525527954,4.0,13.0,32847.0,6.242,417215847.0
-4.17336893081665,6.804986000061035,-0.1393400132656097,14.0,14.0,32848.0,7.984,417215849.0
-4.06914758682251,6.635045528411865,2.085563898086548,23.0,15.0,32848.0,8.058,417215851.0
-0.9978723526000977,1.631574034690857,-0.5124617218971252,3.0,0.0,32855.0,1.98,417215872.0
-3.526558399200439,5.768370628356934,0.1180131733417511,7.0,1.0,32856.0,6.762,417215874.0
-3.389986991882324,5.547156810760498,-1.500873446464539,18.0,2.0,32857.0,6.672,417215877.0
-3.07982873916626,5.041611671447754,0.3096195161342621,14.0,3.0,32858.0,5.916,417215879.0
-4.975035667419434,8.144022941589355,-1.855045080184937,15.0,4.0,32858.0,9.722,417215881.0
-3.09843897819519,5.074066162109375,0.5201454758644104,3.0,5.0,32859.0,5.968,417215884.0
-12.64977741241455,20.72366333007812,-3.845472097396851,13.0,6.0,32860.0,24.582,417215886.0
-3.107039213180542,5.092145442962646,0.7324347496032715,5.0,7.0,32861.0,6.01,417215888.0
-5.233424186706543,8.580458641052246,-1.234048962593079,34.0,8.0,32862.0,10.126,417215891.0
-3.139292240142822,5.147025585174561,0.9548759460449219,5.0,9.0,32862.0,6.104,417215893.0
-5.526007175445557,9.063720703125,-0.9287316203117371,23.0,10.0,32863.0,10.656,417215895.0
-4.747859954833984,7.790467739105225,1.773378849029541,10.0,11.0,32864.0,9.294,417215898.0
-4.339294910430908,7.122875690460205,-0.4371099174022675,10.0,12.0,32865.0,8.352,417215900.0
-3.158283948898315,5.186304569244385,1.401894927024841,9.0,13.0,32866.0,6.232,417215902.0
-4.147660255432129,6.813663482666016,-0.1392353028059006,17.0,14.0,32867.0,7.978,417215904.0
-4.094164371490479,6.728425025939941,2.110410451889038,28.0,15.0,32868.0,8.154,417215907.0
-1.010210514068604,1.664775371551514,-0.5217791795730591,4.0,0.0,32875.0,2.016,417215927.0
-3.510550022125244,5.787484645843506,0.1181527897715569,25.0,1.0,32876.0,6.77,417215930.0
-3.374644756317139,5.565621852874756,-1.502673029899597,18.0,2.0,32877.0,6.68,417215932.0
-3.073448657989502,5.068875312805176,0.3106662333011627,15.0,3.0,32877.0,5.936,417215934.0
-5.017809867858887,8.278865814208984,-1.881758332252502,15.0,4.0,32878.0,9.862,417215937.0
-3.156074047088623,5.209245681762695,0.5328702330589294,9.0,5.0,32879.0,6.114,417215939.0
-5.070444107055664,8.372298240661621,-1.550265550613403,15.0,6.0,32880.0,9.91,417215941.0
-3.105693817138672,5.130130767822266,0.7363345623016357,3.0,7.0,32881.0,6.042,417215944.0
-15.06253814697266,24.89081001281738,-3.572234153747559,100.0,8.0,32882.0,29.312,417215946.0
-3.126540899276733,5.168638229370117,0.9567531943321228,3.0,9.0,32883.0,6.116000000000001,417215948.0
-5.506709575653076,9.103412628173828,-0.9308233261108398,13.0,10.0,32883.0,10.68,417215951.0
-4.723684787750244,7.812033653259277,1.774523615837097,11.0,11.0,32884.0,9.3,417215953.0
-4.354697227478027,7.204641819000244,-0.4411921203136444,12.0,12.0,32885.0,8.43,417215955.0
-3.136130094528198,5.190625667572021,1.400095343589783,11.0,13.0,32886.0,6.224,417215957.0
-4.125918388366699,6.831523418426514,-0.1393051147460938,15.0,14.0,32887.0,7.982,417215960.0
-4.072649478912354,6.745983123779297,2.111445665359497,31.0,15.0,32888.0,8.158,417215962.0
-1.01874852180481,1.693473100662231,-0.5295437574386597,3.0,0.0,32897.0,2.046,417215983.0
-3.497576475143433,5.816344738006592,0.1184669360518456,29.0,1.0,32898.0,6.788,417215985.0
-3.353249311447144,5.578538417816162,-1.502673029899597,20.0,2.0,32899.0,6.68,417215987.0
-3.059107780456543,5.089198112487793,0.311189591884613,15.0,3.0,32899.0,5.946,417215990.0
-5.042608737945557,8.39231014251709,-1.903128862380981,16.0,4.0,32900.0,9.974,417215992.0
-3.14938497543335,5.243529796600342,0.5351362824440002,5.0,5.0,32901.0,6.140000000000001,417215994.0
-5.023007392883301,8.366301536560059,-1.545572519302368,14.0,6.0,32902.0,9.88,417215997.0
-3.083929777145386,5.138613700866699,0.7358471155166626,3.0,7.0,32903.0,6.038,417215999.0
-5.096858978271484,8.496026992797852,-1.216499805450439,3.0,8.0,32904.0,9.982000000000001,417216001.0
-3.100462436676025,5.168205261230469,0.9545630812644958,1.0,9.0,32904.0,6.102,417216004.0
-4.373197078704834,7.298405170440674,-0.4459023475646973,16.0,12.0,32907.0,8.52,417216010.0
-3.114173889160156,5.199285984039307,1.399195551872253,16.0,13.0,32908.0,6.22,417216013.0
-4.093493938446045,6.837021350860596,-0.1390956789255142,15.0,14.0,32909.0,7.97,417216015.0
-4.04969310760498,6.766543865203857,2.112998723983765,36.0,15.0,32910.0,8.164,417216017.0
-1.030652046203613,1.72687840461731,-0.5388612747192383,4.0,0.0,32917.0,2.082,417216038.0
-3.481350421905518,5.835387706756592,0.1186065524816513,29.0,1.0,32918.0,6.796,417216040.0
-3.331759929656982,5.586862087249756,-1.501773238182068,18.0,2.0,32919.0,6.676,417216043.0
-3.041324377059937,5.099845409393311,0.311189591884613,15.0,3.0,32919.0,5.946,417216045.0
-4.843392848968506,8.124866485595703,-1.838635444641113,6.0,4.0,32920.0,9.636000000000001,417216047.0
-3.115764141082764,5.228817462921143,0.5325216054916382,4.0,5.0,32921.0,6.11,417216050.0
-5.011968612670898,8.414332389831543,-1.551204204559326,11.0,6.0,32922.0,9.916,417216052.0
-3.2162766456604,5.401782989501953,0.7719204425811768,6.0,7.0,32923.0,6.334000000000001,417216054.0
-5.040774345397949,8.469415664672852,-1.21016252040863,14.0,8.0,32924.0,9.93,417216057.0
-3.09654712677002,5.202761173248291,0.958943247795105,1.0,9.0,32924.0,6.13,417216059.0
-5.937972545623779,9.9808349609375,-1.016061663627625,9.0,10.0,32925.0,11.658,417216061.0
-4.641205310821533,7.804264545440674,1.764983177185059,10.0,11.0,32926.0,9.25,417216063.0
-4.337488651275635,7.296457767486572,-0.4448556303977966,8.0,12.0,32927.0,8.5,417216066.0
-3.103970050811768,5.223526954650879,1.402794718742371,17.0,13.0,32928.0,6.236,417216068.0
-4.052242279052734,6.822041034698486,-0.138502299785614,15.0,14.0,32929.0,7.936,417216070.0
-4.018158435821533,6.767350196838379,2.10885763168335,40.0,15.0,32930.0,8.148,417216073.0
-1.046271562576294,1.767036318778992,-0.5502492785453796,4.0,0.0,32937.0,2.126,417216093.0
-3.472163677215576,5.866433620452881,0.1189905107021332,29.0,1.0,32938.0,6.818000000000001,417216096.0
-3.318191528320312,5.608521461486816,-1.504472613334656,18.0,2.0,32939.0,6.688,417216098.0
-3.01841926574707,5.10183572769165,0.3106662333011627,15.0,3.0,32939.0,5.936,417216100.0
-4.947919368743896,8.366475105285645,-1.889390707015991,3.0,4.0,32940.0,9.902000000000001,417216103.0
-3.111687898635864,5.263673305511475,0.5349619388580322,3.0,5.0,32941.0,6.138,417216105.0
-5.045878887176514,8.53891658782959,-1.5709148645401,14.0,6.0,32942.0,10.042,417216107.0
-3.141873359680176,5.318972110748291,0.7585148215293884,10.0,7.0,32943.0,6.224,417216109.0
-5.01117992401123,8.486959457397461,-1.21016252040863,15.0,8.0,32944.0,9.93,417216112.0
-3.081380367279053,5.21864128112793,0.9598819017410278,3.0,9.0,32944.0,6.136,417216114.0
-4.630894660949707,7.849163055419922,1.771470665931702,8.0,11.0,32946.0,9.284,417216119.0
-4.320109367370605,7.325316905975342,-0.4456930160522461,3.0,12.0,32947.0,8.516,417216121.0
-3.094624280929565,5.249438762664795,1.406843900680542,26.0,13.0,32948.0,6.254,417216123.0
-4.00403881072998,6.794796943664551,-0.1376645863056183,5.0,14.0,32949.0,7.888,417216126.0
-3.981964111328125,6.757336139678955,2.101610660552979,19.0,15.0,32949.0,8.120000000000001,417216128.0
-1.073364615440369,1.827312827110291,-0.5678489804267883,4.0,0.0,32957.0,2.194,417216149.0
-3.448627471923828,5.873344898223877,0.1188857927918434,10.0,1.0,32958.0,6.812,417216151.0
-3.306485414505005,5.633514881134033,-1.508071899414062,20.0,2.0,32959.0,6.704,417216153.0
-3.009690999984741,5.127843379974365,0.3116082847118378,15.0,3.0,32959.0,5.954,417216156.0
-4.944515228271484,8.427721977233887,-1.899312734603882,4.0,4.0,32960.0,9.954,417216158.0
-3.115469455718994,5.312313079833984,0.5387967824935913,4.0,5.0,32961.0,6.182,417216160.0
-5.007050514221191,8.54114055633545,-1.568099021911621,8.0,6.0,32962.0,10.024,417216162.0
-3.115258455276489,5.316205024719238,0.7565648555755615,8.0,7.0,32963.0,6.208,417216165.0
-5.005604267120361,8.545509338378906,-1.216012358665466,12.0,8.0,32964.0,9.978,417216167.0
-3.063145160675049,5.229365825653076,0.9598819017410278,5.0,9.0,32964.0,6.136,417216169.0
-5.030561447143555,8.591553688049316,-0.8710345029830933,8.0,10.0,32965.0,9.994,417216172.0
-4.607434272766113,7.872057914733887,1.772997140884399,14.0,11.0,32966.0,9.292,417216174.0
-4.276358604431152,7.309322357177734,-0.443808913230896,2.0,12.0,32967.0,8.48,417216176.0
-3.079232931137085,5.265255451202393,1.408193588256836,24.0,13.0,32968.0,6.26,417216179.0
-3.962130546569824,6.777657985687256,-0.1370362937450409,8.0,14.0,32969.0,7.852,417216181.0
-3.719350337982178,6.36490535736084,1.975306987762451,7.0,15.0,32970.0,7.632000000000001,417216183.0
-1.080596327781677,1.854416370391846,-0.5750958919525146,4.0,0.0,32977.0,2.222,417216204.0
-3.429111003875732,5.887074947357178,0.11892069876194,10.0,1.0,32978.0,6.814,417216206.0
-3.290722846984863,5.651758670806885,-1.509871482849121,20.0,2.0,32979.0,6.712,417216209.0
-2.989871501922607,5.137113571166992,0.3115036189556122,15.0,3.0,32980.0,5.952,417216211.0
-4.786684513092041,8.224347114562988,-1.84970235824585,5.0,4.0,32980.0,9.694,417216213.0
-3.04480767250061,5.233604431152344,0.5297325849533081,5.0,5.0,32981.0,6.078,417216215.0
-9.535341262817383,16.39651870727539,-3.004167556762695,15.0,6.0,32982.0,19.204,417216218.0
-3.129604816436768,5.383681297302246,0.7646082639694214,6.0,7.0,32983.0,6.274,417216220.0
-6.641307353973389,11.42925453186035,-1.623055934906006,11.0,8.0,32984.0,13.318,417216222.0
-3.09052586555481,5.318592548370361,0.9742738604545593,5.0,9.0,32984.0,6.228,417216225.0
-5.015551090240479,8.634903907775879,-0.8736491799354553,2.0,10.0,32985.0,10.024,417216227.0
-4.527681350708008,7.798108100891113,1.752771377563477,30.0,11.0,32986.0,9.186,417216229.0
-4.241795063018799,7.308658123016357,-0.4428668618202209,2.0,12.0,32987.0,8.462,417216232.0
-3.063768625259399,5.281028747558594,1.40954327583313,21.0,13.0,32988.0,6.266,417216234.0
-3.89430832862854,6.715332984924316,-0.1355004906654358,7.0,14.0,32989.0,7.764,417216236.0
-3.668179988861084,6.325397491455078,1.959260225296021,3.0,15.0,32989.0,7.57,417216239.0
-1.097319960594177,1.898317694664001,-0.5875192284584045,4.0,0.0,32997.0,2.27,417216259.0
-3.410541296005249,5.902471542358398,0.1189905107021332,14.0,1.0,32998.0,6.818000000000001,417216262.0
-3.270974397659302,5.663210868835449,-1.509871482849121,20.0,2.0,32999.0,6.712,417216264.0
-2.982906341552734,5.166545391082764,0.3126550018787384,3.0,3.0,33000.0,5.974,417216266.0
-4.756965160369873,8.23930549621582,-1.849320769309998,9.0,4.0,33000.0,9.692,417216268.0
-2.970750331878662,5.147565364837646,0.5199711322784424,9.0,5.0,33001.0,5.966,417216271.0
-4.937429904937744,8.558777809143066,-1.564970374107361,4.0,6.0,33002.0,10.004,417216273.0
-3.067160606384277,5.318907737731934,0.7538837790489197,7.0,7.0,33003.0,6.186,417216275.0
-4.872464179992676,8.452978134155273,-1.197975635528564,13.0,8.0,33004.0,9.83,417216278.0
-3.198230743408203,5.550678730010986,1.014633893966675,7.0,9.0,33005.0,6.486,417216280.0
-3.262887716293335,5.66517972946167,1.270787954330444,4.0,11.0,33006.0,6.66,417216285.0
-4.209281921386719,7.311304092407227,-0.4421341717243195,2.0,12.0,33007.0,8.448,417216287.0
-3.053092002868652,5.305203437805176,1.413142561912537,11.0,13.0,33008.0,6.282,417216289.0
-3.827967405319214,6.654351711273193,-0.1339995712041855,7.0,14.0,33009.0,7.678,417216292.0
-3.586228132247925,6.236641883850098,1.927684307098389,4.0,15.0,33010.0,7.448,417216294.0
-1.103179335594177,1.923923134803772,-0.5942485332489014,4.0,0.0,33017.0,2.296,417216315.0
-3.389917135238647,5.914340972900391,0.1189905107021332,14.0,1.0,33018.0,6.818000000000001,417216317.0
-3.255061149597168,5.681357860565186,-1.51167106628418,18.0,2.0,33019.0,6.72,417216319.0
-3.620952844619751,6.322539806365967,0.3818431496620178,11.0,3.0,33020.0,7.296,417216321.0
-9.131447792053223,15.94440746307373,-3.571562767028809,12.0,4.0,33020.0,18.718,417216324.0
-2.954743623733521,5.161362171173096,0.5203197598457336,12.0,5.0,33021.0,5.97,417216326.0
-4.878090858459473,8.524524688720703,-1.555584311485291,3.0,6.0,33022.0,9.944,417216328.0
-2.993379831314087,5.233087539672852,0.740234375,10.0,7.0,33023.0,6.074,417216331.0
-4.840957641601562,8.4664888381958,-1.197488188743591,14.0,8.0,33024.0,9.826,417216333.0
-3.122936487197876,5.461792945861816,0.996487557888031,7.0,9.0,33024.0,6.37,417216335.0
-6.489541053771973,11.35434246063232,-1.144180536270142,18.0,10.0,33025.0,13.128,417216338.0
-3.136937379837036,5.490726470947266,1.229191541671753,12.0,11.0,33026.0,6.442,417216340.0
-4.179773330688477,7.319015026092529,-0.4417154788970947,1.0,12.0,33027.0,8.44,417216342.0
-4.048005104064941,7.091156005859375,1.885089874267578,9.0,13.0,33028.0,8.38,417216345.0
-3.760118007659912,6.589515686035156,-0.1324288547039032,7.0,14.0,33029.0,7.588,417216347.0
-3.632548332214355,6.365952968597412,1.963918924331665,7.0,15.0,33029.0,7.588,417216349.0
-1.131795644760132,1.989893913269043,-0.6134011149406433,4.0,0.0,33037.0,2.37,417216370.0
-3.372216463088989,5.931353092193604,0.1190952211618423,18.0,1.0,33038.0,6.824,417216372.0
-3.237135410308838,5.69607400894165,-1.512570858001709,18.0,2.0,33039.0,6.724,417216374.0
-3.604780197143555,6.345560550689697,0.3824711740016937,11.0,3.0,33040.0,7.308,417216377.0
-9.075736045837402,15.9761848449707,-3.571562767028809,12.0,4.0,33040.0,18.718,417216379.0
-4.678074359893799,8.238247871398926,0.8288511037826538,13.0,5.0,33041.0,9.51,417216381.0
-4.716663360595703,8.309581756591797,-1.513347029685974,7.0,6.0,33042.0,9.674,417216384.0
-2.963339328765869,5.222785949707031,0.7373095154762268,16.0,7.0,33043.0,6.05,417216386.0
-4.920078277587891,8.675000190734863,-1.224543213844299,31.0,8.0,33044.0,10.048,417216388.0
-3.046392202377319,5.373533248901367,0.9783411622047424,7.0,9.0,33045.0,6.254,417216391.0
-6.453798294067383,11.3838586807251,-1.144877791404724,20.0,10.0,33045.0,13.136,417216393.0
-3.061611175537109,5.402575492858887,1.20705771446228,7.0,11.0,33046.0,6.326000000000001,417216395.0
-4.119745254516602,7.272737503051758,-0.4380519390106201,1.0,12.0,33047.0,8.370000000000001,417216397.0
-4.023227691650391,7.105242729187012,1.885089874267578,15.0,13.0,33048.0,8.38,417216400.0
-3.678978204727173,6.499924659729004,-0.1303694695234299,7.0,14.0,33049.0,7.47,417216402.0
-3.650096893310547,6.451524257659912,1.986177325248718,10.0,15.0,33050.0,7.674,417216404.0
-1.145725846290588,2.030848741531372,-0.6247891783714294,4.0,0.0,33057.0,2.414,417216425.0
-3.360332250595093,5.958764553070068,0.119409367442131,14.0,1.0,33058.0,6.842000000000001,417216427.0
-3.222974300384521,5.717524528503418,-1.515270352363586,18.0,2.0,33059.0,6.736,417216430.0
-3.601236820220947,6.391165733337402,0.3844599425792694,9.0,3.0,33060.0,7.346,417216432.0
-4.615489482879639,8.191174507141113,-1.827568531036377,5.0,4.0,33060.0,9.578,417216434.0
-4.641467094421387,8.240639686584473,0.8274565935134888,20.0,5.0,33061.0,9.494,417216437.0
-4.7002272605896,8.348372459411621,-1.517414331436157,7.0,6.0,33062.0,9.700000000000001,417216439.0
-2.949958324432373,5.241747856140137,0.7385281920433044,15.0,7.0,33063.0,6.06,417216441.0
-2.973350524902344,5.28547191619873,0.9605076313018799,15.0,9.0,33064.0,6.140000000000001,417216446.0
-6.420857429504395,11.4184741973877,-1.146098017692566,18.0,10.0,33065.0,13.15,417216448.0
-3.031190395355225,5.392692565917969,1.202478289604187,10.0,11.0,33066.0,6.302,417216450.0
-4.039546966552734,7.189564228057861,-0.432190328836441,1.0,12.0,33067.0,8.258000000000001,417216453.0
-4.0881028175354,7.278958797454834,1.927380681037903,22.0,13.0,33068.0,8.568,417216455.0
-3.550543546676636,6.324407577514648,-0.1265997588634491,7.0,14.0,33069.0,7.254,417216457.0
-3.613551378250122,6.43664026260376,1.977895140647888,7.0,15.0,33069.0,7.642,417216460.0
-1.163157105445862,2.078668117523193,-0.6382477879524231,4.0,0.0,33077.0,2.466,417216480.0
-3.335607051849365,5.96347713470459,0.1192697435617447,18.0,1.0,33078.0,6.834000000000001,417216483.0
-3.20870304107666,5.738945484161377,-1.517969727516174,18.0,2.0,33079.0,6.748,417216485.0
-3.586700677871704,6.41764497756958,0.3852972984313965,11.0,3.0,33080.0,7.362,417216487.0
-4.576333045959473,8.188384056091309,-1.823370814323425,13.0,4.0,33080.0,9.556000000000001,417216490.0
-4.603928089141846,8.24113655090332,0.8258877992630005,16.0,5.0,33081.0,9.476,417216492.0
-10.47857856750488,18.76458549499512,-3.404013872146606,22.0,6.0,33082.0,21.76,417216494.0
-4.511634349822998,8.08255386352539,1.136553525924683,31.0,7.0,33083.0,9.326,417216497.0
-18.29624557495117,32.79101181030273,-4.610560894012451,3.0,8.0,33084.0,37.832,417216499.0
-2.957807302474976,5.303235054016113,0.961759090423584,19.0,9.0,33085.0,6.148,417216501.0
-6.380960464477539,11.44081687927246,-1.146098017692566,19.0,10.0,33085.0,13.15,417216503.0
-3.005656003952026,5.391237258911133,1.199806928634644,7.0,11.0,33086.0,6.288,417216506.0
-3.909422874450684,7.015200138092041,-0.4208857715129852,3.0,12.0,33087.0,8.042,417216508.0
-3.496342182159424,6.279108047485352,-0.1254478991031647,7.0,14.0,33089.0,7.188,417216513.0
-3.576782464981079,6.426209449768066,1.970648169517517,7.0,15.0,33090.0,7.614,417216515.0
-1.178763866424561,2.12304949760437,-0.6506710648536682,4.0,0.0,33096.0,2.514,417216536.0
-3.315813064575195,5.974505424499512,0.1192697435617447,14.0,1.0,33097.0,6.834000000000001,417216538.0
-3.189654350280762,5.749554634094238,-1.517969727516174,20.0,2.0,33098.0,6.748,417216540.0
-3.559587717056274,6.419023513793945,0.3846692740917206,9.0,3.0,33099.0,7.350000000000001,417216543.0
-4.556771278381348,8.217249870300293,-1.826423645019531,7.0,4.0,33099.0,9.572000000000001,417216545.0
-4.577539920806885,8.258100509643555,0.8260621428489685,20.0,5.0,33100.0,9.478,417216547.0
-10.42203903198242,18.80959892272949,-3.405891180038452,38.0,6.0,33101.0,21.772,417216550.0
-4.479036331176758,8.087051391601562,1.135091066360474,29.0,7.0,33102.0,9.314,417216552.0
-18.21240425109863,32.89665603637695,-4.616898059844971,6.0,8.0,33103.0,37.884,417216554.0
-4.449969291687012,8.037879943847656,1.455153346061707,100.0,9.0,33103.0,9.302,417216556.0
-6.350704193115234,11.47586059570312,-1.147492527961731,18.0,10.0,33104.0,13.166,417216559.0
-2.959252119064331,5.349637031555176,1.188358426094055,18.0,11.0,33105.0,6.228,417216561.0
-3.881305694580078,7.019386291503906,-0.4203624129295349,8.0,12.0,33106.0,8.032,417216563.0
-3.044872283935547,5.508957386016846,1.453183770179749,6.0,13.0,33107.0,6.46,417216566.0
-3.474533796310425,6.288917541503906,-0.1254129856824875,7.0,14.0,33108.0,7.186,417216568.0
-3.56218147277832,6.44756031036377,1.973754048347473,7.0,15.0,33108.0,7.626,417216570.0
-1.201165318489075,2.181303024291992,-0.6672354936599731,3.0,0.0,33116.0,2.578,417216591.0
-3.304580688476562,6.003561973571777,0.11961879581213,14.0,1.0,33117.0,6.854,417216593.0
-3.167686223983765,5.757238864898682,-1.517069935798645,20.0,2.0,33118.0,6.744,417216596.0
-3.53042197227478,6.419159412384033,0.3839365839958191,7.0,3.0,33119.0,7.336,417216598.0
-8.847030639648438,16.08603668212891,-3.568509817123413,14.0,4.0,33119.0,18.702,417216600.0
-4.548686027526855,8.274029731750488,0.8260621428489685,24.0,5.0,33120.0,9.478,417216603.0
-10.36583137512207,18.86317443847656,-3.409019947052002,56.0,6.0,33121.0,21.792,417216605.0
-4.449824333190918,8.100896835327148,1.134847283363342,23.0,7.0,33122.0,9.312,417216607.0
-18.11274909973145,32.98786926269531,-4.620798110961914,3.0,8.0,33123.0,37.916,417216609.0
-4.40812349319458,8.031622886657715,1.451086044311523,57.0,9.0,33124.0,9.276,417216612.0
-6.316359043121338,11.50843811035156,-1.14853835105896,18.0,10.0,33124.0,13.178,417216614.0
-2.955669403076172,5.387473583221436,1.194464325904846,14.0,11.0,33125.0,6.26,417216616.0
-3.852938413619995,7.025887012481689,-0.4199437201023102,13.0,12.0,33126.0,8.024000000000001,417216619.0
-3.961412906646729,7.226683139801025,1.902636051177979,7.0,13.0,33127.0,8.458,417216621.0
-3.440068244934082,6.278209686279297,-0.1249592304229736,7.0,14.0,33128.0,7.16,417216623.0
-3.532958030700684,6.450407028198242,1.970648169517517,7.0,15.0,33129.0,7.614,417216626.0
-1.223708748817444,2.241647243499756,-0.6843175292015076,3.0,0.0,33137.0,2.644,417216646.0
-3.275849342346191,6.003345966339111,0.1193744614720345,10.0,1.0,33138.0,6.84,417216649.0
-3.15402889251709,5.782496452331543,-1.520669102668762,20.0,2.0,33139.0,6.76,417216651.0
-4.672322273254395,8.569644927978516,0.51153165102005,15.0,3.0,33140.0,9.774000000000001,417216653.0
-8.788012504577637,16.11835479736328,-3.568509817123413,15.0,4.0,33140.0,18.702,417216656.0
-4.523097038269043,8.299392700195312,0.8269336819648743,19.0,5.0,33141.0,9.488,417216658.0
-10.30890941619873,18.92359161376953,-3.413087129592896,72.0,6.0,33142.0,21.818,417216660.0
-4.418204307556152,8.113665580749512,1.134359836578369,25.0,7.0,33143.0,9.308,417216662.0
-17.99931335449219,33.06798553466797,-4.622747898101807,2.0,8.0,33144.0,37.932,417216665.0
-4.378171920776367,8.04349136352539,1.450460314750671,72.0,9.0,33144.0,9.272,417216667.0
-6.282705783843994,11.54726314544678,-1.150107145309448,18.0,10.0,33145.0,13.196,417216669.0
-4.267846584320068,7.847326278686523,1.736361861228943,9.0,11.0,33146.0,9.1,417216672.0
-3.824299573898315,7.034697532653809,-0.419629693031311,20.0,12.0,33147.0,8.018,417216674.0
-3.909776926040649,7.194922924041748,1.890488624572754,18.0,13.0,33148.0,8.404,417216676.0
-3.403671741485596,6.266175270080566,-0.1244705617427826,7.0,14.0,33149.0,7.132000000000001,417216679.0
-3.512264490127563,6.466094970703125,1.971683502197266,7.0,15.0,33149.0,7.618,417216681.0
-1.244387984275818,2.298570156097412,-0.700364351272583,3.0,0.0,33157.0,2.706,417216702.0
-3.256777286529541,6.018261432647705,0.119444265961647,10.0,1.0,33158.0,6.844,417216704.0
-3.139388084411621,5.803755283355713,-1.52336859703064,20.0,2.0,33159.0,6.772,417216706.0
-3.459698915481567,6.398579120635986,0.3812150955200195,7.0,3.0,33160.0,7.284,417216709.0
-4.487467765808105,8.302861213684082,0.8257135152816772,19.0,5.0,33161.0,9.474,417216713.0
-10.25969219207764,18.99074554443359,-3.418718814849854,63.0,6.0,33162.0,21.854,417216715.0
-4.393628120422363,8.136024475097656,1.135334849357605,38.0,7.0,33163.0,9.316,417216718.0
-17.88188934326172,33.12711715698242,-4.622260570526123,1.0,8.0,33164.0,37.928,417216720.0
-4.348191738128662,8.055248260498047,1.449834585189819,89.0,9.0,33164.0,9.268,417216722.0
-6.24425220489502,11.57262992858887,-1.150455832481384,18.0,10.0,33165.0,13.2,417216725.0
-4.246020317077637,7.872543811798096,1.738651514053345,8.0,11.0,33166.0,9.112,417216727.0
-3.805407524108887,7.058552265167236,-0.4202577173709869,16.0,12.0,33167.0,8.03,417216729.0
-3.892958402633667,7.223966121673584,1.894537806510925,30.0,13.0,33168.0,8.422,417216732.0
-3.371346235275269,6.258652210235596,-0.1240866109728813,8.0,14.0,33169.0,7.11,417216734.0
-3.487839937210083,6.474914073944092,1.970648169517517,14.0,15.0,33169.0,7.614,417216736.0
-1.248641967773438,2.324808835983276,-0.7070936560630798,4.0,0.0,33176.0,2.732,417216757.0
-3.23774790763855,6.030789852142334,0.1194791719317436,14.0,1.0,33177.0,6.846,417216759.0
-3.121967792510986,5.817568302154541,-1.524268388748169,18.0,2.0,33178.0,6.776,417216762.0
-3.438461303710938,6.410016536712646,0.3812150955200195,16.0,3.0,33179.0,7.284,417216764.0
-6.775615215301514,12.63117504119873,-2.786192893981934,3.0,4.0,33179.0,14.602,417216766.0
-4.455202102661133,8.308917045593262,0.8248419761657715,15.0,5.0,33180.0,9.464,417216768.0
-18.25638008117676,34.06227874755859,-6.120967864990234,4.0,6.0,33181.0,39.128,417216771.0
-4.369436264038086,8.15579891204834,1.13606595993042,29.0,7.0,33182.0,9.322000000000001,417216773.0
-17.81785774230957,33.2719841003418,-4.634203433990479,0.0,8.0,33183.0,38.026,417216775.0
-4.307928085327148,8.047737121582031,1.445767283439636,75.0,9.0,33184.0,9.242,417216778.0
-6.219005584716797,11.61786460876465,-1.152896165847778,16.0,10.0,33184.0,13.228,417216780.0
-4.213407039642334,7.874463558197021,1.735980272293091,15.0,11.0,33185.0,9.098,417216782.0
-3.785747289657593,7.078176975250244,-0.4206764101982117,17.0,12.0,33186.0,8.038,417216785.0
-3.881844282150269,7.260895729064941,1.90083646774292,40.0,13.0,33187.0,8.45,417216787.0
-3.36659574508667,6.299779891967773,-0.1246799901127815,10.0,14.0,33188.0,7.144,417216789.0
-3.459064960479736,6.472814083099365,1.966507077217102,14.0,15.0,33188.0,7.598,417216791.0
-1.29773211479187,2.43657398223877,-0.7397048473358154,3.0,0.0,33196.0,2.858,417216812.0
-3.233591794967651,6.073827743530273,0.120107464492321,14.0,1.0,33197.0,6.882000000000001,417216815.0
-3.108049869537354,5.84047269821167,-1.527417659759521,16.0,2.0,33198.0,6.79,417216817.0
-4.580078601837158,8.610249519348145,0.5111129283905029,10.0,3.0,33199.0,9.766,417216819.0
-6.683538913726807,12.56461811065674,-2.766348838806152,3.0,4.0,33199.0,14.498,417216821.0
-3.439356088638306,6.468488216400146,0.6409433484077454,14.0,5.0,33200.0,7.354,417216824.0
-4.335352897644043,8.160483360290527,1.1346036195755,21.0,7.0,33202.0,9.31,417216828.0
-18.28256797790527,34.42798614501953,-4.786296367645264,2.0,8.0,33203.0,39.274,417216831.0
-4.282588481903076,8.067960739135742,1.446705937385559,78.0,9.0,33204.0,9.248,417216833.0
-6.187755107879639,11.65710067749023,-1.15463924407959,30.0,10.0,33204.0,13.248,417216835.0
-4.184053897857666,7.885654926300049,1.735216975212097,16.0,11.0,33205.0,9.094,417216838.0
-3.758209466934204,7.086055278778076,-0.4203624129295349,16.0,12.0,33206.0,8.032,417216840.0
-3.877469301223755,7.31400203704834,1.911184191703796,25.0,13.0,33207.0,8.496,417216842.0
-3.361438751220703,6.343297958374023,-0.1253082752227783,10.0,14.0,33208.0,7.18,417216844.0
-3.438934803009033,6.492277145385742,1.96857762336731,12.0,15.0,33209.0,7.606,417216847.0
-1.320795297622681,2.500877618789673,-0.7578221559524536,3.0,0.0,33216.0,2.928,417216868.0
-3.284254550933838,6.221244812011719,0.1227951347827911,10.0,1.0,33217.0,7.036,417216870.0
-3.079458713531494,5.835774898529053,-1.52336859703064,13.0,2.0,33218.0,6.772,417216872.0
-4.54440450668335,8.615585327148438,0.5104849338531494,24.0,3.0,33219.0,9.754,417216874.0
-5.112769603729248,9.693129539489746,-2.130191564559937,11.0,4.0,33219.0,11.164,417216877.0
-3.418614387512207,6.483979225158691,0.6412919759750366,15.0,5.0,33220.0,7.358000000000001,417216879.0
-6.463468074798584,12.26424598693848,-2.195714235305786,5.0,6.0,33221.0,14.036,417216881.0
-3.439921617507935,6.529915809631348,0.9062204360961914,8.0,7.0,33222.0,7.436,417216884.0
-6.088623046875,11.56277179718018,-1.604531764984131,7.0,8.0,33223.0,13.166,417216886.0
-4.258080005645752,8.089852333068848,1.447957396507263,78.0,9.0,33224.0,9.256,417216888.0
-6.149810791015625,11.68391799926758,-1.155162215232849,18.0,10.0,33224.0,13.254,417216891.0
-4.155588150024414,7.898474216461182,1.734835386276245,17.0,11.0,33225.0,9.092,417216893.0
-3.729732990264893,7.092060089111328,-0.4199437201023102,16.0,12.0,33226.0,8.024000000000001,417216895.0
-3.85735559463501,7.337841987609863,1.913883566856384,27.0,13.0,33227.0,8.508000000000001,417216897.0
-3.363460302352905,6.401017665863037,-0.1262158006429672,14.0,14.0,33228.0,7.232,417216900.0
-3.420981168746948,6.510486125946045,1.970648169517517,12.0,15.0,33228.0,7.614,417216902.0
-1.339840292930603,2.558526039123535,-0.7738689184188843,4.0,0.0,33236.0,2.99,417216923.0
-3.255099296569824,6.218498229980469,0.122515894472599,10.0,1.0,33237.0,7.02,417216925.0
-3.050938367843628,5.830948352813721,-1.519319415092468,12.0,2.0,33238.0,6.754,417216927.0
-4.506897926330566,8.617237091064453,0.5096475481987,24.0,3.0,33239.0,9.738,417216930.0
-5.054337024688721,9.663946151733398,-2.119887828826904,21.0,4.0,33239.0,11.11,417216932.0
-4.36794900894165,8.35511589050293,0.8248419761657715,19.0,5.0,33240.0,9.464,417216934.0
-5.135213851928711,9.826934814453125,-1.756133317947388,6.0,6.0,33241.0,11.226,417216937.0
-3.415268898010254,6.538364410400391,0.9057329893112183,16.0,7.0,33242.0,7.432,417216939.0
-6.041792869567871,11.57163715362549,-1.60282564163208,13.0,8.0,33243.0,13.152,417216941.0
-4.224331378936768,8.094159126281738,1.446080207824707,81.0,9.0,33244.0,9.244,417216944.0
-6.117285251617432,11.72121047973633,-1.156731009483337,16.0,10.0,33244.0,13.272,417216946.0
-4.095302581787109,7.850268840789795,1.721097111701965,16.0,11.0,33245.0,9.02,417216948.0
-3.709571599960327,7.113890647888184,-0.4204670786857605,15.0,12.0,33246.0,8.034,417216950.0
-3.79568886756897,7.282138347625732,1.895887494087219,18.0,13.0,33247.0,8.428,417216953.0
-3.354031801223755,6.43754768371582,-0.1267044693231583,15.0,14.0,33248.0,7.26,417216955.0
-3.408053398132324,6.541234016418457,1.97634220123291,14.0,15.0,33248.0,7.636,417216957.0
-1.359388709068298,2.618051528930664,-0.7904333472251892,4.0,0.0,33256.0,3.054,417216979.0
-3.242584705352783,6.247571468353271,0.1228649392724037,10.0,1.0,33257.0,7.04,417216981.0
-3.030565977096558,5.841562747955322,-1.519319415092468,11.0,2.0,33258.0,6.754,417216984.0
-4.47553825378418,8.626816749572754,0.5093335509300232,21.0,3.0,33258.0,9.732,417216986.0
-5.037744522094727,9.714644432067871,-2.127138614654541,27.0,4.0,33259.0,11.148,417216988.0
-4.335089683532715,8.363236427307129,0.824144721031189,20.0,5.0,33260.0,9.456,417216991.0
-4.2478346824646,8.201909065246582,1.134116053581238,19.0,7.0,33262.0,9.306000000000001,417216995.0
-5.995888233184814,11.58207893371582,-1.601363182067871,14.0,8.0,33263.0,13.14,417216997.0
-4.192926406860352,8.09935188293457,1.444515824317932,75.0,9.0,33263.0,9.234,417217000.0
-6.074501991271973,11.73895359039307,-1.156382441520691,18.0,10.0,33264.0,13.268,417217002.0
-4.024580478668213,7.780814170837402,1.702779531478882,7.0,11.0,33265.0,8.924,417217004.0
-3.681047916412354,7.119699478149414,-0.4200483858585358,12.0,12.0,33266.0,8.026,417217007.0
-3.60025429725647,6.966412544250488,1.810406088829041,9.0,13.0,33267.0,8.048,417217009.0
-3.326951026916504,6.440332889556885,-0.1265299469232559,15.0,14.0,33268.0,7.25,417217011.0
-3.391406059265137,6.565104961395264,1.979965686798096,14.0,15.0,33268.0,7.65,417217014.0
-1.372347831726074,2.665720701217651,-0.8033742904663086,3.0,0.0,33276.0,3.104,417217034.0
-3.229906797409058,6.276632785797119,0.123213991522789,10.0,1.0,33277.0,7.06,417217037.0
-3.01372218132019,5.859037399291992,-1.521118998527527,8.0,2.0,33278.0,6.762,417217039.0
-4.442062854766846,8.639609336853027,0.5091241598129272,18.0,3.0,33279.0,9.728,417217041.0
-6.579274654388428,12.79638957977295,-2.796878337860107,9.0,4.0,33279.0,14.658,417217044.0
-4.304959774017334,8.376544952392578,0.823970377445221,24.0,5.0,33280.0,9.454,417217046.0
-5.045723438262939,9.82213306427002,-1.748937368392944,17.0,6.0,33281.0,11.18,417217048.0
-4.219178676605225,8.216687202453613,1.134116053581238,15.0,7.0,33282.0,9.306000000000001,417217050.0
-5.946357727050781,11.58527755737305,-1.598925828933716,15.0,8.0,33283.0,13.12,417217053.0
-4.167721271514893,8.123453140258789,1.446080207824707,81.0,9.0,33284.0,9.244,417217055.0
-6.046221256256104,11.78490352630615,-1.158822774887085,19.0,10.0,33284.0,13.296,417217057.0
-4.034126758575439,7.866439342498779,1.718425869941711,21.0,11.0,33285.0,9.006,417217060.0
-3.659817457199097,7.139615058898926,-0.4204670786857605,11.0,12.0,33286.0,8.034,417217062.0
-3.572360277175903,6.972000122070312,1.808606505393982,9.0,13.0,33287.0,8.040000000000001,417217064.0
-3.309919357299805,6.462585926055908,-0.1267393827438354,15.0,14.0,33288.0,7.262,417217067.0
-3.373483180999756,6.58952808380127,1.983589172363281,15.0,15.0,33289.0,7.664000000000001,417217069.0
-1.404311776161194,2.751366853713989,-0.8277032971382141,4.0,0.0,33296.0,3.198,417217090.0
-3.206160068511963,6.284306526184082,0.1231441795825958,24.0,1.0,33297.0,7.056,417217092.0
-2.995907783508301,5.874729633331299,-1.522468686103821,5.0,2.0,33298.0,6.768,417217094.0
-4.417017459869385,8.661409378051758,0.5095428824424744,25.0,3.0,33298.0,9.736,417217097.0
-15.70114898681641,30.80194854736328,-6.720293045043945,7.0,4.0,33299.0,35.22,417217099.0
-4.281120777130127,8.402173042297363,0.8250162601470947,20.0,5.0,33300.0,9.466000000000001,417217101.0
-3.376332759857178,6.632148265838623,0.9137763381004333,7.0,7.0,33302.0,7.498,417217106.0
-5.857265949249268,11.51042747497559,-1.585763931274414,7.0,8.0,33303.0,13.012,417217108.0
-4.141130924224854,8.141472816467285,1.446705937385559,89.0,9.0,33304.0,9.248,417217110.0
-5.999627590179443,11.7952823638916,-1.157776832580566,14.0,10.0,33304.0,13.284,417217113.0
-3.955036401748657,7.778970241546631,1.696291923522949,10.0,11.0,33305.0,8.89,417217115.0
-3.642112255096436,7.166590690612793,-0.4213044345378876,10.0,12.0,33306.0,8.05,417217117.0
-3.551532030105591,6.991376876831055,1.810406088829041,10.0,13.0,33307.0,8.048,417217120.0
-3.294583320617676,6.488364219665527,-0.127018615603447,15.0,14.0,33308.0,7.278,417217122.0
-3.348989248275757,6.595511436462402,1.982036232948303,14.0,15.0,33308.0,7.658,417217124.0
-1.437438607215881,2.840715169906616,-0.8530675768852234,4.0,0.0,33316.0,3.296,417217145.0
-3.16795825958252,6.263339996337891,0.122515894472599,7.0,1.0,33317.0,7.02,417217147.0
-4.604633808135986,9.1077241897583,-2.356137275695801,6.0,2.0,33318.0,10.474,417217149.0
-4.381350040435791,8.666080474853516,0.5089148283004761,25.0,3.0,33318.0,9.724,417217152.0
-6.486237049102783,12.83500003814697,-2.79535174369812,11.0,4.0,33319.0,14.65,417217154.0
-4.249070644378662,8.411730766296387,0.8244933485984802,20.0,5.0,33320.0,9.46,417217156.0
-6.316109180450439,12.50919532775879,-2.219492197036743,3.0,6.0,33321.0,14.188,417217159.0
-3.354950666427612,6.647438049316406,0.9142637848854065,11.0,7.0,33322.0,7.502,417217161.0
-5.417386054992676,10.73856925964355,-1.476812720298767,5.0,8.0,33323.0,12.118,417217163.0
-4.112686634063721,8.155879020690918,1.446705937385559,70.0,9.0,33324.0,9.248,417217166.0
-5.944961547851562,11.78946781158447,-1.155162215232849,18.0,10.0,33324.0,13.254,417217168.0
-4.018875122070312,7.973302364349365,1.735598564147949,19.0,11.0,33325.0,9.096,417217170.0
-3.617073774337769,7.17926025390625,-0.4213044345378876,11.0,12.0,33326.0,8.05,417217173.0
-3.516587734222412,6.982845783233643,1.805007219314575,9.0,13.0,33327.0,8.024000000000001,417217175.0
-3.279107570648193,6.514114379882812,-0.1272978484630585,15.0,14.0,33328.0,7.294,417217177.0
-3.338106870651245,6.631319046020508,1.989283204078674,14.0,15.0,33328.0,7.686,417217179.0
-1.453139305114746,2.895538091659546,-0.8680790662765503,4.0,0.0,33335.0,3.354,417217200.0
-3.145377397537231,6.270236492156982,0.1224460825324059,14.0,1.0,33336.0,7.016,417217202.0
-4.525491237640381,9.025390625,-2.330942869186401,7.0,2.0,33337.0,10.362,417217205.0
-4.247262954711914,8.474198341369629,0.4967728853225708,9.0,3.0,33338.0,9.492,417217207.0
-6.404053688049316,12.77745723724365,-2.778178930282593,5.0,4.0,33338.0,14.56,417217209.0
-4.222045421600342,8.427556037902832,0.8246676325798035,23.0,5.0,33339.0,9.462,417217212.0
-6.240097045898438,12.46118640899658,-2.207290410995483,2.0,6.0,33340.0,14.11,417217214.0
-3.33288836479187,6.65852689743042,0.9142637848854065,13.0,7.0,33341.0,7.502,417217216.0
-5.386187076568604,10.76535129547119,-1.478031396865845,13.0,8.0,33342.0,12.128,417217219.0
-4.085276126861572,8.165225982666016,1.446080207824707,70.0,9.0,33342.0,9.244,417217221.0
-4.30438756942749,8.606916427612305,-0.8419244885444641,11.0,10.0,33343.0,9.66,417217223.0
-3.992412805557251,7.98658561706543,1.735598564147949,15.0,11.0,33344.0,9.096,417217226.0
-3.624492406845093,7.253747940063477,-0.4249679744243622,10.0,12.0,33345.0,8.120000000000001,417217228.0
-3.486446619033813,6.980521678924561,1.801408052444458,12.0,13.0,33346.0,8.008000000000001,417217230.0
-3.251235723495483,6.512428283691406,-0.127053514122963,14.0,14.0,33347.0,7.28,417217232.0
-3.31493878364563,6.64293098449707,1.989283204078674,14.0,15.0,33348.0,7.686,417217235.0
-1.497233271598816,3.009559631347656,-0.9006902575492859,3.0,0.0,33355.0,3.48,417217255.0
-3.137717247009277,6.309825897216797,0.1230045631527901,10.0,1.0,33356.0,7.048,417217258.0
-4.45405912399292,8.960860252380371,-2.310247421264648,8.0,2.0,33357.0,10.27,417217260.0
-4.282256126403809,8.615220069885254,0.5042046308517456,12.0,3.0,33357.0,9.634,417217262.0
-6.140152931213379,12.35842418670654,-2.682392835617065,3.0,4.0,33358.0,14.058,417217265.0
-4.193488121032715,8.444026947021484,0.8248419761657715,20.0,5.0,33359.0,9.464,417217267.0
-6.22291088104248,12.53597354888916,-2.216676473617554,2.0,6.0,33360.0,14.17,417217269.0
-3.314919471740723,6.680789470672607,0.9157262444496155,15.0,7.0,33361.0,7.514,417217272.0
-5.35386848449707,10.79475784301758,-1.479493856430054,14.0,8.0,33362.0,12.14,417217274.0
-4.053566932678223,8.176604270935059,1.445454478263855,67.0,9.0,33363.0,9.24,417217276.0
-5.914133548736572,11.92962455749512,-1.164923667907715,10.0,10.0,33363.0,13.366,417217279.0
-3.967996835708618,8.0075101852417,1.737125039100647,13.0,11.0,33364.0,9.104000000000001,417217281.0
-3.624858140945435,7.318257808685303,-0.4280034601688385,12.0,12.0,33365.0,8.178,417217283.0
-3.467246770858765,7.003127574920654,1.804107427597046,16.0,13.0,33366.0,8.02,417217285.0
-3.120275974273682,6.305084705352783,-0.1227951347827911,14.0,14.0,33367.0,7.036,417217288.0
-3.297726392745972,6.666582584381104,1.99290668964386,14.0,15.0,33368.0,7.7,417217290.0
-1.541948318481445,3.125386476516724,-0.9338191151618958,3.0,0.0,33374.0,3.608,417217311.0
-3.139771461486816,6.36682653427124,0.123912088572979,10.0,1.0,33375.0,7.100000000000001,417217313.0
-4.38468599319458,8.895176887512207,-2.289551734924316,6.0,2.0,33376.0,10.178,417217315.0
-4.285453319549561,8.693864822387695,0.507972776889801,15.0,3.0,33376.0,9.706,417217318.0
-6.032323360443115,12.24311351776123,-2.653008222579956,3.0,4.0,33377.0,13.904,417217320.0
-4.16282320022583,8.452524185180664,0.8243190050125122,15.0,5.0,33378.0,9.458,417217322.0
-6.16996431350708,12.53350067138672,-2.212609052658081,3.0,6.0,33379.0,14.144,417217325.0
-3.298882007598877,6.704213619232178,0.917432427406311,10.0,7.0,33380.0,7.528,417217327.0
-5.328555583953857,10.83382797241211,-1.482418656349182,14.0,8.0,33381.0,12.164,417217329.0
-4.033090114593506,8.199934005737305,1.447331666946411,67.0,9.0,33381.0,9.252,417217332.0
-5.876298904418945,11.95274639129639,-1.165272235870361,10.0,10.0,33382.0,13.37,417217334.0
-3.938823699951172,8.015337944030762,1.735980272293091,7.0,11.0,33383.0,9.098,417217336.0
-3.616420030593872,7.36250638961792,-0.4298875331878662,16.0,12.0,33384.0,8.214,417217338.0
-3.447439908981323,7.021584033966064,1.805907011032104,21.0,13.0,33385.0,8.028,417217341.0
-3.040323495864868,6.195121288299561,-0.1204565092921257,7.0,14.0,33386.0,6.902,417217343.0
-3.320693731307983,6.769405364990234,2.020341396331787,24.0,15.0,33387.0,7.806,417217345.0
-1.564128041267395,3.198432445526123,-0.9540070295333862,3.0,0.0,33394.0,3.686,417217366.0
-3.120162487030029,6.383137226104736,0.1240167990326881,10.0,1.0,33395.0,7.106,417217368.0
-4.300568580627441,8.801871299743652,-2.261657953262329,5.0,2.0,33396.0,10.054,417217371.0
-4.262094497680664,8.723127365112305,0.5088101625442505,18.0,3.0,33396.0,9.722,417217373.0
-6.159277439117432,12.61162567138672,-2.728187084197998,5.0,4.0,33397.0,14.298,417217375.0
-4.13067102432251,8.46163272857666,0.8237960934638977,16.0,5.0,33398.0,9.452,417217378.0
-17.18049430847168,35.20963668823242,-6.205129623413086,0.0,6.0,33399.0,39.666,417217380.0
-3.279810905456543,6.724608898162842,0.9186511039733887,3.0,7.0,33400.0,7.538,417217382.0
-5.306364059448242,10.88448047637939,-1.486806035041809,14.0,8.0,33401.0,12.2,417217385.0
-4.010501861572266,8.226391792297363,1.449521780014038,72.0,9.0,33401.0,9.266,417217387.0
-4.214658737182617,8.648992538452148,-0.8417501449584961,11.0,10.0,33402.0,9.658,417217389.0
-3.898784875869751,8.004327774047852,1.730637550354004,11.0,11.0,33403.0,9.07,417217391.0
-3.606435060501099,7.407408237457275,-0.4317716360092163,15.0,12.0,33404.0,8.25,417217394.0
-3.435700178146362,7.059858798980713,1.812655568122864,16.0,13.0,33405.0,8.058,417217396.0
-3.021304130554199,6.211091041564941,-0.1205612272024155,7.0,14.0,33406.0,6.908,417217398.0
-3.367157697677612,6.925157070159912,2.063305377960205,30.0,15.0,33407.0,7.972,417217401.0
-1.634941935539246,3.374521493911743,-1.004735589027405,3.0,0.0,33415.0,3.882,417217421.0
-3.101104021072388,6.403529167175293,0.1241913214325905,10.0,1.0,33416.0,7.116000000000001,417217424.0
-4.117993354797363,8.507108688354492,-2.182025194168091,8.0,2.0,33417.0,9.700000000000001,417217426.0
-4.224872589111328,8.727903366088867,0.5081821084022522,13.0,3.0,33417.0,9.71,417217428.0
-5.933444023132324,12.2629919052124,-2.648047208786011,3.0,4.0,33418.0,13.878,417217431.0
-4.096159934997559,8.4695405960083,0.8230988383293152,20.0,5.0,33419.0,9.444,417217433.0
-17.06766510009766,35.30615997314453,-6.211073875427246,2.0,6.0,33420.0,39.704,417217435.0
-5.231901168823242,10.83235549926758,-1.477056384086609,12.0,8.0,33422.0,12.12,417217440.0
-3.977746486663818,8.235698699951172,1.448583126068115,67.0,9.0,33422.0,9.26,417217442.0
-4.190726280212402,8.680529594421387,-0.8433189392089844,26.0,10.0,33423.0,9.676,417217444.0
-3.873687744140625,8.02740478515625,1.732545733451843,7.0,11.0,33424.0,9.08,417217447.0
-3.589673757553101,7.442163944244385,-0.4330277144908905,15.0,12.0,33425.0,8.274000000000001,417217449.0
-3.411494016647339,7.075914859771729,1.813555359840393,18.0,13.0,33426.0,8.062,417217451.0
-2.995914697647095,6.216718673706055,-0.1204565092921257,7.0,14.0,33427.0,6.902,417217454.0
-3.34715723991394,6.94556999206543,2.065893650054932,30.0,15.0,33427.0,7.982,417217456.0
-1.73186469078064,3.606600046157837,-1.072028517723083,3.0,0.0,33435.0,4.142,417217477.0
-3.079597949981689,6.416117668151855,0.1242262274026871,10.0,1.0,33436.0,7.118,417217479.0
-4.089116096496582,8.523188591003418,-2.182475090026855,10.0,2.0,33437.0,9.702,417217481.0
-4.184877872467041,8.722789764404297,0.507030725479126,13.0,3.0,33437.0,9.688,417217484.0
-6.020485401153564,12.55447387695312,-2.706434726715088,12.0,4.0,33438.0,14.184,417217486.0
-4.057958602905273,8.465821266174316,0.8213557004928589,13.0,5.0,33439.0,9.424,417217488.0
-16.96651077270508,35.41184234619141,-6.219208717346191,1.0,6.0,33440.0,39.756,417217490.0
-4.420948505401611,9.235502243041992,-1.257204174995422,3.0,8.0,33442.0,10.316,417217495.0
-3.947268486022949,8.245970726013184,1.447957396507263,67.0,9.0,33442.0,9.256,417217497.0
-4.155240535736084,8.684322357177734,-0.8422731161117554,23.0,10.0,33443.0,9.664,417217500.0
-3.851572513580322,8.053275108337402,1.735216975212097,6.0,11.0,33444.0,9.094,417217502.0
-3.571426630020142,7.470866680145264,-0.4339697360992432,15.0,12.0,33445.0,8.292,417217504.0
-3.387613773345947,7.089538097381592,1.814005255699158,15.0,13.0,33446.0,8.064,417217507.0
-2.97850513458252,6.236160755157471,-0.120631031692028,9.0,14.0,33447.0,6.912,417217509.0
-3.320013523101807,6.954304695129395,2.064858436584473,30.0,15.0,33448.0,7.978,417217511.0
-1.761418581008911,3.699535369873047,-1.097910404205322,3.0,0.0,33454.0,4.242,417217532.0
-3.066897630691528,6.444351196289062,0.1245752796530724,6.0,1.0,33455.0,7.138,417217534.0
-4.084269046783447,8.58597469329834,-2.195072412490845,8.0,2.0,33456.0,9.758000000000001,417217537.0
-4.160407543182373,8.749970436096191,0.5077634453773499,22.0,3.0,33457.0,9.702,417217539.0
-5.976291179656982,12.56905078887939,-2.705289840698242,23.0,4.0,33457.0,14.178,417217541.0
-3.20627236366272,6.746315002441406,0.6534937620162964,3.0,5.0,33458.0,7.498,417217543.0
-16.87356948852539,35.5196533203125,-6.22828197479248,1.0,6.0,33459.0,39.814,417217546.0
-3.964471578598022,8.349157333374023,1.134847283363342,43.0,7.0,33460.0,9.312,417217548.0
-4.346888542175293,9.158651351928711,-1.244773507118225,12.0,8.0,33461.0,10.214,417217550.0
-3.919055223464966,8.257229804992676,1.447644591331482,75.0,9.0,33461.0,9.254,417217553.0
-4.126419544219971,8.698053359985352,-0.8422731161117554,23.0,10.0,33462.0,9.664,417217555.0
-3.810545682907104,8.035846710205078,1.728729486465454,6.0,11.0,33463.0,9.06,417217557.0
-3.550054550170898,7.489887714385986,-0.4343884289264679,15.0,12.0,33464.0,8.3,417217560.0
-3.365754127502441,7.104255199432373,1.814905047416687,15.0,13.0,33465.0,8.068,417217562.0
-2.95438551902771,6.238774299621582,-0.1204914152622223,7.0,14.0,33466.0,6.904,417217564.0
-3.292361974716187,6.952478885650635,2.061234951019287,32.0,15.0,33466.0,7.964,417217567.0
-1.809497594833374,3.834948778152466,-1.136215567588806,3.0,0.0,33474.0,4.39,417217587.0
-3.054620027542114,6.476721286773682,0.1249941363930702,6.0,1.0,33475.0,7.162,417217590.0
-4.040977954864502,8.571976661682129,-2.187873840332031,20.0,2.0,33476.0,9.726,417217592.0
-4.130690574645996,8.766246795654297,0.5078681111335754,22.0,3.0,33477.0,9.704,417217594.0
-5.931543827056885,12.588059425354,-2.70490837097168,22.0,4.0,33477.0,14.176,417217596.0
-3.996844291687012,8.48603630065918,0.8206584453582764,8.0,5.0,33478.0,9.416,417217599.0
-16.77219772338867,35.62659072875977,-6.236729145050049,0.0,6.0,33479.0,39.868,417217601.0
-3.937839031219482,8.36833381652832,1.135578513145447,51.0,7.0,33480.0,9.318,417217603.0
-3.892126321792603,8.27868938446045,1.448896050453186,75.0,9.0,33482.0,9.262,417217608.0
-4.09009838104248,8.699783325195312,-0.8410528898239136,19.0,10.0,33482.0,9.65,417217610.0
-3.781637191772461,8.047322273254395,1.728347897529602,5.0,11.0,33483.0,9.058,417217613.0
-3.528983116149902,7.513080596923828,-0.4350164830684662,16.0,12.0,33484.0,8.312,417217615.0
-3.349217176437378,7.13360071182251,1.819404125213623,15.0,13.0,33485.0,8.088000000000001,417217617.0
-2.941935062408447,6.268961906433105,-0.1208753660321236,7.0,14.0,33486.0,6.926,417217620.0
-3.262755632400513,6.955754280090332,2.058646678924561,35.0,15.0,33487.0,7.954,417217622.0
-1.885405540466309,4.034070491790771,-1.193155765533447,4.0,0.0,33495.0,4.61,417217643.0
-3.029168367385864,6.484250068664551,0.124924324452877,6.0,1.0,33496.0,7.158,417217645.0
-4.012006282806396,8.592026710510254,-2.189223766326904,37.0,2.0,33497.0,9.732,417217647.0
-4.093464374542236,8.770468711853027,0.5072401165962219,18.0,3.0,33498.0,9.692,417217649.0
-4.044528484344482,8.665620803833008,-1.858861207962036,15.0,4.0,33498.0,9.742,417217652.0
-3.975822448730469,8.522294998168945,0.8227502107620239,20.0,5.0,33499.0,9.44,417217654.0
-16.65903854370117,35.72542190551758,-6.24329948425293,0.0,6.0,33500.0,39.91,417217656.0
-3.903786659240723,8.375513076782227,1.1346036195755,48.0,7.0,33501.0,9.31,417217659.0
-4.324831962585449,9.283090591430664,-1.257447838783264,21.0,8.0,33502.0,10.318,417217661.0
-3.863204717636108,8.292224884033203,1.448896050453186,75.0,9.0,33502.0,9.262,417217663.0
-4.057343482971191,8.712909698486328,-0.8408786058425903,17.0,10.0,33503.0,9.648,417217666.0
-3.721463680267334,7.995272636413574,1.71422803401947,9.0,11.0,33504.0,8.984,417217668.0
-3.508162498474121,7.540451526641846,-0.4358538389205933,16.0,12.0,33505.0,8.328,417217670.0
-3.329622507095337,7.159964561462402,1.82300329208374,15.0,13.0,33506.0,8.104000000000001,417217673.0
-2.943382263183594,6.332290172576904,-0.1218876093626022,7.0,14.0,33507.0,6.984,417217675.0
-3.238455533981323,6.967101097106934,2.058646678924561,35.0,15.0,33507.0,7.954,417217677.0
-1.979288578033447,4.273774147033691,-1.262001633644104,3.0,0.0,33515.0,4.876,417217698.0
-3.006515741348267,6.494784355163574,0.124924324452877,6.0,1.0,33516.0,7.158,417217700.0
-3.981171846389771,8.60421085357666,-2.18877387046814,26.0,2.0,33517.0,9.73,417217702.0
-4.063663482666016,8.786517143249512,0.5073447823524475,24.0,3.0,33518.0,9.694,417217705.0
-4.010958671569824,8.672558784484863,-1.857334733009338,46.0,4.0,33518.0,9.734,417217707.0
-3.944377899169922,8.53250503540039,0.8224015831947327,12.0,5.0,33519.0,9.436,417217709.0
-4.050907611846924,8.766966819763184,-1.529616236686707,9.0,6.0,33520.0,9.778,417217712.0
-3.874526739120483,8.389089584350586,1.1346036195755,33.0,7.0,33521.0,9.31,417217714.0
-4.293233871459961,9.299933433532715,-1.257691621780396,37.0,8.0,33522.0,10.32,417217716.0
-3.836924314498901,8.31529712677002,1.450460314750671,70.0,9.0,33523.0,9.272,417217719.0
-4.022731304168701,8.717973709106445,-0.8400070667266846,12.0,10.0,33523.0,9.638,417217721.0
-3.613774299621582,7.835285663604736,1.677211046218872,8.0,11.0,33524.0,8.790000000000001,417217723.0
-3.481820106506348,7.552651405334473,-0.4358538389205933,15.0,12.0,33525.0,8.328,417217725.0
-3.302978038787842,7.168003559112549,1.822103500366211,15.0,13.0,33526.0,8.1,417217728.0
-2.973127126693726,6.455136775970459,-0.1240517050027847,7.0,14.0,33527.0,7.108000000000001,417217730.0
-3.213706016540527,6.980678558349609,2.05916428565979,34.0,15.0,33528.0,7.956,417217732.0
-2.026363611221313,4.413744926452637,-1.301342129707336,3.0,0.0,33534.0,5.028,417217753.0
-2.989131689071655,6.513805866241455,0.12509885430336,6.0,1.0,33535.0,7.168,417217755.0
-5.826962471008301,12.70374965667725,-3.22669792175293,6.0,2.0,33536.0,14.344,417217758.0
-4.034503936767578,8.799943923950195,0.5073447823524475,31.0,3.0,33537.0,9.694,417217760.0
-3.984632253646851,8.691165924072266,-1.858479619026184,59.0,4.0,33537.0,9.74,417217762.0
-3.922701597213745,8.560028076171875,0.8237960934638977,19.0,5.0,33538.0,9.452,417217765.0
-4.015231609344482,8.765984535217285,-1.527113199234009,20.0,6.0,33539.0,9.762,417217767.0
-3.843380928039551,8.394671440124512,1.133628606796265,15.0,7.0,33540.0,9.302,417217769.0
-4.263196468353271,9.315923690795898,-1.257935404777527,48.0,8.0,33541.0,10.322,417217772.0
-3.809960126876831,8.32551383972168,1.45014750957489,75.0,9.0,33541.0,9.27,417217774.0
-3.983854293823242,8.70952320098877,-0.837915301322937,12.0,10.0,33542.0,9.614,417217776.0
-3.464226722717285,7.58050537109375,-0.4367958903312683,16.0,12.0,33544.0,8.346,417217781.0
-3.28080940246582,7.182462215423584,1.82300329208374,15.0,13.0,33545.0,8.104000000000001,417217783.0
-3.006519794464111,6.585018634796143,-0.1263554245233536,7.0,14.0,33546.0,7.24,417217785.0
-3.184538602828979,6.974924087524414,2.054505586624146,30.0,15.0,33546.0,7.938,417217788.0
-2.086134910583496,4.586087226867676,-1.350000143051147,3.0,0.0,33554.0,5.216,417217808.0
-2.982101917266846,6.558786869049072,0.1257620453834534,6.0,1.0,33555.0,7.206,417217811.0
-5.464105129241943,12.02323436737061,-3.048986673355103,8.0,2.0,33556.0,13.554,417217813.0
-3.997153520584106,8.799426078796387,0.506507396697998,27.0,3.0,33557.0,9.678,417217815.0
-5.81367015838623,12.79834842681885,-2.732384920120239,42.0,4.0,33557.0,14.32,417217818.0
-3.885384321212769,8.557340621948242,0.8222272992134094,23.0,5.0,33558.0,9.434000000000001,417217820.0
-3.990322828292847,8.7925386428833,-1.529303312301636,28.0,6.0,33559.0,9.776,417217822.0
-3.117011547088623,6.871414184570312,0.9264507293701172,7.0,7.0,33560.0,7.602,417217825.0
-4.015881061553955,8.857069969177246,-1.1940758228302,42.0,8.0,33561.0,9.798,417217827.0
-3.77534294128418,8.330425262451172,1.448583126068115,67.0,9.0,33562.0,9.26,417217829.0
-3.932867288589478,8.678008079528809,-0.8335575461387634,13.0,10.0,33562.0,9.564,417217831.0
-3.557117462158203,7.852548599243164,1.675684571266174,11.0,11.0,33563.0,8.782,417217834.0
-3.446806669235229,7.612565517425537,-0.4379472732543945,15.0,12.0,33564.0,8.368,417217836.0
-3.26535964012146,7.215175151824951,1.828402161598206,16.0,13.0,33565.0,8.128,417217838.0
-3.003295660018921,6.639200210571289,-0.1271931380033493,7.0,14.0,33566.0,7.288,417217841.0
-3.144626617431641,6.954864025115967,2.045188188552856,30.0,15.0,33567.0,7.902,417217843.0
-2.159014463424683,4.790601253509521,-1.407975554466248,3.0,0.0,33574.0,5.44,417217864.0
-2.949333429336548,6.547277450561523,0.1253431886434555,6.0,1.0,33575.0,7.182,417217866.0
-5.426903247833252,12.05289554595947,-3.05168604850769,8.0,2.0,33576.0,13.566,417217868.0
-3.968872308731079,8.8187894821167,0.5068213939666748,22.0,3.0,33577.0,9.684000000000001,417217871.0
-3.8579421043396,8.576302528381348,0.8227502107620239,24.0,5.0,33578.0,9.44,417217875.0
-16.25804138183594,36.15890502929688,-6.279279232025146,4.0,6.0,33579.0,40.14,417217878.0
-3.094634532928467,6.885873794555664,0.9269382357597351,10.0,7.0,33580.0,7.606,417217880.0
-4.154130935668945,9.247676849365234,-1.244773507118225,39.0,8.0,33581.0,10.214,417217882.0
-3.755791902542114,8.360918998718262,1.451711893081665,63.0,9.0,33581.0,9.28,417217884.0
-3.890310049057007,8.664420127868652,-0.8309428691864014,13.0,10.0,33582.0,9.534,417217887.0
-3.600423812866211,8.022538185119629,1.709267020225525,34.0,11.0,33583.0,8.958,417217889.0
-3.423482656478882,7.631839752197266,-0.4383659660816193,16.0,12.0,33584.0,8.376,417217891.0
-3.240154027938843,7.226529598236084,1.828402161598206,12.0,13.0,33585.0,8.128,417217894.0
-2.942482948303223,6.565701484680176,-0.125587522983551,5.0,14.0,33586.0,7.196,417217896.0
-3.014097213745117,6.725498199462891,1.974789261817932,8.0,15.0,33586.0,7.63,417217898.0
-2.171420335769653,4.863377094268799,-1.427128195762634,1.0,0.0,33594.0,5.514,417217919.0
-2.931350946426392,6.568489551544189,0.1255526095628738,6.0,1.0,33595.0,7.194,417217921.0
-3.944571495056152,8.847182273864746,0.5076587796211243,27.0,3.0,33597.0,9.700000000000001,417217926.0
-5.423580646514893,12.16441631317139,-2.588896512985229,8.0,4.0,33597.0,13.568,417217928.0
-3.832847833633423,8.60063648223877,0.8237960934638977,20.0,5.0,33598.0,9.452,417217931.0
-3.073809146881104,6.90388822555542,0.9279131889343262,13.0,7.0,33600.0,7.614,417217935.0
-4.183971405029297,9.401769638061523,-1.263541340827942,46.0,8.0,33601.0,10.368,417217937.0
-3.729939460754395,8.385457038879395,1.453589081764221,70.0,9.0,33602.0,9.292,417217940.0
-3.851134777069092,8.657922744750977,-0.8290254473686218,13.0,10.0,33602.0,9.512,417217942.0
-3.57399320602417,8.038644790649414,1.710030198097229,31.0,11.0,33603.0,8.962,417217944.0
-3.396821737289429,7.643743515014648,-0.4383659660816193,16.0,12.0,33604.0,8.376,417217947.0
-3.219655513763428,7.248481750488281,1.831101536750793,12.0,13.0,33605.0,8.14,417217949.0
-2.850574254989624,6.420581340789795,-0.1226206049323082,5.0,14.0,33606.0,7.026,417217951.0
-2.994128465652466,6.747095108032227,1.977895140647888,9.0,15.0,33607.0,7.642,417217954.0
-2.354479312896729,5.323214530944824,-1.559643507003784,1.0,0.0,33614.0,6.026,417217974.0
-2.916490316390991,6.596971035003662,0.1259016543626785,6.0,1.0,33615.0,7.214,417217977.0
-5.696281433105469,12.8908166885376,-3.253692150115967,6.0,2.0,33616.0,14.464,417217979.0
-3.908016443252563,8.848109245300293,0.5069260597229004,27.0,3.0,33617.0,9.686,417217981.0
-5.44136905670166,12.3197603225708,-2.617899417877197,30.0,4.0,33617.0,13.72,417217984.0
-3.805216550827026,8.619430541992188,0.8243190050125122,22.0,5.0,33618.0,9.458,417217986.0
-5.425981998443604,12.29653453826904,-2.128760099411011,6.0,6.0,33619.0,13.608,417217988.0
-3.055298805236816,6.927289485931396,0.9296193718910217,17.0,7.0,33620.0,7.628,417217990.0
-4.155932426452637,9.427215576171875,-1.265003800392151,48.0,8.0,33621.0,10.38,417217993.0
-3.708486318588257,8.412240028381348,1.456092000007629,78.0,9.0,33621.0,9.308,417217995.0
-3.804018497467041,8.633025169372559,-0.825364887714386,12.0,10.0,33622.0,9.47,417217997.0
-3.54670262336731,8.052867889404297,1.710411787033081,41.0,11.0,33623.0,8.964,417218000.0
-3.37736177444458,7.672005653381348,-0.4393080174922943,16.0,12.0,33624.0,8.394,417218002.0
-3.251627922058105,7.389886379241943,1.863944411277771,30.0,13.0,33625.0,8.286,417218004.0
-2.81606912612915,6.403035640716553,-0.1220970377326012,7.0,14.0,33626.0,6.996,417218007.0
-2.967849016189575,6.748144626617432,1.975306987762451,9.0,15.0,33626.0,7.632000000000001,417218009.0
-2.864616632461548,6.538176536560059,-1.912672758102417,1.0,0.0,33634.0,7.390000000000001,417218030.0
-2.904675483703613,6.632755756378174,0.1263903230428696,6.0,1.0,33635.0,7.242,417218032.0
-4.491617679595947,10.26137351989746,-2.586037397384644,12.0,2.0,33636.0,11.496,417218034.0
-3.873904705047607,8.854377746582031,0.506507396697998,21.0,3.0,33637.0,9.678,417218037.0
-5.696578025817871,13.02036476135254,-2.762532711029053,30.0,4.0,33637.0,14.478,417218039.0
-3.773509502410889,8.629010200500488,0.823970377445221,24.0,5.0,33638.0,9.454,417218041.0
-15.9512882232666,36.49369430541992,-6.308063507080078,2.0,6.0,33639.0,40.324,417218043.0
-3.037457227706909,6.952465057373047,0.9315692782402039,17.0,7.0,33640.0,7.644,417218046.0
-4.106317043304443,9.403461456298828,-1.259885311126709,17.0,8.0,33641.0,10.338,417218048.0
-3.674356460571289,8.41427230834961,1.454214811325073,70.0,9.0,33641.0,9.296,417218050.0
-3.756326198577881,8.606078147888184,-0.8215300440788269,12.0,10.0,33642.0,9.426,417218053.0
-3.514646053314209,8.056201934814453,1.708503723144531,39.0,11.0,33643.0,8.954,417218055.0
-3.352157592773438,7.6874098777771,-0.4395173490047455,11.0,12.0,33644.0,8.398,417218057.0
-3.249171018600464,7.454784870147705,1.87744152545929,33.0,13.0,33645.0,8.346,417218060.0
-2.79529857635498,6.416492938995361,-0.1221668422222137,9.0,14.0,33646.0,7.0,417218062.0
-2.944275617599487,6.758463382720947,1.975306987762451,8.0,15.0,33646.0,7.632000000000001,417218064.0
-2.077304124832153,4.78660774230957,-1.398140430450439,8.0,0.0,33654.0,5.402,417218085.0
-2.876730442047119,6.631847381591797,0.1261809021234512,6.0,1.0,33655.0,7.23,417218087.0
-4.431740760803223,10.22156429290771,-2.57209038734436,29.0,2.0,33656.0,11.434,417218090.0
-3.841385126113892,8.864180564880371,0.5062980651855469,13.0,3.0,33657.0,9.674,417218092.0
-4.497299671173096,10.37773418426514,-2.198501348495483,13.0,4.0,33657.0,11.522,417218094.0
-3.746533155441284,8.649442672729492,0.8246676325798035,19.0,5.0,33658.0,9.462,417218096.0
-15.84028625488281,36.58721923828125,-6.314633846282959,3.0,6.0,33659.0,40.366,417218099.0
-3.021842241287231,6.983065128326416,0.9342504143714905,12.0,7.0,33660.0,7.666,417218101.0
-4.038793563842773,9.33757209777832,-1.249160766601562,14.0,8.0,33661.0,10.25,417218103.0
-3.643491983413696,8.427682876586914,1.454214811325073,63.0,9.0,33662.0,9.296,417218106.0
-3.676452398300171,8.503923416137695,-0.8105484247207642,11.0,10.0,33662.0,9.3,417218108.0
-3.484945774078369,8.064817428588867,1.707740545272827,41.0,11.0,33663.0,8.950000000000001,417218110.0
-3.292042016983032,7.622055053710938,-0.4351211488246918,7.0,12.0,33664.0,8.314,417218113.0
-3.209226369857788,7.433876514434814,1.869343280792236,31.0,13.0,33665.0,8.31,417218115.0
-2.784767627716064,6.453752040863037,-0.1226904168725014,17.0,14.0,33666.0,7.03,417218117.0
-3.030879974365234,7.02412223815918,2.049846887588501,52.0,15.0,33666.0,7.92,417218119.0
-2.062871694564819,4.799154281616211,-1.399693369865417,3.0,0.0,33674.0,5.408,417218140.0
-2.858299493789673,6.652872562408447,0.1263903230428696,3.0,1.0,33675.0,7.242,417218143.0
-4.41602611541748,10.28352832794189,-2.58378791809082,38.0,2.0,33676.0,11.486,417218145.0
-3.815934419631958,8.890382766723633,0.507030725479126,19.0,3.0,33677.0,9.688,417218147.0
-4.444785594940186,10.35548400878906,-2.190487384796143,45.0,4.0,33677.0,11.48,417218149.0
-3.713961601257324,8.656974792480469,0.824144721031189,16.0,5.0,33678.0,9.456,417218152.0
-4.501290321350098,10.49723625183105,-1.809008121490479,8.0,6.0,33679.0,11.564,417218154.0
-3.008396625518799,7.019114971160889,0.9376627206802368,5.0,7.0,33680.0,7.694,417218156.0
-3.970998287200928,9.269500732421875,-1.238192558288574,15.0,8.0,33681.0,10.16,417218159.0
-3.617161750793457,8.447613716125488,1.455466270446777,63.0,9.0,33682.0,9.304,417218161.0
-3.605180740356445,8.419632911682129,-0.8013098835945129,15.0,10.0,33682.0,9.194,417218163.0
-3.45136570930481,8.064298629760742,1.705069184303284,35.0,11.0,33683.0,8.936,417218166.0
-3.235566139221191,7.563720703125,-0.4311436116695404,6.0,12.0,33684.0,8.238,417218168.0
-3.163338422775269,7.398446083068848,1.857645750045776,39.0,13.0,33685.0,8.258000000000001,417218170.0
-2.78108286857605,6.507565021514893,-0.1235281303524971,21.0,14.0,33686.0,7.078,417218172.0
-2.99297308921814,7.006758689880371,2.041564702987671,30.0,15.0,33687.0,7.888,417218175.0
-3.585227489471436,8.421734809875488,-2.452569246292114,2.0,0.0,33694.0,9.476,417218196.0
-2.847586631774902,6.69225025177002,0.1269488036632538,3.0,1.0,33695.0,7.274,417218198.0
-4.460185050964355,10.48717594146729,-2.631027460098267,9.0,2.0,33696.0,11.696,417218200.0
-3.788003206253052,8.911001205444336,0.5074494481086731,24.0,3.0,33697.0,9.696,417218202.0
-4.413219451904297,10.38177680969238,-2.192776918411255,59.0,4.0,33697.0,11.492,417218205.0
-3.683720588684082,8.669885635375977,0.824144721031189,16.0,5.0,33698.0,9.456,417218207.0
-4.428328990936279,10.42742919921875,-1.794303297996521,21.0,6.0,33699.0,11.47,417218209.0
-3.906054258346558,9.206554412841797,-1.227955460548401,12.0,8.0,33701.0,10.076,417218214.0
-3.591508150100708,8.469281196594238,1.457030653953552,72.0,9.0,33702.0,9.314,417218216.0
-3.56876802444458,8.415657043457031,-0.7997410893440247,16.0,10.0,33702.0,9.176,417218219.0
-3.418598175048828,8.065451622009277,1.702779531478882,37.0,11.0,33703.0,8.924,417218221.0
-3.183433532714844,7.514280796051025,-0.4276894330978394,6.0,12.0,33704.0,8.172,417218223.0
-3.120776891708374,7.369964599609375,1.847747921943665,33.0,13.0,33705.0,8.214,417218225.0
-2.765365123748779,6.533807277679443,-0.1238422766327858,22.0,14.0,33706.0,7.096,417218228.0
-2.968215465545654,7.013087272644043,2.040529251098633,36.0,15.0,33706.0,7.884,417218230.0
-3.694648265838623,8.763520240783691,-2.548332214355469,2.0,0.0,33714.0,9.846,417218251.0
-2.825761795043945,6.705834865570068,0.127018615603447,6.0,1.0,33715.0,7.278,417218253.0
-4.428845882415771,10.51525211334229,-2.634176731109619,10.0,2.0,33716.0,11.71,417218255.0
-3.752225399017334,8.913125038146973,0.5068213939666748,18.0,3.0,33717.0,9.684000000000001,417218258.0
-5.196584701538086,12.34409046173096,-2.603397846221924,7.0,4.0,33717.0,13.644,417218260.0
-3.658070802688599,8.693710327148438,0.825190544128418,16.0,5.0,33718.0,9.468,417218262.0
-4.410283088684082,10.48652458190918,-1.801812171936035,41.0,6.0,33719.0,11.518,417218265.0
-3.813916683197021,9.077383995056152,-1.208943843841553,14.0,8.0,33721.0,9.92,417218269.0
-3.565747261047363,8.490873336791992,1.458594918251038,63.0,9.0,33722.0,9.324,417218272.0
-3.538598775863647,8.426226615905762,-0.7995668053627014,19.0,10.0,33722.0,9.174,417218274.0
-3.387384176254272,8.070094108581543,1.701253056526184,36.0,11.0,33723.0,8.916,417218276.0
-3.126277208328247,7.451677799224854,-0.4235025644302368,7.0,12.0,33724.0,8.092,417218278.0
-3.049815893173218,7.272985458374023,1.820753812789917,12.0,13.0,33725.0,8.094,417218281.0
-3.780977010726929,9.052026748657227,-2.628566265106201,2.0,0.0,33733.0,10.156,417218306.0
-2.801968097686768,6.711477756500244,0.1269488036632538,6.0,1.0,33734.0,7.274,417218308.0
-5.208952903747559,12.48299026489258,-3.122770547866821,26.0,2.0,33735.0,13.882,417218311.0
-3.721128940582275,8.917495727539062,0.5064027309417725,18.0,3.0,33735.0,9.676,417218313.0
-5.544069290161133,13.29260730743408,-2.799549579620361,8.0,4.0,33736.0,14.672,417218315.0
-3.63458776473999,8.718666076660156,0.8264107704162598,12.0,5.0,33737.0,9.482,417218318.0
-3.564821004867554,8.559720993041992,1.138503432273865,39.0,7.0,33739.0,9.342,417218322.0
-3.780742406845093,9.082650184631348,-1.207968950271606,25.0,8.0,33740.0,9.912,417218324.0
-3.539054870605469,8.502033233642578,1.458594918251038,61.0,9.0,33740.0,9.324,417218327.0
-3.512933015823364,8.443432807922363,-0.8000897169113159,17.0,10.0,33741.0,9.18,417218329.0
-3.360604286193848,8.081282615661621,1.701253056526184,35.0,11.0,33742.0,8.916,417218331.0
-3.075485944747925,7.399297714233398,-0.4199437201023102,7.0,12.0,33743.0,8.024000000000001,417218334.0
-2.935217142105103,7.065304756164551,1.766315698623657,9.0,13.0,33744.0,7.852,417218336.0
-2.726195335388184,6.565406322479248,-0.1240866109728813,1.0,14.0,33745.0,7.11,417218338.0
-2.451455593109131,5.903760433197021,1.712864398956299,2.0,15.0,33745.0,6.618,417218341.0
-3.895550489425659,9.418636322021484,-2.731058597564697,2.0,0.0,33753.0,10.552,417218361.0
-2.78921914100647,6.747089862823486,0.1274374723434448,13.0,1.0,33754.0,7.302,417218364.0
-5.17204475402832,12.51730632781982,-3.126819610595703,26.0,2.0,33755.0,13.9,417218366.0
-3.698330640792847,8.955073356628418,0.5077634453773499,31.0,3.0,33756.0,9.702,417218368.0
-5.518619060516357,13.36268711090088,-2.810234785079956,5.0,4.0,33756.0,14.728,417218371.0
-3.600330829620361,8.722091674804688,0.8255391716957092,17.0,5.0,33757.0,9.472,417218373.0
-4.28681755065918,10.39030265808105,-1.780224204063416,2.0,6.0,33758.0,11.38,417218375.0
-3.540974378585815,8.586793899536133,1.140453338623047,49.0,7.0,33759.0,9.358,417218377.0
-3.755823373794556,9.112310409545898,-1.21016252040863,31.0,8.0,33760.0,9.93,417218380.0
-3.506364583969116,8.5112943649292,1.457969188690186,63.0,9.0,33761.0,9.32,417218382.0
-3.485715389251709,8.461170196533203,-0.8006126284599304,20.0,10.0,33761.0,9.186,417218384.0
-3.327889680862427,8.082072257995605,1.698963284492493,32.0,11.0,33762.0,8.904,417218387.0
-3.016193151473999,7.32872200012207,-0.4153381586074829,9.0,12.0,33763.0,7.936,417218389.0
-2.908312559127808,7.070101261138916,1.764966011047363,9.0,13.0,33764.0,7.846,417218391.0
-2.704021453857422,6.576732158660889,-0.1241215169429779,1.0,14.0,33765.0,7.112,417218394.0
-2.418051958084106,5.884115695953369,1.704582214355469,7.0,15.0,33766.0,6.586,417218396.0
-4.020786762237549,9.818331718444824,-2.842868328094482,2.0,0.0,33773.0,10.984,417218417.0
-2.767922878265381,6.762336730957031,0.127542182803154,6.0,1.0,33774.0,7.308,417218419.0
-5.133485317230225,12.54790878295898,-3.129968881607056,15.0,2.0,33775.0,13.914,417218421.0
-3.666345596313477,8.961742401123047,0.5074494481086731,37.0,3.0,33775.0,9.696,417218424.0
-4.262971878051758,10.42528343200684,-2.189342498779297,4.0,4.0,33776.0,11.474,417218426.0
-3.567601680755615,8.729073524475098,0.8250162601470947,24.0,5.0,33777.0,9.466000000000001,417218428.0
-14.78494548797607,36.19328308105469,-6.192301750183105,0.0,6.0,33778.0,39.584,417218430.0
-3.512480020523071,8.602777481079102,1.14094078540802,49.0,7.0,33779.0,9.362,417218433.0
-3.725492477416992,9.129040718078613,-1.210650086402893,29.0,8.0,33780.0,9.934000000000001,417218435.0
-3.482601881027222,8.538114547729492,1.460472106933594,61.0,9.0,33781.0,9.336,417218437.0
-3.456911563873291,8.475131034851074,-0.8007869720458984,22.0,10.0,33781.0,9.188,417218440.0
-3.241847038269043,7.951837062835693,1.669197082519531,11.0,11.0,33782.0,8.748,417218442.0
-2.952155113220215,7.244876384735107,-0.4099998772144318,6.0,12.0,33783.0,7.834000000000001,417218444.0
-2.882880687713623,7.078404903411865,1.764516115188599,9.0,13.0,33784.0,7.844,417218447.0
-2.684817790985107,6.595391273498535,-0.1242960393428802,3.0,14.0,33785.0,7.122,417218449.0
-2.394155979156494,5.88136625289917,1.701476454734802,4.0,15.0,33785.0,6.574,417218451.0
-4.013347148895264,9.898547172546387,-2.862020969390869,1.0,0.0,33793.0,11.058,417218472.0
-2.746554136276245,6.777517318725586,0.1276468932628632,6.0,1.0,33794.0,7.314,417218474.0
-5.071363925933838,12.52059650421143,-3.118721485137939,5.0,2.0,33795.0,13.864,417218476.0
-3.635790586471558,8.976336479187012,0.5075541138648987,27.0,3.0,33795.0,9.698,417218479.0
-4.19413948059082,10.36002922058105,-2.172551155090332,4.0,4.0,33796.0,11.386,417218481.0
-3.543835878372192,8.758095741271973,0.826585054397583,22.0,5.0,33797.0,9.484,417218483.0
-15.11474418640137,37.37274169921875,-6.385029315948486,3.0,6.0,33798.0,40.816,417218486.0
-3.482429504394531,8.614986419677734,1.14094078540802,49.0,7.0,33799.0,9.362,417218488.0
-3.704014301300049,9.167757034301758,-1.214062452316284,30.0,8.0,33800.0,9.962,417218490.0
-3.454256296157837,8.553882598876953,1.461097955703735,60.0,9.0,33801.0,9.34,417218493.0
-3.425814628601074,8.483451843261719,-0.8004383444786072,19.0,10.0,33801.0,9.184000000000001,417218495.0
-3.187617063522339,7.897564888000488,1.655458807945251,8.0,11.0,33802.0,8.676,417218497.0
-2.910408973693848,7.214388370513916,-0.4076971113681793,5.0,12.0,33803.0,7.79,417218500.0
-2.853053569793701,7.0757737159729,1.761366724967957,9.0,13.0,33804.0,7.83,417218502.0
-2.67224383354187,6.630689144134521,-0.1247847080230713,17.0,14.0,33805.0,7.15,417218504.0
-2.377944469451904,5.900438785552979,1.704582214355469,3.0,15.0,33805.0,6.586,417218506.0
-3.984527349472046,9.926838874816895,-2.866162061691284,3.0,0.0,33813.0,11.074,417218527.0
-2.75117301940918,6.857587814331055,0.1289732903242111,6.0,1.0,33814.0,7.390000000000001,417218529.0
-2.167130947113037,5.404531002044678,-1.344307541847229,15.0,2.0,33815.0,5.976,417218532.0
-3.602123260498047,8.987748146057129,0.5074494481086731,24.0,3.0,33816.0,9.696,417218534.0
-3.976820707321167,9.9226655960083,-2.07790994644165,4.0,4.0,33816.0,10.89,417218536.0
-3.516947031021118,8.77966022491455,0.8274565935134888,19.0,5.0,33817.0,9.494,417218539.0
-15.00989532470703,37.48945999145508,-6.395979404449463,5.0,6.0,33818.0,40.886,417218541.0
-3.452336311340332,8.627089500427246,1.14094078540802,48.0,7.0,33819.0,9.362,417218543.0
-3.676413536071777,9.191689491271973,-1.215524792671204,30.0,8.0,33820.0,9.974,417218546.0
-3.431740283966064,8.579962730407715,1.463600873947144,61.0,9.0,33820.0,9.356,417218548.0
-3.396181106567383,8.49535846710205,-0.8004383444786072,15.0,10.0,33821.0,9.184000000000001,417218550.0
-3.162215232849121,7.91411304473877,1.656603693962097,9.0,11.0,33822.0,8.682,417218553.0
-2.877800941467285,7.205955505371094,-0.4066503942012787,5.0,12.0,33823.0,7.77,417218555.0
-2.82544732093811,7.078450202941895,1.759567141532898,13.0,13.0,33824.0,7.822,417218557.0
-2.65575122833252,6.656692981719971,-0.12509885430336,28.0,14.0,33825.0,7.168,417218559.0
-2.362026691436768,5.923470020294189,1.708723306655884,3.0,15.0,33826.0,6.602,417218562.0
-2.162895202636719,5.443410396575928,-1.569478631019592,5.0,0.0,33833.0,6.064,417218582.0
-2.746408939361572,6.915470600128174,0.1298808157444,6.0,1.0,33834.0,7.442,417218585.0
-2.137468099594116,5.384893894195557,-1.33755898475647,18.0,2.0,33835.0,5.946,417218587.0
-3.575983285903931,9.008925437927246,0.507972776889801,31.0,3.0,33835.0,9.706,417218589.0
-2.172713041305542,5.476473331451416,-1.145235538482666,10.0,4.0,33836.0,6.002,417218592.0
-3.487013339996338,8.79373550415039,0.8276309370994568,20.0,5.0,33837.0,9.496,417218594.0
-3.423663377761841,8.642779350280762,1.141428232192993,47.0,7.0,33839.0,9.366,417218599.0
-3.652344465255737,9.224769592285156,-1.21820592880249,21.0,8.0,33840.0,9.996,417218601.0
-3.400270223617554,8.592483520507812,1.463600873947144,60.0,9.0,33841.0,9.356,417218603.0
-3.359174728393555,8.488635063171387,-0.7986952066421509,11.0,10.0,33841.0,9.164,417218606.0
-3.123739242553711,7.89771842956543,1.650879383087158,7.0,11.0,33842.0,8.652000000000001,417218608.0
-2.846021413803101,7.199240684509277,-0.4057083427906036,5.0,12.0,33843.0,7.752,417218610.0
-2.795708894729614,7.075582981109619,1.756417870521545,14.0,13.0,33844.0,7.808,417218612.0
-2.627357244491577,6.652903079986572,-0.1248545125126839,17.0,14.0,33845.0,7.154,417218615.0
-2.348428249359131,5.949648380279541,1.713899731636047,3.0,15.0,33846.0,6.622,417218617.0
-2.122429132461548,5.390859127044678,-1.552396655082703,7.0,0.0,33851.0,5.998,417218638.0
-3.675851345062256,9.341253280639648,0.1752221584320068,9.0,1.0,33852.0,10.04,417218640.0
-2.104135274887085,5.349871635437012,-1.327211260795593,21.0,2.0,33853.0,5.9,417218642.0
-3.546201229095459,9.016398429870605,0.5077634453773499,25.0,3.0,33853.0,9.702,417218645.0
-2.139695644378662,5.443074703216553,-1.136839985847473,26.0,4.0,33854.0,5.958,417218647.0
-3.457912683486938,8.80093765258789,0.8272823095321655,22.0,5.0,33855.0,9.492,417218649.0
-2.170490980148315,5.527079105377197,-0.9404839873313904,3.0,6.0,33856.0,6.012,417218652.0
-3.400846004486084,8.664579391479492,1.142890691757202,48.0,7.0,33857.0,9.378,417218654.0
-3.625520944595337,9.241742134094238,-1.218937158584595,27.0,8.0,33858.0,10.002,417218656.0
-3.372596740722656,8.597017288208008,1.462662220001221,56.0,9.0,33858.0,9.35,417218659.0
-3.318671703338623,8.463903427124023,-0.7953833341598511,11.0,10.0,33859.0,9.126,417218661.0
-2.943581104278564,7.514994621276855,-0.4229792058467865,10.0,12.0,33861.0,8.082,417218665.0
-2.781991481781006,7.106106281280518,1.761816620826721,17.0,13.0,33862.0,7.832,417218668.0
-2.610086917877197,6.670435428619385,-0.1250290423631668,15.0,14.0,33863.0,7.164000000000001,417218670.0
-2.338168859481812,5.978586673736572,1.72011137008667,2.0,15.0,33864.0,6.646,417218672.0
-2.093077182769775,5.371234893798828,-1.544632077217102,10.0,0.0,33871.0,5.968,417218693.0
-3.634513139724731,9.331666946411133,0.174803301692009,16.0,1.0,33872.0,10.016,417218695.0
-2.076257705688477,5.33357572555542,-1.321362495422363,22.0,2.0,33873.0,5.874000000000001,417218698.0
-3.517604827880859,9.036166191101074,0.5081821084022522,15.0,3.0,33873.0,9.71,417218700.0
-2.105021476745605,5.410258293151855,-1.12844443321228,16.0,4.0,33874.0,5.914,417218702.0
-3.429337024688721,8.818525314331055,0.82780522108078,15.0,5.0,33875.0,9.498,417218705.0
-3.376330852508545,8.691200256347656,1.144840598106384,51.0,7.0,33877.0,9.394,417218709.0
-3.600424289703369,9.272846221923828,-1.22137451171875,9.0,8.0,33878.0,10.022,417218712.0
-3.346856832504272,8.619786262512207,1.464539408683777,56.0,9.0,33878.0,9.362,417218714.0
-3.280457019805908,8.453146934509277,-0.7932915687561035,11.0,10.0,33879.0,9.102,417218716.0
-3.11388897895813,8.028084754943848,1.673776507377625,25.0,11.0,33880.0,8.772,417218718.0
-3.01334810256958,7.77289867401123,-0.4369005560874939,11.0,12.0,33881.0,8.348,417218721.0
-2.767026901245117,7.141213417053223,1.768115282058716,14.0,13.0,33882.0,7.86,417218723.0
-2.594730615615845,6.700017929077148,-0.1254129856824875,5.0,14.0,33883.0,7.186,417218725.0
-2.571120023727417,6.642493724822998,1.908531665802002,7.0,15.0,33884.0,7.374000000000001,417218728.0
-2.07987642288208,5.392928123474121,-1.548773169517517,5.0,0.0,33891.0,5.984,417218748.0
-3.609828948974609,9.364821434020996,0.1751872599124908,9.0,1.0,33892.0,10.038,417218751.0
-2.038711547851562,5.291692733764648,-1.309215188026428,21.0,2.0,33893.0,5.82,417218753.0
-3.506146192550659,9.100574493408203,0.5111129283905029,15.0,3.0,33893.0,9.766,417218755.0
-2.079068422317505,5.399251937866211,-1.124628186225891,24.0,4.0,33894.0,5.894,417218758.0
-3.399249315261841,8.83230209350586,0.827979564666748,15.0,5.0,33895.0,9.5,417218760.0
-3.345972299575806,8.702933311462402,1.144840598106384,51.0,7.0,33897.0,9.394,417218764.0
-2.148225545883179,5.590485572814941,-0.7353596091270447,20.0,8.0,33898.0,6.034,417218767.0
-3.326667547225952,8.657231330871582,1.468919634819031,51.0,9.0,33898.0,9.39,417218769.0
-3.235214710235596,8.423627853393555,-0.7894567251205444,8.0,10.0,33899.0,9.058,417218771.0
-2.95920467376709,7.708991527557373,1.605085253715515,10.0,11.0,33900.0,8.412,417218774.0
-2.978327512741089,7.762857913970947,-0.4357491731643677,11.0,12.0,33901.0,8.326,417218776.0
-2.744873285293579,7.158106803894043,1.769914865493774,14.0,13.0,33902.0,7.868,417218778.0
-2.574905633926392,6.718370914459229,-0.125587522983551,8.0,14.0,33903.0,7.196,417218781.0
-2.474410772323608,6.456161975860596,1.85262668132782,3.0,15.0,33903.0,7.158,417218783.0
-4.810238838195801,12.60337066650391,-3.614666700363159,7.0,0.0,33911.0,13.966,417218804.0
-2.671969175338745,7.004531383514404,0.1308581382036209,12.0,1.0,33912.0,7.498,417218806.0
-2.004260301589966,5.256896495819092,-1.298867344856262,24.0,2.0,33913.0,5.774,417218808.0
-3.522741317749023,9.23966121673584,0.5182306170463562,18.0,3.0,33913.0,9.902000000000001,417218811.0
-2.037838220596313,5.347770214080811,-1.112416386604309,20.0,4.0,33914.0,5.83,417218813.0
-3.371943712234497,8.853423118591309,0.8288511037826538,17.0,5.0,33915.0,9.51,417218815.0
-2.109682559967041,5.542120456695557,-0.9392325282096863,46.0,6.0,33916.0,6.004,417218817.0
-3.316984891891479,8.718270301818848,1.145328044891357,48.0,7.0,33917.0,9.398,417218820.0
-2.118114709854126,5.570117950439453,-0.731703519821167,37.0,8.0,33918.0,6.004,417218822.0
-3.29572582244873,8.66694450378418,1.46860671043396,50.0,9.0,33918.0,9.388,417218824.0
-2.153946161270142,5.667323589324951,-0.5304298400878906,16.0,10.0,33919.0,6.086,417218827.0
-2.919031143188477,7.684403419494629,1.597834467887878,12.0,11.0,33920.0,8.374,417218829.0
-2.942704916000366,7.750800609588623,-0.4344930946826935,11.0,12.0,33921.0,8.302,417218831.0
-2.723327159881592,7.176754474639893,1.772164463996887,14.0,13.0,33922.0,7.878,417218834.0
-2.557820558547974,6.744145393371582,-0.1259016543626785,15.0,14.0,33923.0,7.214,417218836.0
-2.306248188018799,6.084032535552979,1.743405103683472,1.0,15.0,33924.0,6.736,417218838.0
-4.762802600860596,12.61104774475098,-3.612078666687012,8.0,0.0,33931.0,13.956,417218859.0
-2.684930562973022,7.11297082901001,0.1327081024646759,9.0,1.0,33932.0,7.604,417218861.0
-1.976955771446228,5.240157604217529,-1.293018698692322,22.0,2.0,33933.0,5.748,417218864.0
-2.67847466468811,7.103371620178223,0.3978579342365265,9.0,3.0,33934.0,7.602,417218866.0
-2.00322699546814,5.312600135803223,-1.103639245033264,19.0,4.0,33934.0,5.784,417218868.0
-3.344532251358032,8.87446117401123,0.8297226428985596,17.0,5.0,33935.0,9.52,417218870.0
-2.095894575119019,5.564239501953125,-0.9417355060577393,49.0,6.0,33936.0,6.02,417218873.0
-3.294925212860107,8.752089500427246,1.148252964019775,49.0,7.0,33937.0,9.422,417218875.0
-2.106348276138306,5.597915172576904,-0.7343846559524536,41.0,8.0,33938.0,6.026,417218877.0
-3.264060974121094,8.674698829650879,1.467980980873108,42.0,9.0,33938.0,9.384,417218880.0
-2.133449077606201,5.672942638397217,-0.5302555561065674,48.0,10.0,33939.0,6.084000000000001,417218882.0
-2.885282278060913,7.676168918609619,1.594018340110779,9.0,11.0,33940.0,8.354000000000001,417218884.0
-2.153535842895508,5.732426643371582,-0.3209240734577179,9.0,12.0,33941.0,6.132000000000001,417218887.0
-2.699629068374634,7.189866065979004,1.773064255714417,14.0,13.0,33942.0,7.882000000000001,417218889.0
-2.533560991287231,6.751160621643066,-0.1258667558431625,14.0,14.0,33943.0,7.212,417218891.0
-2.28470253944397,6.088029861450195,1.742369771003723,2.0,15.0,33943.0,6.732,417218894.0
-4.875638961791992,13.04743099212646,-3.732170581817627,2.0,0.0,33951.0,14.42,417218914.0
-2.659385681152344,7.120426177978516,0.1326731890439987,18.0,1.0,33952.0,7.602,417218917.0
-1.944340467453003,5.208687305450439,-1.283570766448975,26.0,2.0,33953.0,5.706,417218919.0
-2.678796291351318,7.18004322052002,0.4016261398792267,5.0,3.0,33954.0,7.674,417218921.0
-1.973690032958984,5.290129661560059,-1.097533345222473,22.0,4.0,33954.0,5.752,417218923.0
-2.68006443977356,7.187272071838379,0.6710992455482483,18.0,5.0,33955.0,7.7,417218926.0
-2.078528642654419,5.577074527740479,-0.9426741003990173,54.0,6.0,33956.0,6.026,417218928.0
-3.264354467391968,8.763537406921387,1.148252964019775,48.0,7.0,33957.0,9.422,417218930.0
-2.090950727462769,5.616395473480225,-0.7358471155166626,41.0,8.0,33958.0,6.038,417218933.0
-3.227422714233398,8.673644065856934,1.465790987014771,20.0,9.0,33959.0,9.370000000000001,417218935.0
-2.115023374557495,5.684090137481689,-0.5306041836738586,43.0,10.0,33959.0,6.088,417218937.0
-2.858469724655151,7.686193466186523,1.594018340110779,9.0,11.0,33960.0,8.354000000000001,417218940.0
-2.116811990737915,5.6949782371521,-0.3184119462966919,15.0,12.0,33961.0,6.084000000000001,417218942.0
-2.514852046966553,6.773085594177246,-0.1261110901832581,15.0,14.0,33963.0,7.226,417218947.0
-2.260357141494751,6.09092903137207,1.740816950798035,4.0,15.0,33964.0,6.726,417218949.0
-4.881271839141846,13.19579315185547,-3.769958257675171,2.0,0.0,33970.0,14.566,417218970.0
-3.473432302474976,9.394947052001953,0.1748382151126862,14.0,1.0,33971.0,10.018,417218972.0
-1.914898991584778,5.18220329284668,-1.275472521781921,20.0,2.0,33972.0,5.67,417218974.0
-2.66396689414978,7.21324348449707,0.4029868543148041,15.0,3.0,33973.0,7.7,417218976.0
-1.94321346282959,5.261653900146484,-1.090282559394836,23.0,4.0,33973.0,5.714,417218979.0
-3.286808252334595,8.904497146606445,0.8304198980331421,6.0,5.0,33974.0,9.528,417218981.0
-2.063441514968872,5.593203067779541,-0.9442384243011475,51.0,6.0,33975.0,6.036,417218983.0
-2.075060367584229,5.630749225616455,-0.7368220686912537,41.0,8.0,33977.0,6.046,417218988.0
-3.166687488555908,8.592918395996094,1.450460314750671,11.0,9.0,33977.0,9.272,417218990.0
-2.098228454589844,5.696681022644043,-0.5311270952224731,49.0,10.0,33978.0,6.094,417218993.0
-2.830252885818481,7.688261032104492,1.592491865158081,10.0,11.0,33979.0,8.346,417218995.0
-2.082053184509277,5.658854961395264,-0.3160045146942139,12.0,12.0,33980.0,6.038,417218997.0
-2.233628988265991,6.074097156524658,1.494124889373779,3.0,13.0,33981.0,6.642,417219000.0
-2.497206687927246,6.79452657699585,-0.1263554245233536,14.0,14.0,33982.0,7.24,417219002.0
-2.241877317428589,6.099813461303711,1.741334557533264,4.0,15.0,33982.0,6.728,417219004.0
-7.887790679931641,21.55440139770508,-6.150058269500732,10.0,0.0,33990.0,23.762,417219025.0
-3.441990375518799,9.410770416259766,0.1749080121517181,19.0,1.0,33991.0,10.022,417219027.0
-1.880740523338318,5.1449294090271,-1.264674782752991,22.0,2.0,33992.0,5.622,417219029.0
-3.422863960266113,9.368612289428711,0.5227315425872803,18.0,3.0,33993.0,9.988,417219032.0
-1.910686850547791,5.229680061340332,-1.082268595695496,22.0,4.0,33993.0,5.672,417219034.0
-2.653632640838623,7.26710844039917,0.6768515110015869,10.0,5.0,33994.0,7.766,417219036.0
-2.032392024993896,5.568825244903564,-0.9389196634292603,38.0,6.0,33995.0,6.002,417219039.0
-3.203267335891724,8.781824111938477,1.147765517234802,22.0,7.0,33996.0,9.418000000000001,417219041.0
-2.062871694564819,5.658473014831543,-0.7395032048225403,42.0,8.0,33997.0,6.068000000000001,417219043.0
-2.678015470504761,7.349803447723389,1.238960981369019,6.0,9.0,33998.0,7.92,417219046.0
-2.074238061904907,5.69273853302002,-0.5300812125205994,42.0,10.0,33998.0,6.082,417219048.0
-2.800711393356323,7.690714359283447,1.590965390205383,15.0,11.0,33999.0,8.338000000000001,417219050.0
-2.043843746185303,5.615414142608643,-0.3131783604621887,15.0,12.0,34000.0,5.984,417219052.0
-2.211080551147461,6.078194141387939,1.49322509765625,6.0,13.0,34001.0,6.638,417219055.0
-2.478256940841675,6.816357612609863,-0.1265997588634491,12.0,14.0,34002.0,7.254,417219057.0
-2.227422714233398,6.129777908325195,1.747546195983887,4.0,15.0,34003.0,6.752,417219059.0
-2.332753658294678,6.451196193695068,-1.838132858276367,4.0,0.0,34012.0,7.102,417219080.0
-3.414666175842285,9.448365211486816,0.1753617823123932,11.0,1.0,34013.0,10.048,417219082.0
-1.849055051803589,5.119121551513672,-1.256576538085938,22.0,2.0,34014.0,5.586,417219085.0
-3.391613245010376,9.39483642578125,0.5234642624855042,39.0,3.0,34015.0,10.002,417219087.0
-1.879925966262817,5.207432270050049,-1.076162695884705,22.0,4.0,34015.0,5.64,417219089.0
-2.636528730392456,7.307229995727539,0.6796404719352722,10.0,5.0,34016.0,7.798,417219092.0
-1.933931827545166,5.362890243530273,-0.9029397368431091,18.0,6.0,34017.0,5.772,417219094.0
-3.176254987716675,8.81273365020752,1.150202870368958,46.0,7.0,34018.0,9.438,417219096.0
-2.042474985122681,5.670087814331055,-0.7399906516075134,45.0,8.0,34019.0,6.072,417219099.0
-2.061812877655029,5.726905822753906,-0.5325216054916382,39.0,10.0,34020.0,6.11,417219103.0
-2.743907690048218,7.625672340393066,1.575319051742554,11.0,11.0,34021.0,8.256,417219105.0
-2.00874924659729,5.58563232421875,-0.3110849261283875,16.0,12.0,34022.0,5.944,417219108.0
-2.188384771347046,6.088473320007324,1.493674993515015,4.0,13.0,34023.0,6.640000000000001,417219110.0
-2.453418016433716,6.829586982727051,-0.1266695708036423,7.0,14.0,34024.0,7.258,417219112.0
-2.210165739059448,6.152445316314697,1.751687288284302,3.0,15.0,34024.0,6.768,417219115.0
-2.316726446151733,6.477489948272705,-1.843309283256531,9.0,0.0,34032.0,7.122,417219135.0
-3.378972053527832,9.4526948928833,0.1752221584320068,11.0,1.0,34033.0,10.04,417219138.0
-1.81871771812439,5.090677261352539,-1.24802839756012,24.0,2.0,34034.0,5.548,417219140.0
-3.363499879837036,9.419784545898438,0.5241969227790833,16.0,3.0,34035.0,10.016,417219142.0
-1.846552848815918,5.171437740325928,-1.06738555431366,20.0,4.0,34035.0,5.594,417219145.0
-2.615693330764771,7.329524040222168,0.6808606386184692,3.0,5.0,34036.0,7.812,417219147.0
-1.896618843078613,5.317512035369873,-0.8941794037818909,18.0,6.0,34037.0,5.716,417219149.0
-3.142807245254517,8.816287994384766,1.149227857589722,38.0,7.0,34038.0,9.43,417219152.0
-2.025335311889648,5.684662342071533,-0.7409656047821045,42.0,8.0,34039.0,6.08,417219154.0
-2.044483184814453,5.741575717926025,-0.5332188606262207,39.0,10.0,34040.0,6.118,417219158.0
-2.726487874984741,7.661098480224609,1.580661773681641,16.0,11.0,34041.0,8.284,417219161.0
-1.975183606147766,5.553092956542969,-0.3088868260383606,16.0,12.0,34042.0,5.902,417219163.0
-2.171035289764404,6.107091903686523,1.496374368667603,4.0,13.0,34043.0,6.652,417219165.0
-2.421529531478882,6.815497875213623,-0.1262507140636444,7.0,14.0,34044.0,7.234,417219168.0
-2.196651458740234,6.185991287231445,1.758934259414673,3.0,15.0,34045.0,6.796,417219170.0
-2.299589872360229,6.493841171264648,-1.845897436141968,11.0,0.0,34050.0,7.132000000000001,417219191.0
-3.348591566085815,9.461379051208496,0.1751872599124908,23.0,1.0,34051.0,10.038,417219193.0
-1.794267773628235,5.072482109069824,-1.242179751396179,23.0,2.0,34052.0,5.522,417219195.0
-3.34121298789978,9.451018333435059,0.5253483057022095,13.0,3.0,34053.0,10.038,417219198.0
-1.816555261611938,5.138342380523682,-1.059371590614319,22.0,4.0,34053.0,5.552,417219200.0
-2.599291563034058,7.356491088867188,0.6826037764549255,4.0,5.0,34054.0,7.832,417219202.0
-1.866748571395874,5.286191463470459,-0.8879220485687256,21.0,6.0,34055.0,5.676,417219205.0
-3.123683214187622,8.85045337677002,1.152396559715271,42.0,7.0,34056.0,9.456,417219207.0
-2.011428594589233,5.702229499816895,-0.7424280643463135,44.0,8.0,34057.0,6.092000000000001,417219209.0
-3.102915287017822,8.796501159667969,1.477367043495178,46.0,9.0,34057.0,9.444,417219211.0
-2.029085159301758,5.755486488342285,-0.5339160561561584,42.0,10.0,34058.0,6.126,417219214.0
-2.73633337020874,7.765913009643555,1.600505828857422,17.0,11.0,34059.0,8.388,417219216.0
-1.943796634674072,5.519709587097168,-0.3066886961460114,17.0,12.0,34060.0,5.86,417219218.0
-2.154426336288452,6.121235370635986,1.498174071311951,4.0,13.0,34061.0,6.66,417219221.0
-2.409395933151245,6.849481105804443,-0.1267393827438354,14.0,14.0,34062.0,7.262,417219223.0
-2.178928852081299,6.1943039894104,1.759451866149902,3.0,15.0,34062.0,6.798,417219225.0
-2.282016038894653,6.516415119171143,-1.850038528442383,11.0,0.0,34070.0,7.148000000000001,417219246.0
-3.320168972015381,9.486222267150879,0.1754315942525864,19.0,1.0,34071.0,10.052,417219248.0
-1.764968514442444,5.045604705810547,-1.234081506729126,17.0,2.0,34072.0,5.486,417219251.0
-3.320066928863525,9.496560096740723,0.5272324085235596,25.0,3.0,34073.0,10.074,417219253.0
-1.788241386413574,5.114999771118164,-1.053265690803528,22.0,4.0,34073.0,5.52,417219255.0
-2.57491135597229,7.36928129196167,0.6829524040222168,6.0,5.0,34074.0,7.836,417219258.0
-1.830700874328613,5.242322444915771,-0.8794745802879333,22.0,6.0,34075.0,5.622,417219260.0
-3.101274251937866,8.88566780090332,1.155565142631531,45.0,7.0,34076.0,9.482,417219262.0
-1.99608850479126,5.722336292266846,-0.7441341876983643,46.0,8.0,34077.0,6.106,417219264.0
-2.010294198989868,5.766296863555908,-0.5342646837234497,42.0,10.0,34078.0,6.13,417219269.0
-2.709208488464355,7.775417327880859,1.600505828857422,17.0,11.0,34079.0,8.388,417219271.0
-1.914008140563965,5.496282577514648,-0.3050139546394348,15.0,12.0,34080.0,5.828,417219274.0
-2.14457631111145,6.16184663772583,1.506272315979004,4.0,13.0,34081.0,6.696,417219276.0
-2.413722038269043,6.939063549041748,-0.1282402873039246,14.0,14.0,34082.0,7.348,417219278.0
-2.157479524612427,6.205898284912109,1.760487198829651,3.0,15.0,34083.0,6.802,417219281.0
-2.265698671340942,6.546642780303955,-1.856250166893005,11.0,0.0,34091.0,7.172,417219301.0
-3.286031723022461,9.50021743774414,0.1754664927721024,19.0,1.0,34092.0,10.054,417219304.0
-1.731182932853699,5.00783634185791,-1.223283886909485,22.0,2.0,34093.0,5.438,417219306.0
-3.287194728851318,9.514328002929688,0.5275464653968811,21.0,3.0,34094.0,10.08,417219308.0
-1.754095196723938,5.076984882354736,-1.044106841087341,22.0,4.0,34094.0,5.472,417219311.0
-2.555037498474121,7.39938497543335,0.6848698258399963,9.0,5.0,34095.0,7.858000000000001,417219313.0
-1.793430685997009,5.196712493896484,-0.8707142472267151,22.0,6.0,34096.0,5.566,417219315.0
-3.069980382919312,8.900728225708008,1.156052589416504,43.0,7.0,34097.0,9.486,417219317.0
-1.978983283042908,5.740874290466309,-0.7455966472625732,48.0,8.0,34098.0,6.118,417219320.0
-3.001907348632812,8.708295822143555,1.458907842636108,5.0,9.0,34098.0,9.326,417219322.0
-1.993040084838867,5.784928321838379,-0.5353105664253235,40.0,10.0,34099.0,6.142,417219324.0
-2.683887958526611,7.794576168060303,1.602413892745972,17.0,11.0,34100.0,8.398,417219327.0
-1.877602577209473,5.456047058105469,-0.3023971617221832,18.0,12.0,34101.0,5.778,417219329.0
-2.126414060592651,6.182564735412598,1.509421586990356,1.0,13.0,34102.0,6.71,417219331.0
-2.421425342559814,7.044309139251709,-0.1300204247236252,8.0,14.0,34103.0,7.45,417219334.0
-2.14333963394165,6.23531436920166,1.766698837280273,3.0,15.0,34103.0,6.826000000000001,417219336.0
-2.255341768264771,6.591067314147949,-1.866602897644043,12.0,0.0,34111.0,7.212,417219357.0
-3.252202749252319,9.509737014770508,0.1754315942525864,19.0,1.0,34112.0,10.052,417219359.0
-1.701086401939392,4.976968765258789,-1.214285850524902,22.0,2.0,34113.0,5.398,417219361.0
-3.329501867294312,9.746878623962402,0.539793074131012,7.0,3.0,34114.0,10.314,417219364.0
-1.731285452842712,5.068213939666748,-1.041053891181946,22.0,4.0,34114.0,5.456,417219366.0
-2.539492845535278,7.438427448272705,0.6876587867736816,10.0,5.0,34115.0,7.890000000000001,417219368.0
-1.757418632507324,5.150593757629395,-0.8619539141654968,23.0,6.0,34116.0,5.51,417219370.0
-3.038892269134521,8.91139030456543,1.156052589416504,45.0,7.0,34117.0,9.486,417219373.0
-1.961493372917175,5.755262851715088,-0.7465716004371643,48.0,8.0,34118.0,6.126,417219375.0
-2.973403215408325,8.72433090209961,1.459846377372742,3.0,9.0,34118.0,9.332,417219377.0
-1.981828451156616,5.818253993988037,-0.5377509593963623,40.0,10.0,34119.0,6.17,417219380.0
-2.661724805831909,7.818765640258789,1.605466842651367,16.0,11.0,34120.0,8.414,417219382.0
-1.846322894096375,5.426642417907715,-0.3004083931446075,20.0,12.0,34121.0,5.74,417219384.0
-2.560916662216187,7.531259536743164,1.836500406265259,12.0,13.0,34122.0,8.164,417219387.0
-2.414837598800659,7.105732440948486,-0.1309977620840073,7.0,14.0,34123.0,7.506,417219389.0
-2.132128715515137,6.273852825164795,1.775498628616333,3.0,15.0,34123.0,6.86,417219391.0
-2.236119031906128,6.613930225372314,-1.870744109153748,13.0,0.0,34132.0,7.228,417219412.0
-3.221806764602661,9.534854888916016,0.1756759285926819,19.0,1.0,34133.0,10.066,417219414.0
-1.675351500511169,4.961014747619629,-1.208886981010437,27.0,2.0,34134.0,5.374000000000001,417219417.0
-3.289923191070557,9.747661590576172,0.5391650199890137,13.0,3.0,34135.0,10.302,417219419.0
-1.697002291679382,5.028021335601807,-1.031513452529907,20.0,4.0,34135.0,5.406,417219421.0
-2.511575937271118,7.445796966552734,0.6874845027923584,4.0,5.0,34136.0,7.888,417219423.0
-1.729063272476196,5.128922462463379,-0.8572608828544617,23.0,6.0,34137.0,5.48,417219426.0
-3.010012865066528,8.933754920959473,1.157515048980713,48.0,7.0,34138.0,9.498,417219428.0
-1.942920088768005,5.769938468933105,-0.7475465536117554,46.0,8.0,34139.0,6.134,417219430.0
-2.944292783737183,8.748788833618164,1.462036490440369,3.0,9.0,34140.0,9.346,417219433.0
-1.964303135871887,5.836808681488037,-0.5387967824935913,40.0,10.0,34140.0,6.182,417219435.0
-2.640560150146484,7.850798606872559,1.61004626750946,16.0,11.0,34141.0,8.438,417219437.0
-1.814965963363647,5.399296283721924,-0.2985242903232574,22.0,12.0,34142.0,5.704,417219440.0
-2.466891527175903,7.342936038970947,1.788360834121704,6.0,13.0,34143.0,7.95,417219442.0
-2.403417110443115,7.158136367797852,-0.131800577044487,12.0,14.0,34144.0,7.552,417219444.0
-2.17122483253479,6.466594696044922,1.82778012752533,10.0,15.0,34144.0,7.062,417219446.0
-2.214243173599243,6.625360012054443,-1.871779322624207,13.0,0.0,34152.0,7.232,417219467.0
-3.192939043045044,9.559319496154785,0.1759202629327774,19.0,1.0,34153.0,10.08,417219470.0
-1.646917104721069,4.933559894561768,-1.200788736343384,21.0,2.0,34154.0,5.338,417219472.0
-3.255877494812012,9.759086608886719,0.5391650199890137,12.0,3.0,34155.0,10.302,417219474.0
-1.668256998062134,5.000392436981201,-1.024644255638123,20.0,4.0,34155.0,5.37,417219476.0
-3.018101930618286,9.05164623260498,0.8347777128219604,17.0,5.0,34156.0,9.578,417219479.0
-1.699283838272095,5.099319458007812,-0.8513163328170776,23.0,6.0,34157.0,5.442,417219481.0
-2.981318950653076,8.951741218566895,1.158489942550659,49.0,7.0,34158.0,9.506,417219483.0
-1.756006360054016,5.275675296783447,-0.6827120780944824,11.0,8.0,34159.0,5.602,417219486.0
-2.908747673034668,8.744017601013184,1.45953357219696,7.0,9.0,34160.0,9.33,417219488.0
-1.94831919670105,5.856863498687744,-0.5400170087814331,34.0,10.0,34160.0,6.196,417219490.0
-2.618714094161987,7.876734733581543,1.613480806350708,16.0,11.0,34161.0,8.456,417219493.0
-1.782882690429688,5.365795612335205,-0.2963261902332306,21.0,12.0,34162.0,5.662,417219495.0
-2.43387508392334,7.329309463500977,1.782962083816528,9.0,13.0,34163.0,7.926,417219497.0
-2.385974407196045,7.189257144927979,-0.1322194337844849,14.0,14.0,34164.0,7.576000000000001,417219499.0
-2.21623420715332,6.681708335876465,1.886273145675659,15.0,15.0,34165.0,7.288,417219502.0
-2.199535608291626,6.654677391052246,-1.877990961074829,16.0,0.0,34171.0,7.256,417219523.0
-3.161221504211426,9.569855690002441,0.1759202629327774,16.0,1.0,34172.0,10.08,417219525.0
-1.62321674823761,4.916788101196289,-1.195389866828918,21.0,2.0,34173.0,5.314,417219527.0
-3.071427822113037,9.308935165405273,0.5137297511100769,12.0,3.0,34174.0,9.816,417219529.0
-1.641823649406433,4.976066589355469,-1.018538475036621,20.0,4.0,34174.0,5.338,417219532.0
-2.992436647415161,9.074849128723145,0.8359978795051575,33.0,5.0,34175.0,9.592,417219534.0
-1.66999876499176,5.067404270172119,-0.8450589776039124,23.0,6.0,34176.0,5.402,417219536.0
-2.957827568054199,8.980433464050293,1.160927414894104,51.0,7.0,34177.0,9.526,417219539.0
-1.736639857292175,5.27581262588501,-0.6819808483123779,13.0,8.0,34178.0,5.596,417219541.0
-2.887143135070801,8.776132583618164,1.463287949562073,8.0,9.0,34179.0,9.354000000000001,417219543.0
-1.93075430393219,5.868969917297363,-0.5405399203300476,24.0,10.0,34179.0,6.202,417219546.0
-1.753233075141907,5.33562707901001,-0.2943374216556549,17.0,12.0,34181.0,5.624000000000001,417219550.0
-2.075757503509521,6.320888042449951,1.535965800285339,3.0,13.0,34182.0,6.828,417219552.0
-2.369603872299194,7.219929695129395,-0.1326382905244827,14.0,14.0,34183.0,7.600000000000001,417219555.0
-2.195232152938843,6.688637733459473,1.886273145675659,16.0,15.0,34183.0,7.288,417219557.0
-2.181092023849487,6.677005290985107,-1.882132053375244,17.0,0.0,34191.0,7.272,417219578.0
-3.122211933135986,9.563722610473633,0.1756061166524887,21.0,1.0,34192.0,10.062,417219580.0
-1.593954920768738,4.885371685028076,-1.186391830444336,23.0,2.0,34193.0,5.274,417219582.0
-3.037057399749756,9.313902854919434,0.5134157538414001,22.0,3.0,34194.0,9.81,417219585.0
-1.617748975753784,4.961235523223877,-1.01434063911438,22.0,4.0,34194.0,5.316,417219587.0
-2.965679883956909,9.100394248962402,0.8373923897743225,31.0,5.0,34195.0,9.608,417219589.0
-1.639453530311584,5.033759117126465,-0.838488757610321,22.0,6.0,34196.0,5.36,417219592.0
-2.928919553756714,8.99825382232666,1.16190230846405,49.0,7.0,34197.0,9.534,417219594.0
-1.720669627189636,5.289393424987793,-0.682955801486969,13.0,8.0,34198.0,5.604,417219596.0
-2.849162101745605,8.763614654541016,1.45953357219696,6.0,9.0,34199.0,9.33,417219599.0
-2.711072683334351,8.338871002197266,-0.7671448588371277,9.0,10.0,34199.0,8.802,417219601.0
-2.048148155212402,6.303552150726318,1.288342356681824,3.0,11.0,34200.0,6.752,417219603.0
-1.722260475158691,5.303721904754639,-0.2922439873218536,20.0,12.0,34201.0,5.584000000000001,417219605.0
-2.040446758270264,6.28731632232666,1.526067972183228,4.0,13.0,34202.0,6.784,417219608.0
-2.352407455444336,7.252884864807129,-0.1330920457839966,5.0,14.0,34203.0,7.626,417219610.0
-2.177235126495361,6.712798118591309,1.890931963920593,16.0,15.0,34203.0,7.306,417219612.0
-2.163112640380859,6.70112419128418,-1.886790871620178,19.0,0.0,34211.0,7.29,417219633.0
-3.09372091293335,9.589788436889648,0.1758853495121002,23.0,1.0,34212.0,10.078,417219635.0
-1.566128253936768,4.857521057128906,-1.178293585777283,22.0,2.0,34213.0,5.238,417219638.0
-3.015347719192505,9.352436065673828,0.5149857997894287,57.0,3.0,34213.0,9.84,417219640.0
-1.590787291526794,4.936954021453857,-1.008234739303589,22.0,4.0,34214.0,5.284,417219642.0
-2.935727596282959,9.11638069152832,0.837915301322937,31.0,5.0,34215.0,9.614,417219645.0
-1.611584424972534,5.007484436035156,-0.8331699371337891,25.0,6.0,34216.0,5.326000000000001,417219647.0
-2.898707628250122,9.012202262878418,1.162389755249023,48.0,7.0,34217.0,9.538,417219649.0
-1.701588273048401,5.293477535247803,-0.6827120780944824,13.0,8.0,34218.0,5.602,417219651.0
-2.810412883758545,8.742924690246582,1.454527616500854,5.0,9.0,34218.0,9.298,417219654.0
-2.678291797637939,8.336902618408203,-0.7660989761352539,12.0,10.0,34219.0,8.790000000000001,417219656.0
-2.021931171417236,6.297577857971191,1.28567099571228,5.0,11.0,34220.0,6.738,417219658.0
-1.693972945213318,5.279273509979248,-0.2905692160129547,22.0,12.0,34221.0,5.552,417219661.0
-2.022653102874756,6.307390213012695,1.52921724319458,4.0,13.0,34222.0,6.798,417219663.0
-1.727760672569275,5.391040802001953,-0.09881552308797836,20.0,14.0,34223.0,5.662,417219665.0
-2.149073123931885,6.705639839172363,1.886790871620178,14.0,15.0,34223.0,7.29,417219668.0
-2.144991397857666,6.725198268890381,-1.891449570655823,17.0,0.0,34231.0,7.308,417219688.0
-3.060227394104004,9.600528717041016,0.1758853495121002,16.0,1.0,34232.0,10.078,417219691.0
-1.540881752967834,4.836963176727295,-1.171995043754578,22.0,2.0,34233.0,5.21,417219693.0
-2.976202011108398,9.348200798034668,0.5141484141349792,34.0,3.0,34234.0,9.824,417219695.0
-1.560441493988037,4.901320457458496,-0.9998391270637512,22.0,4.0,34234.0,5.24,417219698.0
-2.911136865615845,9.1493558883667,0.8400070667266846,40.0,5.0,34235.0,9.638,417219700.0
-1.584517478942871,4.982959270477295,-0.8281640410423279,25.0,6.0,34236.0,5.294,417219702.0
-2.87083888053894,9.03361701965332,1.163852214813232,51.0,7.0,34237.0,9.55,417219704.0
-1.686104655265808,5.308845043182373,-0.6839307546615601,13.0,8.0,34238.0,5.612,417219707.0
-2.758627891540527,8.691034317016602,1.444203019142151,4.0,9.0,34239.0,9.232,417219709.0
-3.294740915298462,10.38005352020264,-0.9527865648269653,12.0,10.0,34239.0,10.932,417219711.0
-2.006466150283813,6.325182437896729,1.289868831634521,4.0,11.0,34240.0,6.76,417219714.0
-1.662859439849854,5.24517297744751,-0.2883711159229279,21.0,12.0,34241.0,5.51,417219716.0
-2.011218547821045,6.347851276397705,1.537315487861633,4.0,13.0,34242.0,6.834000000000001,417219718.0
-1.684785962104797,5.320782661437988,-0.09741933643817902,23.0,14.0,34243.0,5.582,417219721.0
-2.132641077041626,6.739257335662842,1.89403772354126,14.0,15.0,34244.0,7.318000000000001,417219723.0
-2.125015497207642,6.735588550567627,-1.892484903335571,17.0,0.0,34249.0,7.312,417219744.0
-3.037267208099365,9.632981300354004,0.1763042062520981,14.0,1.0,34250.0,10.102,417219746.0
-1.515136241912842,4.808324337005615,-1.163896799087524,23.0,2.0,34251.0,5.174,417219748.0
-2.947851896286011,9.355084419250488,0.5140437483787537,19.0,3.0,34251.0,9.822000000000001,417219751.0
-1.532652020454407,4.866874217987061,-0.9918251633644104,20.0,4.0,34252.0,5.198,417219753.0
-2.888360261917114,9.177461624145508,0.8417501449584961,30.0,5.0,34253.0,9.658,417219755.0
-1.562335729598999,4.967184543609619,-0.8247225284576416,24.0,6.0,34254.0,5.272,417219757.0
-2.847802400588989,9.059635162353516,1.166045904159546,55.0,7.0,34255.0,9.568,417219760.0
-1.675367593765259,5.333054065704346,-0.6863681674003601,19.0,8.0,34256.0,5.632,417219762.0
-2.721843481063843,8.669503211975098,1.439197063446045,5.0,9.0,34257.0,9.200000000000001,417219764.0
-2.627715349197388,8.36968994140625,-0.767493486404419,9.0,10.0,34257.0,8.806000000000001,417219767.0
-1.995988965034485,6.361425876617432,1.295974731445312,4.0,11.0,34258.0,6.792,417219769.0
-1.638604283332825,5.22559642791748,-0.2870103716850281,19.0,12.0,34259.0,5.484,417219771.0
-2.385207176208496,7.611205577850342,1.841449379920959,4.0,13.0,34260.0,8.186,417219774.0
-1.657901763916016,5.293608665466309,-0.09682594984769821,24.0,14.0,34261.0,5.548,417219776.0
-2.118409872055054,6.763990879058838,1.899214148521423,14.0,15.0,34261.0,7.338,417219778.0
-2.107239007949829,6.761408805847168,-1.897661209106445,19.0,0.0,34269.0,7.332,417219799.0
-3.001839399337769,9.637797355651855,0.1761994957923889,26.0,1.0,34270.0,10.096,417219801.0
-1.491392612457275,4.791255474090576,-1.158497929573059,23.0,2.0,34271.0,5.15,417219803.0
-2.920521020889282,9.38248062133789,0.5149857997894287,22.0,3.0,34271.0,9.84,417219806.0
-1.509822368621826,4.853447914123535,-0.988008975982666,20.0,4.0,34272.0,5.178,417219808.0
-2.852166891098022,9.174169540405273,0.8405299782752991,10.0,5.0,34273.0,9.644,417219810.0
-1.533851385116577,4.936766147613525,-0.8187779784202576,25.0,6.0,34274.0,5.234,417219813.0
-2.822636127471924,9.090373992919922,1.168727040290833,49.0,7.0,34275.0,9.59,417219815.0
-1.664389848709106,5.363516330718994,-0.6895367503166199,14.0,8.0,34276.0,5.658,417219817.0
-2.696830749511719,8.695931434631348,1.442012906074524,11.0,9.0,34277.0,9.218,417219820.0
-2.586090087890625,8.338848114013672,-0.7638329267501831,16.0,10.0,34277.0,8.764,417219822.0
-1.977258563041687,6.379606246948242,1.298264384269714,4.0,11.0,34278.0,6.804,417219824.0
-1.606171011924744,5.18549633026123,-0.2844982445240021,20.0,12.0,34279.0,5.436,417219827.0
-2.353438377380371,7.602730751037598,1.837400197982788,6.0,13.0,34280.0,8.168000000000001,417219829.0
-1.62641167640686,5.257335186004639,-0.09605804830789566,24.0,14.0,34281.0,5.504,417219831.0
-2.099353790283203,6.786108493804932,1.903355240821838,14.0,15.0,34281.0,7.354,417219833.0
-2.088171243667603,6.783493995666504,-1.90180230140686,16.0,0.0,34289.0,7.348,417219854.0
-2.969354867935181,9.652039527893066,0.1762693077325821,28.0,1.0,34290.0,10.1,417219856.0
-1.464350700378418,4.762903690338135,-1.150399684906006,26.0,2.0,34291.0,5.114,417219859.0
-2.892565488815308,9.414122581481934,0.5161371827125549,31.0,3.0,34292.0,9.862,417219861.0
-1.484222173690796,4.830538749694824,-0.9822847247123718,22.0,4.0,34292.0,5.148,417219863.0
-2.341722011566162,7.626091957092285,0.6979432106018066,6.0,5.0,34293.0,8.008000000000001,417219866.0
-1.505019068717957,4.90432071685791,-0.8125206232070923,25.0,6.0,34294.0,5.194,417219868.0
-2.790887594223022,9.10017204284668,1.168727040290833,51.0,7.0,34295.0,9.59,417219870.0
-1.650311231613159,5.384477138519287,-0.691486656665802,13.0,8.0,34296.0,5.674,417219873.0
-2.665663719177246,8.697272300720215,1.44076144695282,11.0,9.0,34296.0,9.21,417219875.0
-2.560467481613159,8.359254837036133,-0.7648788094520569,10.0,10.0,34297.0,8.776,417219877.0
-1.955552220344543,6.388346672058105,1.298645973205566,4.0,11.0,34298.0,6.806,417219880.0
-1.578127861022949,5.158603191375732,-0.2827188372612,20.0,12.0,34299.0,5.402,417219882.0
-2.31321120262146,7.566173076629639,1.826602578163147,6.0,13.0,34300.0,8.120000000000001,417219884.0
-1.599869728088379,5.236206531524658,-0.09556937962770462,23.0,14.0,34301.0,5.476,417219886.0
-2.075595617294312,6.797452926635742,1.904390573501587,14.0,15.0,34302.0,7.358000000000001,417219889.0
-2.937388896942139,9.668085098266602,0.1763740181922913,19.0,1.0,34310.0,10.106,417219912.0
-1.437524914741516,4.734422206878662,-1.142301440238953,24.0,2.0,34311.0,5.078,417219914.0
-2.859590530395508,9.417929649353027,0.5158231854438782,33.0,3.0,34311.0,9.856,417219916.0
-1.460510611534119,4.813146114349365,-0.9777052998542786,22.0,4.0,34312.0,5.124,417219919.0
-2.313931226730347,7.630406379699707,0.6975945830345154,8.0,5.0,34313.0,8.004,417219921.0
-1.478723764419556,4.879297256469727,-0.8075147271156311,25.0,6.0,34314.0,5.162,417219923.0
-2.761406898498535,9.117457389831543,1.169701933860779,51.0,7.0,34315.0,9.598,417219926.0
-1.633806109428406,5.397804737091064,-0.6924616098403931,11.0,8.0,34316.0,5.682,417219928.0
-2.638344287872314,8.7221097946167,1.443264365196228,16.0,9.0,34317.0,9.226,417219930.0
-2.515120506286621,8.314743995666504,-0.759998083114624,10.0,10.0,34317.0,8.72,417219933.0
-1.94801127910614,6.443994522094727,1.308568120002747,2.0,11.0,34318.0,6.858000000000001,417219935.0
-1.547404050827026,5.122018337249756,-0.2804160416126251,21.0,12.0,34319.0,5.358000000000001,417219937.0
-2.271015405654907,7.521965980529785,1.814005255699158,6.0,13.0,34320.0,8.064,417219939.0
-1.571184635162354,5.20729923248291,-0.09494109451770782,23.0,14.0,34321.0,5.44,417219942.0
-2.058547973632812,6.826851844787598,1.910602211952209,14.0,15.0,34322.0,7.382000000000001,417219944.0
-1.381986618041992,4.603481769561768,-1.287883520126343,6.0,0.0,34329.0,4.976,417219965.0
-2.906496286392212,9.687856674194336,0.1765485405921936,14.0,1.0,34330.0,10.116,417219967.0
-1.414273977279663,4.717011451721191,-1.136902570724487,22.0,2.0,34331.0,5.054,417219969.0
-2.825551271438599,9.424028396606445,0.515613853931427,28.0,3.0,34331.0,9.852,417219972.0
-1.432430624961853,4.780601978302002,-0.9700729250907898,22.0,4.0,34332.0,5.084000000000001,417219974.0
-2.294712066650391,7.663249492645264,0.6998606324195862,10.0,5.0,34333.0,8.03,417219976.0
-1.455453276634216,4.863612174987793,-0.8040731549263,24.0,6.0,34334.0,5.14,417219979.0
-2.734683036804199,9.144158363342285,1.171895623207092,52.0,7.0,34335.0,9.616,417219981.0
-1.618365049362183,5.414886951446533,-0.693924069404602,13.0,8.0,34336.0,5.694,417219983.0
-2.610537528991699,8.734596252441406,1.44389009475708,19.0,9.0,34336.0,9.23,417219986.0
-2.471826314926147,8.27574634552002,-0.7556402683258057,10.0,10.0,34337.0,8.67,417219988.0
-1.959197878837585,6.563629150390625,1.331465125083923,0.0,11.0,34338.0,6.978,417219990.0
-1.522664308547974,5.104421615600586,-0.2791599929332733,22.0,12.0,34339.0,5.334000000000001,417219992.0
-2.200206279754639,7.38044548034668,1.778013110160828,6.0,13.0,34340.0,7.904,417219995.0
-1.542721033096313,5.178255558013916,-0.09431280195713043,24.0,14.0,34341.0,5.404,417219997.0
-2.054550647735596,6.900650978088379,1.929237127304077,14.0,15.0,34342.0,7.454,417219999.0
-1.36700701713562,4.611982345581055,-1.288918852806091,6.0,0.0,34349.0,4.98,417220020.0
-2.87720513343811,9.713281631469727,0.1768277883529663,23.0,1.0,34350.0,10.132,417220022.0
-1.389502644538879,4.693890571594238,-1.130154132843018,24.0,2.0,34351.0,5.024,417220025.0
-2.796606302261353,9.447239875793457,0.5163465738296509,25.0,3.0,34351.0,9.866,417220027.0
-1.409051179885864,4.76298189163208,-0.9654935002326965,22.0,4.0,34352.0,5.06,417220029.0
-2.269643068313599,7.676944732666016,0.7003835439682007,10.0,5.0,34353.0,8.036,417220032.0
-1.430071473121643,4.840246677398682,-0.7993801236152649,24.0,6.0,34354.0,5.11,417220034.0
-2.704433679580688,9.1593599319458,1.172626852989197,51.0,7.0,34355.0,9.622,417220036.0
-1.605071663856506,5.439542293548584,-0.6963614225387573,13.0,8.0,34356.0,5.714,417220039.0
-2.578914165496826,8.739866256713867,1.443264365196228,16.0,9.0,34356.0,9.226,417220041.0
-2.426580905914307,8.228904724121094,-0.7505852580070496,10.0,10.0,34357.0,8.612,417220043.0
-2.280908107757568,7.739885330200195,1.568449974060059,8.0,11.0,34358.0,8.22,417220045.0
-1.495809316635132,5.07905101776123,-0.2774852514266968,22.0,12.0,34359.0,5.302,417220048.0
-2.162876129150391,7.348822116851807,1.76856517791748,6.0,13.0,34360.0,7.862,417220050.0
-1.51504373550415,5.15099573135376,-0.09371942281723022,27.0,14.0,34361.0,5.37,417220052.0
-2.087653875350952,7.102391719818115,1.983589172363281,38.0,15.0,34362.0,7.664000000000001,417220055.0
-1.349830150604248,4.619051456451416,-1.289436459541321,12.0,0.0,34371.0,4.982,417220075.0
-2.84325122833252,9.735774993896484,0.1770372092723846,23.0,1.0,34372.0,10.144,417220078.0
-1.364917635917664,4.676743030548096,-1.124755263328552,25.0,2.0,34373.0,5.0,417220080.0
-2.764228105545044,9.471328735351562,0.51707923412323,21.0,3.0,34373.0,9.88,417220082.0
-1.380307912826538,4.732547283172607,-0.9582427740097046,20.0,4.0,34374.0,5.022,417220085.0
-2.242936611175537,7.695167064666748,0.7012550830841064,10.0,5.0,34375.0,8.046,417220087.0
-1.401531934738159,4.811563968658447,-0.7937484979629517,26.0,6.0,34376.0,5.074,417220089.0
-2.678121566772461,9.200172424316406,1.176526665687561,49.0,7.0,34377.0,9.654,417220091.0
-1.588055014610291,5.459007740020752,-0.6980676054954529,13.0,8.0,34378.0,5.728,417220094.0
-2.377724409103394,8.178853034973145,-0.7451816201210022,12.0,10.0,34379.0,8.55,417220098.0
-2.246790647506714,7.733503818511963,1.565397024154663,8.0,11.0,34380.0,8.204,417220101.0
-1.467942953109741,5.055986404418945,-0.2759151756763458,19.0,12.0,34381.0,5.272,417220103.0
-1.905484914779663,6.567277908325195,1.578706502914429,1.0,13.0,34382.0,7.018,417220105.0
-1.485787034034729,5.124125480651855,-0.09312604367733002,25.0,14.0,34383.0,5.336,417220108.0
-2.057842254638672,7.097007751464844,1.979965686798096,39.0,15.0,34383.0,7.65,417220110.0
-1.33637535572052,4.633016109466553,-1.292024731636047,6.0,0.0,34391.0,4.992,417220131.0
-2.807034254074097,9.737955093383789,0.1768975853919983,19.0,1.0,34392.0,10.136,417220133.0
-1.338335156440735,4.645899772644043,-1.116207122802734,28.0,2.0,34393.0,4.962,417220135.0
-2.737231492996216,9.502031326293945,0.5182306170463562,25.0,3.0,34393.0,9.902000000000001,417220138.0
-1.355633020401001,4.709037303924561,-0.9525185227394104,19.0,4.0,34394.0,4.992,417220140.0
-2.221019506454468,7.720181941986084,0.7028239369392395,15.0,5.0,34395.0,8.064,417220142.0
-1.376540660858154,4.787949562072754,-0.7890554666519165,27.0,6.0,34396.0,5.044,417220144.0
-2.64599084854126,9.209464073181152,1.176526665687561,48.0,7.0,34397.0,9.654,417220147.0
-1.572276830673218,5.475965976715088,-0.6995300054550171,11.0,8.0,34398.0,5.74,417220149.0
-2.525136709213257,8.794610977172852,1.449208855628967,2.0,9.0,34398.0,9.264,417220151.0
-2.328828573226929,8.116243362426758,-0.738732099533081,13.0,10.0,34399.0,8.476,417220154.0
-2.219240665435791,7.739412307739258,1.565015435218811,8.0,11.0,34400.0,8.202,417220156.0
-1.441482424736023,5.030359745025635,-0.2742404043674469,20.0,12.0,34401.0,5.24,417220158.0
-1.884158730506897,6.579509258270264,1.580056190490723,3.0,13.0,34402.0,7.024,417220161.0
-1.457988142967224,5.094675064086914,-0.09249775111675262,25.0,14.0,34403.0,5.3,417220163.0
-2.036597490310669,7.121219158172607,1.98462438583374,42.0,15.0,34404.0,7.668,417220165.0
-1.323199510574341,4.648207187652588,-1.11575722694397,46.0,2.0,34411.0,4.96,417220191.0
-2.706253051757812,9.512977600097656,0.5183352828025818,34.0,3.0,34412.0,9.904,417220193.0
-1.33760941028595,4.701942920684814,-0.9502288103103638,22.0,4.0,34412.0,4.98,417220195.0
-2.652232646942139,9.329272270202637,0.8485482931137085,30.0,5.0,34413.0,9.736,417220197.0
-1.355553865432739,4.77134895324707,-0.7856138944625854,27.0,6.0,34414.0,5.022,417220200.0
-2.620298385620117,9.229188919067383,1.17798912525177,49.0,7.0,34415.0,9.666,417220202.0
-1.558316826820374,5.492336750030518,-0.7009924650192261,10.0,8.0,34416.0,5.752,417220204.0
-1.850475668907166,6.522059440612793,1.073766112327576,3.0,9.0,34416.0,6.864,417220207.0
-2.279405355453491,8.039178848266602,-0.7310623526573181,9.0,10.0,34417.0,8.388,417220209.0
-2.195451021194458,7.748234748840332,1.565397024154663,11.0,11.0,34418.0,8.204,417220211.0
-1.415877223014832,5.000272750854492,-0.2723563015460968,20.0,12.0,34419.0,5.204,417220214.0
-1.862418055534363,6.581645965576172,1.579156398773193,3.0,13.0,34420.0,7.02,417220216.0
-1.434357523918152,5.072290897369385,-0.09200908988714218,26.0,14.0,34421.0,5.272,417220218.0
-1.303526639938354,4.63433837890625,-1.28995406627655,66.0,0.0,34429.0,4.984,417220241.0
-2.033523082733154,7.234488964080811,0.1311722844839096,3.0,1.0,34430.0,7.516,417220244.0
-1.310128211975098,4.664054393768311,-1.118456602096558,46.0,2.0,34431.0,4.972,417220246.0
-1.315882444381714,4.687681198120117,-0.9464126229286194,35.0,4.0,34432.0,4.96,417220250.0
-2.625570774078369,9.359575271606445,0.850465714931488,43.0,5.0,34433.0,9.758000000000001,417220253.0
-1.331425547599792,4.749422550201416,-0.7812337279319763,29.0,6.0,34434.0,4.994,417220255.0
-2.592350482940674,9.253571510314941,1.179939031600952,46.0,7.0,34435.0,9.682,417220257.0
-1.349151849746704,4.819127082824707,-0.6144652366638184,7.0,8.0,34436.0,5.042,417220260.0
-1.824429869651794,6.521188735961914,1.072514653205872,4.0,9.0,34437.0,6.856,417220262.0
-2.241130352020264,8.010631561279297,-0.7277504801750183,6.0,10.0,34437.0,8.35,417220264.0
-2.16521954536438,7.7445068359375,1.563107252120972,14.0,11.0,34438.0,8.192,417220267.0
-1.389815449714661,4.974407196044922,-0.2706815600395203,21.0,12.0,34439.0,5.172,417220269.0
-1.842576861381531,6.599368572235107,1.581855773925781,6.0,13.0,34440.0,7.032,417220271.0
-1.407507061958313,5.044522762298584,-0.09141570329666138,22.0,14.0,34441.0,5.238,417220274.0
-1.985631465911865,7.164811134338379,0.1297760903835297,9.0,1.0,34451.0,7.436,417220299.0
-1.296145558357239,4.680093288421631,-1.121156096458435,46.0,2.0,34452.0,4.984,417220301.0
-2.013211011886597,7.274192810058594,0.395555168390274,3.0,3.0,34453.0,7.558,417220303.0
-1.297644972801208,4.6886887550354,-0.9456493854522705,35.0,4.0,34453.0,4.956,417220306.0
-2.588593244552612,9.35953426361084,0.8495941758155823,16.0,5.0,34454.0,9.748,417220308.0
-1.3145352602005,4.756174564361572,-0.7815465927124023,40.0,6.0,34455.0,4.996,417220310.0
-2.561588048934937,9.274491310119629,1.181401371955872,48.0,7.0,34456.0,9.694,417220313.0
-1.321972966194153,4.789596080780029,-0.6100779175758362,15.0,8.0,34457.0,5.006,417220315.0
-1.801129937171936,6.525613307952881,1.07220184803009,4.0,9.0,34457.0,6.854,417220317.0
-1.345594644546509,4.878498554229736,-0.4427511692047119,3.0,10.0,34458.0,5.08,417220320.0
-2.140471696853638,7.765639305114746,1.565778613090515,17.0,11.0,34459.0,8.206,417220322.0
-1.363087773323059,4.94865894317627,-0.2690068185329437,21.0,12.0,34460.0,5.14,417220324.0
-1.819928050041199,6.611714363098145,1.583205461502075,4.0,13.0,34461.0,7.038,417220327.0
-1.376810312271118,5.005301952362061,-0.09061289578676224,27.0,14.0,34462.0,5.192,417220329.0
-1.963382124900818,7.137744903564453,1.983589172363281,45.0,15.0,34462.0,7.664000000000001,417220331.0
-1.903457283973694,6.957867622375488,-1.932860612869263,10.0,0.0,34470.0,7.468,417220352.0
-1.968519449234009,7.200632572174072,0.1302996724843979,6.0,1.0,34471.0,7.466,417220354.0
-1.283909559249878,4.699627876281738,-1.124755263328552,46.0,2.0,34472.0,5.0,417220356.0
-1.983072996139526,7.263835430145264,0.394613116979599,5.0,3.0,34473.0,7.54,417220359.0
-1.28695821762085,4.714023113250732,-0.9498471617698669,33.0,4.0,34473.0,4.978,417220361.0
-1.298964262008667,4.764545917510986,-0.7821723222732544,48.0,6.0,34475.0,5.0,417220366.0
-1.3015958070755,4.780773639678955,-0.6083717346191406,24.0,8.0,34477.0,4.992,417220370.0
-1.784979104995728,6.560762405395508,1.076894879341125,4.0,9.0,34478.0,6.884,417220373.0
-1.324372887611389,4.867785453796387,-0.4413566887378693,18.0,10.0,34478.0,5.064,417220375.0
-2.106140375137329,7.746541023254395,1.560436010360718,3.0,11.0,34479.0,8.178,417220377.0
-1.341092586517334,4.93604040145874,-0.2680647671222687,18.0,12.0,34480.0,5.122,417220379.0
-1.80551815032959,6.649997711181641,1.590853810310364,4.0,13.0,34481.0,7.072,417220382.0
-1.351999402046204,4.983058452606201,-0.0901242271065712,27.0,14.0,34482.0,5.164,417220384.0
-1.923052906990051,7.092686176300049,1.969095349311829,29.0,15.0,34483.0,7.608000000000001,417220386.0
-1.913895606994629,7.093212604522705,0.1282402873039246,3.0,1.0,34490.0,7.348,417220409.0
-1.270347356796265,4.711385726928711,-1.126554846763611,44.0,2.0,34491.0,5.008,417220412.0
-1.963131427764893,7.285799026489258,0.3954504728317261,5.0,3.0,34492.0,7.556,417220414.0
-1.274383425712585,4.729638576507568,-0.9521368741989136,34.0,4.0,34492.0,4.99,417220416.0
-1.967436790466309,7.306854248046875,0.6620350480079651,2.0,5.0,34493.0,7.596,417220419.0
-1.283670663833618,4.770734786987305,-0.7824851870536804,43.0,6.0,34494.0,5.002,417220421.0
-1.290371060371399,4.80231761932373,-0.6105654239654541,24.0,8.0,34496.0,5.01,417220426.0
-1.771535396575928,6.593045711517334,1.08127498626709,4.0,9.0,34496.0,6.912,417220428.0
-1.305639982223511,4.862529277801514,-0.4404851198196411,23.0,10.0,34497.0,5.054,417220430.0
-2.060088872909546,7.677635192871094,1.54517126083374,2.0,11.0,34498.0,8.098,417220432.0
-1.317474961280823,4.913453102111816,-0.2665993571281433,28.0,12.0,34499.0,5.094,417220435.0
-1.78900420665741,6.67665433883667,1.595802783966064,4.0,13.0,34500.0,7.094,417220437.0
-1.330812573432922,4.970129489898682,-0.0898100808262825,27.0,14.0,34501.0,5.146,417220439.0
-1.853291988372803,6.921411991119385,1.919919729232788,9.0,15.0,34501.0,7.418,417220442.0
-1.266032814979553,4.754761219024658,-1.318424224853516,1.0,0.0,34509.0,5.094,417220462.0
-1.867013931274414,7.016754150390625,0.1267393827438354,6.0,1.0,34510.0,7.262,417220465.0
-1.254895329475403,4.719558238983154,-1.12745463848114,44.0,2.0,34511.0,5.012,417220467.0
-2.555203199386597,9.616667747497559,0.5214754939079285,22.0,3.0,34512.0,9.964,417220469.0
-1.262907743453979,4.753032684326172,-0.955953061580658,38.0,4.0,34512.0,5.01,417220472.0
-1.929136633872986,7.265535831451416,0.6576772332191467,2.0,5.0,34513.0,7.546,417220474.0
-1.270049452781677,4.786642551422119,-0.7843624353408813,45.0,6.0,34514.0,5.014,417220476.0
-1.962788581848145,7.402693271636963,0.9403438568115234,5.0,7.0,34515.0,7.716,417220479.0
-1.280209541320801,4.831737995147705,-0.6137340068817139,26.0,8.0,34516.0,5.036,417220481.0
-1.754437208175659,6.626228332519531,1.085655212402344,4.0,9.0,34517.0,6.94,417220483.0
-1.294778108596802,4.890169620513916,-0.4425768554210663,25.0,10.0,34517.0,5.078,417220485.0
-2.020722150802612,7.637331008911133,1.535630822181702,6.0,11.0,34518.0,8.048,417220488.0
-1.299805283546448,4.916090965270996,-0.2664946913719177,46.0,12.0,34519.0,5.092000000000001,417220490.0
-1.768176317214966,6.692278861999512,1.598052263259888,4.0,13.0,34520.0,7.104,417220492.0
-1.309371590614319,4.959277153015137,-0.08953084796667099,31.0,14.0,34521.0,5.13,417220495.0
-1.825447201728821,6.918818473815918,1.917331457138062,14.0,15.0,34522.0,7.408,417220497.0
-1.845935225486755,7.031286716461182,-1.947872161865234,10.0,0.0,34529.0,7.526,417220518.0
-1.84352445602417,7.027097225189209,0.1268091797828674,13.0,1.0,34530.0,7.266,417220520.0
-1.239401698112488,4.72767972946167,-1.128354430198669,44.0,2.0,34531.0,5.016,417220522.0
-2.058495759963989,7.857692241668701,0.4257006645202637,3.0,3.0,34532.0,8.134,417220525.0
-1.244816303253174,4.75171422958374,-0.954808235168457,35.0,4.0,34532.0,5.004,417220527.0
-1.894680976867676,7.237531661987305,0.6545396447181702,2.0,5.0,34533.0,7.51,417220529.0
-1.259332418441772,4.813979625701904,-0.7881168127059937,45.0,6.0,34534.0,5.038,417220532.0
-1.937438488006592,7.411420345306396,0.94058758020401,5.0,7.0,34535.0,7.718,417220534.0
-1.263335824012756,4.836177349090576,-0.6137340068817139,26.0,8.0,34536.0,5.036,417220536.0
-1.740941762924194,6.664501190185547,1.090973973274231,1.0,9.0,34536.0,6.974,417220538.0
-1.281223058700562,4.908154010772705,-0.4437970519065857,25.0,10.0,34537.0,5.092000000000001,417220541.0
-1.986122012138367,7.613943099975586,1.529524922370911,2.0,11.0,34538.0,8.016,417220543.0
-1.283140778541565,4.922531127929688,-0.2665993571281433,25.0,12.0,34539.0,5.094,417220545.0
-1.750699758529663,6.721039772033691,1.603451132774353,4.0,13.0,34540.0,7.128,417220548.0
-1.289533853530884,4.954141616821289,-0.08935631811618805,45.0,14.0,34541.0,5.12,417220550.0
-1.809792995452881,6.952877044677734,1.925096035003662,15.0,15.0,34541.0,7.438,417220552.0
-1.823316335678101,7.045168399810791,-1.949942708015442,12.0,0.0,34549.0,7.534,417220573.0
-1.821487426757812,7.043169498443604,0.1269837021827698,22.0,1.0,34550.0,7.276,417220575.0
-1.22776734828949,4.750844955444336,-1.132853507995605,44.0,2.0,34551.0,5.036,417220578.0
-2.490501403808594,9.643940925598145,0.5219988226890564,9.0,3.0,34552.0,9.974,417220580.0
-1.231658339500427,4.769336700439453,-0.9574795365333557,38.0,4.0,34552.0,5.018,417220582.0
-1.86044454574585,7.209375858306885,0.6514019966125488,2.0,5.0,34553.0,7.474,417220585.0
-1.244493842124939,4.825997352600098,-0.7893683314323425,45.0,6.0,34554.0,5.046,417220587.0
-2.415822267532349,9.375035285949707,1.188713550567627,7.0,7.0,34555.0,9.754,417220589.0
-1.251396894454956,4.859781265258789,-0.6161714196205139,26.0,8.0,34556.0,5.056,417220591.0
-1.917836904525757,7.453278064727783,1.218937397003174,3.0,9.0,34557.0,7.792,417220594.0
-1.259614109992981,4.895230770111084,-0.442228227853775,21.0,10.0,34557.0,5.074,417220596.0
-1.943398356437683,7.558083057403564,1.516931533813477,3.0,11.0,34558.0,7.95,417220598.0
-1.878298163414001,7.31019115447998,-0.395555168390274,8.0,12.0,34559.0,7.558,417220601.0
-1.727228283882141,6.727109909057617,1.603451132774353,6.0,13.0,34560.0,7.128,417220603.0
-1.269748091697693,4.948927879333496,-0.0891817957162857,17.0,14.0,34561.0,5.11,417220605.0
-1.786216378211975,6.966948986053467,1.92716658115387,13.0,15.0,34562.0,7.446,417220608.0
-1.801100492477417,7.060849666595459,-1.952530860900879,11.0,0.0,34569.0,7.544,417220628.0
-2.523451566696167,9.899894714355469,0.1783286929130554,21.0,1.0,34570.0,10.218,417220631.0
-1.215024471282959,4.770209312438965,-1.136452674865723,44.0,2.0,34571.0,5.052,417220633.0
-1.78928816318512,7.029908657073975,0.3801683783531189,1.0,3.0,34572.0,7.264,417220635.0
-1.217908382415771,4.785022735595703,-0.9597692489624023,38.0,4.0,34572.0,5.03,417220638.0
-1.817587971687317,7.146313190460205,0.6451268196105957,2.0,5.0,34573.0,7.402,417220640.0
-1.228613615036011,4.834140777587891,-0.7899940609931946,45.0,6.0,34574.0,5.05,417220642.0
-1.839229702949524,7.241984367370605,0.917432427406311,2.0,7.0,34575.0,7.528,417220644.0
-1.23784351348877,4.877588748931885,-0.6178775429725647,24.0,8.0,34576.0,5.07,417220647.0
-1.677851796150208,6.611393451690674,1.080336451530457,1.0,9.0,34576.0,6.906000000000001,417220649.0
-1.246926665306091,4.91697883605957,-0.4437970519065857,22.0,10.0,34577.0,5.092000000000001,417220651.0
-1.913145780563354,7.549596309661865,1.513878583908081,2.0,11.0,34578.0,7.934,417220654.0
-1.863555550575256,7.359298229217529,-0.3978579342365265,5.0,12.0,34579.0,7.602,417220656.0
-1.70995032787323,6.757658004760742,1.609299898147583,4.0,13.0,34580.0,7.154,417220658.0
-1.940218329429626,7.673299312591553,-0.1381532549858093,12.0,14.0,34581.0,7.916,417220661.0
-1.780151844024658,7.040258407592773,1.945801615715027,7.0,15.0,34581.0,7.518,417220663.0
-1.78209400177002,7.089576244354248,-1.958742499351501,10.0,0.0,34589.0,7.568000000000001,417220684.0
-2.494237661361694,9.929976463317871,0.1787126362323761,19.0,1.0,34590.0,10.24,417220686.0
-1.198365926742554,4.774421215057373,-1.136452674865723,44.0,2.0,34591.0,5.052,417220688.0
-1.755992293357849,7.001241207122803,0.3782843053340912,7.0,3.0,34592.0,7.228,417220691.0
-1.206451773643494,4.810191631317139,-0.9639670252799988,39.0,4.0,34592.0,5.052,417220693.0
-1.78245997428894,7.112029075622559,0.6414662599563599,3.0,5.0,34593.0,7.36,417220695.0
-1.213651299476624,4.846065044403076,-0.7912455201148987,43.0,6.0,34594.0,5.058,417220697.0
-1.808156251907349,7.2252516746521,0.9145075678825378,10.0,7.0,34595.0,7.504,417220700.0
-1.224181056022644,4.895360469818115,-0.6195837259292603,26.0,8.0,34596.0,5.084000000000001,417220702.0
-1.6394282579422,6.555886268615723,1.070324659347534,3.0,9.0,34596.0,6.842000000000001,417220704.0
-1.232170701026917,4.930966377258301,-0.4446685910224915,20.0,10.0,34597.0,5.102,417220707.0
-1.882024884223938,7.537180423736572,1.510062336921692,2.0,11.0,34598.0,7.914000000000001,417220709.0
-1.851393938064575,7.420018196105957,-0.4007887542247772,17.0,12.0,34599.0,7.658,417220711.0
-1.694837212562561,6.79762077331543,1.617398023605347,3.0,13.0,34600.0,7.19,417220714.0
-1.916322231292725,7.691667556762695,-0.1383626759052277,10.0,14.0,34601.0,7.928,417220716.0
-1.755098938941956,7.044554710388184,1.945283889770508,4.0,15.0,34601.0,7.516,417220718.0
-1.762444376945496,7.116381168365479,-1.964436531066895,7.0,0.0,34609.0,7.59,417220739.0
-2.462923288345337,9.952210426330566,0.1789569705724716,19.0,1.0,34610.0,10.254,417220741.0
-1.182628393173218,4.782358646392822,-1.137352585792542,46.0,2.0,34611.0,5.056,417220744.0
-1.735375761985779,7.022839546203613,0.3791216611862183,13.0,3.0,34612.0,7.244,417220746.0
-1.193421483039856,4.829621315002441,-0.9670199751853943,39.0,4.0,34612.0,5.068000000000001,417220748.0
-1.756190657615662,7.112404823303223,0.6409433484077454,2.0,5.0,34613.0,7.354,417220750.0
-1.200040459632874,4.863697052001953,-0.7934356331825256,43.0,6.0,34614.0,5.072,417220753.0
-1.777222037315369,7.208390712738037,0.9115827083587646,7.0,7.0,34615.0,7.48,417220755.0
-1.208510160446167,4.905385971069336,-0.6203149557113647,28.0,8.0,34616.0,5.09,417220757.0
-1.611138939857483,6.544588088989258,1.067508816719055,4.0,9.0,34617.0,6.824,417220760.0
-1.218284726142883,4.948779582977295,-0.4458887875080109,22.0,10.0,34617.0,5.116000000000001,417220762.0
-1.831679701805115,7.45164966583252,-0.402149498462677,20.0,12.0,34619.0,7.684,417220767.0
-1.852386236190796,7.541565895080566,1.79285991191864,9.0,13.0,34620.0,7.97,417220769.0
-1.896134853363037,7.725498676300049,-0.1388513445854187,10.0,14.0,34621.0,7.956,417220771.0
-1.737865924835205,7.080657005310059,1.953566193580627,14.0,15.0,34621.0,7.548,417220773.0
-1.739882230758667,7.131873607635498,-1.967024683952332,5.0,0.0,34629.0,7.600000000000001,417220794.0
-2.42958927154541,9.966575622558594,0.179061695933342,28.0,1.0,34630.0,10.26,417220797.0
-1.168694853782654,4.797818183898926,-1.140051960945129,44.0,2.0,34631.0,5.068000000000001,417220799.0
-1.708961486816406,7.021091938018799,0.3787029683589935,1.0,3.0,34632.0,7.236,417220801.0
-1.177948594093323,4.839480400085449,-0.96816486120224,44.0,4.0,34632.0,5.074,417220803.0
-1.719581484794617,7.070093154907227,0.636585533618927,2.0,5.0,34633.0,7.304,417220806.0
-1.18585467338562,4.879373073577881,-0.7953128218650818,43.0,6.0,34634.0,5.084000000000001,417220808.0
-1.64430296421051,6.770874977111816,0.8555228114128113,3.0,7.0,34635.0,7.02,417220810.0
-1.190911769866943,4.907645702362061,-0.6200712323188782,28.0,8.0,34636.0,5.088,417220813.0
-1.579439759254456,6.513696670532227,1.061564326286316,3.0,9.0,34637.0,6.786,417220815.0
-1.205228447914124,4.970428943634033,-0.4474575817584991,21.0,10.0,34637.0,5.134,417220817.0
-1.961118340492249,8.093928337097168,1.618823528289795,11.0,11.0,34638.0,8.484,417220820.0
-1.811297178268433,7.481292247772217,-0.4034055471420288,24.0,12.0,34639.0,7.708,417220822.0
-1.813219547271729,7.494951248168945,1.780262589454651,9.0,13.0,34640.0,7.914000000000001,417220824.0
-1.874324798583984,7.753450870513916,-0.1392353028059006,8.0,14.0,34641.0,7.978,417220826.0
-1.711448669433594,7.085101127624512,1.953048467636108,17.0,15.0,34642.0,7.546,417220829.0
-1.725456357002258,7.187043190002441,-1.980483293533325,3.0,0.0,34650.0,7.652,417220850.0
-1.904172301292419,7.937551498413086,0.1424814462661743,7.0,1.0,34651.0,8.164,417220852.0
-1.157007575035095,4.826704978942871,-1.145900726318359,47.0,2.0,34652.0,5.094,417220854.0
-1.921416163444519,8.021775245666504,0.4322949945926666,15.0,3.0,34653.0,8.26,417220856.0
-1.161575078964233,4.849493026733398,-0.9693096876144409,46.0,4.0,34653.0,5.08,417220859.0
-1.660265922546387,6.936836242675781,0.624035120010376,2.0,5.0,34654.0,7.16,417220861.0
-1.171638607978821,4.899056434631348,-0.7978157997131348,43.0,6.0,34655.0,5.100000000000001,417220863.0
-1.618552565574646,6.772994995117188,0.8550353050231934,2.0,7.0,34656.0,7.016,417220866.0
-1.17706573009491,4.929354667663574,-0.6222648620605469,28.0,8.0,34657.0,5.106,417220868.0
-1.635327339172363,6.853772640228271,1.116003513336182,3.0,9.0,34658.0,7.134,417220870.0
-1.188390016555786,4.980626583099365,-0.447980523109436,22.0,10.0,34658.0,5.14,417220873.0
-1.963766694068909,8.236652374267578,1.645918369293213,18.0,11.0,34659.0,8.626,417220875.0
-1.784327626228333,7.489823341369629,-0.4035102128982544,11.0,12.0,34660.0,7.71,417220877.0
-1.762270212173462,7.402966976165771,1.75686776638031,8.0,13.0,34661.0,7.81,417220879.0
-1.844968914985657,7.756377696990967,-0.1391654908657074,8.0,14.0,34662.0,7.974,417220882.0
-1.692071199417114,7.113584995269775,1.959260225296021,15.0,15.0,34662.0,7.57,417220884.0
-1.257714152336121,5.320505142211914,-1.464915752410889,5.0,0.0,34670.0,5.66,417220905.0
-1.872316360473633,7.926634788513184,0.1421672999858856,10.0,1.0,34671.0,8.146,417220907.0
-1.141495108604431,4.836404323577881,-1.147250413894653,44.0,2.0,34672.0,5.100000000000001,417220909.0
-1.892027854919434,8.022602081298828,0.4319809973239899,14.0,3.0,34673.0,8.254,417220912.0
-1.145090699195862,4.855428695678711,-0.9696913361549377,42.0,4.0,34673.0,5.082,417220914.0
-1.629643797874451,6.915439605712891,0.6215947866439819,4.0,5.0,34674.0,7.132000000000001,417220916.0
-1.155888915061951,4.908884525299072,-0.7987543940544128,45.0,6.0,34675.0,5.106,417220919.0
-1.593536615371704,6.772806167602539,0.8543040752410889,5.0,7.0,34676.0,7.01,417220921.0
-1.162123560905457,4.943095684051514,-0.6234835386276245,28.0,8.0,34677.0,5.116000000000001,417220923.0
-1.613651990890503,6.869054317474365,1.117567777633667,3.0,9.0,34678.0,7.144,417220926.0
-1.172364115715027,4.99056339263916,-0.4485034644603729,21.0,10.0,34678.0,5.146,417220928.0
-1.692396402359009,7.221237659454346,1.712327480316162,8.0,13.0,34681.0,7.612,417220935.0
-1.822442412376404,7.782240867614746,-0.1395145356655121,8.0,14.0,34682.0,7.994,417220937.0
-1.670753717422485,7.134496212005615,1.963401317596436,14.0,15.0,34682.0,7.586,417220939.0
-1.23392927646637,5.298305988311768,-1.457668900489807,7.0,0.0,34689.0,5.632,417220960.0
-2.330527067184448,10.01484298706055,0.1794805526733398,16.0,1.0,34690.0,10.284,417220962.0
-1.127657532691956,4.849653244018555,-1.149499893188477,47.0,2.0,34691.0,5.11,417220965.0
-1.868171811103821,8.034341812133789,0.4322949945926666,7.0,3.0,34691.0,8.26,417220967.0
-1.133426308631897,4.878322601318359,-0.9735075235366821,41.0,4.0,34692.0,5.102,417220969.0
-1.606702446937561,6.92080545425415,0.6215947866439819,6.0,5.0,34693.0,7.132000000000001,417220972.0
-1.141389608383179,4.920387744903564,-0.8000058531761169,40.0,6.0,34694.0,5.114,417220974.0
-1.567482590675354,6.762582778930664,0.8523541688919067,5.0,7.0,34695.0,6.994,417220976.0
-1.150204181671143,4.96626091003418,-0.6259209513664246,28.0,8.0,34696.0,5.136,417220978.0
-1.580030202865601,6.822129726409912,1.10912036895752,4.0,9.0,34696.0,7.09,417220981.0
-1.160300374031067,5.013834476470947,-0.4502465724945068,21.0,10.0,34697.0,5.166,417220983.0
-1.598928451538086,6.914707183837891,1.379549026489258,2.0,11.0,34698.0,7.23,417220985.0
-1.748592376708984,7.567958831787109,-0.407069057226181,1.0,12.0,34699.0,7.778,417220988.0
-1.65967321395874,7.188834190368652,1.70332932472229,11.0,13.0,34700.0,7.572,417220990.0
-1.803367972373962,7.817469596862793,-0.1400381028652191,8.0,14.0,34701.0,8.024000000000001,417220992.0
-1.650993943214417,7.156939029693604,1.96806001663208,15.0,15.0,34701.0,7.604,417220995.0
-1.210247755050659,5.279984474182129,-1.451457262039185,7.0,0.0,34709.0,5.608000000000001,417221015.0
-2.299572467803955,10.04046058654785,0.1797946840524673,28.0,1.0,34710.0,10.302,417221018.0
-1.112461090087891,4.861158847808838,-1.151299476623535,44.0,2.0,34711.0,5.118,417221020.0
-1.861417651176453,8.140432357788086,0.4376332759857178,7.0,3.0,34712.0,8.362,417221022.0
-1.119016647338867,4.89373254776001,-0.975797176361084,41.0,4.0,34712.0,5.114,417221025.0
-1.587859988212585,6.949679851531982,0.6236864924430847,4.0,5.0,34713.0,7.156000000000001,417221027.0
-1.126845240592957,4.935896873474121,-0.8018830418586731,42.0,6.0,34714.0,5.126,417221029.0
-1.550047993659973,6.795108318328857,0.8557665348052979,5.0,7.0,34715.0,7.022,417221031.0
-1.134185194969177,4.976052284240723,-0.626652181148529,28.0,8.0,34716.0,5.142,417221034.0
-1.555453896522522,6.829801082611084,1.109433174133301,4.0,9.0,34717.0,7.092000000000001,417221036.0
-1.146331191062927,5.033395290374756,-0.4516410529613495,21.0,10.0,34717.0,5.182,417221038.0
-1.570861220359802,6.903017520904541,1.37611448764801,3.0,11.0,34718.0,7.212,417221041.0
-1.723935842514038,7.581806659698486,-0.4074877500534058,2.0,12.0,34719.0,7.786,417221043.0
-1.633705854415894,7.190783023834229,1.702429533004761,13.0,13.0,34720.0,7.568000000000001,417221045.0
-1.782266616821289,7.851017951965332,-0.1405267715454102,11.0,14.0,34721.0,8.052,417221048.0
-1.636716842651367,7.215693950653076,1.982553839683533,16.0,15.0,34722.0,7.66,417221050.0
-1.185009241104126,5.254024505615234,-1.443174958229065,9.0,0.0,34729.0,5.576000000000001,417221071.0
-2.268027544021606,10.06403255462646,0.1800739318132401,19.0,1.0,34730.0,10.318,417221073.0
-1.098910450935364,4.880221366882324,-1.154898762702942,47.0,2.0,34731.0,5.134,417221075.0
-1.833974003791809,8.144612312316895,0.4375285804271698,5.0,3.0,34731.0,8.36,417221078.0
-1.103220343589783,4.903354644775391,-0.9769420623779297,44.0,4.0,34732.0,5.12,417221080.0
-2.178452491760254,9.690210342407227,0.8689427375793457,6.0,5.0,34733.0,9.97,417221082.0
-1.111773610115051,4.949437141418457,-0.803447425365448,43.0,6.0,34734.0,5.136,417221084.0
-1.531970620155334,6.825657367706299,0.8589351177215576,5.0,7.0,34735.0,7.048,417221087.0
-1.119414925575256,4.991602897644043,-0.6281145811080933,30.0,8.0,34736.0,5.154,417221089.0
-1.574796438217163,7.027946949005127,1.140720129013062,4.0,9.0,34737.0,7.292,417221091.0
-1.132239580154419,5.052919387817383,-0.4530355632305145,21.0,10.0,34737.0,5.198,417221094.0
-1.551902890205383,6.931448459625244,1.380693912506104,3.0,11.0,34738.0,7.236,417221096.0
-1.698331952095032,7.591676235198975,-0.4076971113681793,22.0,12.0,34739.0,7.79,417221098.0
-1.611145973205566,7.207852840423584,1.705129027366638,16.0,13.0,34740.0,7.58,417221101.0
-1.757029891014099,7.866949558258057,-0.1407012939453125,8.0,14.0,34741.0,8.062,417221103.0
-1.626675724983215,7.283299922943115,1.999635934829712,17.0,15.0,34741.0,7.726,417221105.0
-1.161222100257874,5.233611106872559,-1.436445713043213,9.0,0.0,34749.0,5.55,417221126.0
-2.238077640533447,10.09531593322754,0.1804927885532379,16.0,1.0,34750.0,10.342,417221128.0
-1.084397315979004,4.895443439483643,-1.15759813785553,47.0,2.0,34751.0,5.146,417221130.0
-1.810716152191162,8.17436408996582,0.438784658908844,12.0,3.0,34751.0,8.384,417221133.0
-1.088219046592712,4.916760444641113,-0.9788501262664795,42.0,4.0,34752.0,5.13,417221135.0
-1.099604487419128,4.976433753967285,-0.8072018623352051,45.0,6.0,34754.0,5.16,417221140.0
-1.511130928993225,6.844532489776611,0.8606413006782532,7.0,7.0,34755.0,7.062,417221142.0
-1.103694677352905,5.003233909606934,-0.6290895342826843,28.0,8.0,34756.0,5.162,417221144.0
-1.448208332061768,6.570423603057861,1.065631628036499,3.0,9.0,34757.0,6.812,417221147.0
-1.115452408790588,5.060732364654541,-0.4533841609954834,21.0,10.0,34757.0,5.202,417221149.0
-1.569923162460327,7.128554344177246,1.418855667114258,3.0,11.0,34758.0,7.436,417221151.0
-1.673538684844971,7.605360984802246,-0.4081157743930817,16.0,12.0,34759.0,7.798,417221154.0
-1.591834545135498,7.240078926086426,1.711427569389343,16.0,13.0,34760.0,7.608000000000001,417221156.0
-1.732132792472839,7.884753227233887,-0.140910729765892,8.0,14.0,34761.0,8.074,417221158.0
-1.60248589515686,7.294594287872314,2.0011887550354,18.0,15.0,34761.0,7.732,417221160.0
-1.132649421691895,5.190446853637695,-1.423504710197449,11.0,0.0,34769.0,5.5,417221181.0
-2.204954624176025,10.11283493041992,0.1806673109531403,28.0,1.0,34770.0,10.352,417221183.0
-1.070620894432068,4.914431571960449,-1.161197304725647,47.0,2.0,34771.0,5.162,417221186.0
-1.786265850067139,8.206315994262695,0.4401454031467438,14.0,3.0,34772.0,8.41,417221188.0
-1.075225353240967,4.939712047576904,-0.9826663136482239,41.0,4.0,34772.0,5.15,417221190.0
-2.115407228469849,9.726598739624023,0.8708601593971252,31.0,5.0,34773.0,9.992,417221193.0
-1.083904623985291,4.987963199615479,-0.8084533214569092,46.0,6.0,34774.0,5.168,417221195.0
-1.498602032661438,6.902142524719238,0.867222249507904,3.0,7.0,34775.0,7.116000000000001,417221197.0
-1.090431928634644,5.026455402374268,-0.6315269470214844,30.0,8.0,34776.0,5.182,417221200.0
-1.419292569160461,6.54237174987793,1.060312747955322,6.0,9.0,34776.0,6.778,417221202.0
-1.099468588829041,5.072383880615234,-0.4540814161300659,20.0,10.0,34777.0,5.21,417221204.0
-1.531732559204102,7.072590351104736,1.406643867492676,3.0,11.0,34778.0,7.372,417221207.0
-1.652049660682678,7.634581089019775,-0.4093718528747559,16.0,12.0,34779.0,7.822,417221209.0
-1.569846868515015,7.260828971862793,1.71502685546875,14.0,13.0,34780.0,7.624000000000001,417221211.0
-1.70966625213623,7.914206981658936,-0.1413295865058899,8.0,14.0,34781.0,8.098,417221213.0
-1.575739145278931,7.300418853759766,2.0011887550354,15.0,15.0,34782.0,7.732,417221216.0
-1.110471725463867,5.175480365753174,-1.418328404426575,13.0,0.0,34789.0,5.48,417221236.0
-2.172155857086182,10.1322021484375,0.1808767467737198,26.0,1.0,34790.0,10.364,417221239.0
-1.05427610874176,4.921949863433838,-1.162097096443176,47.0,2.0,34791.0,5.166,417221241.0
-1.759461164474487,8.214147567749023,0.4402500689029694,12.0,3.0,34791.0,8.412,417221243.0
-1.061262845993042,4.958793640136719,-0.9857192635536194,42.0,4.0,34792.0,5.166,417221246.0
-2.082275390625,9.73781967163086,0.8712087869644165,30.0,5.0,34793.0,9.996,417221248.0
-1.067312240600586,4.995580196380615,-0.8090790510177612,43.0,6.0,34794.0,5.172,417221250.0
-1.478644132614136,6.926745414733887,0.8696596622467041,3.0,7.0,34795.0,7.136,417221253.0
-1.076192259788513,5.045762538909912,-0.6334768533706665,30.0,8.0,34796.0,5.198,417221255.0
-1.399832844734192,6.568781852722168,1.063754320144653,4.0,9.0,34797.0,6.8,417221257.0
-1.085078001022339,5.091780185699463,-0.455475926399231,20.0,10.0,34797.0,5.226,417221260.0
-1.500902414321899,7.04909086227417,1.400919675827026,5.0,11.0,34798.0,7.342000000000001,417221262.0
-1.631208300590515,7.667651176452637,-0.4108372628688812,12.0,12.0,34799.0,7.850000000000001,417221264.0
-1.55097484588623,7.29676342010498,1.722225308418274,14.0,13.0,34800.0,7.656000000000001,417221266.0
-1.686184287071228,7.939687252044678,-0.1416786313056946,8.0,14.0,34801.0,8.118,417221269.0
-1.544231414794922,7.277527809143066,1.993424296379089,14.0,15.0,34802.0,7.702,417221271.0
-1.087216258049011,5.154751777648926,-1.411599040031433,11.0,0.0,34809.0,5.454,417221292.0
-2.139248847961426,10.15146255493164,0.1810861676931381,16.0,1.0,34810.0,10.376,417221294.0
-1.038694858551025,4.9332275390625,-1.163896799087524,47.0,2.0,34811.0,5.174,417221296.0
-1.725839734077454,8.196785926818848,0.4389939904212952,12.0,3.0,34811.0,8.388,417221299.0
-1.048796892166138,4.985522270202637,-0.9902986884117126,42.0,4.0,34812.0,5.19,417221301.0
-2.055238246917725,9.778175354003906,0.8741720914840698,33.0,5.0,34813.0,10.03,417221303.0
-1.053115725517273,5.014740943908691,-0.8115820288658142,46.0,6.0,34814.0,5.188,417221306.0
-2.010068416595459,9.579883575439453,1.201875448226929,3.0,7.0,34815.0,9.862,417221308.0
-1.06020188331604,5.057260036468506,-0.6344518065452576,28.0,8.0,34816.0,5.206,417221310.0
-1.758219838142395,8.386869430541992,1.35722541809082,8.0,9.0,34816.0,8.676,417221313.0
-1.070157051086426,5.109187126159668,-0.456696093082428,18.0,10.0,34817.0,5.24,417221315.0
-1.480308890342712,7.073503017425537,1.404735803604126,7.0,11.0,34818.0,7.362,417221317.0
-1.60688591003418,7.685028076171875,-0.4114652872085571,8.0,12.0,34819.0,7.862,417221319.0
-1.524299502372742,7.296410083770752,1.72087562084198,13.0,13.0,34820.0,7.65,417221322.0
-1.661728024482727,7.961184978485107,-0.1419578790664673,8.0,14.0,34821.0,8.134,417221324.0
-1.525917768478394,7.316915035247803,2.002741813659668,17.0,15.0,34822.0,7.738,417221326.0
-1.064903259277344,5.137707233428955,-1.40590500831604,11.0,0.0,34829.0,5.432,417221347.0
-2.103394985198975,10.15690994262695,0.1810512691736221,28.0,1.0,34830.0,10.374,417221349.0
-1.024627089500427,4.952089786529541,-1.167495965957642,45.0,2.0,34831.0,5.19,417221352.0
-1.702882528305054,8.230142593383789,0.4404594004154205,14.0,3.0,34831.0,8.416,417221354.0
-1.030592918395996,4.985307693481445,-0.9895354509353638,42.0,4.0,34832.0,5.186,417221356.0
-2.022705554962158,9.793094635009766,0.8748693466186523,37.0,5.0,34833.0,10.038,417221359.0
-1.039197683334351,5.035798072814941,-0.8143978118896484,48.0,6.0,34834.0,5.206,417221361.0
-1.962185263633728,9.516850471496582,1.193100929260254,3.0,7.0,34835.0,9.790000000000001,417221363.0
-1.04414439201355,5.06870698928833,-0.6354267597198486,28.0,8.0,34836.0,5.214,417221366.0
-1.728136420249939,8.38908576965332,1.356599688529968,12.0,9.0,34836.0,8.672,417221368.0
-1.055127620697021,5.126552104949951,-0.457916259765625,21.0,10.0,34837.0,5.254,417221370.0
-1.581256151199341,7.696459770202637,-0.4117793142795563,4.0,12.0,34839.0,7.868,417221375.0
-1.505090475082397,7.332229137420654,1.728073954582214,11.0,13.0,34840.0,7.682,417221377.0
-1.637945771217346,7.986526012420654,-0.142306923866272,6.0,14.0,34841.0,8.154,417221379.0
-1.504245638847351,7.341122150421143,2.007918119430542,14.0,15.0,34842.0,7.758,417221382.0
-1.042844533920288,5.116602420806885,-1.399175763130188,13.0,0.0,34848.0,5.406,417221402.0
-2.07967734336853,10.21281623840332,0.1819238811731339,19.0,1.0,34849.0,10.424,417221405.0
-1.010530829429626,4.966917991638184,-1.170195341110229,42.0,2.0,34850.0,5.202,417221407.0
-1.683544874191284,8.274887084960938,0.4425528347492218,12.0,3.0,34850.0,8.456,417221409.0
-1.016401767730713,5.000241279602051,-0.9918251633644104,41.0,4.0,34851.0,5.198,417221412.0
-1.998546600341797,9.840751647949219,0.8785299062728882,36.0,5.0,34852.0,10.08,417221414.0
-1.025242328643799,5.052767753601074,-0.8165879249572754,45.0,6.0,34853.0,5.22,417221416.0
-1.931009888648987,9.525250434875488,1.193344593048096,3.0,7.0,34854.0,9.792,417221418.0
-1.031270861625671,5.091597557067871,-0.6378641724586487,28.0,8.0,34855.0,5.234,417221421.0
-1.699915528297424,8.392834663391113,1.356286764144897,17.0,9.0,34855.0,8.67,417221423.0
-1.04009747505188,5.139786720275879,-0.4587878286838531,20.0,10.0,34856.0,5.264,417221425.0
-1.564029693603516,7.742773056030273,-0.4139774143695831,4.0,12.0,34858.0,7.91,417221430.0
-1.484622836112976,7.356282234191895,1.73257303237915,9.0,13.0,34859.0,7.702,417221432.0
-1.608290433883667,7.976232051849365,-0.1420276910066605,8.0,14.0,34860.0,8.138,417221435.0
-1.48575758934021,7.368536472320557,2.014129877090454,16.0,15.0,34860.0,7.782,417221437.0
-1.020048379898071,5.095585823059082,-1.392446517944336,13.0,0.0,34868.0,5.38,417221458.0
-2.044407367706299,10.22197437286377,0.181958794593811,19.0,1.0,34869.0,10.426,417221460.0
-0.9954780340194702,4.981880664825439,-1.172894835472107,45.0,2.0,34870.0,5.214,417221462.0
-1.666390538215637,8.339469909667969,0.4456930160522461,10.0,3.0,34870.0,8.516,417221465.0
-1.001247644424438,5.015310287475586,-0.994114875793457,38.0,4.0,34871.0,5.21,417221467.0
-1.965742707252502,9.855484008789062,0.8792271614074707,37.0,5.0,34872.0,10.088,417221469.0
-1.011459231376648,5.07568883895874,-0.8197165727615356,45.0,6.0,34873.0,5.24,417221471.0
-1.889996528625488,9.492995262145996,1.188469886779785,3.0,7.0,34874.0,9.752,417221474.0
-1.013491630554199,5.095166206359863,-0.6378641724586487,28.0,8.0,34875.0,5.234,417221476.0
-1.674847841262817,8.420028686523438,1.359728336334229,23.0,9.0,34875.0,8.692,417221478.0
-1.022538304328918,5.145339965820312,-0.4589621424674988,21.0,10.0,34876.0,5.266,417221481.0
-1.637178897857666,8.245696067810059,1.634088277816772,20.0,11.0,34877.0,8.564,417221483.0
-1.538547396659851,7.756021499633789,-0.4143961071968079,4.0,12.0,34878.0,7.918,417221485.0
-1.458556771278381,7.359508037567139,1.732123136520386,4.0,13.0,34879.0,7.7,417221488.0
-1.578884720802307,7.973950862884521,-0.1418880671262741,13.0,14.0,34880.0,8.13,417221490.0
-2.220914602279663,11.22672271728516,3.066488027572632,5.0,15.0,34881.0,11.848,417221492.0
-0.9981567859649658,5.078263759613037,-1.386752486228943,13.0,0.0,34888.0,5.358000000000001,417221513.0
-2.007172346115112,10.22119998931885,0.1818191707134247,30.0,1.0,34889.0,10.418,417221515.0
-0.9788323044776917,4.989150047302246,-1.173794627189636,45.0,2.0,34890.0,5.218,417221518.0
-1.646570444107056,8.400400161743164,0.4486238062381744,5.0,3.0,34891.0,8.572000000000001,417221520.0
-0.986755907535553,5.034187793731689,-0.9971678256988525,39.0,4.0,34891.0,5.226,417221522.0
-1.935157537460327,9.881837844848633,0.8809702396392822,36.0,5.0,34892.0,10.108,417221524.0
-0.9922184348106384,5.071434020996094,-0.8184651136398315,46.0,6.0,34893.0,5.232,417221527.0
-1.858752369880676,9.509275436401367,1.189688563346863,5.0,7.0,34894.0,9.762,417221529.0
-1.000265717506409,5.122052669525146,-0.6407890319824219,28.0,8.0,34895.0,5.258,417221531.0
-1.648853778839111,8.443272590637207,1.362544178962708,19.0,9.0,34895.0,8.71,417221534.0
-1.008005261421204,5.166477680206299,-0.4605309367179871,22.0,10.0,34896.0,5.284,417221536.0
-1.610264182090759,8.260994911193848,1.635996341705322,30.0,11.0,34897.0,8.574,417221538.0
-1.506883025169373,7.737819671630859,-0.4131400287151337,4.0,12.0,34898.0,7.894,417221541.0
-1.435463547706604,7.377944946289062,1.735272407531738,3.0,13.0,34899.0,7.714,417221543.0
-1.565158605575562,8.052042961120605,-0.1431795358657837,6.0,14.0,34900.0,8.204,417221545.0
-2.172983407974243,11.17903137207031,3.05147647857666,6.0,15.0,34900.0,11.79,417221548.0
-0.9771305322647095,5.064645290374756,-1.382093667984009,13.0,0.0,34908.0,5.34,417221568.0
-1.980564832687378,10.27526950836182,0.1826568841934204,21.0,1.0,34909.0,10.466,417221571.0
-0.9628849625587463,5.000190734863281,-1.175594210624695,42.0,2.0,34910.0,5.226,417221573.0
-1.620256185531616,8.42178726196289,0.4494611918926239,7.0,3.0,34911.0,8.588000000000001,417221575.0
-0.9714027643203735,5.049168586730957,-0.9994575381278992,41.0,4.0,34911.0,5.238,417221577.0
-1.904412388801575,9.908098220825195,0.8827133774757385,39.0,5.0,34912.0,10.128,417221580.0
-0.9782350063323975,5.094265937805176,-0.8215938210487366,43.0,6.0,34913.0,5.252,417221582.0
-1.822555422782898,9.500109672546387,1.187738656997681,7.0,7.0,34914.0,9.746,417221584.0
-0.9842486381530762,5.135261058807373,-0.6420077085494995,28.0,8.0,34915.0,5.268,417221587.0
-1.621240139007568,8.466720581054688,1.365360021591187,31.0,9.0,34916.0,8.728,417221589.0
-0.9929623007774353,5.185619831085205,-0.4619254469871521,22.0,10.0,34916.0,5.3,417221591.0
-1.58326244354248,8.276206970214844,1.637904405593872,48.0,11.0,34917.0,8.584,417221594.0
-1.478739023208618,7.737147331237793,-0.4128260314464569,6.0,12.0,34918.0,7.888,417221596.0
-1.412259459495544,7.396309852600098,1.73842179775238,4.0,13.0,34919.0,7.728,417221598.0
-1.544161558151245,8.094778060913086,-0.1438427269458771,9.0,14.0,34920.0,8.242,417221601.0
-2.105594396591187,11.04838848114014,3.013689041137695,9.0,15.0,34921.0,11.644,417221603.0
-0.9536961913108826,5.037655353546143,-1.373811483383179,13.0,0.0,34928.0,5.308,417221624.0
-1.944313764572144,10.28015518188477,0.1826219856739044,19.0,1.0,34929.0,10.464,417221626.0
-0.949043333530426,5.022669792175293,-1.180093288421631,47.0,2.0,34930.0,5.246,417221628.0
-1.580845832824707,8.374401092529297,0.4466350376605988,10.0,3.0,34931.0,8.534,417221630.0
-0.9537719488143921,5.052528858184814,-0.9994575381278992,41.0,4.0,34931.0,5.238,417221633.0
-1.875722885131836,9.946011543273926,0.8855023384094238,43.0,5.0,34932.0,10.16,417221635.0
-0.962641179561615,5.109296798706055,-0.8234710097312927,43.0,6.0,34933.0,5.264,417221637.0
-1.789749979972839,9.5083646774292,1.187982320785522,10.0,7.0,34934.0,9.748,417221640.0
-0.9681515097618103,5.148419857025146,-0.6432263851165771,28.0,8.0,34935.0,5.278,417221642.0
-1.594979882240295,8.481757164001465,1.366924405097961,38.0,9.0,34935.0,8.738,417221644.0
-0.9789016842842102,5.210593700408936,-0.4638428688049316,21.0,10.0,34936.0,5.322,417221647.0
-1.555449962615967,8.287471771240234,1.639049291610718,43.0,11.0,34937.0,8.59,417221649.0
-1.457979798316956,7.775633811950684,-0.414605438709259,11.0,12.0,34938.0,7.922000000000001,417221651.0
-1.403655648231506,7.493134498596191,1.760017037391663,8.0,13.0,34939.0,7.824,417221654.0
-1.519942402839661,8.121740341186523,-0.1442266851663589,9.0,14.0,34940.0,8.264,417221656.0
-2.056507110595703,10.98884868621826,2.995571613311768,5.0,15.0,34940.0,11.574,417221658.0
-0.9354002475738525,5.037154674530029,-1.37277626991272,13.0,0.0,34948.0,5.304,417221679.0
-1.912065148353577,10.30654048919678,0.1829710304737091,28.0,1.0,34949.0,10.484,417221681.0
-0.936832070350647,5.054693698883057,-1.186841726303101,47.0,2.0,34950.0,5.276,417221683.0
-1.870142936706543,10.10022640228271,0.5383276343345642,37.0,3.0,34951.0,10.286,417221686.0
-0.939346432685852,5.073201179504395,-1.002892136573792,44.0,4.0,34951.0,5.256,417221688.0
-1.840993404388428,9.952498435974121,0.8855023384094238,43.0,5.0,34952.0,10.16,417221690.0
-0.9473133087158203,5.126223087310791,-0.8256611227989197,42.0,6.0,34953.0,5.278,417221693.0
-1.760512948036194,9.536026954650879,1.190663456916809,12.0,7.0,34954.0,9.77,417221695.0
-0.9526946544647217,5.165432929992676,-0.6449325680732727,29.0,8.0,34955.0,5.292,417221697.0
-1.558870673179626,8.460348129272461,1.362544178962708,16.0,9.0,34956.0,8.71,417221700.0
-0.9625124931335449,5.223775863647461,-0.4647144079208374,23.0,10.0,34956.0,5.332,417221702.0
-1.528288841247559,8.302505493164062,1.640957355499268,36.0,11.0,34957.0,8.6,417221704.0
-1.446000456809998,7.863177299499512,-0.4190016686916351,11.0,12.0,34958.0,8.006,417221706.0
-1.391575932502747,7.574655055999756,1.778013110160828,11.0,13.0,34959.0,7.904,417221709.0
-1.495192885398865,8.146665573120117,-0.1445757299661636,9.0,14.0,34960.0,8.284,417221711.0
-1.992874145507812,10.8690013885498,2.96088981628418,11.0,15.0,34961.0,11.44,417221713.0
-0.9375383257865906,5.148723125457764,-1.402281641960144,6.0,0.0,34968.0,5.418,417221734.0
-1.880013704299927,10.33479404449463,0.183354988694191,26.0,1.0,34969.0,10.506,417221736.0
-0.9205759763717651,5.06560230255127,-1.188641428947449,42.0,2.0,34970.0,5.284,417221739.0
-1.839513182640076,10.13223934173584,0.5396884083747864,33.0,3.0,34971.0,10.312,417221741.0
-0.9251389503479004,5.095766067504883,-1.006708264350891,44.0,4.0,34971.0,5.276,417221743.0
-1.811574935913086,9.98827075958252,0.8881170153617859,45.0,5.0,34972.0,10.19,417221746.0
-0.9311745762825012,5.139217376708984,-0.8272254467010498,43.0,6.0,34973.0,5.288,417221748.0
-1.732165336608887,9.56946086883545,1.1940758228302,15.0,7.0,34974.0,9.798,417221750.0
-0.9374840259552002,5.184354305267334,-0.6468824744224548,29.0,8.0,34975.0,5.308,417221753.0
-1.524127960205078,8.42853832244873,1.356599688529968,8.0,9.0,34975.0,8.672,417221755.0
-0.9456890225410461,5.234946250915527,-0.4654116630554199,24.0,10.0,34976.0,5.34,417221757.0
-1.488489508628845,8.247896194458008,1.629127144813538,12.0,11.0,34977.0,8.538,417221759.0
-1.456107258796692,8.07652759552002,-0.4300968945026398,7.0,12.0,34978.0,8.218,417221762.0
-1.364781618118286,7.577548503875732,1.777563214302063,14.0,13.0,34979.0,7.902,417221764.0
-1.478432416915894,8.216781616210938,-0.1457275897264481,14.0,14.0,34980.0,8.35,417221766.0
-1.943478345870972,10.80139827728271,2.940701961517334,8.0,15.0,34980.0,11.362,417221769.0
-0.9253308176994324,5.184295177459717,-1.411081433296204,6.0,0.0,34988.0,5.452,417221789.0
-1.484830021858215,8.327369689941406,0.147647351026535,7.0,1.0,34989.0,8.46,417221792.0
-0.9045968055725098,5.078377723693848,-1.190890908241272,49.0,2.0,34990.0,5.294,417221794.0
-1.807982921600342,10.16022872924805,0.5408397912979126,4.0,3.0,34991.0,10.334,417221796.0
-0.9083775877952576,5.104763031005859,-1.007853150367737,44.0,4.0,34991.0,5.282,417221799.0
-1.779836654663086,10.01218795776367,0.8896858096122742,42.0,5.0,34992.0,10.208,417221801.0
-0.9149566888809204,5.152161121368408,-0.8287897706031799,48.0,6.0,34993.0,5.298,417221803.0
-1.702218651771545,9.594995498657227,1.196513175964355,15.0,7.0,34994.0,9.818,417221806.0
-0.9242312908172607,5.214960098266602,-0.650294840335846,31.0,8.0,34995.0,5.336,417221808.0
-1.495291829109192,8.445738792419434,1.358476877212524,9.0,9.0,34996.0,8.684000000000001,417221810.0
-0.9315779805183411,5.261758327484131,-0.4675033986568451,24.0,10.0,34996.0,5.364,417221812.0
-1.451141715049744,8.204710006713867,1.619586706161499,14.0,11.0,34997.0,8.488,417221815.0
-1.442153930664062,8.162199020385742,-0.4343884289264679,6.0,12.0,34998.0,8.3,417221817.0
-1.325112223625183,7.50742244720459,1.760017037391663,14.0,13.0,34999.0,7.824,417221819.0
-1.890740633010864,10.72292327880859,-0.190056711435318,22.0,14.0,35000.0,10.89,417221822.0
-1.896168112754822,10.76469039916992,2.928796291351318,6.0,15.0,35001.0,11.316,417221824.0
-0.9003691077232361,5.137702465057373,-1.39762282371521,13.0,0.0,35006.0,5.4,417221845.0
-1.457971811294556,8.32805347442627,0.1475775539875031,7.0,1.0,35007.0,8.456,417221847.0
-0.8893096446990967,5.085033893585205,-1.191790699958801,47.0,2.0,35008.0,5.298,417221849.0
-1.475290656089783,8.444332122802734,0.4492518603801727,12.0,3.0,35009.0,8.584,417221852.0
-0.8967284560203552,5.132733345031738,-1.012814164161682,46.0,4.0,35009.0,5.308,417221854.0
-1.752484321594238,10.04128265380859,0.8917775750160217,40.0,5.0,35010.0,10.232,417221856.0
-0.9018197655677795,5.172524452209473,-0.8316056132316589,48.0,6.0,35011.0,5.316,417221859.0
-1.674451112747192,9.613985061645508,1.198219418525696,15.0,7.0,35012.0,9.832,417221861.0
-0.9075031876564026,5.215882301330566,-0.6500510573387146,29.0,8.0,35013.0,5.334000000000001,417221863.0
-1.469210505485535,8.444299697875977,1.357538342475891,11.0,9.0,35013.0,8.678,417221865.0
-0.9164078831672668,5.272510528564453,-0.4682006537914276,23.0,10.0,35014.0,5.372,417221868.0
-1.423007845878601,8.195688247680664,1.616915464401245,12.0,11.0,35015.0,8.474,417221870.0
-1.427085638046265,8.227693557739258,-0.4376332759857178,11.0,12.0,35016.0,8.362,417221872.0
-1.296197295188904,7.480826377868652,1.752818584442139,14.0,13.0,35017.0,7.792,417221875.0
-1.858749628067017,10.73866176605225,-0.1902312338352203,36.0,14.0,35018.0,10.9,417221877.0
-1.855983257293701,10.72268009185791,2.915855407714844,3.0,15.0,35018.0,11.266,417221879.0
-0.8778541088104248,5.114157676696777,-1.390375852584839,16.0,0.0,35026.0,5.372,417221900.0
-1.802337765693665,10.51097011566162,0.1861473619937897,19.0,1.0,35027.0,10.666,417221902.0
-0.8748442530632019,5.107314586639404,-1.196289658546448,52.0,2.0,35028.0,5.318000000000001,417221905.0
-1.449847817420959,8.473053932189941,0.4505079090595245,14.0,3.0,35029.0,8.608,417221907.0
-0.8794686794281006,5.139702320098877,-1.013577342033386,46.0,4.0,35029.0,5.312,417221909.0
-1.72346556186676,10.08268928527832,0.8949151635169983,40.0,5.0,35030.0,10.268,417221912.0
-0.8864187598228455,5.191218376159668,-0.8341085910797119,49.0,6.0,35031.0,5.332,417221914.0
-1.645888566970825,9.649124145507812,1.201875448226929,14.0,7.0,35032.0,9.862,417221916.0
-0.8909580707550049,5.228802680969238,-0.651269793510437,31.0,8.0,35033.0,5.344,417221918.0
-1.438250780105591,8.449627876281738,1.357538342475891,16.0,9.0,35034.0,8.678,417221921.0
-0.9013410210609436,5.295318603515625,-0.4699437618255615,24.0,10.0,35034.0,5.392,417221923.0
-1.408213019371033,8.281895637512207,1.632943391799927,34.0,11.0,35035.0,8.558,417221925.0
-1.919772505760193,11.30238437652588,-0.6008167862892151,7.0,12.0,35036.0,11.48,417221928.0
-1.267142415046692,7.468013763427734,1.748769521713257,19.0,13.0,35037.0,7.774,417221930.0
-1.820585012435913,10.7411413192749,-0.1901614218950272,13.0,14.0,35038.0,10.896,417221932.0
-1.826990365982056,10.79036235809326,2.932419776916504,7.0,15.0,35039.0,11.33,417221935.0
-0.8577557802200317,5.103855133056641,-1.386752486228943,22.0,0.0,35046.0,5.358000000000001,417221955.0
-1.772589325904846,10.5586109161377,0.1868803650140762,19.0,1.0,35047.0,10.708,417221958.0
-0.8595895171165466,5.125712394714355,-1.199888944625854,52.0,2.0,35048.0,5.334000000000001,417221960.0
-1.425542235374451,8.509580612182617,0.4521826505661011,15.0,3.0,35049.0,8.64,417221962.0
-0.8628199100494385,5.150485992431641,-1.015103816986084,45.0,4.0,35049.0,5.32,417221965.0
-1.688917636871338,10.09257411956787,0.8952637910842896,39.0,5.0,35050.0,10.272,417221967.0
-0.8705724477767944,5.207919597625732,-0.8362986445426941,46.0,6.0,35051.0,5.346,417221969.0
-1.61644721031189,9.680264472961426,1.205044031143188,15.0,7.0,35052.0,9.888,417221971.0
-0.876293420791626,5.253419399261475,-0.6539508700370789,31.0,8.0,35053.0,5.366000000000001,417221974.0
-1.414122939109802,8.477731704711914,1.361292719841003,20.0,9.0,35053.0,8.702,417221976.0
-0.8835063576698303,5.302363395690918,-0.4702923893928528,23.0,10.0,35054.0,5.396,417221978.0
-1.37961757183075,8.288697242736816,1.633324980735779,34.0,11.0,35055.0,8.56,417221981.0
-1.882928729057312,11.32477855682373,-0.6016541719436646,11.0,12.0,35056.0,11.496,417221983.0
-1.246175050735474,7.50314998626709,1.755967974662781,26.0,13.0,35057.0,7.806,417221985.0
-1.785698652267456,10.76321315765381,-0.1904406547546387,22.0,14.0,35058.0,10.912,417221988.0
-1.799419045448303,10.84591197967529,2.945878267288208,4.0,15.0,35058.0,11.382,417221990.0
-0.8454793691635132,5.151758193969727,-1.20528769493103,52.0,2.0,35068.0,5.358000000000001,417222015.0
-1.39615273475647,8.516475677490234,0.452287346124649,15.0,3.0,35069.0,8.642,417222018.0
-0.8476945757865906,5.170902729034424,-1.018538475036621,44.0,4.0,35069.0,5.338,417222020.0
-1.655609488487244,10.11020469665527,0.8963096737861633,36.0,5.0,35070.0,10.284,417222022.0
-0.8527069687843323,5.212875843048096,-0.8366115093231201,48.0,6.0,35071.0,5.348,417222024.0
-1.588088870048523,9.719152450561523,1.209187626838684,15.0,7.0,35072.0,9.922,417222027.0
-0.860508382320404,5.272119522094727,-0.6559008359909058,29.0,8.0,35073.0,5.382,417222029.0
-1.385476231575012,8.488465309143066,1.362231373786926,17.0,9.0,35073.0,8.708,417222031.0
-0.8665953278541565,5.315247058868408,-0.4711639583110809,23.0,10.0,35074.0,5.406,417222034.0
-1.351938486099243,8.301213264465332,1.634851455688477,45.0,11.0,35075.0,8.568,417222036.0
-1.846593379974365,11.35099601745605,-0.6027008891105652,5.0,12.0,35076.0,11.516,417222038.0
-1.224040031433105,7.532459735870361,1.761816620826721,24.0,13.0,35077.0,7.832,417222041.0
-1.751000761985779,10.78714561462402,-0.1907548010349274,20.0,14.0,35078.0,10.93,417222043.0
-1.774239659309387,10.93031024932861,2.967101573944092,3.0,15.0,35078.0,11.464,417222045.0
-1.011135220527649,6.284629821777344,-1.705617547035217,17.0,0.0,35086.0,6.59,417222066.0
-1.681699395179749,10.46411323547363,0.1849955022335052,21.0,1.0,35087.0,10.6,417222068.0
-0.8281089663505554,5.158525943756104,-1.206187605857849,54.0,2.0,35088.0,5.362,417222071.0
-1.370843291282654,8.548906326293945,0.453752726316452,14.0,3.0,35089.0,8.67,417222073.0
-0.8333696722984314,5.197092533111572,-1.023117780685425,44.0,4.0,35089.0,5.362,417222075.0
-1.624089598655701,10.13953018188477,0.8984013795852661,39.0,5.0,35090.0,10.308,417222077.0
-0.8363779783248901,5.227524280548096,-0.838488757610321,44.0,6.0,35091.0,5.36,417222080.0
-1.558538794517517,9.752079963684082,1.212599992752075,19.0,7.0,35092.0,9.950000000000001,417222082.0
-0.8464810848236084,5.302535057067871,-0.6593131422996521,31.0,8.0,35093.0,5.41,417222084.0
-1.361509442329407,8.538352966308594,1.36942732334137,16.0,9.0,35094.0,8.754,417222087.0
-0.8505462408065796,5.333980083465576,-0.4725584387779236,23.0,10.0,35094.0,5.422,417222089.0
-1.322335958480835,8.30200481414795,1.634088277816772,50.0,11.0,35095.0,8.564,417222091.0
-1.807901263237,11.36328983306885,-0.6030148863792419,9.0,12.0,35096.0,11.522,417222094.0
-1.201103925704956,7.557857036590576,1.766765594482422,24.0,13.0,35097.0,7.854,417222096.0
-1.715844035148621,10.80899143218994,-0.1910340338945389,20.0,14.0,35098.0,10.946,417222098.0
-1.218160033226013,7.673821926116943,2.081940412521362,3.0,15.0,35098.0,8.044,417222100.0
-0.9846884608268738,6.259495735168457,-1.697852969169617,17.0,0.0,35106.0,6.56,417222121.0
-1.646093845367432,10.47584629058838,0.1851002275943756,19.0,1.0,35107.0,10.606,417222124.0
-0.8119102716445923,5.17293643951416,-1.208886981010437,51.0,2.0,35108.0,5.374000000000001,417222126.0
-1.616307258605957,10.30974960327148,0.5469107627868652,42.0,3.0,35109.0,10.45,417222128.0
-0.8170478343963623,5.211606979370117,-1.025407552719116,42.0,4.0,35109.0,5.374000000000001,417222130.0
-1.593618035316467,10.17663192749023,0.9011904001235962,42.0,5.0,35110.0,10.34,417222133.0
-0.8211780786514282,5.24992847442627,-0.8416174054145813,44.0,6.0,35111.0,5.38,417222135.0
-1.524488210678101,9.757460594177246,1.212599992752075,29.0,7.0,35112.0,9.950000000000001,417222137.0
-0.8279666304588318,5.30545711517334,-0.6593131422996521,31.0,8.0,35113.0,5.41,417222140.0
-1.333522200584412,8.554764747619629,1.371304512023926,16.0,9.0,35114.0,8.766,417222142.0
-0.8356044292449951,5.36053991317749,-0.4746501743793488,23.0,10.0,35114.0,5.446,417222144.0
-1.29183828830719,8.296870231628418,1.632180094718933,51.0,11.0,35115.0,8.554,417222147.0
-1.768531918525696,11.37150478363037,-0.6031195521354675,8.0,12.0,35116.0,11.524,417222149.0
-1.178005218505859,7.58318567276001,1.771714448928833,22.0,13.0,35117.0,7.876,417222151.0
-1.681782484054565,10.83862781524658,-0.1914529055356979,18.0,14.0,35118.0,10.97,417222153.0
-1.722608327865601,11.11454200744629,3.013689041137695,2.0,15.0,35119.0,11.644,417222156.0
-0.9625391960144043,6.260985374450684,-1.697335243225098,26.0,0.0,35126.0,6.558,417222177.0
-1.612854838371277,10.50327014923096,0.1854841709136963,26.0,1.0,35127.0,10.628,417222179.0
-0.7962119579315186,5.19114875793457,-1.212486147880554,54.0,2.0,35128.0,5.39,417222181.0
-1.582426905632019,10.3291482925415,0.5476434230804443,42.0,3.0,35129.0,10.464,417222183.0
-0.8006347417831421,5.226070880889893,-1.027697205543518,42.0,4.0,35129.0,5.386,417222186.0
-1.561400294303894,10.20379638671875,0.9031078219413757,45.0,5.0,35130.0,10.362,417222188.0
-0.8070257902145386,5.280100345611572,-0.8459975719451904,48.0,6.0,35131.0,5.408,417222190.0
-1.489819884300232,9.758797645568848,1.212112545967102,31.0,7.0,35132.0,9.946,417222193.0
-0.8124344944953918,5.327939033508301,-0.6617505550384521,31.0,8.0,35133.0,5.43,417222195.0
-1.306924223899841,8.580848693847656,1.374746084213257,16.0,9.0,35134.0,8.788,417222197.0
-0.8195875287055969,5.38115119934082,-0.476218968629837,23.0,10.0,35134.0,5.464,417222200.0
-1.264050006866455,8.30909252166748,1.633706569671631,51.0,11.0,35135.0,8.562,417222202.0
-1.730927467346191,11.39143085479736,-0.6038522720336914,13.0,12.0,35136.0,11.538,417222204.0
-1.154744386672974,7.608445167541504,1.776663422584534,22.0,13.0,35137.0,7.898000000000001,417222206.0
-1.643338918685913,10.84047794342041,-0.1913830935955048,20.0,14.0,35138.0,10.966,417222209.0
-1.171506524085999,7.727980136871338,2.094363689422607,3.0,15.0,35138.0,8.092,417222211.0
-0.9349408149719238,6.22609806060791,-1.68698251247406,24.0,0.0,35146.0,6.518,417222232.0
-1.581224203109741,10.54245471954346,0.1860775500535965,23.0,1.0,35147.0,10.662,417222234.0
-0.78155118227005,5.217022895812988,-1.21788501739502,54.0,2.0,35148.0,5.414,417222236.0
-1.551090717315674,10.36621379852295,0.5493181943893433,61.0,3.0,35149.0,10.496,417222239.0
-0.7829685211181641,5.232717037200928,-1.028460502624512,44.0,4.0,35149.0,5.39,417222241.0
-1.529895782470703,10.23677158355713,0.9055481553077698,48.0,5.0,35150.0,10.39,417222243.0
-0.7894648313522339,5.288746356964111,-0.8469361662864685,46.0,6.0,35151.0,5.414,417222246.0
-1.453697085380554,9.750195503234863,1.210406303405762,16.0,7.0,35152.0,9.932,417222248.0
-0.7961706519126892,5.346450328826904,-0.6637004613876343,31.0,8.0,35153.0,5.446,417222250.0
-1.280741453170776,8.610758781433105,1.37881338596344,19.0,9.0,35154.0,8.814,417222253.0
-0.8013850450515747,5.38792085647583,-0.4765675961971283,24.0,10.0,35154.0,5.468,417222255.0
-1.233884215354919,8.305686950683594,1.632180094718933,49.0,11.0,35155.0,8.554,417222257.0
-1.697309374809265,11.43889141082764,-0.6060503721237183,5.0,12.0,35156.0,11.58,417222259.0
-1.131321430206299,7.633634090423584,1.781612396240234,22.0,13.0,35157.0,7.92,417222262.0
-1.607245445251465,10.85801696777344,-0.1915925145149231,23.0,14.0,35158.0,10.978,417222264.0
-1.148766875267029,7.760687828063965,2.102128267288208,3.0,15.0,35158.0,8.122,417222266.0
-0.9095592498779297,6.204475402832031,-1.680253267288208,19.0,0.0,35166.0,6.492,417222287.0
-1.547021865844727,10.56571769714355,0.1863916963338852,30.0,1.0,35167.0,10.68,417222289.0
-0.7644635438919067,5.227432250976562,-1.219684600830078,51.0,2.0,35168.0,5.422,417222292.0
-1.519596576690674,10.39106273651123,0.5503649115562439,59.0,3.0,35168.0,10.516,417222294.0
-0.7675356268882751,5.254844665527344,-1.032276630401611,41.0,4.0,35169.0,5.41,417222296.0
-1.49501633644104,10.24796485900879,0.906071126461029,47.0,5.0,35170.0,10.396,417222299.0
-0.7735621929168701,5.309062957763672,-0.8497520089149475,49.0,6.0,35171.0,5.432,417222301.0
-1.337321877479553,9.189462661743164,1.140209555625916,6.0,7.0,35172.0,9.356,417222303.0
-0.7792164087295532,5.360983371734619,-0.6651628613471985,29.0,8.0,35173.0,5.458,417222305.0
-1.257294535636902,8.650145530700684,1.384445071220398,20.0,9.0,35173.0,8.85,417222308.0
-0.7848626971244812,5.406458854675293,-0.4779621064662933,24.0,10.0,35174.0,5.484,417222310.0
-1.203194141387939,8.298285484313965,1.629890441894531,50.0,11.0,35175.0,8.542,417222312.0
-1.222274541854858,8.440253257751465,-0.4469490647315979,10.0,12.0,35176.0,8.540000000000001,417222315.0
-1.106063008308411,7.647180080413818,1.783861875534058,21.0,13.0,35177.0,7.930000000000001,417222317.0
-1.574194550514221,10.89720726013184,-0.1921858936548233,16.0,14.0,35178.0,11.012,417222319.0
-1.122774839401245,7.772298336029053,2.104198932647705,11.0,15.0,35178.0,8.13,417222322.0
-0.8835194706916809,6.177014350891113,-1.671971082687378,21.0,0.0,35186.0,6.46,417222342.0
-1.511827945709229,10.58293056488037,0.1866011321544647,21.0,1.0,35187.0,10.692,417222345.0
-0.7478632926940918,5.241644382476807,-1.222383975982666,47.0,2.0,35188.0,5.434,417222347.0
-1.484037160873413,10.41435813903809,0.551306962966919,56.0,3.0,35189.0,10.534,417222349.0
-0.7514038681983948,5.273040771484375,-1.035329580307007,41.0,4.0,35189.0,5.426,417222352.0
-1.463446140289307,10.28270816802979,0.9086858034133911,48.0,5.0,35190.0,10.426,417222354.0
-0.7575272917747498,5.329331874847412,-0.8525678515434265,50.0,6.0,35191.0,5.45,417222356.0
-1.304120421409607,9.186213493347168,1.139234662055969,7.0,7.0,35192.0,9.348,417222358.0
-0.7632850408554077,5.383325099945068,-0.6676002740859985,31.0,8.0,35193.0,5.478,417222361.0
-1.252447605133057,8.844414710998535,1.414793252944946,28.0,9.0,35194.0,9.044,417222363.0
-0.7687793970108032,5.428892612457275,-0.4797052145004272,24.0,10.0,35194.0,5.504,417222365.0
-1.154425501823425,8.162473678588867,1.602413892745972,15.0,11.0,35195.0,8.398,417222368.0
-1.195598483085632,8.464244842529297,-0.4479957818984985,11.0,12.0,35196.0,8.56,417222370.0
-1.08480703830719,7.689587116241455,1.79285991191864,24.0,13.0,35197.0,7.97,417222372.0
-1.539215564727783,10.92441749572754,-0.1925698518753052,23.0,14.0,35198.0,11.034,417222375.0
-1.095088005065918,7.782100677490234,2.105751752853394,14.0,15.0,35199.0,8.136000000000001,417222377.0
-0.8592902421951294,6.153124332427979,-1.664724111557007,16.0,0.0,35205.0,6.432,417222398.0
-1.480592608451843,10.61561298370361,0.1870898008346558,30.0,1.0,35206.0,10.72,417222400.0
-0.7320903539657593,5.255675792694092,-1.225083470344543,47.0,2.0,35207.0,5.446,417222402.0
-1.454067707061768,10.43875026702881,0.5523536801338196,56.0,3.0,35207.0,10.554,417222405.0
-0.7379714250564575,5.304671764373779,-1.041053891181946,46.0,4.0,35208.0,5.456,417222407.0
-1.434000611305237,10.32105350494385,0.9116490483283997,45.0,5.0,35209.0,10.46,417222409.0
-0.7420225143432617,5.34746789932251,-0.8550707697868347,45.0,6.0,35210.0,5.466,417222411.0
-1.272288203239441,9.180656433105469,1.138015985488892,7.0,7.0,35211.0,9.338000000000001,417222414.0
-0.7459734082221985,5.389759540557861,-0.6680877208709717,31.0,8.0,35212.0,5.482,417222416.0
-1.241774678230286,8.983536720275879,1.436381220817566,44.0,9.0,35213.0,9.182,417222418.0
-0.7532275915145874,5.449174880981445,-0.4812740087509155,27.0,10.0,35213.0,5.522,417222421.0
-1.077682495117188,7.806467056274414,1.531814575195312,13.0,11.0,35214.0,8.028,417222423.0
-1.153338670730591,8.365279197692871,-0.4425528347492218,18.0,12.0,35215.0,8.456,417222425.0
-1.061693906784058,7.710516929626465,1.796908974647522,22.0,13.0,35216.0,7.988,417222428.0
-1.504614949226379,10.94134712219238,-0.1927792876958847,19.0,14.0,35217.0,11.046,417222430.0
-1.078793168067932,7.844831466674805,2.121798515319824,17.0,15.0,35217.0,8.198,417222432.0
-0.8365039825439453,6.146515369415283,-1.66213595867157,19.0,0.0,35225.0,6.422,417222453.0
-1.447029232978821,10.64647579193115,0.1875435560941696,30.0,1.0,35226.0,10.746,417222455.0
-0.7153128385543823,5.26978588104248,-1.227782845497131,46.0,2.0,35227.0,5.458,417222457.0
-1.419232606887817,10.45563697814941,0.5529817342758179,50.0,3.0,35227.0,10.566,417222460.0
-0.7181315422058105,5.297488212585449,-1.039145827293396,44.0,4.0,35228.0,5.446,417222462.0
-1.401172161102295,10.34968852996826,0.9137408137321472,40.0,5.0,35229.0,10.484,417222464.0
-0.724675178527832,5.359813213348389,-0.8566351532936096,48.0,6.0,35230.0,5.476,417222467.0
-1.239702701568604,9.181106567382812,1.137528419494629,7.0,7.0,35231.0,9.334,417222469.0
-0.7292773723602295,5.408068656921387,-0.6700376272201538,33.0,8.0,35232.0,5.498,417222471.0
-1.210672378540039,8.989773750305176,1.436694145202637,42.0,9.0,35233.0,9.184000000000001,417222474.0
-0.736595094203949,5.469542026519775,-0.4828428030014038,26.0,10.0,35233.0,5.54,417222476.0
-1.04859447479248,7.796561241149902,1.529143333435059,15.0,11.0,35234.0,8.014,417222478.0
-1.120940804481506,8.345499992370605,-0.44129678606987,42.0,12.0,35235.0,8.432,417222481.0
-1.038399815559387,7.741215705871582,1.803207635879517,12.0,13.0,35236.0,8.016,417222483.0
-1.126029133796692,8.405621528625488,-0.1480313092470169,35.0,14.0,35237.0,8.482,417222485.0
-1.051659464836121,7.8504638671875,2.122316122055054,17.0,15.0,35237.0,8.2,417222487.0
-0.8104746341705322,6.114925861358643,-1.652818441390991,24.0,0.0,35245.0,6.386,417222508.0
-1.126468896865845,8.510464668273926,0.1498463600873947,15.0,1.0,35246.0,8.586,417222510.0
-0.6994672417640686,5.291569709777832,-1.232281923294067,53.0,2.0,35247.0,5.478,417222513.0
-1.383776545524597,10.4825496673584,0.5541331171989441,11.0,3.0,35248.0,10.588,417222515.0
-0.7004063129425049,5.305801391601562,-1.040290594100952,45.0,4.0,35248.0,5.452,417222517.0
-1.366598963737488,10.36636829376221,0.914786696434021,43.0,5.0,35249.0,10.496,417222520.0
-0.7087977528572083,5.383853435516357,-0.8600766658782959,45.0,6.0,35250.0,5.498,417222522.0
-1.210752248764038,9.208995819091797,1.140453338623047,12.0,7.0,35251.0,9.358,417222524.0
-0.7119457721710205,5.422390460968018,-0.6715000867843628,29.0,8.0,35252.0,5.51,417222527.0
-1.177768707275391,8.970236778259277,1.432939648628235,35.0,9.0,35252.0,9.16,417222529.0
-0.7182754278182983,5.478006362915039,-0.4833657443523407,27.0,10.0,35253.0,5.546,417222531.0
-1.024941563606262,7.827426910400391,1.534485936164856,16.0,11.0,35254.0,8.042,417222534.0
-1.091802716255188,8.34936237335205,-0.44129678606987,23.0,12.0,35255.0,8.432,417222536.0
-1.014904379844666,7.771846294403076,1.809506297111511,16.0,13.0,35256.0,8.044,417222538.0
-1.096681237220764,8.409501075744629,-0.1480313092470169,52.0,14.0,35257.0,8.482,417222540.0
-1.027619242668152,7.890663623809814,2.132151365280151,3.0,15.0,35258.0,8.238,417222543.0
-0.7859117984771729,6.092810153961182,-1.64608907699585,21.0,0.0,35265.0,6.36,417222563.0
-1.093689322471619,8.490545272827148,0.1494275033473969,26.0,1.0,35266.0,8.562,417222566.0
-0.682981014251709,5.309441566467285,-1.235881090164185,48.0,2.0,35267.0,5.494,417222568.0
-1.106420636177063,8.601228713989258,0.4544854462146759,33.0,3.0,35267.0,8.684000000000001,417222570.0
-0.6848829984664917,5.331581115722656,-1.044870018959045,45.0,4.0,35268.0,5.476,417222573.0
-1.112389087677002,8.671546936035156,0.7648788094520569,8.0,5.0,35269.0,8.776,417222575.0
-0.6915062665939331,5.398050785064697,-0.8619539141654968,45.0,6.0,35270.0,5.51,417222577.0
-1.182629704475403,9.244670867919922,1.144353151321411,14.0,7.0,35271.0,9.39,417222580.0
-0.6955292224884033,5.444533824920654,-0.6739374399185181,29.0,8.0,35272.0,5.53,417222582.0
-1.145633220672607,8.980371475219727,1.433878302574158,23.0,9.0,35273.0,9.166,417222584.0
-0.7004098892211914,5.490362167358398,-0.4842373132705688,26.0,10.0,35273.0,5.556,417222587.0
-1.000341534614563,7.85237979888916,1.538683772087097,15.0,11.0,35274.0,8.064,417222589.0
-1.46744692325592,11.53507518768311,-0.6093998551368713,15.0,12.0,35275.0,11.644,417222591.0
-0.9897341132164001,7.790807247161865,1.813105463981628,16.0,13.0,35276.0,8.06,417222593.0
-1.399017095565796,11.02792072296143,-0.1940358579158783,7.0,14.0,35277.0,11.118,417222596.0
-1.002011775970459,7.909534931182861,2.136292457580566,2.0,15.0,35278.0,8.254,417222598.0
-0.7624750733375549,6.078264713287354,-1.641430377960205,17.0,0.0,35285.0,6.342000000000001,417222619.0
-1.065287828445435,8.504232406616211,0.1496020257472992,10.0,1.0,35286.0,8.572000000000001,417222621.0
-0.6663784384727478,5.327262878417969,-1.239480257034302,51.0,2.0,35287.0,5.51,417222623.0
-1.077381610870361,8.61296558380127,0.4549041390419006,29.0,3.0,35287.0,8.692,417222626.0
-0.6687015295028687,5.353420734405518,-1.048686265945435,44.0,4.0,35288.0,5.496,417222628.0
-1.080879926681519,8.665492057800293,0.7640072703361511,15.0,5.0,35289.0,8.766,417222630.0
-0.6729035377502441,5.402391910552979,-0.8622667789459229,44.0,6.0,35290.0,5.512,417222633.0
-1.15280282497406,9.268442153930664,1.146790504455566,14.0,7.0,35291.0,9.41,417222635.0
-0.679211437702179,5.468597888946533,-0.6766185760498047,30.0,8.0,35292.0,5.552,417222637.0
-1.109760046005249,8.935112953186035,1.426056623458862,13.0,9.0,35292.0,9.116,417222640.0
-0.6841834187507629,5.516500473022461,-0.486329048871994,26.0,10.0,35293.0,5.58,417222642.0
-0.9748559594154358,7.871410369873047,1.541736721992493,15.0,11.0,35294.0,8.08,417222644.0
-1.065599679946899,8.616443634033203,-0.4550088047981262,3.0,12.0,35295.0,8.694,417222646.0
-0.9689818024635315,7.846433639526367,1.825252890586853,18.0,13.0,35296.0,8.114,417222649.0
-1.076369881629944,8.728544235229492,-0.1535113602876663,10.0,14.0,35297.0,8.796,417222651.0
-0.9795904755592346,7.955166339874268,2.147680521011353,3.0,15.0,35298.0,8.298,417222653.0
-0.7391494512557983,6.063630104064941,-1.636771678924561,22.0,0.0,35305.0,6.324,417222674.0
-1.304764032363892,10.71923828125,0.1884859949350357,11.0,1.0,35306.0,10.8,417222676.0
-0.648719310760498,5.337294578552246,-1.24127995967865,53.0,2.0,35307.0,5.518,417222679.0
-1.285400867462158,10.57554912567139,0.5583199858665466,41.0,3.0,35307.0,10.668,417222681.0
-0.652849018573761,5.379109382629395,-1.053265690803528,44.0,4.0,35308.0,5.52,417222683.0
-1.053981065750122,8.696903228759766,0.7664476037025452,10.0,5.0,35309.0,8.794,417222686.0
-0.65665203332901,5.42628002166748,-0.8657083511352539,45.0,6.0,35310.0,5.534,417222688.0
-1.124014973640442,9.301970481872559,1.150446653366089,15.0,7.0,35311.0,9.44,417222690.0
-0.6610695123672485,5.478818893432617,-0.6775935292243958,37.0,8.0,35312.0,5.56,417222693.0
-1.075014472007751,8.909515380859375,1.421363592147827,13.0,9.0,35312.0,9.086,417222695.0
-0.6677829623222351,5.54259204864502,-0.4884207844734192,23.0,10.0,35313.0,5.604,417222697.0
-0.9499531388282776,7.896206855773926,1.545934438705444,16.0,11.0,35314.0,8.102,417222699.0
-1.020746946334839,8.497164726257324,-0.4485191404819489,2.0,12.0,35315.0,8.57,417222702.0
-0.9450681209564209,7.878791332244873,1.832001328468323,10.0,13.0,35316.0,8.144,417222704.0
-1.028534770011902,8.587306022644043,-0.1509633213281631,8.0,14.0,35317.0,8.65,417222706.0
-0.9529628753662109,7.968128204345703,2.1502685546875,3.0,15.0,35318.0,8.308,417222709.0
-0.7175248265266418,6.062336444854736,-1.635736346244812,22.0,0.0,35325.0,6.32,417222729.0
-1.028891444206238,8.706077575683594,0.1530227065086365,2.0,1.0,35326.0,8.768,417222732.0
-0.6323684453964233,5.358879566192627,-1.245778918266296,57.0,2.0,35327.0,5.538,417222734.0
-0.6359063386917114,5.396953582763672,-1.056318640708923,46.0,4.0,35328.0,5.536,417222739.0
-1.234299778938293,10.49129009246826,0.9241995215415955,34.0,5.0,35329.0,10.604,417222741.0
-0.6397809982299805,5.44619607925415,-0.8685241341590881,48.0,6.0,35330.0,5.552,417222743.0
-1.092694401741028,9.315695762634277,1.151665329933167,16.0,7.0,35331.0,9.450000000000001,417222745.0
-0.6437881588935852,5.496865749359131,-0.6795434355735779,35.0,8.0,35332.0,5.576000000000001,417222748.0
-1.039312124252319,8.873974800109863,1.415106177330017,12.0,9.0,35332.0,9.046,417222750.0
-0.6495887041091919,5.554783821105957,-0.4892923533916473,23.0,10.0,35333.0,5.614,417222752.0
-0.92466139793396,7.91897439956665,1.549750685691833,16.0,11.0,35334.0,8.122,417222755.0
-0.9850665330886841,8.4490966796875,-0.4457976818084717,2.0,12.0,35335.0,8.518,417222757.0
-0.9191375374794006,7.895591735839844,1.835150718688965,13.0,13.0,35336.0,8.158,417222759.0
-0.9948591589927673,8.559062957763672,-0.1504048407077789,4.0,14.0,35337.0,8.618,417222762.0
-0.9314413666725159,8.013461112976074,2.161656618118286,3.0,15.0,35337.0,8.352,417222764.0
-0.6921719908714294,6.028338432312012,-1.625901222229004,24.0,0.0,35345.0,6.282,417222785.0
-0.9884738922119141,8.622201919555664,0.1514868885278702,2.0,1.0,35346.0,8.68,417222787.0
-0.6158747673034668,5.380414962768555,-1.250277996063232,54.0,2.0,35347.0,5.558,417222789.0
-1.001438856124878,8.748785972595215,0.4614984691143036,3.0,3.0,35347.0,8.818,417222792.0
-0.6184011101722717,5.410843849182129,-1.058608293533325,46.0,4.0,35348.0,5.548,417222794.0
-0.6230025291442871,5.46802282333374,-0.8716528415679932,45.0,6.0,35350.0,5.572,417222798.0
-1.034815549850464,9.096574783325195,1.124122858047485,5.0,7.0,35351.0,9.224,417222801.0
-0.626836895942688,5.518803596496582,-0.6819808483123779,32.0,8.0,35352.0,5.596,417222803.0
-1.00877571105957,8.881473541259766,1.415731906890869,9.0,9.0,35352.0,9.05,417222805.0
-0.6319909691810608,5.572854995727539,-0.49068683385849,19.0,10.0,35353.0,5.63,417222808.0
-0.9018728137016296,7.965071201324463,1.558146238327026,16.0,11.0,35354.0,8.166,417222810.0
-0.953324019908905,8.432637214660645,-0.444750964641571,6.0,12.0,35355.0,8.498,417222812.0
-0.8937569856643677,7.918116569519043,1.839649677276611,4.0,13.0,35356.0,8.178,417222815.0
-0.958034098148346,8.500883102416992,-0.1493227928876877,4.0,14.0,35357.0,8.556000000000001,417222817.0
-0.903144359588623,8.026419639587402,2.164244890213013,3.0,15.0,35358.0,8.362,417222819.0
-0.6640739440917969,5.967358112335205,-1.608819127082825,22.0,0.0,35365.0,6.216,417222840.0
-0.95704585313797,8.613675117492676,0.1512774527072906,2.0,1.0,35366.0,8.668000000000001,417222842.0
-0.598808765411377,5.398026943206787,-1.25387716293335,50.0,2.0,35367.0,5.574,417222845.0
-0.9643094539642334,8.706740379333496,0.4590910077095032,3.0,3.0,35368.0,8.772,417222847.0
-0.6016711592674255,5.432482719421387,-1.062424540519714,45.0,4.0,35368.0,5.568000000000001,417222849.0
-0.9757709503173828,8.824301719665527,0.7767319679260254,2.0,5.0,35369.0,8.912,417222851.0
-0.6054291129112244,5.483908176422119,-0.8738428950309753,46.0,6.0,35370.0,5.586,417222854.0
-0.9858747124671936,8.944253921508789,1.104867458343506,4.0,7.0,35371.0,9.066,417222856.0
-0.6088716983795166,5.532797336578369,-0.6834432482719421,37.0,8.0,35372.0,5.608000000000001,417222858.0
-0.9892197847366333,8.989007949829102,1.432313919067383,30.0,9.0,35372.0,9.156,417222861.0
-0.6155806183815002,5.602753639221191,-0.4931271970272064,8.0,10.0,35373.0,5.658,417222863.0
-0.8753485083580017,7.979880332946777,1.560436010360718,16.0,11.0,35374.0,8.178,417222865.0
-0.9238828420639038,8.435914039611816,-0.444750964641571,5.0,12.0,35375.0,8.498,417222868.0
-1.20819354057312,11.04975700378418,2.56624174118042,9.0,13.0,35376.0,11.408,417222870.0
-0.9266185760498047,8.488271713256836,-0.149043545126915,8.0,14.0,35377.0,8.540000000000001,417222872.0
-0.8802964091300964,8.063939094543457,2.173562288284302,2.0,15.0,35377.0,8.398,417222875.0
-0.6409633755683899,5.948511600494385,-1.603125214576721,26.0,0.0,35385.0,6.194,417222895.0
-0.923550546169281,8.585151672363281,0.1507189869880676,5.0,1.0,35386.0,8.636000000000001,417222898.0
-0.5812110304832458,5.411709785461426,-1.256576538085938,54.0,2.0,35387.0,5.586,417222900.0
-0.9307174682617188,8.680265426635742,0.4575209319591522,3.0,3.0,35388.0,8.742,417222902.0
-0.584588348865509,5.452118396759033,-1.065859079360962,44.0,4.0,35388.0,5.586,417222904.0
-0.9426296949386597,8.805862426757812,0.7748145461082458,2.0,5.0,35389.0,8.89,417222907.0
-0.5869127511978149,5.491880893707275,-0.8747815489768982,45.0,6.0,35390.0,5.592000000000001,417222909.0
-0.9512778520584106,8.916058540344238,1.100967645645142,4.0,7.0,35391.0,9.034,417222911.0
-0.5929190516471863,5.566471576690674,-0.6873431205749512,35.0,8.0,35392.0,5.64,417222914.0
-0.9600266814231873,9.02793025970459,1.437945604324341,60.0,9.0,35393.0,9.192,417222916.0
-0.8922385573387146,8.390461921691895,-0.7382091283798218,3.0,10.0,35393.0,8.47,417222918.0
-0.8564003705978394,8.066835403442383,1.576845526695251,17.0,11.0,35394.0,8.264,417222921.0
-0.8994824290275574,8.486754417419434,-0.447263091802597,3.0,12.0,35395.0,8.546,417222923.0
-1.178022503852844,11.13336181640625,2.58468770980835,4.0,13.0,35396.0,11.49,417222925.0
-0.8999242782592773,8.519295692443848,-0.149532213807106,4.0,14.0,35397.0,8.568,417222928.0
-0.8527607321739197,8.086322784423828,2.178738832473755,3.0,15.0,35398.0,8.418000000000001,417222930.0
-0.6201952695846558,5.95071268081665,-1.603125214576721,19.0,0.0,35405.0,6.194,417222951.0
-0.8958535194396973,8.610201835632324,0.1511029303073883,2.0,1.0,35406.0,8.658,417222953.0
-0.5635250806808472,5.425335884094238,-1.259276032447815,50.0,2.0,35407.0,5.598,417222955.0
-0.9016479849815369,8.695381164550781,0.4581489562988281,3.0,3.0,35408.0,8.754,417222957.0
-0.5671732425689697,5.469748020172119,-1.068912029266357,42.0,4.0,35408.0,5.602,417222960.0
-0.9083982110023499,8.775408744812012,0.7718512415885925,5.0,5.0,35409.0,8.856,417222962.0
-0.5705816745758057,5.52140474319458,-0.8791617155075073,43.0,6.0,35410.0,5.62,417222964.0
-0.9136305451393127,8.8561372756958,1.093168020248413,6.0,7.0,35411.0,8.97,417222967.0
-0.5742982625961304,5.576406002044678,-0.6883180737495422,34.0,8.0,35412.0,5.648,417222969.0
-0.9276552796363831,9.007484436035156,1.434191226959229,38.0,9.0,35412.0,9.168000000000001,417222971.0
-0.8651863932609558,8.415327072143555,-0.7401265501976013,4.0,10.0,35413.0,8.492,417222974.0
-0.8520895838737488,8.3021821975708,1.622258067131042,58.0,11.0,35414.0,8.502,417222976.0
-0.8694455027580261,8.485868453979492,-0.4470537304878235,3.0,12.0,35415.0,8.542,417222978.0
-1.142920136451721,11.17424011230469,2.593235731124878,6.0,13.0,35416.0,11.528,417222981.0
-0.8726183772087097,8.546257019042969,-0.1499510705471039,6.0,14.0,35417.0,8.592,417222983.0
-0.8288843035697937,8.117934226989746,2.186503410339355,2.0,15.0,35417.0,8.448,417222985.0
-0.5988389849662781,5.947074890136719,-1.601572275161743,14.0,0.0,35425.0,6.188,417223006.0
-0.867192804813385,8.627203941345215,0.1513472646474838,2.0,1.0,35426.0,8.672,417223008.0
-0.546140193939209,5.442781925201416,-1.262875199317932,52.0,2.0,35427.0,5.614,417223010.0
-0.8722852468490601,8.70841121673584,0.4586723148822784,3.0,3.0,35428.0,8.764,417223013.0
-0.5492508411407471,5.483415603637695,-1.071201682090759,44.0,4.0,35428.0,5.614,417223015.0
-0.8817253708839417,8.81817626953125,0.7753375172615051,4.0,5.0,35429.0,8.896,417223017.0
-0.5532668232917786,5.543018817901611,-0.8822903633117676,45.0,6.0,35430.0,5.64,417223020.0
-0.8848762512207031,8.881000518798828,1.0958491563797,4.0,7.0,35431.0,8.992,417223022.0
-0.5564011931419373,5.594179630279541,-0.6902679800987244,30.0,8.0,35432.0,5.664,417223024.0
-0.8926833271980286,8.991167068481445,1.431062459945679,41.0,9.0,35433.0,9.148,417223027.0
-0.8383651375770569,8.444069862365723,-0.7423925995826721,6.0,10.0,35433.0,8.518,417223029.0
-0.8246533274650574,8.320734977722168,1.625311017036438,55.0,11.0,35434.0,8.518,417223031.0
-0.8433583974838257,8.524628639221191,-0.4489378333091736,3.0,12.0,35435.0,8.578,417223033.0
-1.111185431480408,11.25185585021973,2.610332012176514,6.0,13.0,35436.0,11.604,417223036.0
-0.8447428345680237,8.569151878356934,-0.1503001302480698,8.0,14.0,35437.0,8.612,417223038.0
-0.803287148475647,8.163214683532715,2.197891235351562,3.0,15.0,35438.0,8.492,417223040.0
-0.5748999118804932,5.916441917419434,-1.592772364616394,19.0,0.0,35445.0,6.154,417223061.0
-0.8393896222114563,8.65406322479248,0.1517661213874817,2.0,1.0,35446.0,8.696,417223063.0
-0.5293915867805481,5.467930793762207,-1.268274068832397,45.0,2.0,35447.0,5.638,417223066.0
-0.845147967338562,8.745199203491211,0.460451751947403,3.0,3.0,35448.0,8.798,417223068.0
-0.5308622121810913,5.493115901947021,-1.072728157043457,42.0,4.0,35448.0,5.622,417223070.0
-0.8509388566017151,8.821200370788574,0.7753375172615051,2.0,5.0,35449.0,8.896,417223073.0
-0.536186695098877,5.568511962890625,-0.8860448002815247,45.0,6.0,35450.0,5.664,417223075.0
-0.8569090962409973,8.915651321411133,1.099748969078064,4.0,7.0,35451.0,9.024000000000001,417223077.0
-0.5383870601654053,5.611895561218262,-0.6922178864479065,37.0,8.0,35452.0,5.68,417223080.0
-0.8617307543754578,8.982279777526855,1.429185271263123,42.0,9.0,35452.0,9.136000000000001,417223082.0
-0.8119235038757324,8.478678703308105,-0.7451816201210022,6.0,10.0,35453.0,8.55,417223084.0
-0.794669508934021,8.313791275024414,1.623402953147888,52.0,11.0,35454.0,8.508000000000001,417223086.0
-0.8485004305839539,8.893354415893555,-0.4681974649429321,3.0,12.0,35455.0,8.946,417223089.0
-1.077444791793823,11.31386470794678,2.623829126358032,4.0,13.0,35456.0,11.664,417223091.0
-0.8161503672599792,8.585983276367188,-0.1505444645881653,6.0,14.0,35457.0,8.626,417223093.0
-0.7771266102790833,8.17544937133789,2.200479507446289,3.0,15.0,35457.0,8.502,417223096.0
-0.5519025325775146,5.893407821655273,-1.586043119430542,17.0,0.0,35465.0,6.128,417223116.0
-0.8168063759803772,8.738572120666504,0.1531972289085388,5.0,1.0,35466.0,8.778,417223119.0
-0.5121119022369385,5.489148616790771,-1.272773027420044,46.0,2.0,35467.0,5.658,417223121.0
-0.8172089457511902,8.7759370803833,0.4619171619415283,3.0,3.0,35468.0,8.826,417223123.0
-0.5136867761611938,5.516438484191895,-1.076925992965698,46.0,4.0,35468.0,5.644,417223126.0
-0.8249359130859375,8.875696182250977,0.779869556427002,2.0,5.0,35469.0,8.948,417223128.0
-0.518205463886261,5.586084842681885,-0.8885477781295776,45.0,6.0,35470.0,5.68,417223130.0
-0.8281616568565369,8.944284439086914,1.102917551994324,4.0,7.0,35471.0,9.05,417223133.0
-0.5202560424804688,5.629554271697998,-0.6941677927970886,37.0,8.0,35472.0,5.696,417223135.0
-0.8286218643188477,8.983410835266113,1.428872346878052,44.0,9.0,35473.0,9.134,417223137.0
-0.7742704749107361,8.394165992736816,-0.7375118732452393,6.0,10.0,35473.0,8.462,417223139.0
-0.7615045309066772,8.271550178527832,1.614625692367554,27.0,11.0,35474.0,8.462,417223142.0
-0.8267720341682434,8.997694969177246,-0.4735357463359833,2.0,12.0,35475.0,9.048,417223144.0
-1.046488165855408,11.41070556640625,2.645424365997314,6.0,13.0,35476.0,11.76,417223146.0
-0.825911819934845,9.02289867401123,-0.1581537127494812,4.0,14.0,35477.0,9.062,417223149.0
-0.7475083470344543,8.182089805603027,2.201514720916748,2.0,15.0,35478.0,8.506,417223151.0
-0.5278388857841492,5.845180988311768,-1.572584509849548,19.0,0.0,35484.0,6.076000000000001,417223172.0
-0.8215696811676025,9.115657806396484,0.1597593277692795,10.0,1.0,35485.0,9.154,417223174.0
-0.494604766368866,5.498580455780029,-1.274572730064392,50.0,2.0,35486.0,5.666,417223176.0
-0.775601327419281,8.639350891113281,0.4545901119709015,14.0,3.0,35487.0,8.686,417223179.0
-0.496795117855072,5.533754825592041,-1.079978942871094,48.0,4.0,35487.0,5.66,417223181.0
-0.7946094870567322,8.868460655212402,0.7789980173110962,2.0,5.0,35488.0,8.938,417223183.0
-0.4998544156551361,5.58974027633667,-0.8888606429100037,41.0,6.0,35489.0,5.682,417223186.0
-0.7999085187911987,8.962799072265625,1.104867458343506,4.0,7.0,35490.0,9.066,417223188.0
-0.5029938220977783,5.647066593170166,-0.6961176991462708,40.0,8.0,35491.0,5.712,417223190.0
-0.8010966181755066,8.993840217590332,1.430123925209045,44.0,9.0,35491.0,9.142,417223192.0
-0.7483707666397095,8.41851806640625,-0.7394292950630188,6.0,10.0,35492.0,8.484,417223195.0
-0.7188030481338501,8.10193920135498,1.581043362617493,14.0,11.0,35493.0,8.286,417223197.0
-1.040729999542236,11.75382137298584,-0.6184016466140747,4.0,12.0,35494.0,11.816,417223199.0
-0.7182294130325317,8.127702713012695,1.883740186691284,10.0,13.0,35495.0,8.374,417223202.0
-0.7993241548538208,9.063435554504395,-0.1588169038295746,3.0,14.0,35496.0,9.1,417223204.0
-0.7258731126785278,8.230583190917969,2.213937997817993,4.0,15.0,35496.0,8.554,417223206.0
-0.5047597289085388,5.8161940574646,-1.564302325248718,21.0,0.0,35504.0,6.044,417223227.0
-0.9534916877746582,11.0091028213501,0.1928839981555939,15.0,1.0,35505.0,11.052,417223229.0
-0.4760793745517731,5.508039474487305,-1.276372313499451,48.0,2.0,35506.0,5.674,417223232.0
-0.7437232136726379,8.62210750579834,0.4535433948040009,17.0,3.0,35507.0,8.666,417223234.0
-0.4795003235340118,5.558927059173584,-1.084558367729187,44.0,4.0,35507.0,5.684,417223236.0
-0.4816921353340149,5.607195854187012,-0.8913635611534119,41.0,6.0,35509.0,5.698,417223241.0
-0.4853094220161438,5.67252254486084,-0.699042558670044,40.0,8.0,35511.0,5.736,417223245.0
-0.7681271433830261,8.996715545654297,1.430123925209045,44.0,9.0,35512.0,9.142,417223248.0
-0.7222003936767578,8.458796501159668,-0.7427412271499634,6.0,10.0,35512.0,8.522,417223250.0
-0.689350962638855,8.090705871582031,1.578372001647949,18.0,11.0,35513.0,8.272,417223252.0
-1.002740979194641,11.79320430755615,-0.6202857494354248,5.0,12.0,35514.0,11.852,417223255.0
-0.689854085445404,8.130160331726074,1.883740186691284,16.0,13.0,35515.0,8.374,417223257.0
-0.7707189321517944,9.102036476135254,-0.1594451814889908,7.0,14.0,35516.0,9.136000000000001,417223259.0
-0.6958643198013306,8.235113143920898,2.214455842971802,14.0,15.0,35517.0,8.556000000000001,417223262.0
-0.4817290902137756,5.785192012786865,-1.555502414703369,21.0,0.0,35524.0,6.01,417223282.0
-0.9173752069473267,11.04026412963867,0.1933726668357849,45.0,1.0,35525.0,11.08,417223285.0
-0.4586212038993835,5.531030654907227,-1.281321167945862,56.0,2.0,35526.0,5.696,417223287.0
-0.9008797407150269,10.8878002166748,0.5725553631782532,30.0,3.0,35527.0,10.94,417223289.0
-0.4610644578933716,5.572306156158447,-1.086848020553589,45.0,4.0,35527.0,5.696,417223292.0
-0.8925249576568604,10.80978393554688,0.9489517211914062,34.0,5.0,35528.0,10.888,417223294.0
-0.4643872678279877,5.636404991149902,-0.895743727684021,42.0,6.0,35529.0,5.726,417223296.0
-0.7545588612556458,9.177877426147461,1.130703806877136,9.0,7.0,35530.0,9.278,417223298.0
-0.4661549031734467,5.682095527648926,-0.700017511844635,40.0,8.0,35531.0,5.744,417223301.0
-0.7379657030105591,8.995275497436523,1.429498195648193,44.0,9.0,35531.0,9.138,417223303.0
-0.7302207350730896,8.919973373413086,-0.7830072045326233,3.0,10.0,35532.0,8.984,417223305.0
-0.6620639562606812,8.104803085327148,1.580661773681641,22.0,11.0,35533.0,8.284,417223308.0
-0.7407293319702148,9.087347984313965,-0.4778272807598114,7.0,12.0,35534.0,9.13,417223310.0
-0.6644719839096069,8.16942310333252,1.892288327217102,16.0,13.0,35535.0,8.412,417223312.0
-0.7408834099769592,9.128588676452637,-0.1598640382289886,7.0,14.0,35536.0,9.16,417223315.0
-0.6751154661178589,8.31824779510498,2.236196517944336,16.0,15.0,35536.0,8.64,417223317.0
-0.4590746760368347,5.756026744842529,-1.547220230102539,19.0,0.0,35544.0,5.978,417223338.0
-0.8824805021286011,11.08924674987793,0.1941754668951035,56.0,1.0,35545.0,11.126,417223340.0
-0.4411625266075134,5.555909156799316,-1.286720037460327,56.0,2.0,35546.0,5.72,417223342.0
-0.8674433827400208,10.94861793518066,0.5755908489227295,67.0,3.0,35547.0,10.998,417223345.0
-0.4425410330295563,5.585624217987061,-1.08913779258728,48.0,4.0,35547.0,5.708,417223347.0
-0.8571415543556213,10.84262657165527,0.9515663981437683,35.0,5.0,35548.0,10.918,417223349.0
-0.4457970261573792,5.651776790618896,-0.897933840751648,43.0,6.0,35549.0,5.74,417223351.0
-0.7232962250709534,9.190350532531738,1.131922483444214,9.0,7.0,35550.0,9.288,417223354.0
-0.4477164745330811,5.701499462127686,-0.7022111415863037,40.0,8.0,35551.0,5.762,417223356.0
-0.7054793834686279,8.98401165008545,1.427308082580566,45.0,9.0,35551.0,9.124,417223358.0
-0.6947221755981445,8.866851806640625,-0.7781264781951904,3.0,10.0,35552.0,8.928,417223361.0
-0.6352989673614502,8.12663745880127,1.58447790145874,22.0,11.0,35553.0,8.304,417223363.0
-0.9230254888534546,11.83376789093018,-0.6220651865005493,4.0,12.0,35554.0,11.886,417223365.0
-0.6374633312225342,8.191121101379395,1.896787285804749,15.0,13.0,35555.0,8.432,417223368.0
-0.8833263516426086,11.37601947784424,-0.199166864156723,8.0,14.0,35556.0,11.412,417223370.0
-0.6453275084495544,8.31092357635498,2.233608245849609,19.0,15.0,35556.0,8.63,417223372.0
-0.4342798888683319,5.695953845977783,-1.530655860900879,28.0,0.0,35564.0,5.914,417223393.0
-0.8452831506729126,11.11219882965088,0.1945245265960693,49.0,1.0,35565.0,11.146,417223395.0
-0.4238306879997253,5.584619522094727,-1.293018698692322,52.0,2.0,35566.0,5.748,417223398.0
-0.8317837715148926,10.98543643951416,0.577370285987854,67.0,3.0,35567.0,11.032,417223400.0
-0.425412505865097,5.618457794189453,-1.095243692398071,46.0,4.0,35567.0,5.74,417223402.0
-0.8197387456893921,10.85151290893555,0.9520893096923828,11.0,5.0,35568.0,10.924,417223404.0
-0.4269566535949707,5.665117263793945,-0.8998110294342041,43.0,6.0,35569.0,5.752,417223407.0
-0.6898719668388367,9.175003051757812,1.1297287940979,10.0,7.0,35570.0,9.27,417223409.0
-0.4297422170639038,5.728761196136475,-0.7053797841072083,39.0,8.0,35571.0,5.788,417223411.0
-0.6629640460014343,8.858495712280273,1.406971573829651,23.0,9.0,35572.0,8.994,417223414.0
-0.6652538180351257,8.889091491699219,-0.779869556427002,4.0,10.0,35572.0,8.948,417223416.0
-0.6089743375778198,8.156214714050293,1.589820504188538,23.0,11.0,35573.0,8.332,417223418.0
-0.8831958770751953,11.85683441162109,-0.62311190366745,10.0,12.0,35574.0,11.906,417223421.0
-0.6114665865898132,8.228277206420898,1.904885530471802,3.0,13.0,35575.0,8.468,417223423.0
-0.7053749561309814,9.514434814453125,-0.1665308624505997,5.0,14.0,35576.0,9.542,417223425.0
-0.6174556612968445,8.328537940979004,2.237749576568604,4.0,15.0,35576.0,8.646,417223427.0
-0.412572830915451,5.67238712310791,-1.523926496505737,22.0,0.0,35584.0,5.888,417223448.0
-0.8082257509231567,11.13901519775391,0.1949433833360672,49.0,1.0,35585.0,11.17,417223451.0
-0.4046155214309692,5.589951992034912,-1.293918490409851,52.0,2.0,35586.0,5.752,417223453.0
-0.7951585054397583,11.01217746734619,0.5786263346672058,59.0,3.0,35587.0,11.056,417223455.0
-0.4069289863109589,5.635573387145996,-1.098296523094177,48.0,4.0,35587.0,5.756,417223457.0
-0.6162368059158325,8.555070877075195,0.7504109740257263,10.0,5.0,35588.0,8.61,417223460.0
-0.4080285727977753,5.678394794464111,-0.901688277721405,45.0,6.0,35589.0,5.764,417223462.0
-0.6578410267829895,9.177355766296387,1.1297287940979,12.0,7.0,35590.0,9.27,417223464.0
-0.4114415049552917,5.753986835479736,-0.7083046436309814,37.0,8.0,35591.0,5.812,417223467.0
-0.6167184710502625,8.64598560333252,1.372868895530701,15.0,9.0,35592.0,8.776,417223469.0
-0.635213315486908,8.90527057647705,-0.7810897827148438,6.0,10.0,35592.0,8.962,417223471.0
-0.5830082893371582,8.193540573120117,1.596689701080322,24.0,11.0,35593.0,8.368,417223474.0
-0.8437821269035339,11.88773727416992,-0.6245772838592529,4.0,12.0,35594.0,11.934,417223476.0
-0.5853558778762817,8.267294883728027,1.91343367099762,3.0,13.0,35595.0,8.506,417223478.0
-0.6869519352912903,9.726285934448242,-0.1701958626508713,9.0,14.0,35596.0,9.752,417223480.0
-0.5886908769607544,8.355796813964844,2.244478702545166,1.0,15.0,35597.0,8.672,417223483.0
-0.3897014856338501,5.62946605682373,-1.512020826339722,24.0,0.0,35604.0,5.842000000000001,417223504.0
-0.3859038949012756,5.6029953956604,-1.296617865562439,52.0,2.0,35606.0,5.764,417223508.0
-0.7583566308021545,11.03879642486572,0.5798823833465576,64.0,3.0,35607.0,11.08,417223510.0
-0.3888693749904633,5.660463333129883,-1.102875947952271,45.0,4.0,35607.0,5.78,417223513.0
-0.5870513319969177,8.567108154296875,0.7512825131416321,10.0,5.0,35608.0,8.620000000000001,417223515.0
-0.3902252912521362,5.709346294403076,-0.9063813090324402,42.0,6.0,35609.0,5.794,417223517.0
-0.6278273463249207,9.209303855895996,1.133384943008423,15.0,7.0,35610.0,9.3,417223520.0
-0.3918925225734711,5.763309955596924,-0.7092795968055725,37.0,8.0,35611.0,5.82,417223522.0
-0.5841286182403564,8.61260986328125,1.367237210273743,16.0,9.0,35612.0,8.74,417223524.0
-0.6008886098861694,8.859725952148438,-0.7769063115119934,6.0,10.0,35612.0,8.914,417223527.0
-0.5559940338134766,8.21903133392334,1.601269125938416,24.0,11.0,35613.0,8.392,417223529.0
-0.6258787512779236,9.276150703430176,-0.4872477650642395,7.0,12.0,35614.0,9.31,417223531.0
-0.5574100017547607,8.28289794921875,1.916582942008972,3.0,13.0,35615.0,8.52,417223533.0
-0.6381314992904663,9.507156372070312,-0.1663214266300201,6.0,14.0,35616.0,9.53,417223536.0
-2.128122806549072,31.70568656921387,8.514629364013672,15.0,15.0,35616.0,32.898,417223538.0
-0.3691618144512177,5.617298126220703,-1.508397340774536,22.0,0.0,35624.0,5.828,417223559.0
-0.6140418648719788,9.368468284606934,0.1638780981302261,10.0,1.0,35625.0,9.39,417223561.0
-0.3679959177970886,5.629587650299072,-1.302466630935669,49.0,2.0,35626.0,5.79,417223563.0
-0.7216384410858154,11.06927871704102,0.5813478231430054,59.0,3.0,35627.0,11.108,417223566.0
-0.3693637251853943,5.665704250335693,-1.103639245033264,46.0,4.0,35627.0,5.784,417223568.0
-0.7130395770072937,10.96686458587646,0.9615021347999573,17.0,5.0,35628.0,11.032,417223570.0
-0.371316134929657,5.726443290710449,-0.9088842272758484,42.0,6.0,35629.0,5.81,417223573.0
-0.5975985527038574,9.241153717041016,1.137040972709656,15.0,7.0,35630.0,9.33,417223575.0
-0.3725389540195465,5.776528835296631,-0.7107419967651367,36.0,8.0,35631.0,5.832,417223577.0
-0.5511453151702881,8.569256782531738,1.360041260719299,16.0,9.0,35632.0,8.694,417223580.0
-0.5828745365142822,9.062585830688477,-0.7945117354393005,20.0,10.0,35632.0,9.116,417223582.0
-0.5300655364990234,8.26402473449707,1.609664678573608,23.0,11.0,35633.0,8.436,417223584.0
-0.7637026309967041,11.93918132781982,-0.6269847750663757,4.0,12.0,35634.0,11.98,417223586.0
-0.5303547978401184,8.313965797424316,1.923331499099731,3.0,13.0,35635.0,8.55,417223589.0
-0.6097657084465027,9.585161209106445,-0.1676478087902069,13.0,14.0,35636.0,9.606,417223591.0
-0.537688672542572,8.452152252197266,2.269325494766235,1.0,15.0,35636.0,8.768,417223593.0
-0.3491916656494141,5.612768173217773,-1.506844520568848,24.0,0.0,35644.0,5.822,417223614.0
-0.5828219056129456,9.39450454711914,0.164296954870224,15.0,1.0,35645.0,9.414,417223616.0
-0.3493053615093231,5.646398544311523,-1.306065797805786,50.0,2.0,35646.0,5.806,417223619.0
-0.6866539120674133,11.09951972961426,0.5828132033348083,59.0,3.0,35646.0,11.136,417223621.0
-0.3501888811588287,5.676756858825684,-1.105547308921814,44.0,4.0,35647.0,5.794,417223623.0
-0.3527761101722717,5.751364707946777,-0.9126386642456055,42.0,6.0,35649.0,5.834000000000001,417223628.0
-0.5677610039710999,9.282811164855957,1.141915798187256,14.0,7.0,35650.0,9.370000000000001,417223630.0
-0.3538229465484619,5.801570892333984,-0.7136668562889099,33.0,8.0,35651.0,5.856,417223632.0
-0.5158713459968567,8.458649635314941,1.342207670211792,11.0,9.0,35651.0,8.58,417223635.0
-0.5623629689216614,9.247527122497559,-0.8105484247207642,16.0,10.0,35652.0,9.3,417223637.0
-0.502403736114502,8.285421371459961,1.613480806350708,21.0,11.0,35653.0,8.456,417223639.0
-0.565202534198761,9.348076820373535,-0.4908066093921661,9.0,12.0,35654.0,9.378,417223642.0
-0.5033239722251892,8.348834991455078,1.93097984790802,3.0,13.0,35655.0,8.584,417223644.0
-0.5719839930534363,9.515372276306152,-0.1663912385702133,11.0,14.0,35656.0,9.534,417223646.0
-0.5089933276176453,8.467475891113281,2.272948741912842,3.0,15.0,35656.0,8.782,417223649.0
-0.3293708562850952,5.610095977783203,-1.505809187889099,28.0,0.0,35664.0,5.818000000000001,417223669.0
-0.5523624420166016,9.436408042907715,0.1649950444698334,12.0,1.0,35665.0,9.454,417223672.0
-0.3307289779186249,5.667037487030029,-1.310564875602722,47.0,2.0,35666.0,5.826000000000001,417223674.0
-0.647591769695282,11.12987613677979,0.5842786431312561,53.0,3.0,35667.0,11.164,417223676.0
-0.3316256105899811,5.699503898620605,-1.109745144844055,45.0,4.0,35667.0,5.816,417223679.0
-0.5360753536224365,9.241105079650879,0.8098511695861816,2.0,5.0,35668.0,9.292,417223681.0
-0.3336103856563568,5.768337726593018,-0.9151416420936584,42.0,6.0,35669.0,5.850000000000001,417223683.0
-0.4911320507526398,8.517779350280762,1.04758882522583,12.0,7.0,35670.0,8.596,417223685.0
-0.3344809114933014,5.818624973297119,-0.715616762638092,37.0,8.0,35671.0,5.872,417223688.0
-0.4838481843471527,8.442734718322754,1.339391946792603,9.0,9.0,35672.0,8.562,417223690.0
-0.5313336253166199,9.27131462097168,-0.8124658465385437,13.0,10.0,35672.0,9.322000000000001,417223692.0
-0.4750469923019409,8.314565658569336,1.618823528289795,18.0,11.0,35673.0,8.484,417223695.0
-0.5373384952545166,9.433741569519043,-0.4952028095722198,11.0,12.0,35674.0,9.462,417223697.0
-0.4773819744586945,8.406963348388672,1.944027066230774,4.0,13.0,35675.0,8.642,417223699.0
-0.5384265780448914,9.511321067810059,-0.1662865281105042,12.0,14.0,35676.0,9.528,417223702.0
-0.4782815873622894,8.47507095336914,2.274501800537109,2.0,15.0,35677.0,8.788,417223704.0
-0.3102119565010071,5.618927001953125,-1.507879734039307,28.0,0.0,35684.0,5.826000000000001,417223725.0
-0.5216175317764282,9.478211402893066,0.1656931489706039,5.0,1.0,35685.0,9.494,417223727.0
-0.3117992579936981,5.683723926544189,-1.314164042472839,47.0,2.0,35686.0,5.842000000000001,417223729.0
-0.6131964325904846,11.17783069610596,0.5866860747337341,56.0,3.0,35686.0,11.21,417223732.0
-0.3128005564212799,5.720230102539062,-1.113561272621155,48.0,4.0,35687.0,5.836,417223734.0
-0.5026217103004456,9.221036911010742,0.8079337477684021,2.0,5.0,35688.0,9.27,417223736.0
-0.3140089511871338,5.779329299926758,-0.9167059659957886,40.0,6.0,35689.0,5.86,417223738.0
-0.4603229463100433,8.499619483947754,1.045151472091675,16.0,7.0,35690.0,8.576,417223741.0
-0.3154521584510803,5.843544006347656,-0.7185416221618652,37.0,8.0,35691.0,5.896,417223743.0
-0.4546930193901062,8.450289726257324,1.340330481529236,12.0,9.0,35692.0,8.568,417223745.0
-0.4790558516979218,8.903063774108887,-0.78004390001297,7.0,10.0,35692.0,8.950000000000001,417223748.0
-0.4474928677082062,8.343619346618652,1.624166131019592,17.0,11.0,35693.0,8.512,417223750.0
-0.5066443085670471,9.477442741394043,-0.4974009394645691,21.0,12.0,35694.0,9.504,417223752.0
-0.4493812024593353,8.433876037597656,1.949875712394714,3.0,13.0,35695.0,8.668000000000001,417223755.0
-0.5064951777458191,9.537105560302734,-0.166705384850502,23.0,14.0,35696.0,9.552,417223757.0
-0.4526334404945374,8.522910118103027,2.286925077438354,2.0,15.0,35696.0,8.836,417223759.0
-0.2919929623603821,5.646985530853271,-1.515126705169678,24.0,0.0,35704.0,5.854,417223780.0
-0.2923572659492493,5.692562580108643,-1.315963625907898,47.0,2.0,35706.0,5.850000000000001,417223784.0
-0.5753016471862793,11.20184326171875,0.5878374576568604,58.0,3.0,35706.0,11.232,417223787.0
-0.2940355837345123,5.744815349578857,-1.118140697479248,45.0,4.0,35707.0,5.86,417223789.0
-0.4677923619747162,9.170999526977539,0.8034016489982605,2.0,5.0,35708.0,9.218,417223791.0
-0.2954379618167877,5.811955451965332,-0.9217118620872498,40.0,6.0,35709.0,5.892,417223794.0
-0.2959532141685486,5.862452507019043,-0.7207353115081787,42.0,8.0,35711.0,5.914,417223798.0
-0.4257887303829193,8.463662147521973,1.342207670211792,12.0,9.0,35712.0,8.58,417223801.0
-0.4681969285011292,9.306635856628418,-0.815254807472229,13.0,10.0,35712.0,9.354000000000001,417223803.0
-0.4205280542373657,8.388267517089844,1.632561802864075,20.0,11.0,35713.0,8.556000000000001,417223805.0
-0.4365868866443634,8.739092826843262,-0.4585676491260529,3.0,12.0,35714.0,8.762,417223808.0
-0.4211014807224274,8.458748817443848,1.95527458190918,3.0,13.0,35715.0,8.692,417223810.0
-0.4249859750270844,8.566886901855469,2.298313140869141,2.0,15.0,35716.0,8.88,417223814.0
-0.2733958065509796,5.671125888824463,-1.5213383436203,29.0,0.0,35724.0,5.878,417223835.0
-0.2738820910453796,5.722745895385742,-1.322712182998657,53.0,2.0,35726.0,5.88,417223840.0
-0.2750092446804047,5.767378330230713,-1.122338533401489,49.0,4.0,35727.0,5.882000000000001,417223844.0
-0.434547632932663,9.14670467376709,0.8011355996131897,2.0,5.0,35728.0,9.192,417223847.0
-0.2758958339691162,5.828736782073975,-0.9242148399353027,40.0,6.0,35729.0,5.908,417223849.0
-0.4366947412490845,9.260089874267578,1.138259649276733,10.0,7.0,35730.0,9.34,417223851.0
-0.2762329578399658,5.879312992095947,-0.7226852178573608,43.0,8.0,35731.0,5.93,417223854.0
-0.3961438238620758,8.431483268737793,1.336888909339905,17.0,9.0,35731.0,8.546,417223856.0
-0.4367325901985168,9.330105781555176,-0.8171722292900085,16.0,10.0,35732.0,9.376,417223858.0
-0.3925253450870514,8.417140007019043,1.637904405593872,26.0,11.0,35733.0,8.584,417223861.0
-0.404966801404953,8.716622352600098,-0.457311600446701,5.0,12.0,35734.0,8.738,417223863.0
-1.608095645904541,34.74391937255859,8.029852867126465,36.0,13.0,35735.0,35.696,417223865.0
-0.4054539203643799,8.793316841125488,-0.1536509841680527,6.0,14.0,35736.0,8.804,417223867.0
-0.3950022459030151,8.599263191223145,2.306595325469971,3.0,15.0,35737.0,8.912,417223870.0
-0.2540296316146851,5.681695461273193,-1.523926496505737,33.0,0.0,35744.0,5.888,417223890.0
-0.3963562548160553,8.899821281433105,0.1555009484291077,5.0,1.0,35745.0,8.91,417223893.0
-0.2545952200889587,5.739241600036621,-1.326311469078064,52.0,2.0,35746.0,5.896,417223895.0
-0.3997211754322052,9.010760307312012,0.4726983606815338,3.0,3.0,35746.0,9.032,417223897.0
-0.2553089559078217,5.778109550476074,-1.124246597290039,48.0,4.0,35747.0,5.892,417223900.0
-0.4000765681266785,9.090442657470703,0.7960805296897888,2.0,5.0,35748.0,9.134,417223902.0
-0.2563266456127167,5.84742546081543,-0.927030622959137,38.0,6.0,35749.0,5.926,417223904.0
-0.4027231633663177,9.223876953125,1.133628606796265,16.0,7.0,35750.0,9.302,417223907.0
-0.2567435503005981,5.904039859771729,-0.725610077381134,40.0,8.0,35751.0,5.954,417223909.0
-0.3658365607261658,8.446693420410156,1.339079022407532,17.0,9.0,35752.0,8.56,417223911.0
-0.5570156574249268,12.86077117919922,-1.126226544380188,7.0,10.0,35752.0,12.922,417223914.0
-0.365172266960144,8.465533256530762,1.647063255310059,19.0,11.0,35753.0,8.632,417223916.0
-0.3747090995311737,8.72197437286377,-0.4575209319591522,5.0,12.0,35754.0,8.742,417223918.0
-1.486557006835938,34.74348068237305,8.02850341796875,9.0,13.0,35755.0,35.69,417223920.0
-0.3734800517559052,8.764710426330566,-0.1531274169683456,6.0,14.0,35756.0,8.774000000000001,417223923.0
-0.3659656941890717,8.623751640319824,2.312807083129883,3.0,15.0,35757.0,8.936,417223925.0
-0.2359060496091843,5.699878215789795,-1.528585314750671,31.0,0.0,35763.0,5.906,417223946.0
-0.3645355701446533,8.84514331817627,0.1545236110687256,5.0,1.0,35764.0,8.854000000000001,417223948.0
-0.2369201928377151,5.773155212402344,-1.333959698677063,51.0,2.0,35765.0,5.93,417223950.0
-0.3682003319263458,8.972125053405762,0.4706049263477325,4.0,3.0,35765.0,8.992,417223953.0
-0.2372688800096512,5.806386947631836,-1.129589200019836,46.0,4.0,35766.0,5.92,417223955.0
-0.3685523569583893,9.057876586914062,0.7931172847747803,2.0,5.0,35767.0,9.1,417223957.0
-0.2374942153692245,5.862059593200684,-0.9292207360267639,40.0,6.0,35768.0,5.94,417223960.0
-0.3704532384872437,9.18350887298584,1.128510117530823,11.0,7.0,35769.0,9.26,417223962.0
-0.2379602938890457,5.924694061279297,-0.7280474305152893,43.0,8.0,35770.0,5.974,417223964.0
-0.3404878675937653,8.477407455444336,1.343772053718567,15.0,9.0,35770.0,8.59,417223967.0
-0.5150015950202942,12.87847423553467,-1.127621054649353,10.0,10.0,35771.0,12.938,417223969.0
-0.3384253084659576,8.500046730041504,1.653550744056702,11.0,11.0,35772.0,8.666,417223971.0
-0.3431733548641205,8.657310485839844,-0.4540667533874512,5.0,12.0,35773.0,8.676,417223973.0
-0.3369742333889008,8.538578987121582,1.97282075881958,3.0,13.0,35774.0,8.77,417223976.0
-0.3459047973155975,8.803865432739258,-0.153790608048439,6.0,14.0,35775.0,8.812,417223978.0
-0.3384234011173248,8.65194320678711,2.320053815841675,3.0,15.0,35776.0,8.964,417223980.0
-0.21703240275383,5.727693557739258,-1.535832166671753,31.0,0.0,35783.0,5.934,417224001.0
-0.3326028883457184,8.818385124206543,0.1540349423885345,5.0,1.0,35784.0,8.826,417224003.0
-0.2172784358263016,5.787578582763672,-1.337109088897705,46.0,2.0,35785.0,5.944,417224006.0
-0.3379285335540771,9.001296997070312,0.4720703363418579,3.0,3.0,35785.0,9.02,417224008.0
-0.2179524004459381,5.832684516906738,-1.134550333023071,48.0,4.0,35786.0,5.946,417224010.0
-0.336191713809967,9.03919792175293,0.791374146938324,2.0,5.0,35787.0,9.08,417224013.0
-0.2178341746330261,5.884567260742188,-0.932662308216095,41.0,6.0,35788.0,5.962,417224015.0
-0.3365673720836639,9.135151863098145,1.122416615486145,6.0,7.0,35789.0,9.21,417224017.0
-0.218223437666893,5.951277256011963,-0.7312160730361938,39.0,8.0,35790.0,6.0,417224020.0
-0.3122694492340088,8.516051292419434,1.349716544151306,17.0,9.0,35790.0,8.628,417224022.0
-0.470262199640274,12.8861665725708,-1.128143906593323,10.0,10.0,35791.0,12.944,417224024.0
-0.3092513382434845,8.514909744262695,1.656222105026245,16.0,11.0,35792.0,8.68,417224026.0
-0.3117251992225647,8.62452507019043,-0.452287346124649,5.0,12.0,35793.0,8.642,417224029.0
-0.3093385100364685,8.600074768066406,1.986767768859863,9.0,13.0,35794.0,8.832,417224031.0
-0.310352236032486,8.712921142578125,2.336100816726685,4.0,15.0,35796.0,9.026,417224036.0
-0.1976353973150253,5.745792388916016,-1.540490984916687,33.0,0.0,35803.0,5.952,417224056.0
-0.3010666370391846,8.79750919342041,0.1536509841680527,5.0,1.0,35804.0,8.804,417224059.0
-0.1972073167562485,5.792196750640869,-1.338008880615234,49.0,2.0,35805.0,5.948,417224061.0
-0.1983222812414169,5.854993343353271,-1.138748049736023,48.0,4.0,35806.0,5.968,417224066.0
-0.3033620715141296,9.002482414245605,0.7880622148513794,2.0,5.0,35807.0,9.042,417224068.0
-0.1980860829353333,5.90898323059082,-0.9364166855812073,42.0,6.0,35808.0,5.986,417224070.0
-0.303155928850174,9.090639114379883,1.11681067943573,3.0,7.0,35809.0,9.164,417224072.0
-0.1980406194925308,5.969858646392822,-0.7334097027778625,37.0,8.0,35810.0,6.018,417224075.0
-0.2842438220977783,8.568421363830566,1.357851147651672,17.0,9.0,35810.0,8.68,417224077.0
-0.4257381856441498,12.90166854858398,-1.129364132881165,10.0,10.0,35811.0,12.958,417224079.0
-0.2802997827529907,8.539484024047852,1.660801529884338,21.0,11.0,35812.0,8.704,417224082.0
-0.280901163816452,8.603602409362793,-0.4511359333992004,10.0,12.0,35813.0,8.620000000000001,417224084.0
-0.2784945070743561,8.57578182220459,1.980919003486633,15.0,13.0,35814.0,8.806000000000001,417224086.0
-0.3787508010864258,11.72609806060791,-0.2047865390777588,19.0,14.0,35815.0,11.734,417224089.0
-0.1782936751842499,5.769618511199951,-1.54670262336731,36.0,0.0,35823.0,5.976,417224112.0
-0.2693116664886475,8.764527320861816,0.1530576050281525,5.0,1.0,35824.0,8.77,417224114.0
-0.1777017116546631,5.816224098205566,-1.3434077501297,46.0,2.0,35825.0,5.972,417224116.0
-0.3478449285030365,11.38505554199219,0.5969439148902893,6.0,3.0,35825.0,11.406,417224119.0
-0.1782409995794296,5.867424011230469,-1.141037821769714,46.0,4.0,35826.0,5.98,417224121.0
-0.2715146541595459,8.989546775817871,0.7868420481681824,4.0,5.0,35827.0,9.028,417224123.0
-0.1779329925775528,5.925434589385986,-0.9389196634292603,42.0,6.0,35828.0,6.002,417224125.0
-0.2702963352203369,9.053942680358887,1.112179636955261,4.0,7.0,35829.0,9.126,417224128.0
-0.1776129454374313,5.984403133392334,-0.7351158857345581,34.0,8.0,35830.0,6.032,417224130.0
-0.2547429203987122,8.583183288574219,1.360041260719299,16.0,9.0,35830.0,8.694,417224132.0
-0.3815229833126068,12.93095684051514,-1.131804466247559,10.0,10.0,35831.0,12.986,417224135.0
-0.2516408562660217,8.579658508300781,1.668433904647827,17.0,11.0,35832.0,8.744,417224137.0
-0.2518567740917206,8.638469696044922,-0.452915370464325,5.0,12.0,35833.0,8.654,417224139.0
-0.2504206597805023,8.640983581542969,1.995765805244446,15.0,13.0,35834.0,8.872,417224142.0
-0.3391986787319183,11.7753210067749,-0.2056242525577545,37.0,14.0,35835.0,11.782,417224144.0
-0.2515079081058502,8.784393310546875,2.354735612869263,15.0,15.0,35836.0,9.098,417224146.0
-0.1584704369306564,5.781792640686035,-1.549808382987976,40.0,0.0,35843.0,5.988,417224167.0
-0.2382806092500687,8.749423027038574,0.152778372168541,5.0,1.0,35844.0,8.754,417224169.0
-0.1581361889839172,5.844081401824951,-1.349706292152405,45.0,2.0,35845.0,6.0,417224172.0
-0.2369258999824524,8.81271743774414,0.4620218276977539,3.0,3.0,35846.0,8.828,417224174.0
-0.1582864075899124,5.887635707855225,-1.144853949546814,44.0,4.0,35846.0,6.0,417224176.0
-0.2388568818569183,8.942639350891113,0.782658576965332,4.0,5.0,35847.0,8.98,417224178.0
-0.1580866724252701,5.957614421844482,-0.9439255595207214,43.0,6.0,35848.0,6.034,417224181.0
-0.2379582077264786,9.02704906463623,1.10876727104187,4.0,7.0,35849.0,9.098,417224183.0
-0.1572420299053192,6.004830837249756,-0.7375532388687134,34.0,8.0,35850.0,6.052,417224185.0
-0.2252458482980728,8.601792335510254,1.362857103347778,17.0,9.0,35850.0,8.712,417224188.0
-0.3364350199699402,12.93420219421387,-1.131978750228882,10.0,10.0,35851.0,12.988,417224190.0
-0.2221470773220062,8.598148345947266,1.671868443489075,11.0,11.0,35852.0,8.762,417224192.0
-0.22065369784832,8.657389640808105,1.999364972114563,16.0,13.0,35854.0,8.888,417224197.0
-0.2175861895084381,8.59593677520752,-0.1500906944274902,4.0,14.0,35855.0,8.6,417224199.0
-0.2224252969026566,8.787110328674316,2.355253219604492,16.0,15.0,35855.0,9.1,417224202.0
-0.1387491226196289,5.801623344421387,-1.55498480796814,38.0,0.0,35863.0,6.008,417224222.0
-0.2066938281059265,8.706220626831055,0.1520104557275772,2.0,1.0,35864.0,8.71,417224225.0
-0.1382865160703659,5.867976188659668,-1.35510516166687,41.0,2.0,35865.0,6.024,417224227.0
-0.2057419717311859,8.795519828796387,0.4610797762870789,6.0,3.0,35866.0,8.81,417224229.0
-0.1379633098840714,5.897965908050537,-1.146762013435364,37.0,4.0,35866.0,6.01,417224231.0
-0.2067148834466934,8.903581619262695,0.7791723608970642,4.0,5.0,35867.0,8.94,417224234.0
-0.1377447992563248,5.977878570556641,-0.9470542669296265,42.0,6.0,35868.0,6.054,417224236.0
-0.2059926390647888,9.007979393005371,1.106329917907715,3.0,7.0,35869.0,9.078,417224238.0
-0.1369558423757553,6.035111904144287,-0.7412093281745911,37.0,8.0,35870.0,6.082,417224241.0
-0.195006862282753,8.659831047058105,1.371930241584778,16.0,9.0,35871.0,8.77,417224243.0
-0.291418731212616,12.9412727355957,-1.132501721382141,10.0,10.0,35871.0,12.994,417224245.0
-0.1933605521917343,8.653828620910645,1.682553768157959,3.0,11.0,35872.0,8.818,417224248.0
-0.2716664671897888,12.2541675567627,-0.6423715353012085,34.0,12.0,35873.0,12.274,417224250.0
-0.1916322708129883,8.712658882141113,2.011962175369263,4.0,13.0,35874.0,8.944,417224252.0
-0.1868378520011902,8.562657356262207,-0.14949731528759,6.0,14.0,35875.0,8.566,417224255.0
-0.1910953670740128,8.828426361083984,2.366123676300049,3.0,15.0,35876.0,9.142,417224257.0
-0.1188124045729637,5.817523956298828,-1.559125900268555,35.0,0.0,35883.0,6.024,417224278.0
-0.2352450042963028,11.61784839630127,0.2028318643569946,9.0,1.0,35884.0,11.622,417224280.0
-0.1180372834205627,5.880113124847412,-1.357804536819458,44.0,2.0,35885.0,6.036,417224282.0
-0.175118088722229,8.800178527832031,0.46128910779953,4.0,3.0,35886.0,8.814,417224284.0
-0.1178825125098228,5.923928737640381,-1.151723146438599,40.0,4.0,35886.0,6.036,417224287.0
-0.1752021163702011,8.882336616516113,0.7772549390792847,4.0,5.0,35887.0,8.918000000000001,417224289.0
-0.117108941078186,5.990172863006592,-0.9489314556121826,41.0,6.0,35888.0,6.066,417224291.0
-0.1736247539520264,8.961009979248047,1.100480198860168,4.0,7.0,35889.0,9.03,417224294.0
-0.1163458451628685,6.059370040893555,-0.7441341876983643,39.0,8.0,35890.0,6.106,417224296.0
-0.1720908582210541,8.962607383728027,1.419799208641052,52.0,9.0,35890.0,9.076,417224298.0
-0.2471531182527542,12.99001979827881,-1.136685252189636,11.0,10.0,35891.0,13.042,417224301.0
-0.1636699438095093,8.681931495666504,1.687896370887756,3.0,11.0,35892.0,8.846,417224303.0
-0.2294492423534393,12.28499507904053,-0.6439415812492371,34.0,12.0,35893.0,12.304,417224305.0
-0.1617590039968491,8.742500305175781,2.018710851669312,3.0,13.0,35894.0,8.974,417224308.0
-0.1571673154830933,8.5752534866333,-0.1497067362070084,13.0,14.0,35895.0,8.578,417224310.0
-0.1620306074619293,8.84060001373291,2.369229555130005,2.0,15.0,35895.0,9.154,417224312.0
-0.09896259009838104,5.844945430755615,-1.566372871398926,35.0,0.0,35903.0,6.052,417224333.0
-0.1948237270116806,11.62659645080566,0.202971488237381,29.0,1.0,35904.0,11.63,417224335.0
-0.09770499914884567,5.8921799659729,-1.360504031181335,42.0,2.0,35905.0,6.048,417224337.0
-0.097783163189888,5.959638118743896,-1.158592224121094,40.0,4.0,35906.0,6.072,417224342.0
-0.1443252563476562,8.890862464904785,0.7779521346092224,2.0,5.0,35907.0,8.926,417224344.0
-0.09657923132181168,6.014246463775635,-0.9526858925819397,38.0,6.0,35908.0,6.09,417224347.0
-0.1415242403745651,8.909955024719238,1.094142913818359,4.0,7.0,35909.0,8.978,417224349.0
-0.09550579637289047,6.079587459564209,-0.7465716004371643,41.0,8.0,35910.0,6.126,417224351.0
-0.1395469307899475,8.982929229736328,1.422927856445312,37.0,9.0,35911.0,9.096,417224354.0
-0.2020865082740784,13.00873279571533,-1.138254046440125,11.0,10.0,35911.0,13.06,417224356.0
-0.1339060813188553,8.71778392791748,1.694765448570251,3.0,11.0,35912.0,8.882,417224358.0
-0.186898797750473,12.30768871307373,-0.6450930237770081,42.0,12.0,35913.0,12.326,417224360.0
-0.1320892125368118,8.799519538879395,2.031757831573486,3.0,13.0,35914.0,9.032,417224363.0
-0.1274111270904541,8.587746620178223,-0.1499161720275879,14.0,14.0,35915.0,8.59,417224365.0
-0.1303917765617371,8.893289566040039,2.383205652236938,3.0,15.0,35916.0,9.208,417224367.0
-0.07881893217563629,5.864572048187256,-1.571549296379089,35.0,0.0,35923.0,6.072,417224388.0
-0.1548747271299362,11.67519378662109,0.2038092017173767,13.0,1.0,35924.0,11.678,417224390.0
-0.07749397307634354,5.919765472412109,-1.366802573204041,45.0,2.0,35925.0,6.076000000000001,417224393.0
-0.1496869623661041,11.58912754058838,0.6074110865592957,53.0,3.0,35926.0,11.606,417224395.0
-0.0769541934132576,5.957980155944824,-1.158210635185242,40.0,4.0,35926.0,6.07,417224397.0
-0.1121979653835297,8.805645942687988,0.7704567909240723,2.0,5.0,35927.0,8.84,417224400.0
-0.07588288187980652,6.038249492645264,-0.9564403295516968,37.0,6.0,35928.0,6.114,417224402.0
-0.1101758405566216,8.890545845031738,1.091705560684204,4.0,7.0,35929.0,8.958,417224404.0
-0.07438050210475922,6.087823867797852,-0.7475465536117554,38.0,8.0,35930.0,6.134,417224407.0
-0.1097335666418076,8.981367111206055,1.422615051269531,48.0,9.0,35930.0,9.094,417224409.0
-0.1569642424583435,13.03326606750488,-1.140345692634583,11.0,10.0,35931.0,13.084,417224411.0
-0.1037774235010147,8.743719100952148,1.699726581573486,3.0,11.0,35932.0,8.908,417224413.0
-0.1441459953784943,12.32624053955078,-0.6460350155830383,33.0,12.0,35933.0,12.344,417224416.0
-0.1014845967292786,8.809669494628906,2.034007549285889,3.0,13.0,35934.0,9.042,417224418.0
-0.1352726668119431,11.92341613769531,-0.2081373929977417,25.0,14.0,35935.0,11.926,417224420.0
-0.1014477387070656,8.94196605682373,2.396146774291992,4.0,15.0,35935.0,9.258000000000001,417224423.0
-0.05853946134448051,5.884129047393799,-1.576725602149963,38.0,0.0,35943.0,6.092000000000001,417224443.0
-0.05705413967370987,5.943383693695068,-1.372201442718506,45.0,2.0,35945.0,6.100000000000001,417224448.0
-0.1095524504780769,11.62353134155273,0.6091905236244202,46.0,3.0,35946.0,11.64,417224450.0
-0.0564340353012085,5.987659931182861,-1.163934826850891,41.0,4.0,35946.0,6.100000000000001,417224453.0
-0.0811096727848053,8.7681303024292,0.7671448588371277,4.0,5.0,35947.0,8.802,417224455.0
-0.05500219389796257,6.060205936431885,-0.9598819017410278,40.0,6.0,35948.0,6.136,417224457.0
-0.07914137095212936,8.890875816345215,1.091705560684204,3.0,7.0,35949.0,8.958,417224460.0
-0.0533720962703228,6.115836620330811,-0.7509589195251465,39.0,8.0,35950.0,6.162,417224462.0
-0.07632455974817276,8.92442512512207,1.413541793823242,20.0,9.0,35951.0,9.036,417224464.0
-0.1116050034761429,13.04967308044434,-1.141740202903748,12.0,10.0,35951.0,13.1,417224466.0
-0.0736173465847969,8.78721809387207,1.708122134208679,3.0,11.0,35952.0,8.952,417224469.0
-0.101347878575325,12.35462856292725,-0.6475004553794861,33.0,12.0,35953.0,12.372,417224471.0
-0.07123314589262009,8.87232780456543,2.048404216766357,4.0,13.0,35954.0,9.106,417224473.0
-0.09393405169248581,11.95980930328369,-0.2087656855583191,37.0,14.0,35955.0,11.962,417224476.0
-0.06904399394989014,8.990572929382324,2.409087657928467,7.0,15.0,35956.0,9.308,417224478.0
-0.03809946402907372,5.899752140045166,-1.580866694450378,35.0,0.0,35963.0,6.108000000000001,417224499.0
-0.05346141010522842,8.508536338806152,0.1485199779272079,5.0,1.0,35964.0,8.51,417224501.0
-0.03647416830062866,5.970828533172607,-1.3785001039505,45.0,2.0,35965.0,6.128,417224503.0
-0.03567266091704369,6.011379241943359,-1.168514251708984,41.0,4.0,35966.0,6.124000000000001,417224508.0
-0.05026170611381531,8.726520538330078,0.7634842991828918,6.0,5.0,35967.0,8.76,417224510.0
-0.03394708782434464,6.078139305114746,-0.9626976847648621,41.0,6.0,35968.0,6.154,417224513.0
-0.04771928861737251,8.819636344909668,1.082931041717529,3.0,7.0,35969.0,8.886000000000001,417224515.0
-0.03216903284192085,6.143776416778564,-0.7543712258338928,41.0,8.0,35970.0,6.19,417224517.0
-0.04572640731930733,8.733020782470703,1.383193492889404,9.0,9.0,35970.0,8.842,417224519.0
-0.06611297279596329,13.06193733215332,-1.142786145210266,12.0,10.0,35971.0,13.112,417224522.0
-0.04310688748955727,8.820796966552734,1.714609622955322,2.0,11.0,35972.0,8.986,417224524.0
-0.05841920897364616,12.39684963226318,-0.6496985554695129,30.0,12.0,35973.0,12.414,417224526.0
-0.04035093635320663,8.892009735107422,2.052903413772583,3.0,13.0,35974.0,9.126,417224529.0
-0.05242154002189636,12.0140552520752,-0.209708109498024,57.0,14.0,35975.0,12.016,417224531.0
-0.0393056683242321,9.008138656616211,2.413746356964111,10.0,15.0,35975.0,9.326,417224533.0
-0.0175511110574007,5.915303707122803,-1.585007786750793,35.0,0.0,35983.0,6.124000000000001,417224554.0
-0.02368815802037716,8.482674598693848,0.1480662226676941,7.0,1.0,35984.0,8.484,417224556.0
-0.01567267999053001,5.986509323120117,-1.382099270820618,45.0,2.0,35985.0,6.144,417224559.0
-0.02096542343497276,8.580199241638184,0.4496705234050751,5.0,3.0,35986.0,8.592,417224561.0
-0.01475597359240055,6.038952350616455,-1.173856973648071,41.0,4.0,35986.0,6.152,417224563.0
-0.0197097472846508,8.686795234680176,0.759998083114624,3.0,5.0,35987.0,8.72,417224566.0
-0.01275503728538752,6.090073108673096,-0.964574933052063,41.0,6.0,35988.0,6.166,417224568.0
-0.01679552346467972,8.748285293579102,1.074156403541565,4.0,7.0,35989.0,8.814,417224570.0
-0.01076809503138065,6.169657707214355,-0.7575398683547974,34.0,8.0,35990.0,6.216,417224572.0
-0.01374900806695223,8.752882957458496,1.386322259902954,16.0,9.0,35991.0,8.862,417224575.0
-0.02056797221302986,13.09396648406982,-1.145575046539307,13.0,10.0,35991.0,13.144,417224577.0
-0.01236564014106989,8.856231689453125,1.721478700637817,3.0,11.0,35992.0,9.022,417224579.0
-0.0151750547811389,12.4209451675415,-0.6509546041488647,30.0,12.0,35993.0,12.438,417224582.0
-0.009336273185908794,8.915481567382812,2.058302164077759,3.0,13.0,35994.0,9.15,417224584.0
-0.01051924098283052,12.05415916442871,-0.2104062139987946,53.0,14.0,35995.0,12.056,417224586.0
-0.006307808216661215,9.03526782989502,2.420993328094482,1.0,15.0,35996.0,9.354000000000001,417224589.0
