"Points:0","Points:1","Points:2","intensity","laser_id","azimuth","distance_m","timestamp"
0.008294421248137951,5.940438270568848,-1.591737151145935,38.0,0.0,8.0,6.15,425912168.0
0.01334344781935215,8.494695663452148,0.1482756435871124,5.0,1.0,9.0,8.496,425912170.0
0.01047226879745722,6.000161647796631,-1.38524854183197,44.0,2.0,10.0,6.158,425912173.0
0.01505199912935495,8.624151229858398,0.4519733190536499,3.0,3.0,10.0,8.636000000000001,425912175.0
0.01165429037064314,6.070371150970459,-1.179962873458862,40.0,4.0,11.0,6.184,425912177.0
0.01819361560046673,8.686799049377441,0.759998083114624,2.0,5.0,12.0,8.72,425912180.0
0.01388070359826088,6.117725849151611,-0.9689550995826721,40.0,6.0,13.0,6.194,425912182.0
0.02143916860222816,8.77408218383789,1.077324986457825,3.0,7.0,14.0,8.84,425912184.0
0.01619890332221985,6.187511444091797,-0.7597334980964661,34.0,8.0,15.0,6.234,425912186.0
0.02300291322171688,8.786445617675781,1.391641020774841,22.0,9.0,15.0,8.896,425912189.0
0.03663758188486099,13.11983299255371,-1.147841095924377,13.0,10.0,16.0,13.17,425912191.0
0.02640510722994804,8.899393081665039,1.7298743724823,2.0,11.0,17.0,9.066,425912193.0
0.03910935670137405,12.44885444641113,-0.6524200439453125,33.0,12.0,18.0,12.466,425912196.0
0.02973283641040325,8.966104507446289,2.069999694824219,3.0,13.0,19.0,9.202,425912198.0
0.04214668646454811,12.07408714294434,-0.2107552587985992,40.0,14.0,20.0,12.076,425912200.0
0.1227032840251923,35.15176010131836,9.41894245147705,1.0,15.0,20.0,36.392,425912203.0
0.02920030429959297,5.975145816802979,-1.601054668426514,40.0,0.0,28.0,6.186,425912223.0
0.06007006019353867,11.86804008483887,0.2071600705385208,15.0,1.0,29.0,11.87,425912226.0
0.03157993406057358,6.031268119812012,-1.392446994781494,42.0,2.0,30.0,6.19,425912228.0
0.06373472511768341,11.77966117858887,0.6173549294471741,17.0,3.0,31.0,11.796,425912230.0
0.03290750458836555,6.082073211669922,-1.182252526283264,40.0,4.0,31.0,6.196,425912233.0
0.06580829620361328,11.78280735015869,1.030878067016602,7.0,5.0,32.0,11.828,425912235.0
0.03542888164520264,6.151220798492432,-0.9742738604545593,41.0,6.0,33.0,6.228,425912237.0
0.05225477367639542,8.80571460723877,1.081224799156189,3.0,7.0,34.0,8.872,425912239.0
0.03791851177811623,6.207267761230469,-0.7621708512306213,35.0,8.0,35.0,6.254,425912242.0
0.05535563081502914,8.810006141662598,1.395395398139954,23.0,9.0,36.0,8.92,425912244.0
0.0826844871044159,13.15947246551514,-1.15132737159729,12.0,10.0,36.0,13.21,425912246.0
0.05769782885909081,8.934584617614746,1.736743450164795,3.0,11.0,37.0,9.102,425912249.0
0.08274918049573898,12.47660255432129,-0.6538854241371155,34.0,12.0,38.0,12.494,425912251.0
0.06128222495317459,9.002970695495605,2.078547716140747,4.0,13.0,39.0,9.24,425912253.0
0.08454414457082748,12.10986042022705,-0.2113835513591766,44.0,14.0,40.0,12.112,425912256.0
0.06551156938076019,9.154810905456543,2.453086853027344,6.0,15.0,41.0,9.478,425912258.0
0.04806466028094292,5.986615180969238,-1.60416042804718,35.0,0.0,46.0,6.198,425912279.0
0.09781354665756226,11.92378234863281,0.2081373929977417,58.0,1.0,47.0,11.926,425912281.0
0.05072344094514847,6.05452299118042,-1.397845864295959,44.0,2.0,48.0,6.214,425912283.0
0.05209865421056747,6.091755390167236,-1.184160590171814,40.0,4.0,49.0,6.206,425912288.0
0.102616049349308,11.75863456726074,1.028786420822144,21.0,5.0,50.0,11.804,425912290.0
0.05501705035567284,6.180708885192871,-0.9789668917655945,40.0,6.0,51.0,6.258,425912292.0
0.05760262534022331,6.226968288421631,-0.7646082639694214,35.0,8.0,53.0,6.274,425912297.0
0.08321893215179443,8.829541206359863,1.398524165153503,23.0,9.0,54.0,8.94,425912299.0
0.1241008266806602,13.16711711883545,-1.152024626731873,15.0,10.0,54.0,13.218,425912302.0
0.1224526464939117,12.52820777893066,-0.656606912612915,34.0,12.0,56.0,12.546,425912306.0
0.09010836482048035,9.057295799255371,2.091145038604736,4.0,13.0,57.0,9.296,425912309.0
0.1228510662913322,12.13552951812744,-0.2118373066186905,42.0,14.0,58.0,12.138,425912311.0
0.09273277968168259,9.160370826721191,2.454639911651611,11.0,15.0,58.0,9.484,425912313.0
0.06913957744836807,6.001864910125732,-1.608301520347595,35.0,0.0,66.0,6.214,425912334.0
0.1395282596349716,11.93136692047119,0.2082770168781281,40.0,1.0,67.0,11.934,425912336.0
0.07208863645792007,6.073795318603516,-1.402344822883606,41.0,2.0,68.0,6.234,425912338.0
0.1407507359981537,11.85888957977295,0.6215417981147766,36.0,3.0,68.0,11.876,425912341.0
0.07369352877140045,6.119019985198975,-1.189503312110901,42.0,4.0,69.0,6.234,425912343.0
0.1442448943853378,11.8060188293457,1.032969832420349,31.0,5.0,70.0,11.852,425912345.0
0.07678724080324173,6.196280956268311,-0.9814698100090027,40.0,6.0,71.0,6.274,425912348.0
0.1498431116342545,11.92350769042969,1.464138269424438,22.0,7.0,72.0,12.014,425912350.0
0.07976839691400528,6.260472774505615,-0.7687518000602722,39.0,8.0,73.0,6.308,425912352.0
0.1144474744796753,8.860800743103027,1.40353000164032,20.0,9.0,74.0,8.972,425912355.0
0.1702677458524704,13.18254089355469,-1.153419137001038,11.0,10.0,74.0,13.234,425912357.0
0.1179033666849136,9.00663948059082,1.750863313674927,17.0,11.0,75.0,9.176,425912359.0
0.1665543913841248,12.55566310882568,-0.658072292804718,34.0,12.0,76.0,12.574,425912362.0
0.1222474426031113,9.095897674560547,2.100142955780029,15.0,13.0,77.0,9.336,425912364.0
0.1657828837633133,12.17701625823975,-0.2125703096389771,40.0,14.0,78.0,12.18,425912366.0
0.1248130723834038,9.167717933654785,2.456710338592529,12.0,15.0,78.0,9.492,425912368.0
0.0904955118894577,6.028629779815674,-1.615548491477966,35.0,0.0,86.0,6.242,425912389.0
0.1817221790552139,11.966796875,0.2089053094387054,47.0,1.0,87.0,11.97,425912391.0
0.09355906397104263,6.091042995452881,-1.406394004821777,46.0,2.0,88.0,6.252,425912394.0
0.1848973035812378,11.90222835540771,0.6238446235656738,42.0,3.0,89.0,11.92,425912396.0
0.0955403596162796,6.150134086608887,-1.195609211921692,40.0,4.0,89.0,6.266,425912398.0
0.1866126358509064,11.87915229797363,1.039419412612915,36.0,5.0,90.0,11.926,425912401.0
0.09879229962825775,6.219676494598389,-0.9852242469787598,36.0,6.0,91.0,6.298,425912403.0
0.1924829483032227,11.98642730712891,1.471937894821167,42.0,7.0,92.0,12.078,425912405.0
0.1020076796412468,6.283974170684814,-0.7716766595840454,41.0,8.0,93.0,6.332,425912408.0
0.1443753689527512,8.893949508666992,1.408848762512207,20.0,9.0,93.0,9.006,425912410.0
0.2168707102537155,13.21772480010986,-1.156556725502014,14.0,10.0,94.0,13.27,425912412.0
0.1491138339042664,8.992431640625,1.748192071914673,17.0,11.0,95.0,9.162,425912415.0
0.2108493000268936,12.58296298980713,-0.6595377326011658,32.0,12.0,96.0,12.602,425912417.0
0.1540302932262421,9.097363471984863,2.100592851638794,18.0,13.0,97.0,9.338000000000001,425912419.0
0.2087664157152176,12.20435523986816,-0.2130589783191681,37.0,14.0,98.0,12.208,425912421.0
0.1591145396232605,9.207761764526367,2.467580795288086,8.0,15.0,99.0,9.534,425912424.0
0.112039141356945,6.055318355560303,-1.622795462608337,38.0,0.0,106.0,6.27,425912444.0
0.2243145108222961,12.01007556915283,0.209673210978508,56.0,1.0,107.0,12.014,425912447.0
0.1151875108480453,6.11016321182251,-1.410892963409424,46.0,2.0,108.0,6.272,425912449.0
0.2250054627656937,11.93549633026123,0.6256240010261536,43.0,3.0,108.0,11.954,425912451.0
0.1176052987575531,6.181169509887695,-1.201715111732483,41.0,4.0,109.0,6.298,425912454.0
0.2286512106657028,11.90830898284912,1.042034029960632,33.0,5.0,110.0,11.956,425912456.0
0.1207702830433846,6.233119010925293,-0.9874143600463867,33.0,6.0,111.0,6.312,425912458.0
0.2351370453834534,12.0273609161377,1.477056384086609,34.0,7.0,112.0,12.12,425912461.0
0.1243337020277977,6.303427219390869,-0.7741140723228455,41.0,8.0,113.0,6.352,425912463.0
0.1777583807706833,8.932860374450684,1.415106177330017,22.0,9.0,114.0,9.046,425912465.0
0.2635231614112854,13.24278259277344,-1.158822774887085,16.0,10.0,114.0,13.296,425912468.0
0.1817632466554642,9.054668426513672,1.760403752326965,17.0,11.0,115.0,9.226,425912470.0
0.2552155256271362,12.60411548614502,-0.660689115524292,29.0,12.0,116.0,12.624,425912472.0
0.1865809112787247,9.135737419128418,2.109591007232666,15.0,13.0,117.0,9.378,425912474.0
0.2522722780704498,12.24753570556641,-0.2138268798589706,40.0,14.0,118.0,12.252,425912477.0
0.1336852312088013,6.078067302703857,-1.62900710105896,38.0,0.0,126.0,6.294,425912500.0
0.2672111988067627,12.05320167541504,0.2104411125183105,56.0,1.0,127.0,12.058,425912502.0
0.1369941085577011,6.131155014038086,-1.415841937065125,45.0,2.0,128.0,6.294,425912504.0
0.2674252092838287,11.96858310699463,0.6274034380912781,41.0,3.0,128.0,11.988,425912507.0
0.1392692923545837,6.184646606445312,-1.202478289604187,43.0,4.0,129.0,6.302,425912509.0
0.2714832425117493,11.96321105957031,1.04691481590271,43.0,5.0,130.0,12.012,425912511.0
0.1431594491004944,6.260307312011719,-0.9917945265769958,38.0,6.0,131.0,6.34,425912514.0
0.2782164514064789,12.0740966796875,1.482906222343445,34.0,7.0,132.0,12.168,425912516.0
0.1467506885528564,6.320815563201904,-0.7763077020645142,30.0,8.0,133.0,6.37,425912518.0
0.2085260897874832,8.981593132019043,1.422927856445312,20.0,9.0,133.0,9.096,425912521.0
0.3107725381851196,13.28560256958008,-1.162657618522644,18.0,10.0,134.0,13.34,425912523.0
0.2163753360509872,9.181554794311523,1.785208940505981,6.0,11.0,135.0,9.356,425912525.0
0.3000637888908386,12.63908863067627,-0.6625732183456421,29.0,12.0,136.0,12.66,425912527.0
0.2199603915214539,9.197372436523438,2.123987913131714,6.0,13.0,137.0,9.442,425912530.0
0.2958413064479828,12.28056621551514,-0.2144202589988708,42.0,14.0,138.0,12.286,425912532.0
0.9199532866477966,37.91302108764648,10.16175365447998,0.0,15.0,139.0,39.262,425912534.0
0.155097708106041,6.085288524627686,-1.631077647209167,38.0,0.0,146.0,6.302,425912555.0
0.3105142712593079,12.100172996521,0.2112788259983063,60.0,1.0,147.0,12.106,425912557.0
0.1591499745845795,6.159860610961914,-1.422590494155884,46.0,2.0,148.0,6.324,425912560.0
0.3105429410934448,12.01948833465576,0.6301249265670776,51.0,3.0,148.0,12.04,425912562.0
0.1613673865795135,6.20374870300293,-1.206294417381287,42.0,4.0,149.0,6.322,425912564.0
0.3144926726818085,12.00999069213867,1.051098227500916,43.0,5.0,150.0,12.06,425912567.0
0.1656878292560577,6.285440444946289,-0.995861828327179,40.0,6.0,151.0,6.366000000000001,425912569.0
0.3220988810062408,12.13853645324707,1.490949511528015,32.0,7.0,152.0,12.234,425912571.0
0.169555589556694,6.34804630279541,-0.7797200679779053,16.0,8.0,153.0,6.398000000000001,425912574.0
0.2418279200792313,9.053873062133789,1.43450403213501,20.0,9.0,153.0,9.17,425912576.0
0.3575744032859802,13.30037021636963,-1.164052128791809,17.0,10.0,154.0,13.356,425912578.0
0.2504415810108185,9.255319595336914,1.799710392951965,5.0,11.0,155.0,9.432,425912580.0
0.3451049625873566,12.67190456390381,-0.6643526554107666,32.0,12.0,156.0,12.694,425912583.0
0.2553207874298096,9.315377235412598,2.151431798934937,4.0,13.0,157.0,9.564,425912585.0
0.3393683433532715,12.30344581604004,-0.2148391306400299,42.0,14.0,158.0,12.31,425912587.0
1.051699161529541,37.88833618164062,10.15605926513672,1.0,15.0,159.0,39.24,425912590.0
0.1780759692192078,6.107851505279541,-1.63728928565979,40.0,0.0,167.0,6.326000000000001,425912610.0
0.3559167981147766,12.13493251800537,0.2119071185588837,65.0,1.0,168.0,12.142,425912613.0
0.1827029436826706,6.192350387573242,-1.430238842964172,45.0,2.0,169.0,6.358000000000001,425912615.0
0.3561848700046539,12.07217216491699,0.6329510807991028,53.0,3.0,169.0,12.094,425912617.0
0.1852690279483795,6.242363452911377,-1.213926792144775,41.0,4.0,170.0,6.362,425912620.0
0.3598173856735229,12.05257129669189,1.054933071136475,45.0,5.0,171.0,12.104,425912622.0
0.189316913485527,6.304535865783691,-0.9989904761314392,40.0,6.0,172.0,6.386,425912624.0
0.3683845400810242,12.19680023193359,1.498261690139771,29.0,7.0,173.0,12.294,425912626.0
0.4257858693599701,14.01622581481934,-1.721770048141479,17.0,8.0,174.0,14.128,425912629.0
0.2765099108219147,9.102287292480469,1.442325711250305,20.0,9.0,174.0,9.22,425912631.0
0.4068678915500641,13.31689357757568,-1.165620923042297,16.0,10.0,175.0,13.374,425912633.0
0.28400057554245,9.242566108703613,1.797420740127563,6.0,11.0,176.0,9.42,425912636.0
0.3931514322757721,12.7224588394165,-0.6670740842819214,32.0,12.0,177.0,12.746,425912638.0
0.2903090715408325,9.34164810180664,2.157730579376221,4.0,13.0,178.0,9.592,425912640.0
0.3860220015048981,12.35208702087402,-0.2157117426395416,40.0,14.0,179.0,12.36,425912643.0
1.184792518615723,37.91146469116211,10.16330623626709,1.0,15.0,179.0,39.268,425912645.0
0.280527651309967,8.592161178588867,-2.303489446640015,8.0,0.0,187.0,8.9,425912666.0
0.3991262912750244,12.1595983505249,0.2123608887195587,60.0,1.0,188.0,12.168,425912668.0
0.3624235689640045,10.98296737670898,-2.53699803352356,17.0,2.0,189.0,11.278,425912670.0
0.3995739817619324,12.10878276824951,0.6349398493766785,51.0,3.0,189.0,12.132,425912673.0
0.388274073600769,11.70437431335449,-2.2763512134552,22.0,4.0,190.0,11.93,425912675.0
0.4035466611385345,12.10102367401123,1.059290885925293,46.0,5.0,191.0,12.154,425912677.0
0.2947134375572205,8.791414260864258,-1.393205404281616,16.0,6.0,192.0,8.906,425912679.0
0.4122941792011261,12.23511981964111,1.503136515617371,32.0,7.0,193.0,12.334,425912682.0
0.3032788634300232,8.95358657836914,-1.099992752075195,5.0,8.0,194.0,9.026,425912684.0
0.3098191916942596,9.146674156188965,1.449521780014038,17.0,9.0,194.0,9.266,425912686.0
0.4542992115020752,13.34326934814453,-1.168061256408691,17.0,10.0,195.0,13.402,425912689.0
0.3171343207359314,9.2670259475708,1.802381753921509,6.0,11.0,196.0,9.446,425912691.0
0.4385199248790741,12.7489538192749,-0.6685395240783691,33.0,12.0,197.0,12.774,425912693.0
0.3227137625217438,9.334734916687012,2.156380891799927,6.0,13.0,198.0,9.586,425912696.0
0.4303863942623138,12.38663673400879,-0.216340035200119,34.0,14.0,199.0,12.396,425912698.0
1.320298552513123,37.80840682983398,10.13690662384033,0.0,15.0,200.0,39.166,425912700.0
0.3876969814300537,10.77855777740479,-2.889973402023315,39.0,0.0,206.0,11.166,425912721.0
0.4414692223072052,12.21416282653809,0.2133382111787796,60.0,1.0,207.0,12.224,425912723.0
0.3063992261886597,8.436380386352539,-1.948975920677185,15.0,2.0,208.0,8.664,425912726.0
0.4433687031269073,12.14922904968262,0.6371379494667053,42.0,3.0,209.0,12.174,425912728.0
0.4043883085250854,11.08108425140381,-2.155378341674805,64.0,4.0,209.0,11.296,425912730.0
0.4460091590881348,12.16333198547363,1.064868807792664,48.0,5.0,210.0,12.218,425912732.0
0.4110680520534515,11.15725898742676,-1.768335223197937,2.0,6.0,211.0,11.304,425912735.0
0.4544805586338043,12.27732753753662,1.508498787879944,31.0,7.0,212.0,12.378,425912737.0
0.3303122818470001,8.881117820739746,-1.091218113899231,17.0,8.0,213.0,8.954,425912739.0
0.3416173458099365,9.185076713562012,1.455779075622559,15.0,9.0,213.0,9.306000000000001,425912742.0
0.500106930732727,13.38350105285645,-1.171721816062927,17.0,10.0,214.0,13.444,425912744.0
0.3483050763607025,9.277693748474121,1.8046715259552,8.0,11.0,215.0,9.458,425912746.0
0.481773167848587,12.77337551116943,-0.6699002385139465,30.0,12.0,216.0,12.8,425912749.0
0.3549214601516724,9.366718292236328,2.164029121398926,9.0,13.0,217.0,9.620000000000001,425912751.0
0.4728288054466248,12.42111015319824,-0.2169683128595352,37.0,14.0,218.0,12.432,425912753.0
1.443259119987488,37.91410827636719,10.16641235351562,1.0,15.0,218.0,39.28,425912756.0
0.4255473613739014,10.78292942047119,-2.891526460647583,36.0,0.0,226.0,11.172,425912776.0
0.4858444333076477,12.25650596618652,0.2141061276197433,60.0,1.0,227.0,12.268,425912779.0
0.3353806734085083,8.423576354980469,-1.946276545524597,16.0,2.0,228.0,8.652000000000001,425912781.0
0.4872910380363464,12.18552494049072,0.639126718044281,46.0,3.0,229.0,12.212,425912783.0
0.4419678151607513,11.0521411895752,-2.150035858154297,94.0,4.0,229.0,11.268,425912785.0
0.4903833866119385,12.20948028564453,1.069052338600159,43.0,5.0,230.0,12.266,425912788.0
0.4488173425197601,11.12614917755127,-1.763642191886902,18.0,6.0,231.0,11.274,425912790.0
0.5007086992263794,12.35897159576416,1.518735766410828,29.0,7.0,232.0,12.462,425912792.0
0.3629252314567566,8.91957950592041,-1.096092820167542,14.0,8.0,233.0,8.994,425912795.0
0.375602662563324,9.191658020019531,1.457030653953552,19.0,9.0,234.0,9.314,425912797.0
0.3674487769603729,8.992118835449219,-0.7873649597167969,20.0,10.0,234.0,9.034,425912799.0
0.3811711370944977,9.288191795349121,1.806961178779602,27.0,11.0,235.0,9.47,425912802.0
0.5280847549438477,12.8135232925415,-0.6720983386039734,32.0,12.0,236.0,12.842,425912804.0
0.3865676522254944,9.340109825134277,2.158180475234985,18.0,13.0,237.0,9.594,425912806.0
0.5178444981575012,12.45934391021729,-0.2176664173603058,40.0,14.0,238.0,12.472,425912809.0
1.583984017372131,37.95102691650391,10.17780017852783,0.0,15.0,239.0,39.324,425912811.0
0.4621283113956451,10.80076026916504,-2.896702766418457,10.0,0.0,245.0,11.192,425912832.0
0.527859091758728,12.28679275512695,0.2146645933389664,58.0,1.0,246.0,12.3,425912834.0
0.3635643720626831,8.428257942199707,-1.947626233100891,10.0,2.0,247.0,8.658,425912836.0
0.5295982956886292,12.22774028778076,0.6414294838905334,46.0,3.0,248.0,12.256,425912838.0
0.4770015180110931,11.01334857940674,-2.14278507232666,86.0,4.0,248.0,11.23,425912841.0
0.5327730774879456,12.25157833099365,1.072887182235718,45.0,5.0,249.0,12.31,425912843.0
0.4861413538455963,11.13446712493896,-1.765206456184387,21.0,6.0,250.0,11.284,425912845.0
0.5441239476203918,12.4127721786499,1.52556049823761,28.0,7.0,251.0,12.518,425912848.0
0.6862887144088745,15.5936861038208,-1.91651725769043,4.0,8.0,252.0,15.726,425912850.0
0.4037823677062988,9.17464542388916,1.454527616500854,8.0,9.0,252.0,9.298,425912852.0
0.3948910534381866,8.937108039855957,-0.782658576965332,31.0,10.0,253.0,8.98,425912855.0
0.4129268527030945,9.308450698852539,1.811159014701843,2.0,11.0,254.0,9.492,425912857.0
0.572350263595581,12.85160732269287,-0.6741917729377747,34.0,12.0,255.0,12.882,425912859.0
0.4189310967922211,9.369925498962402,2.16537880897522,3.0,13.0,256.0,9.626,425912862.0
0.5605033040046692,12.48752307891846,-0.2181899845600128,38.0,14.0,257.0,12.502,425912864.0
1.702942728996277,37.94007110595703,10.17624759674072,1.0,15.0,257.0,39.318,425912866.0
0.5343042016029358,11.54397869110107,-3.096511125564575,46.0,0.0,265.0,11.964,425912887.0
0.5724152326583862,12.32083129882812,0.2152928858995438,58.0,1.0,266.0,12.336,425912889.0
0.5134459733963013,11.01010894775391,-2.544646263122559,28.0,2.0,267.0,11.312,425912891.0
0.5750795006752014,12.28566932678223,0.6445696353912354,46.0,3.0,268.0,12.316,425912894.0
0.5156259536743164,11.01553821563721,-2.143548250198364,86.0,4.0,268.0,11.234,425912896.0
0.5774059891700745,12.28944778442383,1.07637345790863,43.0,5.0,269.0,12.35,425912898.0
0.4071998596191406,8.634652137756348,-1.369114398956299,7.0,6.0,270.0,8.752,425912901.0
0.5902649760246277,12.47028350830078,1.532872557640076,21.0,7.0,271.0,12.578,425912903.0
0.7240427732467651,15.24022960662842,-1.873375535011292,0.0,8.0,272.0,15.372,425912905.0
0.622567892074585,13.05623245239258,2.070253610610962,10.0,9.0,273.0,13.234,425912908.0
0.424092173576355,8.893882751464844,-0.7789980173110962,25.0,10.0,273.0,8.938,425912910.0
1.84285843372345,38.50638961791992,7.49345064163208,0.0,11.0,274.0,39.272,425912912.0
0.6195070147514343,12.89741039276123,-0.676703929901123,34.0,12.0,275.0,12.93,425912914.0
1.795751571655273,37.24977874755859,8.609776496887207,2.0,13.0,276.0,38.274,425912917.0
0.6062155365943909,12.52943229675293,-0.2189578860998154,38.0,14.0,277.0,12.546,425912919.0
1.841426491737366,37.9219970703125,10.17314147949219,1.0,15.0,278.0,39.306,425912921.0
0.5736364126205444,11.52274799346924,-3.091334581375122,70.0,0.0,285.0,11.944,425912942.0
0.6178141236305237,12.36669158935547,0.2161305993795395,63.0,1.0,286.0,12.384,425912944.0
0.5520704388618469,11.01214218139648,-2.545546054840088,39.0,2.0,287.0,11.316,425912947.0
0.6202690601348877,12.32946586608887,0.6469770669937134,43.0,3.0,288.0,12.362,425912949.0
0.5542715191841125,11.01759338378906,-2.144311428070068,81.0,4.0,288.0,11.238,425912951.0
0.6241178512573242,12.36297130584717,1.08299720287323,13.0,5.0,289.0,12.426,425912954.0
0.4380375146865845,8.646987915039062,-1.371304512023926,9.0,6.0,290.0,8.766,425912956.0
0.7913939952850342,15.51516151428223,-1.907498955726624,4.0,8.0,292.0,15.652,425912961.0
0.6707913279533386,13.15076446533203,2.085584402084351,9.0,9.0,292.0,13.332,425912963.0
0.4527926445007324,8.846583366394043,-0.7749888896942139,22.0,10.0,293.0,8.892,425912965.0
1.988336086273193,38.71539688110352,7.535429000854492,0.0,11.0,294.0,39.492,425912967.0
0.6657570600509644,12.91910457611084,-0.6779599785804749,33.0,12.0,295.0,12.954,425912970.0
1.92637038230896,37.25496292114258,8.612476348876953,2.0,13.0,296.0,38.286,425912972.0
0.652538001537323,12.5771656036377,-0.2198305130004883,36.0,14.0,297.0,12.596,425912974.0
1.969572424888611,37.96198654174805,10.18556499481201,1.0,15.0,297.0,39.354,425912977.0
0.6129297018051147,11.50331401824951,-3.086675882339478,59.0,0.0,305.0,11.926,425912997.0
0.6637535691261292,12.41637706756592,0.2170381247997284,65.0,1.0,306.0,12.436,425913000.0
0.5901935696601868,11.00430965423584,-2.544196367263794,53.0,2.0,307.0,11.31,425913002.0
0.6651274561882019,12.36112976074219,0.6487565040588379,42.0,3.0,308.0,12.396,425913004.0
0.5932541489601135,11.02539348602295,-2.146219491958618,61.0,4.0,308.0,11.248,425913007.0
0.4682184755802155,8.645406723022461,-1.371304512023926,7.0,6.0,310.0,8.766,425913011.0
0.6857092976570129,12.62046813964844,1.551884174346924,4.0,7.0,311.0,12.734,425913014.0
0.8250189423561096,15.13569641113281,-1.861188650131226,0.0,8.0,312.0,15.272,425913016.0
0.7249190211296082,13.25670146942139,2.102792024612427,6.0,9.0,313.0,13.442,425913018.0
0.4819296300411224,8.813117980957031,-0.7721998691558838,24.0,10.0,313.0,8.86,425913020.0
2.172396183013916,39.60015869140625,7.709064960479736,1.0,11.0,314.0,40.402,425913023.0
0.7130441069602966,12.95658683776855,-0.6800534129142761,31.0,12.0,315.0,12.994,425913025.0
2.054469108581543,37.21298599243164,8.604377746582031,2.0,13.0,316.0,38.25,425913027.0
0.6984269618988037,12.61075019836426,-0.2204588055610657,36.0,14.0,317.0,12.632,425913030.0
2.10912561416626,37.96222686767578,10.18763542175293,1.0,15.0,318.0,39.362,425913032.0
0.6174853444099426,10.8742618560791,-2.918443441390991,45.0,0.0,325.0,11.276,425913053.0
0.7095925807952881,12.45790672302246,0.2178060263395309,58.0,1.0,326.0,12.48,425913055.0
0.6289356350898743,11.00801944732666,-2.545546054840088,54.0,2.0,327.0,11.316,425913057.0
0.7112429141998291,12.41057682037354,0.6514779925346375,46.0,3.0,328.0,12.448,425913060.0
0.6331965923309326,11.04873561859131,-2.151180505752563,72.0,4.0,328.0,11.274,425913062.0
0.6465587019920349,11.2133674621582,-1.778972744941711,16.0,6.0,330.0,11.372,425913067.0
0.8722142577171326,15.03561782836914,-1.849245429039001,1.0,8.0,332.0,15.174,425913071.0
0.7765405774116516,13.3863525390625,2.123754262924194,4.0,9.0,332.0,13.576,425913073.0
0.5121115446090698,8.801437377929688,-0.771328330039978,19.0,10.0,333.0,8.85,425913076.0
2.503803014755249,42.90263748168945,8.353617668151855,1.0,11.0,334.0,43.78,425913078.0
0.7602507472038269,12.98791408538818,-0.6818328499794006,29.0,12.0,335.0,13.028,425913080.0
2.185382127761841,37.22309494018555,8.608427047729492,2.0,13.0,336.0,38.268,425913083.0
0.745028555393219,12.65215301513672,-0.2212267071008682,40.0,14.0,337.0,12.676,425913085.0
2.213424682617188,37.58860778808594,10.08928394317627,0.0,15.0,337.0,38.982,425913087.0
0.6545098423957825,10.85661315917969,-2.914302349090576,46.0,0.0,345.0,11.26,425913108.0
0.7554881572723389,12.49527454376221,0.2185041308403015,63.0,1.0,346.0,12.52,425913110.0
0.6681826114654541,11.01937294006348,-2.54869556427002,46.0,2.0,347.0,11.33,425913113.0
0.7578328847885132,12.46184539794922,0.6543041467666626,48.0,3.0,348.0,12.502,425913115.0
0.673905074596405,11.08173179626465,-2.158049821853638,57.0,4.0,348.0,11.31,425913117.0
0.7611870169639587,12.48104572296143,1.093978881835938,24.0,5.0,349.0,12.552,425913120.0
1.205818057060242,19.71495056152344,-3.128376483917236,24.0,6.0,350.0,19.998,425913122.0
0.7806051969528198,12.7263298034668,1.565533638000488,22.0,7.0,351.0,12.846,425913124.0
0.92457115650177,15.0305004119873,-1.84900164604187,1.0,8.0,352.0,15.172,425913126.0
0.8325314521789551,13.49579906463623,2.141587734222412,4.0,9.0,353.0,13.69,425913129.0
0.5402550101280212,8.757835388183594,-0.7676677703857422,13.0,10.0,353.0,8.808,425913131.0
2.658394813537598,42.97201919555664,8.368882179260254,1.0,11.0,354.0,43.86,425913133.0
0.8080557584762573,13.02504920959473,-0.6839262843132019,28.0,12.0,355.0,13.068,425913136.0
2.31614875793457,37.22885513305664,8.611576080322266,2.0,13.0,356.0,38.282,425913138.0
0.7908070087432861,12.6754207611084,-0.2216804623603821,38.0,14.0,357.0,12.702,425913140.0
2.368669986724854,37.85981369018555,10.16434192657471,0.0,15.0,358.0,39.272,425913143.0
0.6926484704017639,10.85811901092529,-2.915337800979614,31.0,0.0,365.0,11.264,425913163.0
0.801908552646637,12.53646469116211,0.2192720323801041,60.0,1.0,366.0,12.564,425913166.0
0.7093875408172607,11.05975818634033,-2.558593273162842,44.0,2.0,367.0,11.374,425913168.0
0.8038920760154724,12.49898624420166,0.6563975811004639,43.0,3.0,368.0,12.542,425913170.0
0.7477400898933411,11.6259298324585,-2.26452112197876,14.0,4.0,368.0,11.868,425913173.0
0.8083396553993225,12.53398418426514,1.098859548568726,31.0,5.0,369.0,12.608,425913175.0
0.8292624354362488,12.78889846801758,1.573576927185059,20.0,7.0,371.0,12.912,425913179.0
0.97574383020401,15.00737285614014,-1.846564292907715,3.0,8.0,372.0,15.152,425913182.0
0.8871492147445679,13.64474773406982,2.165678739547729,3.0,9.0,372.0,13.844,425913184.0
0.5808026194572449,8.908985137939453,-0.7810897827148438,7.0,10.0,373.0,8.962,425913186.0
2.807866811752319,42.95463943481445,8.367356300354004,1.0,11.0,374.0,43.852,425913189.0
0.855998694896698,13.06001663208008,-0.6859150528907776,33.0,12.0,375.0,13.106,425913191.0
2.579375743865967,39.24870681762695,9.08082389831543,0.0,13.0,376.0,40.368,425913193.0
0.8388606309890747,12.73044872283936,-0.2226927131414413,36.0,14.0,377.0,12.76,425913196.0
2.498904466629028,37.92307662963867,10.18349456787109,0.0,15.0,377.0,39.346,425913198.0
0.5371434092521667,7.981744289398193,-2.143539428710938,10.0,0.0,385.0,8.282,425913219.0
0.8487602472305298,12.57947826385498,0.2200748473405838,65.0,1.0,386.0,12.61,425913221.0
1.240817308425903,18.34249305725098,-4.244376659393311,28.0,2.0,387.0,18.868,425913223.0
0.8514360785484314,12.55389213562012,0.6594330668449402,42.0,3.0,388.0,12.6,425913226.0
0.5623438358306885,8.291407585144043,-1.615388989448547,7.0,4.0,388.0,8.466,425913228.0
0.8565469980239868,12.59668350219727,1.104611873626709,35.0,5.0,389.0,12.674,425913230.0
3.208014011383057,47.05684661865234,-7.470371246337891,1.0,6.0,390.0,47.754,425913232.0
0.877282977104187,12.8354377746582,1.579670429229736,19.0,7.0,391.0,12.962,425913235.0
1.027716279029846,14.99793338775635,-1.84583306312561,2.0,8.0,392.0,15.146,425913237.0
0.9497627019882202,13.86032199859619,2.200407266616821,2.0,9.0,392.0,14.066,425913239.0
0.6002901792526245,8.737948417663574,-0.7662733197212219,12.0,10.0,393.0,8.792,425913242.0
2.659663200378418,38.61603927612305,7.523980140686035,0.0,11.0,394.0,39.432,425913244.0
0.9041954874992371,13.09480667114258,-0.6879038214683533,35.0,12.0,395.0,13.144,425913246.0
0.8860620260238647,12.76734066009521,-0.2233908027410507,34.0,14.0,397.0,12.8,425913251.0
2.636749267578125,37.99313735961914,10.2047176361084,1.0,15.0,397.0,39.428,425913253.0
0.564752995967865,7.956597805023193,-2.137327671051025,12.0,0.0,406.0,8.258000000000001,425913274.0
0.8986927270889282,12.6301383972168,0.2210172712802887,54.0,1.0,407.0,12.664,425913276.0
0.5785924196243286,8.111483573913574,-1.87744152545929,12.0,2.0,408.0,8.346,425913279.0
0.9004341959953308,12.59252262115479,0.661631166934967,42.0,3.0,409.0,12.642,425913281.0
0.5925895571708679,8.287332534790039,-1.615007281303406,14.0,4.0,409.0,8.464,425913283.0
0.9064141511917114,12.64512920379639,1.109143972396851,37.0,5.0,410.0,12.726,425913285.0
0.6675070524215698,9.244327545166016,-1.138015985488892,7.0,8.0,413.0,9.338000000000001,425913292.0
1.022512912750244,14.12649345397949,2.2432701587677,2.0,9.0,414.0,14.34,425913295.0
0.6233943700790405,8.612483978271484,-0.7554659843444824,9.0,10.0,414.0,8.668000000000001,425913297.0
3.118294954299927,42.97652816772461,8.375751495361328,1.0,11.0,415.0,43.896,425913299.0
0.9549371004104614,13.12925243377686,-0.689892590045929,33.0,12.0,416.0,13.182,425913302.0
2.840610027313232,38.96102905273438,9.01873779296875,0.0,13.0,417.0,40.092,425913304.0
0.9366404414176941,12.81586170196533,-0.2242983281612396,37.0,14.0,418.0,12.852,425913306.0
2.775138378143311,37.97165679931641,10.20161151885986,0.0,15.0,418.0,39.416,425913308.0
0.5936713218688965,7.969990253448486,-2.14146876335144,10.0,0.0,426.0,8.274000000000001,425913329.0
0.9457525014877319,12.66680717468262,0.2217153757810593,58.0,1.0,427.0,12.704,425913332.0
0.6066123843193054,8.105527877807617,-1.87654173374176,15.0,2.0,428.0,8.342,425913334.0
0.9485681056976318,12.64506912231445,0.6645619869232178,43.0,3.0,429.0,12.698,425913336.0
0.6162271499633789,8.21473503112793,-1.601269125938416,10.0,4.0,429.0,8.392,425913338.0
0.9556275010108948,12.70943832397461,1.115070581436157,35.0,5.0,430.0,12.794,425913341.0
3.537534713745117,46.93813323974609,-7.455353736877441,0.0,6.0,431.0,47.658,425913343.0
0.9910892248153687,13.11981105804443,1.615499973297119,10.0,7.0,432.0,13.256,425913345.0
0.6994719505310059,9.237982749938965,-1.137528419494629,22.0,8.0,433.0,9.334,425913348.0
3.486171960830688,45.93566131591797,7.296416282653809,1.0,9.0,434.0,46.642,425913350.0
0.6507397890090942,8.574495315551758,-0.7523283958435059,6.0,10.0,434.0,8.632,425913352.0
2.801754713058472,36.83222198486328,7.180142402648926,4.0,11.0,435.0,37.63,425913355.0
1.004101395606995,13.16965198516846,-0.6921953558921814,31.0,12.0,436.0,13.226,425913357.0
0.9839666485786438,12.84640884399414,-0.2248917073011398,38.0,14.0,438.0,12.886,425913361.0
2.918581247329712,38.01708984375,10.21662330627441,1.0,15.0,439.0,39.474,425913364.0
0.6260930895805359,8.045019149780273,-2.162174224853516,12.0,0.0,445.0,8.354000000000001,425913385.0
0.991795003414154,12.71543598175049,0.2226229012012482,60.0,1.0,446.0,12.756,425913387.0
0.6343992352485657,8.115128517150879,-1.879241108894348,14.0,2.0,447.0,8.354000000000001,425913389.0
0.9945516586303711,12.69362449645996,0.6672834157943726,42.0,3.0,448.0,12.75,425913391.0
0.6422380208969116,8.196988105773926,-1.59821617603302,27.0,4.0,448.0,8.376,425913394.0
1.0026034116745,12.76777458190918,1.120474219322205,33.0,5.0,449.0,12.856,425913396.0
0.6562118530273438,8.33796215057373,-1.324687004089355,5.0,6.0,450.0,8.468,425913398.0
1.032873630523682,13.09468364715576,1.612818837165833,6.0,7.0,451.0,13.234,425913401.0
0.6726891398429871,8.50934886932373,-1.048076391220093,6.0,8.0,452.0,8.6,425913403.0
3.64004111289978,45.94354248046875,7.299544811248779,1.0,9.0,453.0,46.662,425913405.0
0.6749215126037598,8.51866340637207,-0.7476219534873962,10.0,10.0,453.0,8.578,425913408.0
2.926365852355957,36.85404205322266,7.186248302459717,2.0,11.0,454.0,37.662,425913410.0
1.051412105560303,13.2120418548584,-0.6946027874946594,35.0,12.0,455.0,13.272,425913412.0
2.960106611251831,37.11477279663086,8.595829963684082,1.0,13.0,456.0,38.212,425913414.0
1.030385375022888,12.8909158706665,-0.2257294207811356,38.0,14.0,457.0,12.934,425913417.0
3.03938627243042,38.02506637573242,10.22128200531006,0.0,15.0,457.0,39.492,425913419.0
0.656050980091095,8.065890312194824,-2.168385982513428,11.0,0.0,465.0,8.378,425913440.0
1.040398120880127,12.76371669769287,0.2235304266214371,60.0,1.0,466.0,12.808,425913442.0
1.752398729324341,21.45237922668457,-4.969168663024902,10.0,2.0,467.0,22.09,425913444.0
1.042765617370605,12.73785018920898,0.669795572757721,41.0,3.0,468.0,12.798,425913447.0
0.6718080043792725,8.206436157226562,-1.600505828857422,13.0,4.0,468.0,8.388,425913449.0
1.050912022590637,12.80986785888672,1.124483346939087,33.0,5.0,469.0,12.902,425913451.0
0.6841797828674316,8.321839332580566,-1.322497010231018,20.0,6.0,470.0,8.454,425913454.0
1.082488298416138,13.1384801864624,1.618668675422668,18.0,7.0,471.0,13.282,425913456.0
0.6981412172317505,8.455512046813965,-1.041739106178284,8.0,8.0,472.0,8.548,425913458.0
3.805115699768066,45.98764801025391,7.308618068695068,1.0,9.0,473.0,46.72,425913461.0
0.7038316130638123,8.506327629089355,-0.7467504143714905,10.0,10.0,473.0,8.568,425913463.0
3.077542781829834,37.11556243896484,7.239293098449707,1.0,11.0,474.0,37.94,425913465.0
1.10198986530304,13.26203155517578,-0.6974289417266846,38.0,12.0,475.0,13.326,425913467.0
3.089319705963135,37.1003303527832,8.594929695129395,2.0,13.0,476.0,38.208,425913470.0
1.07853627204895,12.92510318756104,-0.2263926118612289,36.0,14.0,477.0,12.972,425913472.0
2.889203786849976,34.62401580810547,9.309720993041992,4.0,15.0,477.0,35.97,425913474.0
0.6852397918701172,8.092544555664062,-2.176150560379028,12.0,0.0,484.0,8.408,425913495.0
1.0867760181427,12.80801773071289,0.2243681401014328,54.0,1.0,485.0,12.856,425913497.0
1.63481867313385,19.22704887390137,-4.454930782318115,4.0,2.0,486.0,19.804,425913500.0
1.087515473365784,12.79023361206055,0.6727263927459717,41.0,3.0,486.0,12.854,425913502.0
1.099825978279114,12.88174915313721,1.131107211112976,35.0,5.0,488.0,12.978,425913507.0
0.7124457955360413,8.327398300170898,-1.323748469352722,9.0,6.0,489.0,8.462,425913509.0
1.132494449615479,13.20997619628906,1.627930641174316,16.0,7.0,490.0,13.358,425913511.0
0.7248175740242004,8.437328338623047,-1.039789199829102,16.0,8.0,491.0,8.532,425913513.0
3.477854251861572,40.48439025878906,6.435713768005371,0.0,9.0,491.0,41.14,425913516.0
0.7347697615623474,8.535707473754883,-0.7495393753051758,13.0,10.0,492.0,8.6,425913518.0
3.701701879501343,42.91444778442383,8.372698783874512,1.0,11.0,493.0,43.88,425913520.0
1.14802610874176,13.28218269348145,-0.6986849904060364,34.0,12.0,494.0,13.35,425913523.0
3.330036640167236,38.44891357421875,8.90986156463623,0.0,13.0,495.0,39.608,425913525.0
1.126578330993652,12.98122215270996,-0.2274397611618042,34.0,14.0,496.0,13.032,425913527.0
3.001833915710449,34.58922576904297,9.30299186706543,6.0,15.0,496.0,35.944,425913530.0
0.715520441532135,8.11319637298584,-2.182362079620361,7.0,0.0,504.0,8.432,425913550.0
1.135350227355957,12.84796810150146,0.2251360416412354,49.0,1.0,505.0,12.9,425913553.0
1.915222644805908,21.63018608093262,-5.013259410858154,12.0,2.0,506.0,22.286,425913555.0
1.139681816101074,12.84584426879883,0.6758665442466736,41.0,3.0,507.0,12.914,425913557.0
2.487790822982788,28.04096221923828,-5.472020149230957,15.0,4.0,507.0,28.678,425913560.0
1.149901151657104,12.93538379669189,1.136162281036377,33.0,5.0,508.0,13.036,425913562.0
1.185481071472168,13.28305435180664,1.637436509132385,17.0,7.0,510.0,13.436,425913566.0
0.7553257942199707,8.446609497070312,-1.041251659393311,13.0,8.0,511.0,8.544,425913569.0
3.626566171646118,40.47530364990234,6.436339855194092,1.0,9.0,512.0,41.144,425913571.0
0.7704280614852905,8.598577499389648,-0.7552916407585144,28.0,10.0,512.0,8.666,425913573.0
3.864118099212646,43.04205322265625,8.400175094604492,1.0,11.0,513.0,44.024,425913576.0
1.197961330413818,13.31787872314453,-0.7007784247398376,33.0,12.0,514.0,13.39,425913578.0
3.342130184173584,37.08232498168945,8.595829963684082,1.0,13.0,515.0,38.212,425913580.0
1.176560401916504,13.02899169921875,-0.2283472865819931,40.0,14.0,516.0,13.084,425913583.0
3.442284107208252,38.04502487182617,10.2357759475708,0.0,15.0,517.0,39.548,425913585.0
2.008852481842041,21.90413856506348,-5.893827438354492,20.0,0.0,524.0,22.772,425913606.0
1.185497403144836,12.9016752243042,0.2261482775211334,58.0,1.0,525.0,12.958,425913608.0
1.997681856155396,21.69904899597168,-5.030805587768555,10.0,2.0,526.0,22.364,425913610.0
1.186668276786804,12.88972663879395,0.6783786416053772,40.0,3.0,526.0,12.962,425913613.0
2.589082956314087,28.06925201416016,-5.479270935058594,15.0,4.0,527.0,28.716,425913615.0
1.201647520065308,13.00271320343018,1.14243745803833,30.0,5.0,528.0,13.108,425913617.0
1.997165322303772,21.56971740722656,-3.430920600891113,38.0,6.0,529.0,21.932,425913619.0
1.241008520126343,13.37766551971436,1.649623394012451,17.0,7.0,530.0,13.536,425913622.0
3.772224903106689,40.50960540771484,6.443848609924316,1.0,9.0,532.0,41.192,425913626.0
0.8026547431945801,8.619641304016113,-0.757383406162262,16.0,10.0,532.0,8.69,425913629.0
3.715616464614868,39.82639694213867,7.775084972381592,1.0,11.0,533.0,40.748,425913631.0
1.249274849891663,13.36531925201416,-0.7034999132156372,34.0,12.0,534.0,13.442,425913633.0
3.466826915740967,37.01998519897461,8.584132194519043,1.0,13.0,535.0,38.16,425913636.0
1.226142406463623,13.06860637664795,-0.2291151881217957,37.0,14.0,536.0,13.128,425913638.0
3.566261529922485,38.01031875610352,10.22956371307373,0.0,15.0,536.0,39.524,425913640.0
2.455071449279785,25.77983474731445,-6.938938617706299,9.0,0.0,544.0,26.81,425913661.0
1.235843300819397,12.95319652557373,0.2271256148815155,54.0,1.0,545.0,13.014,425913663.0
2.082684755325317,21.78893852233887,-5.053300380706787,10.0,2.0,546.0,22.464,425913665.0
1.236215591430664,12.93322277069092,0.6808907985687256,38.0,3.0,546.0,13.01,425913668.0
2.056364059448242,21.4740047454834,-4.19321870803833,19.0,4.0,547.0,21.976,425913670.0
1.252545952796936,13.05595397949219,1.147492527961731,37.0,5.0,548.0,13.166,425913672.0
2.077170133590698,21.61177253723145,-3.438742399215698,27.0,6.0,549.0,21.982,425913675.0
1.296640038490295,13.46612167358398,1.661079168319702,17.0,7.0,550.0,13.63,425913677.0
1.450904488563538,15.04070377349854,-1.855338931083679,6.0,8.0,551.0,15.224,425913679.0
3.919687509536743,40.55910873413086,6.453860282897949,1.0,9.0,552.0,41.256,425913682.0
0.8352295160293579,8.64256763458252,-0.7596494555473328,13.0,10.0,552.0,8.716,425913684.0
3.853100299835205,39.79755020141602,7.772031784057617,1.0,11.0,553.0,40.732,425913686.0
1.300548553466797,13.40858745574951,-0.7060120701789856,37.0,12.0,554.0,13.49,425913689.0
1.275627851486206,13.10405254364014,-0.2298132926225662,35.0,14.0,556.0,13.168,425913693.0
3.358639240264893,34.50205612182617,9.288497924804688,3.0,15.0,556.0,35.888,425913695.0
1.284594655036926,12.98462295532227,0.2277539074420929,51.0,1.0,565.0,13.05,425913718.0
2.166993856430054,21.86492347717285,-5.072646141052246,14.0,2.0,566.0,22.55,425913721.0
1.28952968120575,12.98822975158691,0.6840309500694275,40.0,3.0,567.0,13.07,425913723.0
0.9236710071563721,9.303277015686035,-1.817264914512634,21.0,4.0,567.0,9.524000000000001,425913725.0
1.303041934967041,13.10106754302979,1.151850342750549,31.0,5.0,568.0,13.216,425913728.0
2.158080577850342,21.6594295501709,-3.447502851486206,26.0,6.0,569.0,22.038,425913730.0
1.353298544883728,13.55830192565918,1.673022389411926,15.0,7.0,570.0,13.728,425913732.0
1.506755113601685,15.06912708282471,-1.859482407569885,6.0,8.0,571.0,15.258,425913735.0
4.063008785247803,40.63433837890625,6.467939376831055,1.0,9.0,571.0,41.346,425913737.0
0.8657897710800171,8.64356517791748,-0.759998083114624,28.0,10.0,572.0,8.72,425913739.0
3.994152545928955,39.80534362792969,7.776229858398438,1.0,11.0,573.0,40.754,425913742.0
1.352139472961426,13.45166015625,-0.7085241675376892,34.0,12.0,574.0,13.538,425913744.0
1.326178431510925,13.14727020263672,-0.230651006102562,34.0,14.0,576.0,13.216,425913748.0
3.486238479614258,34.50104522705078,9.291604042053223,5.0,15.0,577.0,35.9,425913751.0
1.939335107803345,18.96072769165039,-5.107017517089844,9.0,0.0,584.0,19.732,425913771.0
1.335618495941162,13.03575992584229,0.228731244802475,54.0,1.0,585.0,13.106,425913774.0
2.266383171081543,22.08209991455078,-5.124835014343262,21.0,2.0,586.0,22.782,425913776.0
1.340341925621033,13.05938148498535,0.6880084872245789,37.0,3.0,586.0,13.146,425913778.0
0.9575453400611877,9.313666343688965,-1.819936156272888,24.0,4.0,587.0,9.538,425913781.0
1.355500817298889,13.16184234619141,1.157602548599243,30.0,5.0,588.0,13.282,425913783.0
0.9719994068145752,9.421926498413086,-1.500206470489502,11.0,6.0,589.0,9.59,425913785.0
1.411024212837219,13.65419960021973,1.685453057289124,13.0,7.0,590.0,13.83,425913788.0
1.562412977218628,15.09339332580566,-1.863138556480408,7.0,8.0,591.0,15.288,425913790.0
4.227602005004883,40.77046585083008,6.492030143737793,1.0,9.0,592.0,41.5,425913792.0
0.8998605608940125,8.678143501281738,-0.7633100152015686,18.0,10.0,592.0,8.758000000000001,425913795.0
4.134697437286377,39.80678176879883,7.779282569885254,1.0,11.0,593.0,40.77,425913797.0
1.404460191726685,13.49850845336914,-0.7112456560134888,31.0,12.0,594.0,13.59,425913799.0
3.94884181022644,37.88874816894531,8.794686317443848,0.0,13.0,595.0,39.096,425913801.0
1.377461433410645,13.1942720413208,-0.2315585315227509,35.0,14.0,596.0,13.268,425913804.0
3.97615385055542,38.02207565307617,10.24353981018066,0.0,15.0,597.0,39.578,425913806.0
1.493662714958191,14.1164436340332,-3.803604602813721,11.0,0.0,604.0,14.696,425913827.0
1.386593341827393,13.08272075653076,0.2296387702226639,54.0,1.0,605.0,13.158,425913829.0
2.252106904983521,21.21364784240723,-4.925078392028809,6.0,2.0,606.0,21.894,425913831.0
1.390979886054993,13.1022891998291,0.6905205845832825,35.0,3.0,606.0,13.194,425913834.0
2.302505254745483,21.65237426757812,-4.23252534866333,19.0,4.0,607.0,22.182,425913836.0
1.411354303359985,13.25014591217041,1.165795207023621,30.0,5.0,608.0,13.376,425913838.0
1.006139516830444,9.430261611938477,-1.502083778381348,10.0,6.0,609.0,9.602,425913841.0
1.46795928478241,13.73604011535645,1.69617748260498,12.0,7.0,610.0,13.918,425913843.0
1.616568207740784,15.10166454315186,-1.864844679832458,6.0,8.0,611.0,15.302,425913845.0
4.380860328674316,40.92514038085938,6.518937110900879,1.0,9.0,611.0,41.672,425913848.0
0.9354577660560608,8.724474906921387,-0.7676677703857422,28.0,10.0,612.0,8.808,425913850.0
4.274043083190918,39.79601287841797,7.780045986175537,1.0,11.0,613.0,40.774,425913852.0
1.454774618148804,13.52331066131592,-0.7128157019615173,40.0,12.0,614.0,13.62,425913854.0
4.081074237823486,37.87473297119141,8.794686317443848,0.0,13.0,615.0,39.096,425913857.0
1.429088711738586,13.24107456207275,-0.2324660569429398,35.0,14.0,616.0,13.32,425913859.0
3.805084228515625,35.19803619384766,9.486235618591309,4.0,15.0,617.0,36.652,425913861.0
1.547128796577454,14.14955139160156,-3.813957452774048,13.0,0.0,624.0,14.736,425913882.0
1.439436316490173,13.14339923858643,0.2307906299829483,49.0,1.0,625.0,13.224,425913884.0
2.320617914199829,21.15529251098633,-4.913381099700928,2.0,2.0,626.0,21.842,425913887.0
1.441933751106262,13.1450023651123,0.6930327415466309,38.0,3.0,626.0,13.242,425913889.0
2.363706350326538,21.51345443725586,-4.20695686340332,9.0,4.0,627.0,22.048,425913891.0
1.465879201889038,13.32039546966553,1.17241907119751,30.0,5.0,628.0,13.452,425913894.0
2.383692979812622,21.62582397460938,-3.445938348770142,97.0,6.0,629.0,22.028,425913896.0
1.527878761291504,13.83935356140137,1.709583163261414,11.0,7.0,630.0,14.028,425913898.0
1.669927597045898,15.10184860229492,-1.865575909614563,9.0,8.0,631.0,15.308,425913901.0
4.539103984832764,41.04899978637695,6.541150569915771,1.0,9.0,631.0,41.814,425913903.0
0.9691960215568542,8.750861167907715,-0.7702824473381042,27.0,10.0,632.0,8.838000000000001,425913905.0
4.415528297424316,39.80426406860352,7.78462553024292,1.0,11.0,633.0,40.798,425913907.0
1.505720257759094,13.55189609527588,-0.7145951390266418,65.0,12.0,634.0,13.654,425913910.0
4.495605945587158,40.39744567871094,9.384057998657227,1.0,13.0,635.0,41.716,425913912.0
1.481945395469666,13.29562759399414,-0.2335131913423538,38.0,14.0,636.0,13.38,425913914.0
3.941642761230469,35.30741500854492,9.519364356994629,4.0,15.0,637.0,36.78,425913917.0
0.8476586937904358,7.509715557098389,-2.025000095367432,3.0,0.0,644.0,7.824,425913937.0
1.491596460342407,13.19393157958984,0.2317679524421692,49.0,1.0,645.0,13.28,425913940.0
1.494550943374634,13.19942665100098,0.6961728930473328,37.0,3.0,646.0,13.302,425913944.0
2.425956964492798,21.39192962646484,-4.184823036193848,7.0,4.0,647.0,21.932,425913947.0
1.517763614654541,13.36270904541016,1.176602482795715,26.0,5.0,648.0,13.5,425913949.0
1.588762164115906,13.94438648223877,1.723232507705688,10.0,7.0,650.0,14.14,425913953.0
1.727133989334106,15.13537311553955,-1.870450735092163,15.0,8.0,651.0,15.348,425913956.0
4.711255073547363,41.28608703613281,6.5815110206604,0.0,9.0,651.0,42.072,425913958.0
1.003356099128723,8.779096603393555,-0.7730714678764343,31.0,10.0,652.0,8.870000000000001,425913960.0
4.555784225463867,39.80031204223633,7.786915302276611,1.0,11.0,653.0,40.81,425913963.0
1.55392599105835,13.55449390411377,-0.715013861656189,48.0,12.0,654.0,13.662,425913965.0
4.638592720031738,40.39892959594727,9.388107299804688,1.0,13.0,655.0,41.734,425913967.0
1.532458901405334,13.32613277435303,-0.2341414839029312,34.0,14.0,656.0,13.416,425913970.0
4.120501041412354,35.83152770996094,9.664302825927734,1.0,15.0,656.0,37.34,425913972.0
0.8723036646842957,7.493278503417969,-2.021376848220825,3.0,0.0,664.0,7.81,425913993.0
1.543431997299194,13.23830032348633,0.2326405793428421,54.0,1.0,665.0,13.33,425913995.0
1.549418568611145,13.26951313018799,0.7001504302024841,35.0,3.0,666.0,13.378,425914000.0
1.573901176452637,13.43846321105957,1.183749318122864,28.0,5.0,668.0,13.582,425914004.0
2.160194873809814,18.41660308837891,-2.936900615692139,5.0,6.0,669.0,18.774,425914006.0
1.652249932289124,14.06493377685547,1.738831758499146,7.0,7.0,670.0,14.268,425914009.0
1.786914110183716,15.18839740753174,-1.877762794494629,11.0,8.0,671.0,15.408,425914011.0
5.303576469421387,45.07929611206055,7.189102172851562,0.0,9.0,671.0,45.956,425914013.0
1.037491917610168,8.805221557617188,-0.7756860852241516,30.0,10.0,672.0,8.9,425914016.0
4.695605754852295,39.79196548461914,7.78844165802002,1.0,11.0,673.0,40.818,425914018.0
1.604981064796448,13.58072280883789,-0.7166885733604431,31.0,12.0,674.0,13.694,425914020.0
4.73881196975708,40.03802108764648,9.308024406433105,1.0,13.0,675.0,41.378,425914023.0
1.584615707397461,13.36836051940918,-0.2349791973829269,38.0,14.0,676.0,13.464,425914025.0
4.467694759368896,37.63480758666992,10.15502452850342,0.0,15.0,677.0,39.236,425914027.0
0.9001341462135315,7.515280246734619,-2.028105974197388,3.0,0.0,683.0,7.836,425914048.0
1.593753576278687,13.28671646118164,0.233583003282547,47.0,1.0,684.0,13.384,425914050.0
1.129595756530762,9.403271675109863,-2.186524152755737,20.0,2.0,685.0,9.72,425914053.0
1.602885246276855,13.32351207733154,0.703290581703186,35.0,3.0,686.0,13.438,425914055.0
1.138958930969238,9.46726131439209,-1.853518605232239,11.0,4.0,686.0,9.714,425914057.0
1.627750635147095,13.51031589508057,1.190547466278076,26.0,5.0,687.0,13.66,425914059.0
2.22977352142334,18.47993850708008,-2.948163986206055,11.0,6.0,688.0,18.846,425914062.0
1.713408350944519,14.17959308624268,1.753699898719788,7.0,7.0,689.0,14.39,425914064.0
1.841802000999451,15.2198314666748,-1.882393836975098,8.0,8.0,690.0,15.446,425914066.0
5.570507049560547,46.03218841552734,7.343972206115723,1.0,9.0,690.0,46.946,425914069.0
1.072198629379272,8.847224235534668,-0.7796952724456787,31.0,10.0,691.0,8.946,425914071.0
4.828244209289551,39.78202438354492,7.789586544036865,1.0,11.0,692.0,40.824,425914073.0
1.665912389755249,13.70618152618408,-0.7235969305038452,21.0,12.0,693.0,13.826,425914076.0
4.909467220306396,40.33353424072266,9.38045883178711,0.0,13.0,694.0,41.7,425914078.0
1.636197209358215,13.42258262634277,-0.2360263466835022,39.0,14.0,695.0,13.524,425914080.0
4.577023029327393,37.5477180480957,10.13535404205322,0.0,15.0,695.0,39.16,425914083.0
0.93416428565979,7.575364589691162,-2.045188188552856,7.0,0.0,703.0,7.902,425914103.0
1.647475838661194,13.34061145782471,0.2346301525831223,45.0,1.0,704.0,13.444,425914106.0
2.688138484954834,21.73629951477051,-5.056449890136719,10.0,2.0,705.0,22.478,425914108.0
1.656256556510925,13.37333583831787,0.7062214016914368,37.0,3.0,706.0,13.494,425914110.0
3.540850639343262,28.59036636352539,-5.599862575531006,15.0,4.0,706.0,29.348,425914112.0
1.681766986846924,13.55991363525391,1.195428133010864,9.0,5.0,707.0,13.716,425914115.0
2.288180112838745,18.42303466796875,-2.94034218788147,22.0,6.0,708.0,18.796,425914117.0
1.778329968452454,14.29763031005859,1.769055366516113,5.0,7.0,709.0,14.516,425914119.0
1.892709612846375,15.19558143615723,-1.880200266838074,16.0,8.0,710.0,15.428,425914122.0
5.74652099609375,46.07026672363281,7.353358268737793,1.0,9.0,711.0,47.006,425914124.0
1.107513546943665,8.87901496887207,-0.7828328609466553,28.0,10.0,711.0,8.982,425914126.0
4.976083755493164,39.83700561523438,7.803706169128418,0.0,11.0,712.0,40.898,425914129.0
1.719695329666138,13.74784660339355,-0.7261090278625488,19.0,12.0,713.0,13.874,425914131.0
4.671641826629639,37.29389190673828,8.677262306213379,3.0,13.0,714.0,38.574,425914133.0
1.690507650375366,13.47631359100342,-0.2370734959840775,39.0,14.0,715.0,13.584,425914136.0
4.709795951843262,37.49235534667969,10.12500095367432,0.0,15.0,716.0,39.12,425914138.0
0.9632759690284729,7.593138694763184,-2.05088210105896,9.0,0.0,723.0,7.924,425914159.0
1.70108962059021,13.39032459259033,0.2356074899435043,47.0,1.0,724.0,13.5,425914161.0
2.57930326461792,20.27498054504395,-4.718573093414307,8.0,2.0,725.0,20.976,425914163.0
1.711004853248596,13.43087291717529,0.7095708847045898,35.0,3.0,726.0,13.558,425914165.0
3.64360523223877,28.6012020111084,-5.60444164276123,27.0,4.0,726.0,29.372,425914168.0
1.760605573654175,13.80100727081299,1.217217087745667,11.0,5.0,727.0,13.966,425914170.0
2.350722312927246,18.40122032165527,-2.938152074813843,23.0,6.0,728.0,18.782,425914172.0
1.848630428314209,14.45082855224609,1.788798213005066,5.0,7.0,729.0,14.678,425914175.0
1.126229166984558,8.791594505310059,-1.088293194770813,20.0,8.0,730.0,8.93,425914177.0
5.885961055755615,45.94711303710938,7.336776256561279,0.0,9.0,730.0,46.9,425914179.0
1.142302989959717,8.904738426208496,-0.7854475378990173,22.0,10.0,731.0,9.012,425914182.0
5.143376350402832,40.03943634033203,7.846828937530518,0.0,11.0,732.0,41.124,425914184.0
1.773534655570984,13.78732204437256,-0.7285165190696716,21.0,12.0,733.0,13.92,425914186.0
4.794075489044189,37.21744155883789,8.663314819335938,3.0,13.0,734.0,38.512,425914189.0
1.742399096488953,13.50801277160645,-0.2377366870641708,51.0,14.0,735.0,13.622,425914191.0
4.807901859283447,37.27343368530273,10.07013130187988,0.0,15.0,735.0,38.908,425914193.0
0.9912739992141724,7.601223945617676,-2.053987979888916,9.0,0.0,743.0,7.936,425914214.0
1.757400870323181,13.45767021179199,0.2368989586830139,51.0,1.0,744.0,13.574,425914216.0
2.413808822631836,18.45916366577148,-4.297914981842041,11.0,2.0,745.0,19.106,425914218.0
1.766693592071533,13.49215030670166,0.7131297588348389,31.0,3.0,746.0,13.626,425914221.0
1.801775693893433,13.74143981933594,1.212510704994202,7.0,5.0,747.0,13.912,425914225.0
2.407482624053955,18.33610343933105,-2.929078817367554,24.0,6.0,748.0,18.724,425914228.0
1.923644423484802,14.63126277923584,1.81195342540741,4.0,7.0,749.0,14.868,425914230.0
1.988383531570435,15.10327243804932,-1.870450735092163,19.0,8.0,750.0,15.348,425914232.0
1.173118948936462,8.898720741271973,-0.7852732539176941,13.0,10.0,751.0,9.01,425914237.0
1.829764246940613,13.84242820739746,-0.7317613363265991,19.0,12.0,753.0,13.982,425914241.0
5.353297233581543,40.44412612915039,9.418700218200684,1.0,13.0,754.0,41.87,425914244.0
1.794795155525208,13.54149532318115,-0.2384347766637802,34.0,14.0,755.0,13.662,425914246.0
4.936858654022217,37.19811248779297,10.05460262298584,0.0,15.0,756.0,38.848,425914248.0
1.018057703971863,7.599632263183594,-2.054505586624146,2.0,0.0,763.0,7.938,425914269.0
1.812341809272766,13.51091289520264,0.2379461079835892,45.0,1.0,764.0,13.634,425914271.0
1.275303244590759,9.494742393493652,-2.211718797683716,18.0,2.0,765.0,9.832,425914274.0
1.824428200721741,13.56507873535156,0.7173166275024414,33.0,3.0,766.0,13.706,425914276.0
6.238705158233643,46.38632965087891,-9.097772598266602,0.0,4.0,766.0,47.68,425914278.0
1.858240604400635,13.79825305938721,1.218088626861572,22.0,5.0,767.0,13.976,425914281.0
2.461441278457642,18.25319671630859,-2.917189836502075,24.0,6.0,768.0,18.648,425914283.0
1.999674677848816,14.8093786239624,1.834864854812622,2.0,7.0,769.0,15.056,425914285.0
2.03683614730835,15.06476497650146,-1.866550922393799,35.0,8.0,770.0,15.316,425914288.0
1.944052934646606,14.35964965820312,-1.267767429351807,15.0,10.0,771.0,14.546,425914292.0
1.886131405830383,13.89532947540283,-0.734901487827301,21.0,12.0,773.0,14.042,425914297.0
5.49732780456543,40.44643402099609,9.423649787902832,1.0,13.0,774.0,41.892,425914299.0
1.853108882904053,13.61638641357422,-0.2398658692836761,27.0,14.0,775.0,13.744,425914301.0
5.04090690612793,37.03988647460938,10.01629734039307,0.0,15.0,775.0,38.7,425914304.0
1.057475209236145,7.689810276031494,-2.079869747161865,3.0,0.0,783.0,8.036,425914324.0
1.865220904350281,13.54610538482666,0.2386791110038757,47.0,1.0,784.0,13.676,425914327.0
1.881327629089355,13.62787437438965,0.7209801077842712,27.0,3.0,786.0,13.776,425914331.0
6.57133960723877,47.60116958618164,-9.340481758117676,0.0,4.0,786.0,48.952,425914334.0
1.918125033378601,13.87654781341553,1.225584030151367,24.0,5.0,787.0,14.062,425914336.0
2.522704601287842,18.22688293457031,-2.914374113082886,20.0,6.0,788.0,18.63,425914338.0
2.094956398010254,15.11691665649414,1.873862981796265,2.0,7.0,789.0,15.376,425914341.0
2.084225654602051,15.02020454406738,-1.86191987991333,29.0,8.0,790.0,15.278,425914343.0
6.314444541931152,45.44748306274414,7.267319679260254,0.0,9.0,791.0,46.456,425914345.0
2.000197649002075,14.39619159698486,-1.271602272987366,17.0,10.0,791.0,14.59,425914347.0
5.646238803863525,40.586181640625,7.965130805969238,0.0,11.0,792.0,41.744,425914350.0
1.940685749053955,13.9321813583374,-0.7372042536735535,22.0,12.0,793.0,14.086,425914352.0
5.637940406799316,40.42313766479492,9.422749519348145,1.0,13.0,794.0,41.888,425914354.0
1.909754633903503,13.67519092559814,-0.2410177290439606,23.0,14.0,795.0,13.81,425914357.0
5.158439159393311,36.89105987548828,9.981097221374512,0.0,15.0,796.0,38.564,425914359.0
1.323140382766724,9.378997802734375,-2.537979602813721,15.0,0.0,803.0,9.806000000000001,425914380.0
1.921723961830139,13.6048526763916,0.2398309707641602,45.0,1.0,804.0,13.742,425914382.0
2.736602544784546,19.34940338134766,-4.511618137359619,4.0,2.0,805.0,20.056,425914384.0
1.93840754032135,13.68846035003662,0.7245389819145203,32.0,3.0,806.0,13.844,425914387.0
6.738834857940674,47.5876579284668,-9.342390060424805,0.0,4.0,806.0,48.962,425914389.0
1.979417681694031,13.96051025390625,1.233602404594421,15.0,5.0,807.0,14.154,425914391.0
1.253868937492371,8.832242012023926,-1.41291606426239,20.0,6.0,808.0,9.032,425914394.0
7.032581806182861,49.47539520263672,6.13587760925293,1.0,7.0,809.0,50.348,425914396.0
1.273203253746033,8.945992469787598,-1.109498500823975,10.0,8.0,810.0,9.104000000000001,425914398.0
6.447305679321289,45.30113220214844,7.24729585647583,0.0,9.0,810.0,46.328,425914400.0
2.061961650848389,14.46999263763428,-1.278749108314514,22.0,10.0,811.0,14.672,425914403.0
6.150866985321045,43.1103630065918,8.464668273925781,1.0,11.0,812.0,44.362,425914405.0
1.996649980545044,13.97672843933105,-0.739925742149353,21.0,12.0,813.0,14.138,425914407.0
5.778733253479004,40.40127944946289,9.422300338745117,1.0,13.0,814.0,41.886,425914410.0
1.966266512870789,13.7298059463501,-0.2420997768640518,24.0,14.0,815.0,13.872,425914412.0
5.273625373840332,36.82403182983398,9.967638969421387,0.0,15.0,815.0,38.512,425914414.0
1.350893378257751,9.339906692504883,-2.528661966323853,11.0,0.0,823.0,9.77,425914435.0
1.980379223823547,13.67524528503418,0.2411922514438629,45.0,1.0,824.0,13.82,425914437.0
2.722476005554199,18.77659034729004,-4.380247116088867,16.0,2.0,825.0,19.472,425914440.0
1.995072364807129,13.74288368225098,0.7277837991714478,30.0,3.0,826.0,13.906,425914442.0
6.98839282989502,48.13894271850586,-9.45534896850586,0.0,4.0,826.0,49.554,425914444.0
2.072843551635742,14.26109600067139,1.260794997215271,7.0,5.0,827.0,14.466,425914447.0
2.67378568649292,18.3730297088623,-2.940654993057251,24.0,6.0,828.0,18.798,425914449.0
7.220409870147705,49.55465698242188,6.148796081542969,1.0,7.0,829.0,50.454,425914451.0
1.306142210960388,8.953279495239258,-1.110960960388184,24.0,8.0,830.0,9.116,425914453.0
2.119657754898071,14.51199436187744,-1.283106803894043,22.0,10.0,831.0,14.722,425914458.0
6.29960823059082,43.07697296142578,8.46237850189209,1.0,11.0,832.0,44.35,425914460.0
2.040217399597168,13.93410205841064,-0.7380416393280029,33.0,12.0,833.0,14.102,425914463.0
5.929900646209717,40.45027542114258,9.438496589660645,1.0,13.0,834.0,41.958,425914465.0
2.021149873733521,13.77034282684326,-0.2429374903440475,24.0,14.0,835.0,13.92,425914467.0
5.396198272705078,36.72035598754883,9.944863319396973,0.0,15.0,836.0,38.424,425914470.0
1.278416156768799,8.626160621643066,-2.336618423461914,14.0,0.0,843.0,9.028,425914490.0
2.034853219985962,13.71374416351318,0.2419950664043427,42.0,1.0,844.0,13.866,425914493.0
2.857587575912476,19.23537635803223,-4.489573001861572,9.0,2.0,845.0,19.958,425914495.0
2.053022146224976,13.80300426483154,0.7313426733016968,27.0,3.0,846.0,13.974,425914497.0
2.837772846221924,19.07908630371094,-3.749396800994873,1.0,4.0,846.0,19.65,425914500.0
2.114981412887573,14.20253658294678,1.256262898445129,11.0,5.0,847.0,14.414,425914502.0
2.734407663345337,18.34013938903809,-2.936900615692139,37.0,6.0,848.0,18.774,425914504.0
7.392171859741211,49.52129745483398,6.147820949554443,1.0,7.0,849.0,50.446,425914506.0
2.224968433380127,14.88761138916016,-1.848270416259766,7.0,8.0,850.0,15.166,425914509.0
6.723698616027832,44.98931884765625,7.204745769500732,0.0,9.0,850.0,46.056,425914511.0
1.35949718952179,9.085760116577148,-0.8037502765655518,24.0,10.0,851.0,9.222,425914513.0
6.458662509918213,43.11296844482422,8.473827362060547,1.0,11.0,852.0,44.41,425914516.0
2.078475475311279,13.85776519775391,-0.7343781590461731,32.0,12.0,853.0,14.032,425914518.0
6.069036483764648,40.41584014892578,9.435346603393555,1.0,13.0,854.0,41.944,425914520.0
2.078718662261963,13.82648277282715,-0.244054451584816,23.0,14.0,855.0,13.984,425914523.0
5.189653396606445,34.51869201660156,9.353202819824219,4.0,15.0,855.0,36.138,425914525.0
1.406498789787292,9.267218589782715,-2.511579990386963,15.0,0.0,863.0,9.704,425914546.0
2.094727039337158,13.78563690185547,0.2433912605047226,51.0,1.0,864.0,13.946,425914548.0
2.917093753814697,19.17519378662109,-4.477875709533691,9.0,2.0,865.0,19.906,425914550.0
2.113821744918823,13.87868213653564,0.7357388734817505,33.0,3.0,866.0,14.058,425914553.0
2.908196926116943,19.09429740905762,-3.754357814788818,7.0,4.0,866.0,19.676,425914555.0
2.167247772216797,14.21279430389404,1.257831692695618,15.0,5.0,867.0,14.432,425914557.0
2.790062665939331,18.27580642700195,-2.92814040184021,23.0,6.0,868.0,18.718,425914559.0
7.571586608886719,49.53836441040039,6.153182983398438,1.0,7.0,869.0,50.49,425914562.0
2.273619413375854,14.85816955566406,-1.845589280128479,4.0,8.0,870.0,15.144,425914564.0
6.522142887115479,42.62239456176758,6.829302787780762,0.0,9.0,870.0,43.656,425914566.0
2.236607313156128,14.59925174713135,-1.292171001434326,12.0,10.0,871.0,14.826,425914569.0
6.610306262969971,43.09792327880859,8.475354194641113,1.0,11.0,872.0,44.418,425914571.0
2.133504390716553,13.89385604858398,-0.7366809248924255,31.0,12.0,873.0,14.076,425914573.0
5.628511905670166,36.61152648925781,8.551739692687988,2.0,13.0,874.0,38.016,425914576.0
2.137312173843384,13.8863410949707,-0.2452412098646164,29.0,14.0,875.0,14.052,425914578.0
5.314228534698486,34.527099609375,9.36044979095459,4.0,15.0,875.0,36.166,425914580.0
1.436762928962708,9.248889923095703,-2.507956504821777,13.0,0.0,883.0,9.69,425914601.0
2.150517702102661,13.82763957977295,0.2442638874053955,49.0,1.0,884.0,13.996,425914603.0
2.972617149353027,19.09172248840332,-4.460779190063477,10.0,2.0,885.0,19.83,425914606.0
2.174251794815063,13.94818210601807,0.7398210763931274,30.0,3.0,886.0,14.136,425914608.0
1.380977034568787,8.8591947555542,-1.742849349975586,11.0,4.0,886.0,9.134,425914610.0
2.233743190765381,14.31341361999512,1.26741886138916,15.0,5.0,887.0,14.542,425914612.0
1.399628877639771,8.958300590515137,-1.436068415641785,6.0,6.0,888.0,9.18,425914615.0
7.750904083251953,49.55281829833984,6.158301830291748,1.0,7.0,889.0,50.532,425914617.0
2.430810451507568,15.52283096313477,-1.929191708564758,9.0,8.0,890.0,15.83,425914619.0
6.686884880065918,42.65284729003906,6.83806324005127,1.0,9.0,891.0,43.712,425914622.0
2.296812057495117,14.65040588378906,-1.29740035533905,22.0,10.0,891.0,14.886,425914624.0
6.762227535247803,43.08428192138672,8.477262496948242,1.0,11.0,892.0,44.428,425914626.0
2.228804588317871,14.18425464630127,-0.7524864077568054,22.0,12.0,893.0,14.378,425914629.0
6.363761425018311,40.45333862304688,9.454242706298828,1.0,13.0,894.0,42.028,425914631.0
2.189504861831665,13.90249919891357,-0.2456600666046143,45.0,14.0,895.0,14.076,425914633.0
5.480701446533203,34.80031204223633,9.439648628234863,4.0,15.0,895.0,36.472,425914635.0
1.464187622070312,9.213292121887207,-2.499674320220947,14.0,0.0,903.0,9.658,425914656.0
2.210083246231079,13.89114379882812,0.2455204576253891,40.0,1.0,904.0,14.068,425914659.0
3.031271934509277,19.03119468688965,-4.449081897735596,13.0,2.0,905.0,19.778,425914661.0
2.233619928359985,14.00756740570068,0.7433799505233765,27.0,3.0,906.0,14.204,425914663.0
1.41096556186676,8.848504066467285,-1.74170446395874,7.0,4.0,906.0,9.128,425914665.0
2.300652980804443,14.41177272796631,1.27683162689209,13.0,5.0,907.0,14.65,425914668.0
1.433384537696838,8.968965530395508,-1.438571333885193,16.0,6.0,908.0,9.196,425914670.0
7.930414199829102,49.56662368774414,6.1634202003479,1.0,7.0,909.0,50.574,425914672.0
2.417479276657104,15.09282779693604,-1.876787900924683,9.0,8.0,910.0,15.4,425914675.0
6.839483261108398,42.65265274047852,6.841817855834961,1.0,9.0,911.0,43.736,425914677.0
2.311975717544556,14.4180326461792,-1.277528882026672,27.0,10.0,911.0,14.658,425914679.0
6.922225475311279,43.12050628662109,8.489091873168945,1.0,11.0,912.0,44.49,425914682.0
2.285909175872803,14.22371482849121,-0.754998505115509,20.0,12.0,913.0,14.426,425914684.0
6.511431694030762,40.47128295898438,9.463690757751465,1.0,13.0,914.0,42.07,425914686.0
2.235794305801392,13.88095283508301,-0.2454157322645187,29.0,14.0,915.0,14.062,425914688.0
5.634969711303711,34.94591903686523,9.4846830368042,2.0,15.0,916.0,36.646,425914691.0
1.494169950485229,9.19477653503418,-2.496050834655762,14.0,0.0,923.0,9.644,425914712.0
2.271402597427368,13.96229457855225,0.246916651725769,47.0,1.0,924.0,14.148,425914714.0
3.094238996505737,18.99934005737305,-4.444132804870605,12.0,2.0,925.0,19.756,425914716.0
2.295357465744019,14.07853412628174,0.747566819190979,28.0,3.0,926.0,14.284,425914718.0
2.933286905288696,17.99126434326172,-3.543323040008545,42.0,4.0,926.0,18.57,425914721.0
2.369560480117798,14.51770401000977,1.286941647529602,15.0,5.0,927.0,14.766,425914723.0
2.96090292930603,18.12081718444824,-2.908116817474365,23.0,6.0,928.0,18.59,425914725.0
8.04666519165039,49.19188690185547,6.120278358459473,0.0,7.0,929.0,50.22,425914728.0
1.489788293838501,9.097594261169434,-1.131922483444214,14.0,8.0,930.0,9.288,425914730.0
6.986090183258057,42.61487197875977,6.839627742767334,1.0,9.0,931.0,43.722,425914732.0
2.398067474365234,14.6281156539917,-1.296877503395081,19.0,10.0,931.0,14.88,425914735.0
7.073019504547119,43.09801864624023,8.489474296569824,1.0,11.0,932.0,44.492,425914737.0
2.344611644744873,14.27083301544189,-0.7579293251037598,21.0,12.0,933.0,14.482,425914739.0
6.159287452697754,37.44857406616211,8.76184368133545,1.0,13.0,934.0,38.95,425914741.0
2.313148498535156,14.04867172241211,-0.2485222667455673,24.0,14.0,935.0,14.24,425914744.0
5.783778667449951,35.12718963623047,9.539034843444824,2.0,15.0,935.0,36.856,425914746.0
1.518027186393738,9.139955520629883,-2.482592344284058,15.0,0.0,943.0,9.592,425914767.0
2.331933498382568,14.02529525756836,0.2481732219457626,45.0,1.0,944.0,14.22,425914769.0
3.156380653381348,18.96343231201172,-4.438284397125244,4.0,2.0,945.0,19.73,425914771.0
2.356632471084595,14.14332962036133,0.75143963098526,26.0,3.0,946.0,14.358,425914774.0
2.98897123336792,17.93831062316895,-3.534927368164062,29.0,4.0,946.0,18.526,425914776.0
2.437596321105957,14.61350154876709,1.296180248260498,13.0,5.0,947.0,14.872,425914778.0
3.016980648040771,18.06750679016113,-2.901233673095703,26.0,6.0,948.0,18.546,425914781.0
8.276585578918457,49.51200866699219,6.163663864135742,0.0,7.0,949.0,50.576,425914783.0
1.520880460739136,9.088422775268555,-1.131435036659241,13.0,8.0,950.0,9.284,425914785.0
7.134148597717285,42.58633041381836,6.839002132415771,1.0,9.0,951.0,43.718,425914788.0
2.374390125274658,14.17359924316406,-1.257308721542358,36.0,10.0,951.0,14.426,425914790.0
7.235430717468262,43.14470672607422,8.503593444824219,1.0,11.0,952.0,44.566,425914792.0
2.405654907226562,14.32953071594238,-0.761488139629364,21.0,12.0,953.0,14.55,425914794.0
6.315162181854248,37.57674789428711,8.79693603515625,1.0,13.0,954.0,39.106,425914797.0
2.371131181716919,14.0937557220459,-0.2494646906852722,28.0,14.0,955.0,14.294,425914799.0
5.92014217376709,35.18870544433594,9.561293601989746,2.0,15.0,955.0,36.942,425914801.0
1.543135762214661,9.0946044921875,-2.471721887588501,16.0,0.0,963.0,9.55,425914822.0
2.391257524490356,14.07818508148193,0.2492552697658539,42.0,1.0,964.0,14.282,425914824.0
1.506255149841309,8.858494758605957,-2.074498653411865,15.0,2.0,965.0,9.222,425914827.0
2.41691255569458,14.21419715881348,0.7556265592575073,26.0,3.0,965.0,14.438,425914829.0
1.530232191085815,8.990012168884277,-1.772615551948547,6.0,4.0,966.0,9.290000000000001,425914831.0
2.509341478347778,14.72667694091797,1.306987524032593,13.0,5.0,967.0,14.996,425914834.0
3.074715375900269,18.02570915222168,-2.896227598190308,23.0,6.0,968.0,18.514,425914836.0
8.16535758972168,47.81956100463867,5.956486225128174,0.0,7.0,969.0,48.876,425914838.0
2.560679197311401,14.98058986663818,-1.866063356399536,26.0,8.0,970.0,15.312,425914840.0
7.275996208190918,42.56633377075195,6.839627742767334,1.0,9.0,970.0,43.722,425914843.0
2.534743785858154,14.81329441070557,-1.314831495285034,16.0,10.0,971.0,15.086,425914845.0
7.38731575012207,43.12693023681641,8.505120277404785,1.0,11.0,972.0,44.574,425914847.0
2.467136144638062,14.38797664642334,-0.765047013759613,20.0,12.0,973.0,14.618,425914850.0
6.931254386901855,40.3797492980957,9.458742141723633,0.0,13.0,974.0,42.048,425914852.0
2.432165861129761,14.15437126159668,-0.250686377286911,23.0,14.0,975.0,14.364,425914854.0
6.064529895782471,35.29348754882812,9.595457077026367,2.0,15.0,975.0,37.074,425914857.0
1.571904063224792,9.072031021118164,-2.467063188552856,16.0,0.0,983.0,9.532,425914877.0
2.450637340545654,14.12886047363281,0.2503024041652679,42.0,1.0,984.0,14.342,425914880.0
1.546835541725159,8.90886402130127,-2.087545871734619,15.0,2.0,985.0,9.28,425914882.0
2.484384536743164,14.29379272460938,0.7603367567062378,28.0,3.0,986.0,14.528,425914884.0
1.566310524940491,9.011695861816406,-1.777958273887634,22.0,4.0,986.0,9.318,425914887.0
2.579857110977173,14.82775020599365,1.316748976707458,9.0,5.0,987.0,15.108,425914889.0
3.127110719680786,17.95453834533691,-2.886528730392456,23.0,6.0,988.0,18.452,425914891.0
8.341094017028809,47.84161376953125,5.962823390960693,0.0,7.0,989.0,48.928,425914893.0
2.610566377639771,14.95787143707275,-1.864357233047485,7.0,8.0,990.0,15.298,425914896.0
7.436720371246338,42.56661987304688,6.844007968902588,1.0,9.0,991.0,43.75,425914898.0
2.598780632019043,14.87501239776611,-1.321106791496277,15.0,10.0,991.0,15.158,425914900.0
7.479300498962402,42.76631546020508,8.43910026550293,0.0,11.0,992.0,44.228,425914903.0
2.525610685348511,14.42649269104004,-0.7675591111183167,21.0,12.0,993.0,14.666,425914905.0
7.084273815155029,40.42441177368164,9.47493839263916,0.0,13.0,994.0,42.12,425914907.0
2.494343280792236,14.21867084503174,-0.2519778311252594,20.0,14.0,995.0,14.438,425914910.0
6.216901779174805,35.40230941772461,9.631174087524414,1.0,15.0,996.0,37.212,425914912.0
1.596601366996765,9.036330223083496,-2.458781003952026,15.0,0.0,1002.0,9.5,425914933.0
2.511407852172852,14.19942092895508,0.2516986131668091,42.0,1.0,1003.0,14.422,425914935.0
3.407201290130615,19.24462509155273,-4.512068271636963,8.0,2.0,1004.0,20.058,425914937.0
2.541812419891357,14.35671710968018,0.764104962348938,24.0,3.0,1004.0,14.6,425914940.0
3.157083511352539,17.81379127502441,-3.516609668731689,35.0,4.0,1005.0,18.43,425914942.0
2.652331590652466,14.95055103302002,1.328427791595459,9.0,5.0,1006.0,15.242,425914944.0
1.62060284614563,9.125685691833496,-1.467980980873108,12.0,6.0,1007.0,9.384,425914946.0
2.74883770942688,15.44750213623047,-1.926510572433472,2.0,8.0,1009.0,15.808,425914951.0
7.578875064849854,42.54756164550781,6.844946384429932,0.0,9.0,1010.0,43.756,425914953.0
2.659274339675903,14.92908096313477,-1.326684713363647,15.0,10.0,1010.0,15.222,425914956.0
7.667946815490723,43.00413513183594,8.491000175476074,0.0,11.0,1011.0,44.5,425914958.0
2.527814626693726,14.16243457794189,-0.7539517879486084,36.0,12.0,1012.0,14.406,425914960.0
7.057880878448486,39.50290298461914,9.264384269714355,0.0,13.0,1013.0,41.184,425914963.0
2.553098201751709,14.2752799987793,-0.2531296908855438,24.0,14.0,1014.0,14.504,425914965.0
6.384548664093018,35.69828414916992,9.71710205078125,1.0,15.0,1014.0,37.544,425914967.0
1.604826211929321,8.901420593261719,-2.423581600189209,11.0,0.0,1022.0,9.364,425914988.0
2.574098110198975,14.2633810043335,0.2529900968074799,40.0,1.0,1023.0,14.496,425914990.0
3.481978178024292,19.27480316162109,-4.521965980529785,16.0,2.0,1024.0,20.102,425914992.0
2.608243703842163,14.43816757202148,0.7689198851585388,24.0,3.0,1024.0,14.692,425914995.0
3.206669330596924,17.73311424255371,-3.502871513366699,57.0,4.0,1025.0,18.358,425914997.0
2.728988885879517,15.07647800445557,1.340455293655396,7.0,5.0,1026.0,15.38,425914999.0
1.653504014015198,9.12580394744873,-1.468919634819031,11.0,6.0,1027.0,9.39,425915002.0
8.805415153503418,48.54939651489258,6.058368682861328,0.0,7.0,1028.0,49.712,425915004.0
2.745652437210083,15.12335300445557,-1.887268662452698,1.0,8.0,1029.0,15.486,425915006.0
7.718163967132568,42.47031402587891,6.836812019348145,0.0,9.0,1030.0,43.704,425915009.0
2.722057580947876,14.978515625,-1.331914067268372,13.0,10.0,1030.0,15.282,425915011.0
7.848933219909668,43.1470832824707,8.524582862854004,1.0,11.0,1031.0,44.676,425915013.0
2.574373006820679,14.13780498504639,-0.7531144022941589,34.0,12.0,1032.0,14.39,425915016.0
7.178256511688232,39.38216781616211,9.241888999938965,0.0,13.0,1033.0,41.084,425915018.0
2.600041389465332,14.25054359436035,-0.2528504729270935,33.0,14.0,1034.0,14.488,425915020.0
6.510507106781006,35.68338012695312,9.719172477722168,1.0,15.0,1034.0,37.552,425915022.0
1.631193995475769,8.878949165344238,-2.418922901153564,10.0,0.0,1041.0,9.346,425915043.0
2.638381481170654,14.34720230102539,0.2546305954456329,42.0,1.0,1042.0,14.59,425915045.0
3.559282779693604,19.33597946166992,-4.5390625,4.0,2.0,1043.0,20.178,425915048.0
2.674550771713257,14.51539993286133,0.7735254168510437,23.0,3.0,1044.0,14.78,425915050.0
3.257986068725586,17.68183708190918,-3.494857549667358,24.0,4.0,1044.0,18.316,425915052.0
2.803542613983154,15.20058155059814,1.352308511734009,7.0,5.0,1045.0,15.516,425915055.0
3.239125728607178,17.54510879516602,-2.82583212852478,8.0,6.0,1046.0,18.064,425915057.0
8.9779052734375,48.58239364624023,6.066168308258057,0.0,7.0,1047.0,49.776,425915059.0
2.793621778488159,15.10245323181152,-1.885806202888489,6.0,8.0,1048.0,15.474,425915062.0
7.859455108642578,42.48859024047852,6.843695163726807,0.0,9.0,1048.0,43.748,425915064.0
2.781144618988037,15.02034282684326,-1.336446166038513,15.0,10.0,1049.0,15.334,425915066.0
7.991255283355713,43.1169548034668,8.523818969726562,1.0,11.0,1050.0,44.672,425915069.0
2.708676815032959,14.60049057006836,-0.778235673904419,21.0,12.0,1051.0,14.87,425915071.0
7.28248405456543,39.21636581420898,9.208596229553223,0.0,13.0,1052.0,40.936,425915073.0
2.641436338424683,14.21038722991943,-0.2522919774055481,29.0,14.0,1053.0,14.456,425915075.0
7.084522724151611,38.07629013061523,10.37760829925537,0.0,15.0,1054.0,40.096,425915078.0
1.668935656547546,8.909278869628906,-2.428757905960083,15.0,0.0,1061.0,9.384,425915098.0
2.701345205307007,14.40669536590576,0.2558522820472717,38.0,1.0,1062.0,14.66,425915101.0
1.694211721420288,9.0267972946167,-2.120388746261597,16.0,2.0,1063.0,9.426,425915103.0
2.741092205047607,14.60459995269775,0.7787590026855469,23.0,3.0,1063.0,14.88,425915105.0
2.884201526641846,15.33755779266357,1.365381836891174,5.0,5.0,1065.0,15.666,425915110.0
3.30692720413208,17.56863784790039,-2.831463813781738,9.0,6.0,1066.0,18.1,425915112.0
9.356200218200684,49.65879821777344,6.204611778259277,0.0,7.0,1067.0,50.912,425915115.0
2.837125062942505,15.04384231567383,-1.879712700843811,0.0,8.0,1068.0,15.424,425915117.0
8.144844055175781,43.14664459228516,6.954450607299805,0.0,9.0,1069.0,44.456,425915119.0
2.714554071426392,14.38012790679932,-1.280317902565002,39.0,10.0,1069.0,14.69,425915122.0
8.148638725280762,43.12545394897461,8.5310697555542,0.0,11.0,1070.0,44.71,425915124.0
2.771873950958252,14.65570735931396,-0.7816898226737976,27.0,12.0,1071.0,14.936,425915126.0
7.399755954742432,39.08731079101562,9.184301376342773,0.0,13.0,1072.0,40.828,425915128.0
2.736817359924316,14.44274234771729,-0.2565852701663971,25.0,14.0,1073.0,14.702,425915131.0
7.214870452880859,38.03804397583008,10.37398529052734,2.0,15.0,1074.0,40.082,425915133.0
1.715604543685913,8.984993934631348,-2.451016426086426,16.0,0.0,1081.0,9.47,425915154.0
2.763629913330078,14.4600305557251,0.2569692432880402,38.0,1.0,1082.0,14.724,425915156.0
2.721665143966675,14.22699356079102,-3.344122409820557,5.0,2.0,1083.0,14.866,425915158.0
2.809317827224731,14.6851806640625,0.7835739254951477,20.0,3.0,1083.0,14.972,425915161.0
2.972601175308228,15.50937652587891,1.381592869758606,5.0,5.0,1085.0,15.852,425915165.0
3.385353326797485,17.64622688293457,-2.845855712890625,16.0,6.0,1086.0,18.192,425915168.0
8.014859199523926,41.73825836181641,5.218445301055908,0.0,7.0,1087.0,42.82,425915170.0
2.889620542526245,15.03384685516357,-1.879712700843811,0.0,8.0,1088.0,15.424,425915172.0
8.27818489074707,43.06896209716797,6.946315765380859,0.0,9.0,1088.0,44.404,425915175.0
2.760969400405884,14.35099983215332,-1.278574705123901,28.0,10.0,1089.0,14.67,425915177.0
8.303208351135254,43.11795043945312,8.53526782989502,1.0,11.0,1090.0,44.732,425915179.0
7.506618022918701,38.90816497802734,9.148309707641602,0.0,13.0,1092.0,40.668,425915184.0
2.80276083946228,14.51360130310059,-0.2580163776874542,21.0,14.0,1093.0,14.784,425915186.0
7.359335899353027,38.07332229614258,10.390549659729,2.0,15.0,1094.0,40.146,425915188.0
1.753229737281799,9.011187553405762,-2.459816217422485,16.0,0.0,1101.0,9.504,425915209.0
2.832053661346436,14.54254817962646,0.2586097717285156,40.0,1.0,1102.0,14.818,425915211.0
2.763480424880981,14.17723846435547,-3.33467435836792,6.0,2.0,1103.0,14.824,425915214.0
2.879285335540771,14.77134227752686,0.7887028455734253,22.0,3.0,1103.0,15.07,425915216.0
1.786523580551147,9.156732559204102,-1.813448667526245,2.0,4.0,1104.0,9.504,425915218.0
3.061852931976318,15.67880725860596,1.397629499435425,4.0,5.0,1105.0,16.036,425915221.0
3.465877056121826,17.73123741149902,-2.861499309539795,24.0,6.0,1106.0,18.292,425915223.0
8.15974235534668,41.70613098144531,5.217957973480225,0.0,7.0,1107.0,42.816,425915225.0
2.915757656097412,14.88925075531006,-1.862894773483276,12.0,8.0,1108.0,15.286,425915228.0
8.373047828674316,42.75677490234375,6.900637149810791,0.0,9.0,1108.0,44.112,425915230.0
2.820244550704956,14.38819885253906,-1.282758235931396,28.0,10.0,1109.0,14.718,425915232.0
8.453667640686035,43.08870697021484,8.53526782989502,0.0,11.0,1110.0,44.732,425915234.0
2.862191200256348,14.57524490356445,-0.7784450054168701,2.0,12.0,1111.0,14.874,425915237.0
2.86884617805481,14.58221244812012,-0.259412556886673,21.0,14.0,1113.0,14.864,425915241.0
7.485100269317627,38.01139068603516,10.38071441650391,2.0,15.0,1114.0,40.108,425915244.0
1.7963947057724,9.055864334106445,-2.473792314529419,12.0,0.0,1122.0,9.558,425915264.0
2.901691913604736,14.61445045471191,0.2600757479667664,36.0,1.0,1123.0,14.902,425915267.0
2.819222688674927,14.18612861633301,-3.339173555374146,7.0,2.0,1124.0,14.844,425915269.0
2.948199272155762,14.83513069152832,0.7926803827285767,20.0,3.0,1124.0,15.146,425915271.0
9.284975051879883,46.6787223815918,-9.25118350982666,1.0,4.0,1125.0,48.484,425915274.0
3.165204524993896,15.89805603027344,1.418198227882385,4.0,5.0,1126.0,16.272,425915276.0
3.548600435256958,17.80753135681152,-2.875891208648682,24.0,6.0,1127.0,18.384,425915278.0
8.371956825256348,41.97379684448242,5.255249977111816,2.0,7.0,1128.0,43.122,425915280.0
2.967978239059448,14.86678314208984,-1.861432313919067,18.0,8.0,1129.0,15.274,425915283.0
9.230456352233887,46.23591613769531,7.467555522918701,0.0,9.0,1129.0,47.736,425915285.0
2.884673118591309,14.43637847900391,-1.287987589836121,20.0,10.0,1130.0,14.778,425915287.0
8.627710342407227,43.13828659057617,8.55129623413086,0.0,11.0,1131.0,44.816,425915290.0
2.910496473312378,14.53919696807861,-0.7770842909812927,2.0,12.0,1132.0,14.848,425915292.0
7.351459503173828,36.69047164916992,8.639019966125488,2.0,13.0,1133.0,38.404,425915294.0
2.934462785720825,14.63238048553467,-0.2604946196079254,23.0,14.0,1134.0,14.926,425915297.0
7.629514694213867,38.04374694824219,10.39676094055176,1.0,15.0,1134.0,40.17,425915299.0
1.8283771276474,9.051432609558105,-2.474310159683228,14.0,0.0,1142.0,9.56,425915320.0
2.96893572807312,14.68459320068359,0.2615068554878235,38.0,1.0,1143.0,14.984,425915322.0
2.875294923782349,14.20867156982422,-3.346821784973145,8.0,2.0,1144.0,14.878,425915324.0
3.022545576095581,14.93633079528809,0.7986466884613037,22.0,3.0,1144.0,15.26,425915327.0
3.653727769851685,18.03920936584473,-3.5776686668396,3.0,4.0,1145.0,18.75,425915329.0
3.278474807739258,16.17199897766113,1.443647742271423,4.0,5.0,1146.0,16.564,425915331.0
3.634700298309326,17.91312599182129,-2.894976139068604,22.0,6.0,1147.0,18.506,425915333.0
8.5310640335083,42.00656890869141,5.263049602508545,0.0,7.0,1148.0,43.186,425915336.0
3.026972532272339,14.89134788513184,-1.865819692611694,16.0,8.0,1149.0,15.31,425915338.0
9.379201889038086,46.1414680480957,7.457543849945068,1.0,9.0,1149.0,47.672,425915340.0
3.025613784790039,14.87136650085449,-1.327730536460876,19.0,10.0,1150.0,15.234,425915343.0
8.784114837646484,43.13676452636719,8.55702018737793,1.0,11.0,1151.0,44.846,425915345.0
2.955645799636841,14.50155067443848,-0.775618851184845,3.0,12.0,1152.0,14.82,425915347.0
7.472866535186768,36.63212585449219,8.63137149810791,2.0,13.0,1153.0,38.37,425915350.0
2.985921382904053,14.62400722503662,-0.2605295181274414,32.0,14.0,1154.0,14.928,425915352.0
7.770448207855225,38.02309799194336,10.39883136749268,1.0,15.0,1155.0,40.178,425915354.0
3.036704301834106,14.75444507598877,0.2629379630088806,36.0,1.0,1163.0,15.066,425915377.0
2.92605447769165,14.20427417755127,-3.348171472549438,8.0,2.0,1164.0,14.884,425915380.0
3.097032070159912,15.0210018157959,0.8037756085395813,16.0,3.0,1165.0,15.358,425915382.0
9.601110458374023,46.56661605834961,-9.242024421691895,0.0,4.0,1165.0,48.436,425915384.0
3.402554035186768,16.48827171325684,1.472932100296021,2.0,5.0,1166.0,16.9,425915386.0
1.936308622360229,9.374796867370605,-1.516162872314453,7.0,6.0,1167.0,9.692,425915389.0
10.17944145202637,49.24121856689453,6.173901081085205,0.0,7.0,1168.0,50.66,425915391.0
3.084163427352905,14.90596199035645,-1.868988275527954,19.0,8.0,1169.0,15.336,425915393.0
9.552215576171875,46.16648101806641,7.466929912567139,1.0,9.0,1169.0,47.732,425915396.0
3.097303628921509,14.95631313323975,-1.33627188205719,26.0,10.0,1170.0,15.332,425915398.0
8.101459503173828,39.08611297607422,7.75905704498291,1.0,11.0,1171.0,40.664,425915400.0
7.662495136260986,36.90347290039062,8.701557159423828,1.0,13.0,1173.0,38.682,425915405.0
3.029626846313477,14.57825374603271,-0.259901225566864,21.0,14.0,1174.0,14.892,425915407.0
7.899246215820312,38.0103645324707,10.40245532989502,2.0,15.0,1174.0,40.192,425915410.0
2.954020738601685,14.11548328399658,-3.864168405532837,16.0,0.0,1182.0,14.93,425915430.0
3.102127075195312,14.81030082702637,0.264124721288681,36.0,1.0,1183.0,15.134,425915433.0
2.984015464782715,14.23402690887451,-3.357619524002075,8.0,2.0,1184.0,14.926,425915435.0
3.21014666557312,15.29939460754395,0.8192670345306396,4.0,3.0,1185.0,15.654,425915437.0
9.792627334594727,46.67116165161133,-9.269500732421875,0.0,4.0,1185.0,48.58,425915439.0
9.548205375671387,45.46677017211914,4.064595222473145,1.0,5.0,1186.0,46.636,425915442.0
10.40357112884521,49.45403289794922,6.205099582672119,0.0,7.0,1188.0,50.916,425915446.0
3.14476490020752,14.93589878082275,-1.874106764793396,18.0,8.0,1189.0,15.378,425915449.0
9.731950759887695,46.18141555786133,7.475064277648926,1.0,9.0,1190.0,47.784,425915451.0
3.169212341308594,15.03899002075195,-1.344638824462891,61.0,10.0,1190.0,15.428,425915453.0
9.100040435791016,43.14546585083008,8.57114028930664,1.0,11.0,1191.0,44.92,425915456.0
3.042786836624146,14.4141206741333,-0.7720600366592407,13.0,12.0,1192.0,14.752,425915458.0
7.839605808258057,37.10529708862305,8.755544662475586,1.0,13.0,1193.0,38.922,425915460.0
3.133450984954834,14.81801223754883,-0.2643690407276154,15.0,14.0,1194.0,15.148,425915463.0
8.050107955932617,38.03596496582031,10.41746616363525,2.0,15.0,1195.0,40.25,425915465.0
3.487967967987061,16.40959930419922,-4.495169162750244,11.0,0.0,1200.0,17.368,425915486.0
3.166115760803223,14.88263034820557,0.2655907273292542,33.0,1.0,1201.0,15.218,425915488.0
3.038458108901978,14.27032661437988,-3.368417024612427,4.0,2.0,1202.0,14.974,425915490.0
3.253616094589233,15.267746925354,0.8181156516075134,5.0,3.0,1203.0,15.632,425915492.0
9.91464900970459,46.52495574951172,-9.246603965759277,0.0,4.0,1203.0,48.46,425915495.0
9.681852340698242,45.39368438720703,4.060760498046875,2.0,5.0,1204.0,46.592,425915497.0
1.982358336448669,9.286406517028809,-1.503960967063904,42.0,6.0,1205.0,9.614,425915499.0
10.61777973175049,49.69676971435547,6.239710330963135,1.0,7.0,1206.0,51.2,425915502.0
3.199143648147583,14.96088695526123,-1.878494024276733,20.0,8.0,1207.0,15.414,425915504.0
9.863560676574707,46.12722396850586,7.470997333526611,1.0,9.0,1207.0,47.758,425915506.0
3.21769380569458,15.03480434417725,-1.34516167640686,23.0,10.0,1208.0,15.434,425915509.0
8.487979888916016,39.62663269042969,7.877358436584473,1.0,11.0,1209.0,41.284,425915511.0
3.22370171546936,15.0372257232666,-0.8059737086296082,16.0,12.0,1210.0,15.4,425915513.0
8.003151893615723,37.29960250854492,8.807283401489258,1.0,13.0,1211.0,39.152,425915516.0
3.203499555587769,14.91758251190186,-0.2663237154483795,25.0,14.0,1212.0,15.26,425915518.0
8.171039581298828,38.04969024658203,10.42781925201416,1.0,15.0,1212.0,40.29,425915520.0
3.546043395996094,16.40110015869141,-4.496204376220703,20.0,0.0,1220.0,17.372,425915541.0
3.24088454246521,14.97702884674072,0.2674755752086639,33.0,1.0,1221.0,15.326,425915543.0
4.369421482086182,20.1752758026123,-4.765812873840332,12.0,2.0,1222.0,21.186,425915545.0
3.32127571105957,15.32266235351562,0.8216745257377625,13.0,3.0,1223.0,15.7,425915548.0
10.03706550598145,46.30587005615234,-9.209968566894531,0.0,4.0,1223.0,48.268,425915550.0
9.819127082824707,45.26225662231445,4.052044868469238,1.0,5.0,1224.0,46.492,425915552.0
2.007636547088623,9.246613502502441,-1.498642206192017,51.0,6.0,1225.0,9.58,425915555.0
10.79203224182129,49.66328048706055,6.240197658538818,1.0,7.0,1226.0,51.204,425915557.0
3.257253646850586,14.97678470611572,-1.881906390190125,8.0,8.0,1227.0,15.442,425915559.0
9.26916217803955,42.58362579345703,6.902514457702637,2.0,9.0,1228.0,44.124,425915562.0
3.306598901748657,15.19090557098389,-1.36015248298645,15.0,10.0,1228.0,15.606,425915564.0
8.711503028869629,39.98809051513672,7.955208778381348,1.0,11.0,1229.0,41.692,425915566.0
3.28978705406189,15.0883264541626,-0.809323251247406,11.0,12.0,1230.0,15.464,425915568.0
8.152830123901367,37.36092376708984,8.828429222106934,1.0,13.0,1231.0,39.246,425915571.0
3.26792573928833,14.96296501159668,-0.2673359513282776,21.0,14.0,1232.0,15.318,425915573.0
8.230000495910645,37.65146255493164,10.32687950134277,0.0,15.0,1233.0,39.9,425915575.0
5.029481410980225,22.87539291381836,-6.275844097137451,29.0,0.0,1240.0,24.248,425915596.0
3.313342571258545,15.05741500854492,0.2691161036491394,33.0,1.0,1241.0,15.42,425915598.0
4.025302410125732,18.27770233154297,-4.320859909057617,6.0,2.0,1242.0,19.208,425915601.0
3.401825428009033,15.43385314941406,0.828268826007843,13.0,3.0,1243.0,15.826,425915603.0
9.961610794067383,45.15766143798828,4.045769691467285,1.0,5.0,1244.0,46.42,425915608.0
2.037771701812744,9.229905128479004,-1.497077822685242,77.0,6.0,1245.0,9.57,425915610.0
10.98331260681152,49.70671844482422,6.250434875488281,0.0,7.0,1246.0,51.288,425915612.0
2.102896928787231,9.509115219116211,-1.195781946182251,7.0,8.0,1247.0,9.812,425915615.0
9.397101402282715,42.49286270141602,6.892815589904785,1.0,9.0,1247.0,44.062,425915617.0
3.379840850830078,15.27070140838623,-1.368345141410828,20.0,10.0,1248.0,15.7,425915619.0
8.889246940612793,40.12994766235352,7.989554405212402,0.0,11.0,1249.0,41.872,425915621.0
3.359726667404175,15.15474796295166,-0.8135101199150085,21.0,12.0,1250.0,15.544,425915624.0
8.324562072753906,37.51868057250977,8.872519493103027,0.0,13.0,1251.0,39.442,425915626.0
3.33400821685791,15.01393508911133,-0.268452912569046,21.0,14.0,1252.0,15.382,425915628.0
8.420143127441406,37.91816711425781,10.40763187408447,0.0,15.0,1252.0,40.212,425915631.0
5.104665279388428,22.83695793151855,-6.270150184631348,10.0,0.0,1260.0,24.226,425915651.0
3.384217977523804,15.12771892547607,0.2705821096897125,31.0,1.0,1261.0,15.504,425915654.0
4.103981018066406,18.33009719848633,-4.336606502532959,19.0,2.0,1262.0,19.278,425915656.0
3.516381502151489,15.69278621673584,0.8428182601928711,7.0,3.0,1263.0,16.104,425915658.0
2.04377269744873,9.120878219604492,-1.816883206367493,46.0,4.0,1263.0,9.522,425915661.0
10.10261249542236,45.04874038696289,4.039145946502686,1.0,5.0,1264.0,46.344,425915663.0
2.061325788497925,9.184186935424805,-1.490820407867432,67.0,6.0,1265.0,9.53,425915665.0
11.16284561157227,49.6951904296875,6.253847122192383,0.0,7.0,1266.0,51.316,425915668.0
2.129110813140869,9.470728874206543,-1.191882133483887,6.0,8.0,1267.0,9.78,425915670.0
9.662484169006348,42.94571685791016,6.971971035003662,0.0,9.0,1268.0,44.568,425915672.0
3.451930522918701,15.34239292144775,-1.375840544700623,16.0,10.0,1268.0,15.786,425915674.0
3.437634229660034,15.25398635864258,-0.8194764256477356,16.0,12.0,1270.0,15.658,425915679.0
8.48420238494873,37.61676025390625,8.902663230895996,0.0,13.0,1271.0,39.576,425915681.0
3.413254976272583,15.12119388580322,-0.2705821096897125,42.0,14.0,1272.0,15.504,425915684.0
8.588010787963867,38.01518630981445,10.44283103942871,1.0,15.0,1273.0,40.348,425915686.0
2.774716377258301,12.2129602432251,-3.355847835540771,8.0,0.0,1280.0,12.966,425915707.0
3.454737901687622,15.19381046295166,0.2719782888889313,33.0,1.0,1281.0,15.584,425915709.0
3.572468757629395,15.68625831604004,0.8431322574615479,6.0,3.0,1283.0,16.11,425915714.0
2.069494485855103,9.086889266967773,-1.811540603637695,41.0,4.0,1283.0,9.494,425915716.0
10.24828815460205,44.96269226074219,4.034613609313965,0.0,5.0,1284.0,46.292,425915718.0
2.091614723205566,9.169232368469238,-1.489568948745728,72.0,6.0,1285.0,9.522,425915721.0
11.23551082611084,49.21467590332031,6.198274612426758,0.0,7.0,1286.0,50.86,425915723.0
2.15861964225769,9.447757720947266,-1.189932227134705,6.0,8.0,1287.0,9.764,425915725.0
9.802204132080078,42.90188598632812,6.970094203948975,0.0,9.0,1287.0,44.556,425915727.0
3.5298912525177,15.43707466125488,-1.385427713394165,22.0,10.0,1288.0,15.896,425915730.0
9.692991256713867,42.35579299926758,8.445969581604004,0.0,11.0,1289.0,44.264,425915732.0
3.492643117904663,15.24968147277832,-0.8198950886726379,6.0,12.0,1290.0,15.666,425915734.0
9.268975257873535,40.43803787231445,9.57796573638916,1.0,13.0,1291.0,42.578,425915737.0
3.477641820907593,15.15986251831055,-0.2714896202087402,30.0,14.0,1292.0,15.556,425915739.0
8.722232818603516,38.02227401733398,10.45266628265381,1.0,15.0,1292.0,40.386,425915741.0
6.874929904937744,29.77859306335449,-8.189034461975098,26.0,0.0,1300.0,31.64,425915762.0
3.532962799072266,15.29076671600342,0.2739329636096954,29.0,1.0,1301.0,15.696,425915764.0
2.117021560668945,9.15524673461914,-2.169427871704102,39.0,2.0,1302.0,9.644,425915767.0
3.65016770362854,15.77293014526367,0.8484705090522766,12.0,3.0,1303.0,16.212,425915769.0
2.098987817764282,9.070046424865723,-1.809632539749146,46.0,4.0,1303.0,9.484,425915771.0
10.39258766174316,44.87229919433594,4.029732704162598,0.0,5.0,1304.0,46.236,425915774.0
2.124054670333862,9.163799285888672,-1.489881873130798,66.0,6.0,1305.0,9.524000000000001,425915776.0
11.38839340209961,49.09394073486328,6.188037872314453,0.0,7.0,1306.0,50.776,425915778.0
2.193829774856567,9.449832916259766,-1.191150903701782,6.0,8.0,1307.0,9.774000000000001,425915780.0
3.590518712997437,15.45376968383789,-1.388042330741882,30.0,10.0,1308.0,15.926,425915785.0
9.822107315063477,42.24138641357422,8.429941177368164,0.0,11.0,1309.0,44.18,425915787.0
3.508280754089355,15.07593822479248,-0.8112072944641113,4.0,12.0,1310.0,15.5,425915790.0
9.423334121704102,40.46237182617188,9.591463088989258,1.0,13.0,1311.0,42.638,425915792.0
3.554595947265625,15.2508487701416,-0.2733395993709564,31.0,14.0,1312.0,15.662,425915794.0
8.859777450561523,37.98252487182617,10.45059585571289,2.0,15.0,1313.0,40.378,425915797.0
3.606481075286865,15.37631034851074,0.2756782174110413,29.0,1.0,1320.0,15.796,425915820.0
2.146924495697021,9.146278381347656,-2.168977975845337,45.0,2.0,1321.0,9.642,425915822.0
3.728030920028687,15.86962127685547,0.8543321490287781,12.0,3.0,1322.0,16.324,425915824.0
2.125910997390747,9.049656867980957,-1.806961178779602,59.0,4.0,1322.0,9.47,425915827.0
10.54133224487305,44.83758926391602,4.029732704162598,0.0,5.0,1323.0,46.236,425915829.0
2.157598257064819,9.170165061950684,-1.492071986198425,69.0,6.0,1324.0,9.538,425915831.0
11.56387138366699,49.11000823974609,6.194862365722656,0.0,7.0,1325.0,50.832,425915833.0
2.228341817855835,9.456031799316406,-1.192857146263123,2.0,8.0,1326.0,9.788,425915836.0
10.90050411224365,46.25659561157227,7.527000904083252,0.0,9.0,1326.0,48.116,425915838.0
3.635342836380005,15.41462898254395,-1.385601997375488,37.0,10.0,1327.0,15.898,425915840.0
9.944091796875,42.13215255737305,8.414676666259766,0.0,11.0,1328.0,44.1,425915843.0
3.54539942741394,15.00979614257812,-0.8082765340805054,13.0,12.0,1329.0,15.444,425915845.0
9.558357238769531,40.43469619750977,9.592362403869629,2.0,13.0,1330.0,42.642,425915847.0
3.620802640914917,15.30514049530029,-0.2745263576507568,18.0,14.0,1331.0,15.73,425915850.0
8.995070457458496,38.02218246459961,10.46923065185547,2.0,15.0,1331.0,40.45,425915852.0
2.191688060760498,9.206871032714844,-2.535908937454224,25.0,0.0,1339.0,9.798,425915873.0
3.680523157119751,15.44921875,0.2772140204906464,29.0,1.0,1340.0,15.884,425915875.0
2.175222396850586,9.123563766479492,-2.16537880897522,39.0,2.0,1341.0,9.626,425915877.0
3.819095849990845,16.00610160827637,0.8623918890953064,10.0,3.0,1342.0,16.478,425915880.0
2.149741172790527,9.009716987609863,-1.800473690032959,40.0,4.0,1342.0,9.436,425915882.0
10.6950044631958,44.78889083862305,4.028687000274658,0.0,5.0,1343.0,46.224,425915884.0
2.188676595687866,9.158735275268555,-1.491446137428284,69.0,6.0,1344.0,9.534,425915886.0
11.74169158935547,49.09637069702148,6.198274612426758,0.0,7.0,1345.0,50.86,425915889.0
3.636435270309448,15.19356346130371,-1.91822350025177,13.0,8.0,1346.0,15.74,425915891.0
11.05960464477539,46.20866012573242,7.525436401367188,1.0,9.0,1346.0,48.106,425915893.0
3.64550256729126,15.21971321105957,-1.369216680526733,33.0,10.0,1347.0,15.71,425915896.0
10.06730175018311,41.99790573120117,8.394832611083984,0.0,11.0,1348.0,43.996,425915898.0
3.56795334815979,14.87303066253662,-0.8015775084495544,11.0,12.0,1349.0,15.316,425915900.0
9.708540916442871,40.43898010253906,9.601361274719238,1.0,13.0,1350.0,42.682,425915903.0
3.694760322570801,15.37796020507812,-0.2760621607303619,10.0,14.0,1351.0,15.818,425915905.0
9.134056091308594,38.01684951782227,10.47647762298584,2.0,15.0,1351.0,40.478,425915907.0
2.22087550163269,9.179999351501465,-2.53073263168335,33.0,0.0,1360.0,9.778,425915928.0
3.764414548873901,15.54835033416748,0.2792384922504425,29.0,1.0,1361.0,16.0,425915930.0
2.204058408737183,9.096590995788574,-2.160879850387573,36.0,2.0,1362.0,9.606,425915933.0
3.912564039230347,16.1356315612793,0.870137631893158,9.0,3.0,1363.0,16.626,425915935.0
2.182286262512207,8.999869346618652,-1.800092101097107,45.0,4.0,1363.0,9.434000000000001,425915937.0
12.22164726257324,50.36436462402344,4.53419017791748,0.0,5.0,1364.0,52.024,425915939.0
2.218034744262695,9.133376121520996,-1.488630414009094,64.0,6.0,1365.0,9.516,425915942.0
10.86676216125488,44.71288681030273,5.649862766265869,0.0,7.0,1366.0,46.36,425915944.0
3.737604141235352,15.36723232269287,-1.941866159439087,13.0,8.0,1367.0,15.934,425915946.0
11.23975372314453,46.1773681640625,7.527313709259033,1.0,9.0,1368.0,48.118,425915949.0
3.659324407577515,15.03395652770996,-1.353703022003174,23.0,10.0,1368.0,15.532,425915951.0
10.18492221832275,41.81194305419922,8.365066528320312,0.0,11.0,1369.0,43.84,425915953.0
3.61676549911499,14.83656787872314,-0.8003214597702026,29.0,12.0,1370.0,15.292,425915956.0
9.861772537231445,40.4239501953125,9.60630989074707,1.0,13.0,1371.0,42.704,425915958.0
3.764378547668457,15.41870880126953,-0.277039498090744,11.0,14.0,1372.0,15.874,425915960.0
9.273791313171387,37.98499298095703,10.47699451446533,2.0,15.0,1372.0,40.48,425915962.0
2.150145292282104,8.753823280334473,-2.415299415588379,25.0,0.0,1380.0,9.332,425915983.0
3.840622901916504,15.62444305419922,0.280844122171402,29.0,1.0,1381.0,16.092,425915986.0
2.199488878250122,8.941240310668945,-2.125787496566772,32.0,2.0,1382.0,9.450000000000001,425915988.0
4.005626201629639,16.27120590209961,0.8781973719596863,7.0,3.0,1383.0,16.78,425915990.0
2.213688373565674,8.992197036743164,-1.800092101097107,51.0,4.0,1383.0,9.434000000000001,425915992.0
11.88359928131104,48.23595428466797,4.346282482147217,0.0,5.0,1384.0,49.868,425915995.0
2.249429941177368,9.12366008758545,-1.488317489624023,67.0,6.0,1385.0,9.514,425915997.0
10.99281406402588,44.55326080322266,5.634507179260254,1.0,7.0,1386.0,46.234,425915999.0
3.816919803619385,15.45816135406494,-1.955028057098389,18.0,8.0,1387.0,16.042,425916002.0
11.42077732086182,46.2183952331543,7.540453910827637,1.0,9.0,1388.0,48.202,425916004.0
3.733766317367554,15.11006546020508,-1.361721277236938,20.0,10.0,1388.0,15.624,425916006.0
10.30724620819092,41.68084335327148,8.345985412597656,0.0,11.0,1389.0,43.74,425916009.0
3.670931816101074,14.83354663848877,-0.8008447885513306,32.0,12.0,1390.0,15.302,425916011.0
10.01031398773193,40.41954803466797,9.613508224487305,1.0,13.0,1391.0,42.736,425916013.0
3.854256391525269,15.55104732513428,-0.2796573638916016,44.0,14.0,1392.0,16.024,425916015.0
9.422718048095703,37.9901237487793,10.48786544799805,2.0,15.0,1393.0,40.522,425916018.0
3.920472860336304,15.72415828704834,0.2828685939311981,29.0,1.0,1400.0,16.208,425916041.0
2.217804431915283,8.888518333435059,-2.114989757537842,38.0,2.0,1401.0,9.402000000000001,425916043.0
4.099721431732178,16.41866683959961,0.8868851065635681,6.0,3.0,1402.0,16.946,425916045.0
2.244922399520874,8.990521430969238,-1.801236867904663,48.0,4.0,1402.0,9.44,425916048.0
12.00001907348633,48.02231597900391,4.330594539642334,1.0,5.0,1403.0,49.688,425916050.0
2.283506393432617,9.131481170654297,-1.490820407867432,58.0,6.0,1404.0,9.53,425916052.0
11.13471508026123,44.49345397949219,5.631582260131836,1.0,7.0,1405.0,46.21,425916055.0
3.893237113952637,15.54555130004883,-1.967702388763428,17.0,8.0,1406.0,16.146,425916057.0
11.5701379776001,46.16493988037109,7.537950992584229,1.0,9.0,1407.0,48.186,425916059.0
3.806617498397827,15.18843364715576,-1.369913935661316,15.0,10.0,1407.0,15.718,425916062.0
9.803017616271973,39.08518981933594,7.832709312438965,1.0,11.0,1408.0,41.05,425916064.0
3.613131999969482,14.39511489868164,-0.7778170108795166,21.0,12.0,1409.0,14.862,425916066.0
10.14714336395264,40.39746856689453,9.61620807647705,1.0,13.0,1410.0,42.748,425916068.0
3.928229093551636,15.62739181518555,-0.281262993812561,34.0,14.0,1411.0,16.116,425916071.0
9.554265022277832,38.00904846191406,10.50132369995117,2.0,15.0,1411.0,40.574,425916073.0
4.000844478607178,15.81118392944336,0.2846836447715759,29.0,1.0,1420.0,16.312,425916096.0
2.249295949935913,8.882612228393555,-2.115439653396606,41.0,2.0,1421.0,9.404,425916098.0
4.199201583862305,16.57075881958008,0.8958868980407715,6.0,3.0,1422.0,17.118,425916101.0
2.276291370391846,8.982629776000977,-1.801236867904663,48.0,4.0,1422.0,9.44,425916103.0
12.11664009094238,47.7792854309082,4.312466144561768,1.0,5.0,1423.0,49.48,425916105.0
2.318768739700317,9.136857986450195,-1.493010520935059,48.0,6.0,1424.0,9.544,425916108.0
11.32660579681396,44.59861755371094,5.649862766265869,0.0,7.0,1425.0,46.36,425916110.0
3.947966337203979,15.53379058837891,-1.967946171760559,22.0,8.0,1426.0,16.148,425916112.0
10.75154304504395,42.27244567871094,6.908458709716797,1.0,9.0,1427.0,44.162,425916115.0
3.908722639083862,15.36814498901367,-1.3873450756073,12.0,10.0,1427.0,15.918,425916117.0
9.957308769226074,39.12112808227539,7.846828937530518,1.0,11.0,1428.0,41.124,425916119.0
3.669274091720581,14.40564060211182,-0.7790730595588684,21.0,12.0,1429.0,14.886,425916121.0
10.30205345153809,40.41656494140625,9.629255294799805,1.0,13.0,1430.0,42.806,425916124.0
4.004996776580811,15.70077800750732,-0.2828336954116821,24.0,14.0,1431.0,16.206,425916126.0
9.689748764038086,37.98669815063477,10.50442981719971,2.0,15.0,1431.0,40.586,425916128.0
2.229129314422607,8.688179969787598,-2.403393745422363,190.0,0.0,1439.0,9.286,425916149.0
4.086347103118896,15.9152717590332,0.2868128418922424,24.0,1.0,1440.0,16.434,425916151.0
2.282228231430054,8.882256507873535,-2.117239236831665,46.0,2.0,1441.0,9.412,425916154.0
4.302838802337646,16.74631500244141,0.9061447381973267,4.0,3.0,1441.0,17.314,425916156.0
2.308610677719116,8.978432655334473,-1.802000164985657,42.0,4.0,1442.0,9.444,425916158.0
12.23766994476318,47.55918121337891,4.296429634094238,1.0,5.0,1443.0,49.296,425916161.0
2.370351791381836,9.20522689819336,-1.505525350570679,37.0,6.0,1444.0,9.624,425916163.0
3.99274730682373,15.4833927154541,-1.96331512928009,31.0,8.0,1446.0,16.11,425916167.0
11.91419124603271,46.20179748535156,7.55703592300415,1.0,9.0,1446.0,48.308,425916170.0
3.964334964752197,15.3621244430542,-1.388042330741882,19.0,10.0,1447.0,15.926,425916172.0
10.17676734924316,39.40738296508789,7.911322593688965,1.0,11.0,1448.0,41.462,425916174.0
3.721535682678223,14.40047931671143,-0.7794917225837708,22.0,12.0,1449.0,14.894,425916177.0
10.45331764221191,40.41997909545898,9.638702392578125,1.0,13.0,1450.0,42.848,425916179.0
4.079819202423096,15.76413917541504,-0.2842299044132233,26.0,14.0,1451.0,16.286,425916181.0
9.824707984924316,37.96199417114258,10.50701808929443,1.0,15.0,1451.0,40.596,425916184.0
2.256523370742798,8.669129371643066,-2.400287866592407,108.0,0.0,1459.0,9.274000000000001,425916204.0
4.170104503631592,16.00927734375,0.2887675166130066,27.0,1.0,1460.0,16.546,425916207.0
2.322558641433716,8.910064697265625,-2.125787496566772,39.0,2.0,1461.0,9.450000000000001,425916209.0
4.419641494750977,16.94301795959473,0.9176586270332336,4.0,3.0,1462.0,17.534,425916211.0
2.349847793579102,9.008313179016113,-1.809632539749146,39.0,4.0,1462.0,9.484,425916214.0
12.35328483581543,47.32339477539062,4.278998374938965,1.0,5.0,1463.0,49.096,425916216.0
2.412455081939697,9.235121726989746,-1.511782646179199,42.0,6.0,1464.0,9.664,425916218.0
12.28433418273926,46.99213027954102,5.963798046112061,0.0,7.0,1465.0,48.936,425916220.0
4.137200832366943,15.81504535675049,-2.007188081741333,16.0,8.0,1466.0,16.47,425916223.0
10.96685314178467,41.89251327514648,6.858712673187256,1.0,9.0,1467.0,43.844,425916225.0
4.047704696655273,15.46191120147705,-1.398326754570007,13.0,10.0,1467.0,16.044,425916227.0
10.39138031005859,39.66598892211914,7.970473289489746,1.0,11.0,1468.0,41.772,425916230.0
3.774312496185303,14.39706039428711,-0.7800151109695435,23.0,12.0,1469.0,14.904,425916232.0
10.60324668884277,40.41717147827148,9.646800994873047,1.0,13.0,1470.0,42.884,425916234.0
4.162241458892822,15.85424613952637,-0.2861147522926331,24.0,14.0,1471.0,16.394,425916237.0
9.737977027893066,37.06624221801758,10.26890468597412,0.0,15.0,1472.0,39.676,425916239.0
2.292688369750977,8.683613777160645,-2.40649938583374,114.0,0.0,1479.0,9.298,425916260.0
4.254056453704834,16.1009578704834,0.2906872928142548,24.0,1.0,1480.0,16.656,425916262.0
2.363608837127686,8.939582824707031,-2.134785413742065,32.0,2.0,1481.0,9.49,425916264.0
4.533492088317871,17.14645957946777,0.9294865727424622,3.0,3.0,1481.0,17.76,425916267.0
2.392828226089478,9.043707847595215,-1.81840968132019,16.0,4.0,1482.0,9.53,425916269.0
12.47811222076416,47.12783050537109,4.265227794647217,1.0,5.0,1483.0,48.938,425916271.0
2.439111709594727,9.205639839172363,-1.508341073989868,51.0,6.0,1484.0,9.642,425916273.0
12.39538097381592,46.74940872192383,5.938449382781982,0.0,7.0,1485.0,48.728,425916276.0
4.219362258911133,15.90219879150391,-2.020106315612793,16.0,8.0,1486.0,16.576,425916278.0
12.27440547943115,46.22800445556641,7.57549524307251,1.0,9.0,1487.0,48.426,425916280.0
4.107276439666748,15.46887016296387,-1.400244116783142,16.0,10.0,1487.0,16.066,425916283.0
10.57262992858887,39.79075622558594,8.002910614013672,1.0,11.0,1488.0,41.942,425916285.0
3.826597690582275,14.39151859283447,-0.7804337739944458,29.0,12.0,1489.0,14.912,425916287.0
10.65507125854492,40.04470062255859,9.566718101501465,0.0,13.0,1490.0,42.528,425916290.0
4.244312763214111,15.94010353088379,-0.2879298031330109,26.0,14.0,1491.0,16.498,425916292.0
9.84990406036377,36.99267578125,10.25751686096191,0.0,15.0,1491.0,39.632,425916294.0
5.042062282562256,18.81723213195801,0.3400426805019379,12.0,1.0,1500.0,19.484,425916317.0
4.733577251434326,17.65362548828125,-4.219631671905518,19.0,2.0,1501.0,18.758,425916319.0
4.663664817810059,17.39289093017578,0.9437219500541687,3.0,3.0,1501.0,18.032,425916322.0
4.892520427703857,18.23367309570312,-3.669638633728027,5.0,4.0,1502.0,19.232,425916324.0
12.59655857086182,46.9127311706543,4.249713897705078,1.0,5.0,1503.0,48.76,425916326.0
2.481482267379761,9.235223770141602,-1.514598488807678,40.0,6.0,1504.0,9.682,425916329.0
4.302182197570801,15.98896980285645,-2.033024311065674,16.0,8.0,1506.0,16.682,425916333.0
12.44648265838623,46.22493362426758,7.582065582275391,0.0,9.0,1507.0,48.468,425916336.0
4.169536113739014,15.48522090911865,-1.403033137321472,19.0,10.0,1507.0,16.098,425916338.0
10.76049518585205,39.93558883666992,8.039546012878418,1.0,11.0,1508.0,42.134,425916340.0
3.872650384902954,14.36264705657959,-0.7795963883399963,27.0,12.0,1509.0,14.896,425916343.0
10.877028465271,40.31206130981445,9.639602661132812,1.0,13.0,1510.0,42.852,425916345.0
4.326512813568115,16.02364921569824,-0.2897099554538727,24.0,14.0,1511.0,16.6,425916347.0
9.987533569335938,36.98977661132812,10.26631641387939,0.0,15.0,1511.0,39.666,425916349.0
5.108373641967773,18.78897857666016,0.3398681581020355,17.0,1.0,1521.0,19.474,425916372.0
4.811550617218018,17.68504905700684,-4.231329441070557,20.0,2.0,1522.0,18.81,425916375.0
4.828526973724365,17.73522567749023,0.9632956385612488,3.0,3.0,1523.0,18.406,425916377.0
4.991292953491211,18.33306503295898,-3.693298816680908,11.0,4.0,1523.0,19.356,425916379.0
12.7333288192749,46.73744964599609,4.238035202026367,1.0,5.0,1524.0,48.626,425916382.0
2.529343366622925,9.2775239944458,-1.523045897483826,12.0,6.0,1525.0,9.736,425916384.0
12.7086935043335,46.58290863037109,5.928699970245361,0.0,7.0,1526.0,48.648,425916386.0
4.387942314147949,16.07267570495605,-2.045698881149292,16.0,8.0,1527.0,16.786,425916389.0
11.70876789093018,42.88826370239258,7.041428089141846,1.0,9.0,1527.0,45.012,425916391.0
4.231514930725098,15.48905467987061,-1.404776215553284,16.0,10.0,1528.0,16.118,425916393.0
10.95494270324707,40.07200241088867,8.075037002563477,1.0,11.0,1529.0,42.32,425916396.0
3.931063413619995,14.36954784393311,-0.7807477712631226,43.0,12.0,1530.0,14.918,425916398.0
11.0550651550293,40.38282012939453,9.666147232055664,1.0,13.0,1531.0,42.97,425916400.0
4.409517288208008,16.09640121459961,-0.2913155555725098,22.0,14.0,1532.0,16.692,425916402.0
10.20048332214355,37.21012496948242,10.3382682800293,0.0,15.0,1533.0,39.944,425916405.0
3.254567384719849,11.81563186645508,-3.283895969390869,12.0,0.0,1540.0,12.688,425916425.0
4.601645469665527,16.69478607177734,0.302275687456131,31.0,1.0,1541.0,17.32,425916428.0
3.309978246688843,12.00043678283691,-2.873974561691284,14.0,2.0,1542.0,12.776,425916430.0
12.68215942382812,45.97959518432617,2.499670028686523,1.0,3.0,1542.0,47.762,425916432.0
5.089731693267822,18.4404354095459,-3.718485593795776,13.0,4.0,1543.0,19.488,425916435.0
12.88631629943848,46.65622711181641,4.234723091125488,0.0,5.0,1544.0,48.588,425916437.0
4.591927528381348,16.61424446105957,-2.730094194412231,51.0,6.0,1545.0,17.452,425916439.0
12.93577861785889,46.77168273925781,5.958436012268066,0.0,7.0,1546.0,48.892,425916442.0
4.473141670227051,16.16248512268066,-2.059104442596436,15.0,8.0,1547.0,16.896,425916444.0
12.77272129058838,46.11945343017578,7.579562664031982,0.0,9.0,1548.0,48.452,425916446.0
4.295660018920898,15.51067161560059,-1.408088207244873,15.0,10.0,1548.0,16.156,425916449.0
11.15662384033203,40.25676727294922,8.120067596435547,0.0,11.0,1549.0,42.556,425916451.0
3.975327253341675,14.33456707000732,-0.7795963883399963,39.0,12.0,1550.0,14.896,425916453.0
11.21419906616211,40.40970611572266,9.681893348693848,1.0,13.0,1551.0,43.04,425916455.0
4.497246265411377,16.1945915222168,-0.2933749556541443,22.0,14.0,1552.0,16.81,425916458.0
10.5439281463623,37.94301986694336,10.55205249786377,2.0,15.0,1553.0,40.77,425916460.0
4.359106063842773,15.62309074401855,-4.346089363098145,4.0,0.0,1559.0,16.792,425916481.0
4.647840023040771,16.64669227600098,0.3016822934150696,33.0,1.0,1560.0,17.286,425916483.0
4.949121475219727,17.71382331848145,-4.246176242828369,12.0,2.0,1561.0,18.876,425916485.0
12.90658092498779,46.19504928588867,2.513695955276489,0.0,3.0,1561.0,48.03,425916488.0
3.413815259933472,12.2104549407959,-2.464488983154297,12.0,4.0,1562.0,12.916,425916490.0
13.12040996551514,46.89720916748047,4.260521411895752,0.0,5.0,1563.0,48.884,425916492.0
13.09723377227783,46.75146865844727,5.961360931396484,0.0,7.0,1565.0,48.916,425916497.0
4.529928684234619,16.15903091430664,-2.060566902160645,15.0,8.0,1566.0,16.908,425916499.0
12.94687366485596,46.18371200561523,7.596770286560059,1.0,9.0,1566.0,48.562,425916502.0
4.349224090576172,15.50401496887207,-1.408785462379456,15.0,10.0,1567.0,16.164,425916504.0
11.33887386322021,40.39344787597656,8.155176162719727,0.0,11.0,1568.0,42.74,425916506.0
4.028781890869141,14.34245681762695,-0.7807477712631226,46.0,12.0,1569.0,14.918,425916508.0
11.3523588180542,40.38730239868164,9.685492515563965,1.0,13.0,1570.0,43.056,425916511.0
4.580704689025879,16.28546333312988,-0.2952947020530701,27.0,14.0,1571.0,16.92,425916513.0
10.67126369476318,37.91342544555664,10.55360507965088,2.0,15.0,1572.0,40.776,425916515.0
4.405203342437744,15.57803630828857,-4.337807178497314,9.0,0.0,1579.0,16.76,425916536.0
4.705375194549561,16.62844276428223,0.3016473948955536,18.0,1.0,1580.0,17.284,425916538.0
5.026320934295654,17.75081634521484,-4.259223461151123,5.0,2.0,1581.0,18.934,425916541.0
13.15590476989746,46.46102905273438,2.530652761459351,0.0,3.0,1581.0,48.354,425916543.0
5.284175395965576,18.6490306854248,-3.767714500427246,11.0,4.0,1582.0,19.746,425916545.0
13.39381694793701,47.23832321166992,4.295732021331787,0.0,5.0,1583.0,49.288,425916548.0
4.99175500869751,17.59359741210938,-2.896540641784668,2.0,6.0,1584.0,18.516,425916550.0
12.9393835067749,45.57497024536133,5.817067623138428,0.0,7.0,1585.0,47.732,425916552.0
4.535311222076416,15.96362495422363,-2.037655353546143,28.0,8.0,1586.0,16.72,425916555.0
13.12258148193359,46.18954467773438,7.605217933654785,0.0,9.0,1586.0,48.616,425916557.0
4.410943984985352,15.51556873321533,-1.41122579574585,13.0,10.0,1587.0,16.192,425916559.0
11.47980403900146,40.35362243652344,8.155176162719727,0.0,11.0,1588.0,42.74,425916561.0
4.077728271484375,14.32446479797363,-0.7805384397506714,73.0,12.0,1589.0,14.914,425916564.0
11.49967479705811,40.36992263793945,9.69089126586914,1.0,13.0,1590.0,43.08,425916566.0
4.664383888244629,16.36360740661621,-0.2970050573348999,21.0,14.0,1591.0,17.018,425916568.0
10.81837844848633,37.92795944213867,10.56809902191162,1.0,15.0,1592.0,40.832,425916571.0
3.673012256622314,12.81775856018066,-3.572738170623779,5.0,0.0,1599.0,13.804,425916591.0
4.807485580444336,16.76569557189941,0.3044397830963135,19.0,1.0,1600.0,17.444,425916594.0
5.153823852539062,17.9616870880127,-4.314111232757568,9.0,2.0,1601.0,19.178,425916596.0
13.42817497253418,46.79878234863281,2.551587104797363,0.0,3.0,1601.0,48.754,425916598.0
5.386083126068115,18.7587890625,-3.793664455413818,11.0,4.0,1602.0,19.882,425916601.0
13.644455909729,47.49000930786133,4.322924613952637,0.0,5.0,1603.0,49.6,425916603.0
5.442302703857422,18.92967796325684,-3.119616031646729,12.0,6.0,1604.0,19.942,425916605.0
13.09729385375977,45.52571105957031,5.816579818725586,0.0,7.0,1605.0,47.728,425916607.0
4.628899574279785,16.07932281494141,-2.054473400115967,9.0,8.0,1606.0,16.858,425916610.0
12.70993328094482,44.15026092529297,7.276705741882324,0.0,9.0,1606.0,46.516,425916612.0
4.475004196166992,15.53453922271729,-1.414363384246826,13.0,10.0,1607.0,16.228,425916614.0
11.65539646148682,40.43403625488281,8.17959976196289,0.0,11.0,1608.0,42.868,425916617.0
4.121062755584717,14.2871150970459,-0.7792823910713196,48.0,12.0,1609.0,14.89,425916619.0
11.65997695922852,40.39693832397461,9.707087516784668,1.0,13.0,1610.0,43.152,425916621.0
4.753658294677734,16.45865249633789,-0.299029529094696,22.0,14.0,1611.0,17.134,425916624.0
10.95427799224854,37.92713928222656,10.57793426513672,1.0,15.0,1611.0,40.87,425916626.0
3.717193603515625,12.80300426483154,-3.57222056388855,4.0,0.0,1619.0,13.802,425916647.0
5.45177173614502,18.76512145996094,0.3410898447036743,15.0,1.0,1620.0,19.544,425916649.0
5.250218868255615,18.05960655212402,-4.342005252838135,9.0,2.0,1621.0,19.302,425916651.0
13.67508411407471,47.03930282592773,2.567287921905518,0.0,3.0,1621.0,49.054,425916654.0
5.478401660919189,18.83224296569824,-3.812363624572754,12.0,4.0,1622.0,19.98,425916656.0
13.93153953552246,47.85912322998047,4.36092472076416,0.0,5.0,1623.0,50.036,425916658.0
5.530443668365479,18.98642730712891,-3.132130861282349,27.0,6.0,1624.0,20.022,425916660.0
13.26057147979736,45.49496078491211,5.818530082702637,0.0,7.0,1625.0,47.744,425916663.0
4.726685047149658,16.20599365234375,-2.07275390625,5.0,8.0,1626.0,17.008,425916665.0
4.539249897003174,15.55325031280518,-1.417500972747803,15.0,10.0,1627.0,16.264,425916670.0
11.794264793396,40.38556671142578,8.17807388305664,0.0,11.0,1628.0,42.86,425916672.0
4.17090892791748,14.27264308929443,-0.7792823910713196,54.0,12.0,1629.0,14.89,425916674.0
11.80419921875,40.36721038818359,9.709787368774414,1.0,13.0,1630.0,43.164,425916677.0
4.845337390899658,16.55903244018555,-0.3011587262153625,19.0,14.0,1631.0,17.256,425916679.0
11.10027122497559,37.91083908081055,10.58466339111328,2.0,15.0,1632.0,40.896,425916681.0
5.117856979370117,17.40019798278809,0.3165866434574127,33.0,1.0,1639.0,18.14,425916704.0
4.634419918060303,15.74640846252441,-3.789525508880615,18.0,2.0,1640.0,16.846,425916707.0
3.693326473236084,12.5407657623291,-2.541194200515747,11.0,4.0,1641.0,13.318,425916711.0
5.609018802642822,19.02103614807129,-3.140891075134277,26.0,6.0,1643.0,20.078,425916716.0
13.41866874694824,45.47548675537109,5.821698665618896,0.0,7.0,1644.0,47.77,425916718.0
4.813004016876221,16.30065155029297,-2.086890697479248,6.0,8.0,1645.0,17.124,425916720.0
13.13993549346924,44.50225067138672,7.349291324615479,0.0,9.0,1645.0,46.98,425916723.0
4.591930389404297,15.5419340133667,-1.417849659919739,13.0,10.0,1646.0,16.268,425916725.0
12.08620071411133,40.88092041015625,8.286453247070312,1.0,11.0,1647.0,43.428,425916727.0
4.220482349395752,14.26639366149902,-0.7797010540962219,52.0,12.0,1648.0,14.898,425916730.0
11.9468469619751,40.35774230957031,9.716985702514648,1.0,13.0,1649.0,43.196,425916732.0
4.934298992156982,16.65791511535645,-0.3032530248165131,22.0,14.0,1650.0,17.376,425916734.0
10.34308242797852,34.91765975952148,9.75799560546875,2.0,15.0,1650.0,37.702,425916737.0
2.234813213348389,7.506101131439209,-2.098504781723022,38.0,0.0,1658.0,8.108,425916757.0
5.172854423522949,17.36306381225586,0.316237598657608,33.0,1.0,1659.0,18.12,425916760.0
3.730663776397705,12.51426219940186,-3.014794111251831,13.0,2.0,1660.0,13.402,425916762.0
14.06137943267822,47.13790893554688,2.577964544296265,1.0,3.0,1661.0,49.258,425916764.0
5.64518404006958,18.92432975769043,-3.838695287704468,12.0,4.0,1661.0,20.118,425916766.0
14.2900333404541,47.87392044067383,4.371034622192383,1.0,5.0,1662.0,50.152,425916769.0
5.697428703308105,19.07515716552734,-3.153093099594116,29.0,6.0,1663.0,20.156,425916771.0
13.58869552612305,45.46641159057617,5.826573371887207,0.0,7.0,1664.0,47.81,425916773.0
4.902294635772705,16.39215850830078,-2.100783824920654,4.0,8.0,1665.0,17.238,425916776.0
13.44340419769287,44.92312240600586,7.426882743835449,1.0,9.0,1666.0,47.476,425916778.0
4.655293464660645,15.5563497543335,-1.420638561248779,13.0,10.0,1666.0,16.3,425916780.0
12.22094345092773,40.81215286254883,8.281110763549805,1.0,11.0,1667.0,43.4,425916783.0
4.27369499206543,14.26305389404297,-0.7803291082382202,45.0,12.0,1668.0,14.91,425916785.0
12.10387897491455,40.36992645263672,9.730032920837402,1.0,13.0,1669.0,43.254,425916787.0
6.056637287139893,20.18782234191895,-0.3678967356681824,38.0,14.0,1670.0,21.08,425916790.0
10.48710060119629,34.93317413330078,9.7730073928833,1.0,15.0,1671.0,37.76,425916792.0
2.254496812820435,7.471966743469238,-2.091257810592651,27.0,0.0,1679.0,8.08,425916813.0
5.223165035247803,17.29995727539062,0.3154347836971283,16.0,1.0,1680.0,18.074,425916815.0
2.26781964302063,7.506645679473877,-1.810406088829041,30.0,2.0,1681.0,8.048,425916817.0
14.1935977935791,46.95222473144531,2.570637464523315,1.0,3.0,1682.0,49.118,425916819.0
5.750297546386719,19.02190589904785,-3.862737417221069,4.0,4.0,1682.0,20.244,425916822.0
14.51732158660889,47.99285507202148,4.386723041534424,1.0,5.0,1683.0,50.332,425916824.0
2.288494825363159,7.560779571533203,-1.251162886619568,12.0,6.0,1684.0,7.998,425916826.0
13.75524711608887,45.41630172729492,5.826573371887207,0.0,7.0,1685.0,47.81,425916829.0
12.69662857055664,41.8946533203125,6.933488368988037,1.0,9.0,1686.0,44.322,425916833.0
4.720373630523682,15.56587600708008,-1.423079013824463,13.0,10.0,1687.0,16.328,425916836.0
12.35904407501221,40.72951126098633,8.273478507995605,1.0,11.0,1688.0,43.36,425916838.0
4.321881294250488,14.23391723632812,-0.7795963883399963,42.0,12.0,1689.0,14.896,425916840.0
12.25402736663818,40.3327522277832,9.731832504272461,1.0,13.0,1690.0,43.262,425916843.0
5.207510471343994,17.12918663024902,-0.3125028014183044,29.0,14.0,1691.0,17.906,425916845.0
10.65673923492432,35.05346298217773,9.81700611114502,1.0,15.0,1691.0,37.93,425916847.0
2.2884681224823,7.489916801452637,-2.098504781723022,28.0,0.0,1699.0,8.108,425916868.0
5.335555553436279,17.45181655883789,0.3185413181781769,9.0,1.0,1700.0,18.252,425916870.0
2.284317493438721,7.467004299163818,-1.802757740020752,33.0,2.0,1701.0,8.014,425916872.0
14.32992839813232,46.8126335144043,2.565717935562134,1.0,3.0,1702.0,49.024,425916875.0
14.65850162506104,47.85616302490234,4.378878593444824,1.0,5.0,1703.0,50.242,425916879.0
2.313136339187622,7.547079086303711,-1.250224232673645,33.0,6.0,1704.0,7.992,425916882.0
13.92184448242188,45.39457702636719,5.829985618591309,0.0,7.0,1705.0,47.838,425916884.0
12.88372611999512,41.95736312866211,6.951634883880615,1.0,9.0,1707.0,44.438,425916889.0
4.784037590026855,15.57977771759033,-1.425867915153503,13.0,10.0,1707.0,16.36,425916891.0
12.49537467956543,40.6673583984375,8.269661903381348,0.0,11.0,1708.0,43.34,425916893.0
4.372714519500732,14.22256183624268,-0.7798057198524475,38.0,12.0,1709.0,14.9,425916895.0
5.263152599334717,17.09752655029297,-0.3122584521770477,40.0,14.0,1711.0,17.892,425916900.0
11.65580463409424,37.84077835083008,10.60951042175293,2.0,15.0,1712.0,40.992,425916902.0
3.900675535202026,12.60883712768555,-3.536503314971924,6.0,0.0,1719.0,13.664,425916923.0
5.446112632751465,17.59354782104492,0.3214733302593231,9.0,1.0,1720.0,18.42,425916925.0
2.304025888442993,7.4385085105896,-1.797808885574341,32.0,2.0,1721.0,7.992,425916928.0
14.46131992340088,46.6593132019043,2.560065746307373,1.0,3.0,1722.0,48.916,425916930.0
2.309126377105713,7.450374603271484,-1.516168236732483,27.0,4.0,1722.0,7.946,425916932.0
14.79300212860107,47.70003890991211,4.36929178237915,1.0,5.0,1723.0,50.132,425916935.0
2.329513788223267,7.506886005401611,-1.244905471801758,37.0,6.0,1724.0,7.958,425916937.0
14.10199642181396,45.41585159301758,5.839004039764404,0.0,7.0,1725.0,47.912,425916939.0
2.32004451751709,7.467162132263184,-0.9600867033004761,50.0,8.0,1726.0,7.878,425916942.0
13.14294338226318,42.30112457275391,7.015772819519043,1.0,9.0,1726.0,44.848,425916944.0
4.848447322845459,15.59532737731934,-1.428831219673157,12.0,10.0,1727.0,16.394,425916946.0
12.65241718292236,40.67223358154297,8.279583930969238,0.0,11.0,1728.0,43.392,425916948.0
4.426488876342773,14.22056102752686,-0.7805384397506714,36.0,12.0,1729.0,14.914,425916951.0
5.315066814422607,17.05423164367676,-0.3118046820163727,21.0,14.0,1731.0,17.866,425916955.0
10.86900806427002,34.87492752075195,9.788018226623535,1.0,15.0,1731.0,37.818,425916958.0
3.975266218185425,12.69285202026367,-3.563938140869141,7.0,0.0,1739.0,13.77,425916978.0
5.57147741317749,17.77860641479492,0.3252081274986267,9.0,1.0,1740.0,18.634,425916981.0
2.329977035522461,7.430420875549316,-1.797808885574341,40.0,2.0,1741.0,7.992,425916983.0
14.60197925567627,46.53804016113281,2.556192874908447,1.0,3.0,1742.0,48.842,425916985.0
2.325127363204956,7.410424709320068,-1.50968074798584,36.0,4.0,1742.0,7.912,425916988.0
14.93315696716309,47.56447219848633,4.361621856689453,1.0,5.0,1743.0,50.044,425916990.0
2.350375175476074,7.481747627258301,-1.242089629173279,27.0,6.0,1744.0,7.94,425916992.0
2.340139627456665,7.44008207321167,-0.957649290561676,61.0,8.0,1746.0,7.858000000000001,425916997.0
13.39752388000488,42.5692253112793,7.068335056304932,0.0,9.0,1747.0,45.184,425916999.0
4.910033226013184,15.60111427307129,-1.430922985076904,12.0,10.0,1747.0,16.418,425917001.0
12.79431247711182,40.6278190612793,8.279583930969238,0.0,11.0,1748.0,43.392,425917004.0
4.47910213470459,14.2145471572876,-0.7810618281364441,32.0,12.0,1749.0,14.924,425917006.0
12.56730175018311,39.8583869934082,9.648600578308105,0.0,13.0,1750.0,42.892,425917008.0
5.414875507354736,17.16334533691406,-0.3141433298587799,22.0,14.0,1751.0,18.0,425917011.0
11.01304149627686,34.88643646240234,9.802512168884277,2.0,15.0,1752.0,37.874,425917013.0
4.033089637756348,12.72932434082031,-3.577914476394653,5.0,0.0,1758.0,13.824,425917034.0
5.688416957855225,17.94302749633789,0.328559011220932,7.0,1.0,1759.0,18.826,425917036.0
2.355193614959717,7.424510955810547,-1.798258781433105,36.0,2.0,1760.0,7.994,425917038.0
14.73870182037354,46.43415451049805,2.553157329559326,1.0,3.0,1761.0,48.784,425917041.0
2.346718549728394,7.393317222595215,-1.50777268409729,41.0,4.0,1761.0,7.902,425917043.0
15.05823707580566,47.41214752197266,4.352209091186523,1.0,5.0,1762.0,49.936,425917045.0
14.37591361999512,45.20908737182617,5.824867248535156,0.0,7.0,1764.0,47.796,425917050.0
2.365400791168213,7.434172630310059,-0.9578930139541626,53.0,8.0,1765.0,7.86,425917052.0
13.58689403533936,42.70198822021484,7.097431659698486,1.0,9.0,1765.0,45.37,425917054.0
2.457600116729736,7.71928071975708,-0.7087504863739014,10.0,10.0,1766.0,8.132,425917057.0
13.7131929397583,43.04691696166992,8.781793594360352,1.0,11.0,1767.0,46.024,425917059.0
4.529247760772705,14.20913028717041,-0.781585156917572,28.0,12.0,1768.0,14.934,425917061.0
12.67809009552002,39.74965667724609,9.632404327392578,0.0,13.0,1769.0,42.82,425917064.0
5.510672092437744,17.2672176361084,-0.3163772225379944,22.0,14.0,1770.0,18.128,425917066.0
11.17368507385254,35.01178359985352,9.847546577453613,1.0,15.0,1770.0,38.048,425917068.0
5.318681716918945,16.58564186096191,-4.667025089263916,19.0,0.0,1778.0,18.032,425917089.0
5.815166473388672,18.12298965454102,0.3322240114212036,7.0,1.0,1779.0,19.036,425917091.0
2.378117084503174,7.406967639923096,-1.796009182929993,40.0,2.0,1780.0,7.984,425917094.0
15.03814601898193,46.81027221679688,2.576708555221558,1.0,3.0,1781.0,49.234,425917096.0
2.373712778091431,7.388818740844727,-1.508535861968994,59.0,4.0,1781.0,7.906000000000001,425917098.0
15.19742584228516,47.27773284912109,4.344713687896729,1.0,5.0,1782.0,49.85,425917101.0
14.89731025695801,46.28863525390625,5.970623016357422,1.0,7.0,1784.0,48.992,425917105.0
2.396204233169556,7.440986633300781,-0.9598429203033447,55.0,8.0,1785.0,7.876,425917107.0
13.81904220581055,42.88692474365234,7.136540412902832,0.0,9.0,1786.0,45.62,425917110.0
2.480864286422729,7.699276924133301,-0.7077046036720276,27.0,10.0,1786.0,8.120000000000001,425917112.0
13.87963676452637,43.04923629760742,8.792097091674805,1.0,11.0,1787.0,46.078,425917114.0
4.581272125244141,14.20083713531494,-0.7820038795471191,23.0,12.0,1788.0,14.942,425917117.0
12.78443813323975,39.60501480102539,9.608109474182129,0.0,13.0,1789.0,42.712,425917119.0
5.613935470581055,17.38107872009277,-0.3188205659389496,19.0,14.0,1790.0,18.268,425917121.0
12.182373046875,37.69485855102539,10.61468696594238,0.0,15.0,1791.0,41.012,425917124.0
8.665324211120605,26.70083427429199,-7.521799087524414,29.0,0.0,1798.0,29.062,425917144.0
5.947564125061035,18.31559753417969,0.3361333608627319,5.0,1.0,1799.0,19.26,425917147.0
5.325802326202393,16.39113426208496,-3.978934288024902,12.0,2.0,1800.0,17.688,425917149.0
15.18107509613037,46.6948127746582,2.573254346847534,1.0,3.0,1801.0,49.168,425917151.0
2.401311159133911,7.386089324951172,-1.50968074798584,55.0,4.0,1801.0,7.912,425917154.0
15.33955860137939,47.154296875,4.338264465332031,1.0,5.0,1802.0,49.776,425917156.0
2.419955015182495,7.434607982635498,-1.238335251808167,46.0,6.0,1803.0,7.916,425917158.0
14.99855136871338,46.05137634277344,5.946736335754395,0.0,7.0,1804.0,48.796,425917160.0
2.424623966217041,7.440126419067383,-0.9608179330825806,33.0,8.0,1805.0,7.884,425917163.0
15.04270172119141,46.15957260131836,7.689379692077637,1.0,9.0,1805.0,49.154,425917165.0
2.509577512741089,7.696252822875977,-0.7082275748252869,36.0,10.0,1806.0,8.126,425917167.0
14.06209659576416,43.09944534301758,8.812322616577148,1.0,11.0,1807.0,46.184,425917170.0
4.629574298858643,14.18096160888672,-0.7817944884300232,21.0,12.0,1808.0,14.938,425917172.0
12.89356327056885,39.47123336791992,9.586514472961426,0.0,13.0,1809.0,42.616,425917174.0
5.725515842437744,17.51723670959473,-0.3216827511787415,19.0,14.0,1810.0,18.432,425917177.0
11.39083099365234,34.85029220581055,9.82425308227539,2.0,15.0,1810.0,37.958,425917179.0
13.5551118850708,41.27666091918945,-11.64116287231445,1.0,0.0,1818.0,44.978,425917200.0
6.088867664337158,18.53029441833496,0.3404615521430969,5.0,1.0,1819.0,19.508,425917202.0
5.383594036102295,16.37429428100586,-3.979384183883667,10.0,2.0,1820.0,17.69,425917204.0
15.3252534866333,46.58462142944336,2.570114135742188,1.0,3.0,1821.0,49.108,425917207.0
2.428305864334106,7.381392002105713,-1.510444045066833,48.0,4.0,1821.0,7.916,425917209.0
15.21501445770264,46.22234344482422,4.257383823394775,0.0,5.0,1822.0,48.848,425917211.0
2.450835704803467,7.441125392913818,-1.240838170051575,29.0,6.0,1823.0,7.932,425917213.0
15.2275562286377,46.20613098144531,5.97354793548584,0.0,7.0,1824.0,49.016,425917216.0
2.468608140945435,7.486289501190186,-0.9678863286972046,58.0,8.0,1825.0,7.942,425917218.0
15.18950939178467,46.06363677978516,7.682183742523193,1.0,9.0,1825.0,49.108,425917220.0
2.537675857543945,7.691230297088623,-0.7085762023925781,36.0,10.0,1826.0,8.13,425917223.0
14.20507049560547,43.02772521972656,8.807743072509766,0.0,11.0,1827.0,46.16,425917225.0
4.68217945098877,14.17419719696045,-0.7823178768157959,18.0,12.0,1828.0,14.948,425917227.0
13.01658725738525,39.3815803527832,9.575716018676758,0.0,13.0,1829.0,42.568,425917230.0
5.825556755065918,17.6148567199707,-0.323846846818924,21.0,14.0,1830.0,18.556,425917232.0
11.5342493057251,34.87634658813477,9.842887878417969,3.0,15.0,1830.0,38.03,425917234.0
5.415518283843994,16.30815315246582,-4.604390621185303,18.0,0.0,1837.0,17.79,425917255.0
6.246124744415283,18.7984504699707,0.345767080783844,5.0,1.0,1838.0,19.812,425917257.0
5.471677303314209,16.45805931091309,-4.004128932952881,10.0,2.0,1839.0,17.8,425917260.0
15.1953239440918,45.67882919311523,2.522907018661499,0.0,3.0,1840.0,48.206,425917262.0
2.456488132476807,7.384476184844971,-1.512733697891235,41.0,4.0,1840.0,7.928,425917264.0
15.33926486968994,46.08467483520508,4.249365329742432,0.0,5.0,1841.0,48.756,425917266.0
2.479867219924927,7.446076393127441,-1.243028283119202,33.0,6.0,1842.0,7.946,425917269.0
2.497815370559692,7.491244316101074,-0.9695925116539001,49.0,8.0,1844.0,7.956,425917273.0
15.20767211914062,45.58309936523438,7.610849380493164,0.0,9.0,1845.0,48.652,425917276.0
2.565689086914062,7.690332412719727,-0.7092734575271606,21.0,10.0,1845.0,8.138,425917278.0
13.60418510437012,40.75315093994141,8.351327896118164,0.0,11.0,1846.0,43.768,425917280.0
4.738648414611816,14.18700885772705,-0.7838879823684692,15.0,12.0,1847.0,14.978,425917283.0
13.13722610473633,39.30862426757812,9.568517684936523,0.0,13.0,1848.0,42.536,425917285.0
5.933403491973877,17.74336624145508,-0.3265694379806519,21.0,14.0,1849.0,18.712,425917287.0
11.73438739776611,35.09074020385742,9.914321899414062,1.0,15.0,1849.0,38.306,425917289.0
5.475487232208252,16.29830551147461,-4.606978893280029,12.0,0.0,1857.0,17.8,425917310.0
6.423208713531494,19.10824012756348,0.3518754243850708,2.0,1.0,1858.0,20.162,425917313.0
5.563261985778809,16.54044723510742,-4.028873443603516,5.0,2.0,1859.0,17.91,425917315.0
15.33174705505371,45.55736541748047,2.519138813018799,0.0,3.0,1860.0,48.134,425917317.0
2.497278690338135,7.420513153076172,-1.521892547607422,36.0,4.0,1860.0,7.976,425917319.0
15.63101673126221,46.41982269287109,4.285273551940918,0.0,5.0,1861.0,49.168,425917322.0
2.509628057479858,7.448606491088867,-1.244905471801758,43.0,6.0,1862.0,7.958,425917324.0
15.88605880737305,47.12283325195312,6.105897903442383,0.0,7.0,1863.0,50.102,425917326.0
2.535370111465454,7.516337394714355,-0.9739797711372375,50.0,8.0,1864.0,7.992,425917329.0
15.12917518615723,44.82599639892578,7.493210792541504,0.0,9.0,1865.0,47.9,425917331.0
2.597614765167236,7.696432113647461,-0.7106679081916809,12.0,10.0,1865.0,8.154,425917333.0
13.76959800720215,40.77423858642578,8.365447998046875,0.0,11.0,1866.0,43.842,425917336.0
4.791337966918945,14.17984199523926,-0.7844113111495972,13.0,12.0,1867.0,14.988,425917338.0
12.5528450012207,37.12845611572266,9.048431396484375,1.0,13.0,1868.0,40.224,425917340.0
6.042722702026367,17.86272048950195,-0.329152375459671,21.0,14.0,1869.0,18.86,425917342.0
12.79756164550781,37.80876922607422,10.69543838500977,1.0,15.0,1870.0,41.324,425917345.0
6.634902954101562,19.50105667114258,0.3595544695854187,2.0,1.0,1879.0,20.602,425917368.0
5.640804767608643,16.56975555419922,-4.04102087020874,8.0,2.0,1880.0,17.964,425917370.0
15.64158344268799,45.92057418823242,2.542376041412354,0.0,3.0,1881.0,48.578,425917372.0
2.533321619033813,7.437328338623047,-1.527235150337219,41.0,4.0,1881.0,8.004,425917375.0
15.86725044250488,46.55646514892578,4.303227424621582,1.0,5.0,1882.0,49.374,425917377.0
2.530535936355591,7.420661926269531,-1.241776823997498,19.0,6.0,1883.0,7.938,425917379.0
16.04392242431641,47.02108001708984,6.100291728973389,1.0,7.0,1884.0,50.056,425917382.0
2.583425521850586,7.567110061645508,-0.9817794561386108,39.0,8.0,1885.0,8.056000000000001,425917384.0
15.57050132751465,45.58152770996094,7.628995895385742,0.0,9.0,1886.0,48.768,425917386.0
2.637399196624756,7.720797061920166,-0.7138055562973022,12.0,10.0,1886.0,8.19,425917389.0
13.97927188873291,40.89997863769531,8.401701927185059,0.0,11.0,1887.0,44.032,425917391.0
4.848447799682617,14.1773042678833,-0.7852486968040466,10.0,12.0,1888.0,15.004,425917393.0
12.69641399383545,37.10432052612305,9.05383014678955,1.0,13.0,1889.0,40.248,425917395.0
6.159323215484619,17.98991012573242,-0.3319098651409149,15.0,14.0,1890.0,19.018,425917398.0
12.93822193145752,37.78945541381836,10.70268535614014,2.0,15.0,1890.0,41.352,425917400.0
6.459044456481934,18.77972030639648,-5.321319580078125,15.0,0.0,1898.0,20.56,425917421.0
6.873419284820557,19.97318267822266,0.3686995506286621,3.0,1.0,1899.0,21.126,425917423.0
2.537791013717651,7.370279788970947,-1.799608469009399,1.0,2.0,1900.0,8.0,425917425.0
15.85577774047852,46.02242660522461,2.551063776016235,1.0,3.0,1901.0,48.744,425917428.0
2.563104391098022,7.439577102661133,-1.529524922370911,48.0,4.0,1901.0,8.016,425917430.0
16.0069408416748,46.43486785888672,4.297126770019531,1.0,5.0,1902.0,49.304,425917432.0
15.24239730834961,44.16694641113281,5.73687744140625,0.0,7.0,1904.0,47.074,425917437.0
2.627317667007446,7.608708381652832,-0.9883603453636169,32.0,8.0,1905.0,8.11,425917439.0
15.7566089630127,45.60531616210938,7.642136573791504,0.0,9.0,1906.0,48.852,425917442.0
5.434720039367676,15.73004245758057,-1.456023812294006,9.0,10.0,1906.0,16.706,425917444.0
14.18225002288818,41.02535247802734,8.437573432922363,0.0,11.0,1907.0,44.22,425917446.0
4.903782367706299,14.17728137969971,-0.7861907482147217,7.0,12.0,1908.0,15.022,425917448.0
12.89277648925781,37.25314331054688,9.101069450378418,1.0,13.0,1909.0,40.458,425917451.0
6.280318260192871,18.13647651672363,-0.3350163996219635,16.0,14.0,1910.0,19.196,425917453.0
13.07953548431396,37.77144241333008,10.71045017242432,2.0,15.0,1910.0,41.382,425917455.0
15.82321548461914,45.48920822143555,0.8406824469566345,0.0,1.0,1918.0,48.17,425917478.0
2.543641567230225,7.308450698852539,-1.786561250686646,14.0,2.0,1919.0,7.942,425917481.0
15.96154975891113,45.86109924316406,2.544888257980347,1.0,3.0,1919.0,48.626,425917483.0
2.58324122428894,7.418058395385742,-1.526853561401367,45.0,4.0,1920.0,8.002,425917485.0
16.13395690917969,46.30439376831055,4.289979934692383,1.0,5.0,1921.0,49.222,425917488.0
2.601796865463257,7.462954044342041,-1.25178861618042,28.0,6.0,1922.0,8.002,425917490.0
16.30803680419922,46.75146865844727,6.079574108123779,1.0,7.0,1923.0,49.886,425917492.0
6.092653274536133,17.45646667480469,-2.270182132720947,14.0,8.0,1924.0,18.628,425917494.0
15.91021919250488,45.58543014526367,7.64714241027832,0.0,9.0,1924.0,48.884,425917497.0
5.501961231231689,15.7551965713501,-1.460033059120178,10.0,10.0,1925.0,16.752,425917499.0
14.43348789215088,41.30799865722656,8.505501747131348,0.0,11.0,1926.0,44.576,425917501.0
4.961315155029297,14.19110774993896,-0.7878654599189758,5.0,12.0,1927.0,15.054,425917504.0
13.55609130859375,38.75347900390625,9.478537559509277,0.0,13.0,1928.0,42.136,425917506.0
6.39591646194458,18.27409553527832,-0.3379484117031097,16.0,14.0,1929.0,19.364,425917508.0
13.22641563415527,37.78985977172852,10.72804927825928,2.0,15.0,1929.0,41.45,425917511.0
2.548190593719482,7.248090267181396,-2.058646678924561,16.0,0.0,1937.0,7.954,425917531.0
15.96266269683838,45.37899017333984,0.8396701812744141,0.0,1.0,1938.0,48.112,425917534.0
2.567196369171143,7.294012546539307,-1.785211563110352,22.0,2.0,1939.0,7.936,425917536.0
16.05390357971191,45.58752822875977,2.532955646514893,1.0,3.0,1940.0,48.398,425917538.0
2.607162952423096,7.403440475463867,-1.525708675384521,42.0,4.0,1940.0,7.996,425917541.0
16.2617244720459,46.15195465087891,4.281090259552002,1.0,5.0,1941.0,49.12,425917543.0
6.795187473297119,19.27450370788574,-3.236942052841187,22.0,6.0,1942.0,20.692,425917545.0
16.44603729248047,46.62311935424805,6.070312023162842,1.0,7.0,1943.0,49.81,425917547.0
6.188566207885742,17.53430557250977,-2.283100366592407,8.0,8.0,1944.0,18.734,425917550.0
16.6099853515625,47.03555679321289,7.900566101074219,0.0,9.0,1945.0,50.504,425917552.0
5.571518898010254,15.77722644805908,-1.463867902755737,9.0,10.0,1945.0,16.796,425917554.0
15.18455505371094,42.97518539428711,8.85964298248291,1.0,11.0,1946.0,46.432,425917557.0
5.129983425140381,14.51076889038086,-0.8066017627716064,18.0,12.0,1947.0,15.412,425917559.0
13.10705757141113,37.05429077148438,9.074075698852539,1.0,13.0,1948.0,40.338,425917561.0
6.509037494659424,18.39115524291992,-0.3405313491821289,13.0,14.0,1949.0,19.512,425917564.0
13.37773132324219,37.77754974365234,10.73840236663818,2.0,15.0,1950.0,41.49,425917566.0
2.563122272491455,7.21002721786499,-2.05036449432373,18.0,0.0,1957.0,7.922000000000001,425917587.0
16.13370132446289,45.35879135131836,0.8403333425521851,0.0,1.0,1958.0,48.15,425917589.0
2.603095769882202,7.314382076263428,-1.792410016059875,35.0,2.0,1959.0,7.968,425917591.0
16.1534252166748,45.38915252685547,2.524895906448364,1.0,3.0,1959.0,48.244,425917594.0
2.638916969299316,7.410940170288086,-1.529143333435059,36.0,4.0,1960.0,8.014,425917596.0
16.40065956115723,46.03297424316406,4.275337696075439,1.0,5.0,1961.0,49.054,425917598.0
6.652163028717041,18.66082954406738,-3.137762546539307,14.0,6.0,1962.0,20.058,425917600.0
16.10251808166504,45.14630889892578,5.885314464569092,0.0,7.0,1963.0,48.292,425917603.0
6.740132331848145,18.88675689697266,-2.4622483253479,16.0,8.0,1964.0,20.204,425917605.0
5.637277603149414,15.78770446777344,-1.466656804084778,7.0,10.0,1965.0,16.828,425917610.0
14.68717098236084,41.11008834838867,8.485657691955566,0.0,11.0,1966.0,44.472,425917612.0
5.278757572174072,14.76735687255859,-0.8218838572502136,11.0,12.0,1967.0,15.704,425917614.0
13.26257228851318,37.08170700073242,9.092071533203125,1.0,13.0,1968.0,40.418,425917617.0
6.67021656036377,18.63944244384766,-0.3455576598644257,7.0,14.0,1969.0,19.8,425917619.0
13.01280403137207,36.36334991455078,10.34862041473389,0.0,15.0,1969.0,39.984,425917621.0
2.577819347381592,7.171948909759521,-2.0420823097229,22.0,0.0,1977.0,7.890000000000001,425917642.0
2.628612041473389,7.305250644683838,-1.792410016059875,29.0,2.0,1979.0,7.968,425917646.0
16.29824066162109,45.29490661621094,2.522802352905273,1.0,3.0,1979.0,48.204,425917649.0
2.674745321273804,7.429391384124756,-1.534867525100708,23.0,4.0,1980.0,8.044,425917651.0
16.52950859069824,45.88734436035156,4.267145156860352,1.0,5.0,1981.0,48.96,425917653.0
6.701186180114746,18.59289360046387,-3.130253553390503,6.0,6.0,1982.0,20.01,425917656.0
16.38930320739746,45.4483642578125,5.932112216949463,0.0,7.0,1983.0,48.676,425917658.0
6.408517837524414,17.76142692565918,-2.318442344665527,13.0,8.0,1984.0,19.024,425917660.0
5.899372100830078,16.34137725830078,-1.519996166229248,30.0,10.0,1985.0,17.44,425917665.0
15.52222347259521,42.97338104248047,8.88139533996582,1.0,11.0,1986.0,46.546,425917667.0
5.335024833679199,14.76198959350586,-0.8226165771484375,14.0,12.0,1987.0,15.718,425917670.0
13.46548748016357,37.23860931396484,9.142010688781738,0.0,13.0,1988.0,40.64,425917672.0
6.774018287658691,18.72322845458984,-0.3475472331047058,15.0,14.0,1989.0,19.914,425917674.0
13.15608787536621,36.36312103271484,10.36156177520752,1.0,15.0,1989.0,40.034,425917676.0
2.60943603515625,7.181063652038574,-2.047258615493774,21.0,0.0,1997.0,7.91,425917697.0
2.660091638565063,7.312512874603271,-1.796459078788757,28.0,2.0,1999.0,7.986,425917702.0
16.48122215270996,45.28178405761719,2.525419235229492,0.0,3.0,2000.0,48.254,425917704.0
16.66776847839355,45.76945877075195,4.261567115783691,1.0,5.0,2001.0,48.896,425917709.0
6.734261989593506,18.48215675354004,-3.115548849105835,3.0,6.0,2002.0,19.916,425917711.0
16.83001518249512,46.16485977172852,6.033263683319092,1.0,7.0,2003.0,49.506,425917713.0
6.433064460754395,17.63637924194336,-2.305036783218384,31.0,8.0,2004.0,18.914,425917716.0
5.978236198425293,16.38057708740234,-1.525574088096619,34.0,10.0,2005.0,17.504,425917720.0
15.6923360824585,42.97426223754883,8.892844200134277,1.0,11.0,2006.0,46.606,425917723.0
5.392690181732178,14.76016044616699,-0.8235586285591125,12.0,12.0,2007.0,15.736,425917725.0
13.54454326629639,37.05227661132812,9.107818603515625,0.0,13.0,2008.0,40.488,425917727.0
6.965720653533936,19.04502487182617,-0.3539696931838989,8.0,14.0,2009.0,20.282,425917729.0
13.4930944442749,36.87161254882812,10.52047634124756,0.0,15.0,2010.0,40.648,425917732.0
2.639815807342529,7.186418056488037,-2.051399707794189,23.0,0.0,2017.0,7.926,425917752.0
16.50432777404785,44.90581512451172,0.8350976705551147,0.0,1.0,2018.0,47.85,425917755.0
5.895139694213867,16.03115463256836,-3.943392038345337,33.0,2.0,2019.0,17.53,425917757.0
16.61612701416016,45.18564224243164,2.52311635017395,0.0,3.0,2019.0,48.21,425917759.0
16.80265235900879,45.6436882019043,4.255291938781738,1.0,5.0,2021.0,48.824,425917764.0
6.45531702041626,17.52615737915039,-2.958175659179688,5.0,6.0,2022.0,18.91,425917766.0
16.97458267211914,46.06113052368164,6.027413845062256,1.0,7.0,2023.0,49.458,425917769.0
6.484286308288574,17.58587837219238,-2.301380634307861,55.0,8.0,2024.0,18.884,425917771.0
16.83708190917969,45.6389045715332,7.704710483551025,0.0,9.0,2025.0,49.252,425917773.0
6.076065063476562,16.46989631652832,-1.535858511924744,19.0,10.0,2025.0,17.622,425917776.0
15.87148094177246,42.99842071533203,8.90925407409668,1.0,11.0,2026.0,46.692,425917778.0
5.452483177185059,14.76372909545898,-0.8248146772384644,12.0,12.0,2027.0,15.76,425917780.0
13.68055248260498,37.02304840087891,9.112317085266113,1.0,13.0,2028.0,40.508,425917782.0
7.045332908630371,19.05623054504395,-0.3546328842639923,8.0,14.0,2029.0,20.32,425917785.0
13.68136882781982,36.98554611206055,10.56654644012451,0.0,15.0,2030.0,40.826,425917787.0
5.931604862213135,15.9752025604248,-4.566085815429688,6.0,0.0,2037.0,17.642,425917808.0
5.91372013092041,15.91001319885254,-3.918647289276123,24.0,2.0,2039.0,17.42,425917812.0
16.74382972717285,45.04686737060547,2.518615484237671,1.0,3.0,2039.0,48.124,425917815.0
10.19112586975098,27.40311050415039,-5.68305492401123,4.0,4.0,2040.0,29.784,425917817.0
16.91810417175293,45.46711730957031,4.24431037902832,1.0,5.0,2041.0,48.698,425917819.0
6.509563446044922,17.48500442504883,-2.955047130584717,24.0,6.0,2042.0,18.89,425917822.0
17.10754585266113,45.92718505859375,6.017664432525635,1.0,7.0,2043.0,49.378,425917824.0
6.536620616912842,17.53895568847656,-2.298212051391602,41.0,8.0,2044.0,18.858,425917826.0
16.91934776306152,45.39772033691406,7.673423290252686,0.0,9.0,2044.0,49.052,425917829.0
5.977587699890137,16.03041648864746,-1.496812701225281,13.0,10.0,2045.0,17.174,425917831.0
16.03108406066895,42.96850967407227,8.914596557617188,1.0,11.0,2046.0,46.72,425917833.0
5.514461994171143,14.77267360687256,-0.8263847231864929,5.0,12.0,2047.0,15.79,425917835.0
13.86424922943115,37.12111663818359,9.148309707641602,1.0,13.0,2048.0,40.668,425917838.0
7.17760705947876,19.20760154724121,-0.3579139411449432,10.0,14.0,2049.0,20.508,425917840.0
13.95246410369873,37.31755828857422,10.67525005340576,0.0,15.0,2050.0,41.246,425917842.0
5.965612411499023,15.89652156829834,-4.549520969390869,10.0,0.0,2057.0,17.578,425917863.0
16.71901702880859,44.52740859985352,0.8302109837532043,0.0,1.0,2058.0,47.57,425917865.0
5.932212829589844,15.79076385498047,-3.894352674484253,19.0,2.0,2059.0,17.312,425917868.0
16.89394760131836,44.96944808959961,2.517568826675415,1.0,3.0,2059.0,48.104,425917870.0
10.34612274169922,27.52541542053223,-5.715874195098877,16.0,4.0,2060.0,29.956,425917872.0
17.05216407775879,45.34251403808594,4.238209247589111,1.0,5.0,2061.0,48.628,425917875.0
6.590036392211914,17.51394271850586,-2.963807344436646,44.0,6.0,2062.0,18.946,425917877.0
17.23418617248535,45.77801513671875,6.005964756011963,1.0,7.0,2063.0,49.282,425917879.0
6.596404075622559,17.51231575012207,-2.297724485397339,35.0,8.0,2064.0,18.854,425917882.0
4.328920841217041,11.4864616394043,-1.073933005332947,15.0,10.0,2065.0,12.322,425917886.0
16.20798873901367,42.98392868041992,8.929479598999023,1.0,11.0,2066.0,46.798,425917888.0
4.343520164489746,11.51302051544189,-0.6448836326599121,22.0,12.0,2067.0,12.322,425917891.0
14.2057056427002,37.634033203125,9.286879539489746,0.0,13.0,2068.0,41.284,425917893.0
7.344935417175293,19.44807243347168,-0.3628704249858856,6.0,14.0,2069.0,20.792,425917895.0
14.22604274749756,37.64812850952148,10.78395462036133,1.0,15.0,2070.0,41.666,425917898.0
6.016269683837891,15.86295700073242,-4.545897483825684,10.0,0.0,2077.0,17.564,425917918.0
16.88711357116699,44.5024299621582,0.8308392763137817,0.0,1.0,2078.0,47.606,425917921.0
6.010814189910889,15.8319034576416,-3.90964937210083,20.0,2.0,2079.0,17.38,425917923.0
17.0189151763916,44.82617950439453,2.512858629226685,0.0,3.0,2079.0,48.014,425917925.0
6.646076679229736,17.49592018127441,-3.637964248657227,5.0,4.0,2080.0,19.066,425917928.0
17.11619186401367,45.03501510620117,4.215025901794434,1.0,5.0,2081.0,48.362,425917930.0
7.153845310211182,18.81284523010254,-3.187821626663208,5.0,6.0,2082.0,20.378,425917932.0
17.36069869995117,45.63037872314453,5.994509220123291,1.0,7.0,2083.0,49.188,425917934.0
6.657493114471436,17.48918342590332,-2.297724485397339,27.0,8.0,2084.0,18.854,425917937.0
16.43120956420898,43.1646614074707,7.315188407897949,1.0,9.0,2084.0,46.762,425917939.0
4.366862297058105,11.46569538116455,-1.073410153388977,29.0,10.0,2085.0,12.316,425917941.0
15.08909034729004,39.59734725952148,8.23684310913086,1.0,11.0,2086.0,43.168,425917944.0
4.39791202545166,11.53511333465576,-0.6469770669937134,20.0,12.0,2087.0,12.362,425917946.0
14.33698654174805,37.5842170715332,9.286879539489746,0.0,13.0,2088.0,41.284,425917948.0
7.479089736938477,19.59606170654297,-0.3661165833473206,9.0,14.0,2089.0,20.978,425917951.0
14.38525199890137,37.69099044799805,10.80983638763428,2.0,15.0,2089.0,41.766,425917953.0
6.018369674682617,15.70295906066895,-4.506039619445801,16.0,0.0,2097.0,17.41,425917974.0
17.00798606872559,44.35359191894531,0.8291638493537903,0.0,1.0,2098.0,47.51,425917976.0
6.086284637451172,15.86358833312988,-3.922696590423584,16.0,2.0,2099.0,17.438,425917978.0
6.377839088439941,16.61483764648438,-3.459367036819458,10.0,4.0,2100.0,18.13,425917983.0
17.22185707092285,44.84107971191406,4.202475547790527,1.0,5.0,2101.0,48.218,425917985.0
7.447625637054443,19.38150405883789,-3.288565397262573,36.0,6.0,2102.0,21.022,425917987.0
17.49137878417969,45.49538421630859,5.98475980758667,1.0,7.0,2103.0,49.108,425917990.0
6.717788696289062,17.46398544311523,-2.297480821609497,21.0,8.0,2104.0,18.852,425917992.0
16.56546974182129,43.06464004516602,7.307992458343506,1.0,9.0,2104.0,46.716,425917994.0
4.413299083709717,11.467116355896,-1.074978947639465,11.0,10.0,2105.0,12.334,425917997.0
15.26743125915527,39.64886856079102,8.258594512939453,0.0,11.0,2106.0,43.282,425917999.0
4.447484970092773,11.54391956329346,-0.6483378410339355,15.0,12.0,2107.0,12.388,425918001.0
14.45407390594482,37.49757766723633,9.277881622314453,0.0,13.0,2108.0,41.244,425918004.0
7.629477024078369,19.78253173828125,-0.3700957298278809,10.0,14.0,2109.0,21.206,425918006.0
14.5163459777832,37.61998748779297,10.80465984344482,1.0,15.0,2110.0,41.746,425918008.0
6.089280128479004,15.73982810974121,-4.522086143493652,10.0,0.0,2115.0,17.472,425918029.0
17.10393333435059,44.18804550170898,0.8270695209503174,0.0,1.0,2116.0,47.39,425918031.0
6.161426544189453,15.90981006622314,-3.93889307975769,12.0,2.0,2117.0,17.51,425918034.0
17.26591300964355,44.56031036376953,2.504484891891479,0.0,3.0,2118.0,47.854,425918036.0
10.83347606658936,27.95931053161621,-5.828451633453369,27.0,4.0,2118.0,30.546,425918038.0
17.38064956665039,44.83319473266602,4.206833362579346,0.0,5.0,2119.0,48.268,425918040.0
7.504905700683594,19.34880256652832,-3.287000894546509,22.0,6.0,2120.0,21.012,425918043.0
17.61123847961426,45.38098907470703,5.976960182189941,1.0,7.0,2121.0,49.044,425918045.0
7.226714611053467,18.6123104095459,-2.451523780822754,19.0,8.0,2122.0,20.116,425918047.0
16.65635108947754,42.89821624755859,7.288594722747803,1.0,9.0,2122.0,46.592,425918050.0
4.460124492645264,11.48105335235596,-1.077593564987183,12.0,10.0,2123.0,12.364,425918052.0
16.70130729675293,42.96953964233398,8.961153984069824,1.0,11.0,2124.0,46.964,425918054.0
4.506169319152832,11.58759593963623,-0.651582658290863,13.0,12.0,2125.0,12.45,425918057.0
14.56332588195801,37.4301872253418,9.272482872009277,0.0,13.0,2126.0,41.22,425918059.0
7.78734302520752,20.00444412231445,-0.3747031688690186,10.0,14.0,2127.0,21.47,425918061.0
14.66294288635254,37.66676330566406,10.83054161071777,1.0,15.0,2127.0,41.846,425918064.0
6.15192174911499,15.73826885223389,-4.527780532836914,10.0,0.0,2135.0,17.494,425918084.0
17.23331069946289,44.06475448608398,0.8258827924728394,0.0,1.0,2136.0,47.322,425918087.0
3.162785053253174,8.082931518554688,-2.003864049911499,6.0,2.0,2137.0,8.908,425918089.0
6.565903663635254,16.77144241333008,-3.500963449478149,12.0,4.0,2138.0,18.348,425918093.0
17.54140090942383,44.78338241577148,4.207879066467285,0.0,5.0,2139.0,48.28,425918096.0
17.74345397949219,45.25270462036133,5.968185424804688,1.0,7.0,2141.0,48.972,425918100.0
7.290914535522461,18.58512306213379,-2.451279878616333,12.0,8.0,2142.0,20.114,425918103.0
16.79181671142578,42.78171539306641,7.279208660125732,1.0,9.0,2143.0,46.532,425918105.0
4.522011756896973,11.52105331420898,-1.082822918891907,10.0,10.0,2143.0,12.424,425918107.0
16.13213920593262,41.07992553710938,8.57877254486084,0.0,11.0,2144.0,44.96,425918110.0
4.575075149536133,11.64429378509521,-0.65566486120224,10.0,12.0,2145.0,12.528,425918112.0
4.510069847106934,11.46708297729492,-0.2150834500789642,10.0,14.0,2147.0,12.324,425918117.0
14.81646251678467,37.65231704711914,10.84192943572998,2.0,15.0,2148.0,41.89,425918119.0
6.227221488952637,15.75225830078125,-4.538650989532471,7.0,0.0,2157.0,17.536,425918140.0
17.37148857116699,43.92015838623047,0.8244167566299438,0.0,1.0,2158.0,47.238,425918142.0
3.239689826965332,8.186697006225586,-2.032657623291016,7.0,2.0,2159.0,9.036,425918144.0
12.02754211425781,30.37810325622559,-6.350886821746826,8.0,4.0,2160.0,33.284,425918149.0
17.70075225830078,44.68420791625977,4.204916000366211,1.0,5.0,2161.0,48.246,425918151.0
17.88415145874023,45.10120391845703,5.957217216491699,1.0,7.0,2163.0,48.882,425918156.0
4.491856098175049,11.32203388214111,-1.495580554008484,7.0,8.0,2164.0,12.272,425918158.0
16.94850730895996,42.71988296508789,7.279208660125732,0.0,9.0,2164.0,46.532,425918160.0
4.60590934753418,11.60360431671143,-1.092235803604126,47.0,10.0,2165.0,12.532,425918163.0
15.70062923431396,39.53425598144531,8.268516540527344,1.0,11.0,2166.0,43.334,425918165.0
4.666214942932129,11.74357509613037,-0.6622591614723206,29.0,12.0,2167.0,12.654,425918167.0
14.63213539123535,36.80632400512695,9.14426040649414,1.0,13.0,2168.0,40.65,425918170.0
14.95864963531494,37.6085319519043,10.84503555297852,2.0,15.0,2169.0,41.902,425918174.0
3.089497566223145,7.736039638519287,-2.232055425643921,2.0,0.0,2177.0,8.624,425918195.0
17.49204635620117,43.77754592895508,0.8228809833526611,0.0,1.0,2178.0,47.15,425918197.0
3.267523765563965,8.173528671264648,-2.032207727432251,6.0,2.0,2179.0,9.034,425918199.0
17.67290878295898,44.1854248046875,2.494017601013184,0.0,3.0,2180.0,47.654,425918202.0
10.57908916473389,26.44960975646973,-5.537277221679688,3.0,4.0,2180.0,29.02,425918204.0
17.82183074951172,44.53520965576172,4.196723461151123,1.0,5.0,2181.0,48.152,425918206.0
18.01416397094727,44.97032165527344,5.948198795318604,1.0,7.0,2183.0,48.808,425918211.0
4.504025936126709,11.23810863494873,-1.486562252044678,14.0,8.0,2184.0,12.198,425918213.0
17.13143539428711,42.72348022460938,7.290472030639648,0.0,9.0,2185.0,46.604,425918216.0
4.6968092918396,11.71320629119873,-1.10408890247345,50.0,10.0,2185.0,12.668,425918218.0
15.91748142242432,39.67599487304688,8.309731483459473,0.0,11.0,2186.0,43.55,425918220.0
4.746610641479492,11.82545280456543,-0.6678068041801453,29.0,12.0,2187.0,12.76,425918222.0
14.76342964172363,36.76226043701172,9.1460599899292,2.0,13.0,2188.0,40.658,425918225.0
4.594751358032227,11.43556976318359,-0.2151183634996414,18.0,14.0,2189.0,12.326,425918227.0
15.12233066558838,37.61798095703125,10.86367034912109,2.0,15.0,2190.0,41.974,425918229.0
3.098518133163452,7.684543132781982,-2.220149755477905,3.0,0.0,2196.0,8.578,425918250.0
17.61318206787109,43.65995788574219,0.8217639923095703,0.0,1.0,2197.0,47.086,425918252.0
7.312765598297119,18.11793518066406,-4.51071834564209,9.0,2.0,2198.0,20.052,425918255.0
11.17765617370605,27.67957878112793,-5.802501678466797,7.0,4.0,2199.0,30.41,425918259.0
17.95448875427246,44.43891906738281,4.1932373046875,1.0,5.0,2200.0,48.112,425918262.0
7.947214603424072,19.6601676940918,-3.358648061752319,29.0,6.0,2201.0,21.47,425918264.0
18.10588264465332,44.76863479614258,5.929430961608887,1.0,7.0,2202.0,48.654,425918266.0
4.521164417266846,11.17342662811279,-1.479981303215027,15.0,8.0,2203.0,12.144,425918269.0
17.31002807617188,42.77931976318359,7.309244155883789,0.0,9.0,2203.0,46.724,425918271.0
4.796185493469238,11.8471565246582,-1.118208169937134,13.0,10.0,2204.0,12.83,425918273.0
17.31445503234863,42.74734115600586,8.964969635009766,0.0,11.0,2205.0,46.984,425918275.0
4.830806732177734,11.92070960998535,-0.6740871071815491,24.0,12.0,2206.0,12.88,425918278.0
4.63866138458252,11.43509483337402,-0.2153975963592529,15.0,14.0,2208.0,12.342,425918282.0
15.2578649520874,37.61325073242188,10.87609386444092,2.0,15.0,2208.0,42.022,425918285.0
3.118036508560181,7.655788898468018,-2.214973449707031,3.0,0.0,2216.0,8.558,425918305.0
17.74736595153809,43.55376434326172,0.820926308631897,0.0,1.0,2217.0,47.038,425918308.0
7.368607521057129,18.07425308227539,-4.506219387054443,6.0,2.0,2218.0,20.032,425918310.0
17.89254570007324,43.86623001098633,2.482817649841309,1.0,3.0,2219.0,47.44,425918312.0
6.944704532623291,17.02597236633301,-3.574234008789062,10.0,4.0,2219.0,18.732,425918315.0
18.08390426635742,44.31325531005859,4.187310695648193,1.0,5.0,2220.0,48.044,425918317.0
8.222628593444824,20.13888740539551,-3.445312738418579,42.0,6.0,2221.0,22.024,425918319.0
18.18622398376465,44.51955413818359,5.904813289642334,1.0,7.0,2222.0,48.452,425918322.0
4.557886123657227,11.15206432342529,-1.479250073432922,22.0,8.0,2223.0,12.138,425918324.0
17.48165893554688,42.75215530395508,7.31550121307373,0.0,9.0,2224.0,46.764,425918326.0
4.907641410827637,12.00185012817383,-1.134419202804565,69.0,10.0,2224.0,13.016,425918328.0
16.14554786682129,39.46497344970703,8.288361549377441,1.0,11.0,2225.0,43.438,425918331.0
4.921566009521484,12.02392101287842,-0.6808907985687256,23.0,12.0,2226.0,13.01,425918333.0
15.22674942016602,37.18209457397461,9.276082038879395,1.0,13.0,2227.0,41.236,425918335.0
4.68840503692627,11.4428882598877,-0.215851366519928,14.0,14.0,2228.0,12.368,425918338.0
15.37070846557617,37.49629974365234,10.85849380493164,1.0,15.0,2229.0,41.954,425918340.0
6.668703556060791,16.21160125732422,-4.697048187255859,2.0,0.0,2236.0,18.148,425918361.0
13.70738887786865,33.30610656738281,0.6286705732345581,7.0,1.0,2237.0,36.022,425918363.0
7.428685665130615,18.04121398925781,-4.504419803619385,4.0,2.0,2238.0,20.024,425918365.0
18.05088424682617,43.81643295288086,2.483550548553467,0.0,3.0,2239.0,47.454,425918368.0
3.296396255493164,8.001620292663574,-1.682172060012817,4.0,4.0,2239.0,8.816,425918370.0
18.20810699462891,44.17618179321289,4.180337905883789,1.0,5.0,2240.0,47.964,425918372.0
8.380232810974121,20.32190132141113,-3.481605529785156,30.0,6.0,2241.0,22.256,425918375.0
18.30669021606445,44.37138748168945,5.893601417541504,1.0,7.0,2242.0,48.36,425918377.0
4.596028804779053,11.13425159454346,-1.479006409645081,14.0,8.0,2243.0,12.136,425918379.0
17.60976600646973,42.66108322143555,7.309869766235352,0.0,9.0,2243.0,46.728,425918381.0
16.36192893981934,39.59889602661133,8.328431129455566,1.0,11.0,2245.0,43.648,425918386.0
5.006999969482422,12.11187648773193,-0.6868571043014526,9.0,12.0,2246.0,13.124,425918388.0
15.35272216796875,37.11971282958984,9.273832321166992,1.0,13.0,2247.0,41.226,425918391.0
4.74590539932251,11.46895122528076,-0.2166541665792465,8.0,14.0,2248.0,12.414,425918393.0
15.35979080200195,37.11845779418945,10.76376628875732,0.0,15.0,2248.0,41.588,425918395.0
6.76305103302002,16.27921104431152,-4.723447799682617,2.0,0.0,2256.0,18.25,425918416.0
13.20111751556396,31.76051139831543,0.6003627777099609,10.0,1.0,2257.0,34.4,425918418.0
6.230791568756104,14.98325443267822,-3.746334791183472,6.0,2.0,2258.0,16.654,425918421.0
3.263974666595459,7.845054626464844,-1.651642680168152,9.0,4.0,2259.0,8.656,425918425.0
18.33080863952637,44.03693771362305,4.173191070556641,1.0,5.0,2260.0,47.882,425918428.0
6.837295055389404,16.4174690246582,-2.816758871078491,23.0,6.0,2261.0,18.006,425918430.0
18.4782600402832,44.34753036499023,5.898963928222656,1.0,7.0,2262.0,48.404,425918432.0
4.636394500732422,11.12180519104004,-1.479493856430054,13.0,8.0,2263.0,12.14,425918434.0
17.77513313293457,42.61812973022461,7.313623905181885,0.0,9.0,2264.0,46.752,425918437.0
5.084877490997314,12.19163703918457,-1.155685186386108,14.0,10.0,2264.0,13.26,425918439.0
16.7994499206543,40.25902557373047,8.479551315307617,0.0,11.0,2265.0,44.44,425918441.0
15.47393894195557,37.04611587524414,9.26888370513916,1.0,13.0,2267.0,41.204,425918446.0
4.817523956298828,11.52796268463135,-0.2180852741003036,11.0,14.0,2268.0,12.496,425918448.0
15.54193592071533,37.17241668701172,10.79586029052734,0.0,15.0,2269.0,41.712,425918451.0
3.393101215362549,8.087669372558594,-2.350076913833618,3.0,0.0,2276.0,9.08,425918471.0
13.30184078216553,31.69026756286621,0.5999090075492859,7.0,1.0,2277.0,34.374,425918474.0
8.327103614807129,19.82876968383789,-4.9651198387146,4.0,2.0,2278.0,22.072,425918476.0
14.15311050415039,33.68537521362305,1.914867997169495,4.0,3.0,2279.0,36.588,425918478.0
3.340009689331055,7.94945240020752,-1.676066160202026,11.0,4.0,2279.0,8.784,425918481.0
18.45044136047363,43.89186859130859,4.165521621704102,1.0,5.0,2280.0,47.794,425918483.0
9.150629043579102,21.75785446166992,-3.738470792770386,9.0,6.0,2281.0,23.898,425918485.0
18.6352596282959,44.28824615478516,5.899694919586182,1.0,7.0,2282.0,48.41,425918487.0
4.680580139160156,11.11836051940918,-1.481199979782104,14.0,8.0,2283.0,12.154,425918490.0
17.99300765991211,42.74101257324219,7.344911098480225,0.0,9.0,2283.0,46.952,425918492.0
5.160658359527588,12.25276851654053,-1.163180589675903,10.0,10.0,2284.0,13.346,425918494.0
18.07428550720215,42.8922119140625,9.047399520874023,0.0,11.0,2285.0,47.416,425918497.0
5.172127246856689,12.26802635192871,-0.6977429389953613,18.0,12.0,2286.0,13.332,425918499.0
16.91188049316406,40.09458160400391,10.04631423950195,1.0,13.0,2287.0,44.66,425918501.0
4.882614135742188,11.57003116607666,-0.2192022204399109,37.0,14.0,2288.0,12.56,425918504.0
15.64108371734619,37.06371688842773,10.77929592132568,0.0,15.0,2288.0,41.648,425918506.0
0.3376096189022064,0.7969048023223877,-0.2319018691778183,2.0,0.0,2296.0,0.896,425918527.0
13.33824348449707,31.4687328338623,0.5965930819511414,3.0,1.0,2297.0,34.184,425918529.0
6.472187042236328,15.26232719421387,-3.827317237854004,9.0,2.0,2298.0,17.014,425918531.0
14.2971305847168,33.69828033447266,1.918426871299744,2.0,3.0,2299.0,36.656,425918534.0
3.35930323600769,7.917864799499512,-1.671868443489075,27.0,4.0,2299.0,8.762,425918536.0
18.58874893188477,43.79235076904297,4.162209510803223,1.0,5.0,2300.0,47.756,425918538.0
9.283661842346191,21.86032867431641,-3.76162314414978,12.0,6.0,2301.0,24.046,425918540.0
18.7602424621582,44.15349960327148,5.890432834625244,1.0,7.0,2302.0,48.334,425918543.0
4.724798202514648,11.11474227905273,-1.482906222343445,13.0,8.0,2303.0,12.168,425918545.0
18.12818145751953,42.64522171020508,7.339279174804688,0.0,9.0,2303.0,46.916,425918547.0
5.233808040618896,12.30618476867676,-1.169978737831116,2.0,10.0,2304.0,13.424,425918550.0
18.24388313293457,42.87582778930664,9.057321548461914,1.0,11.0,2305.0,47.468,425918552.0
5.230565547943115,12.28665161132812,-0.6998364329338074,8.0,12.0,2306.0,13.372,425918554.0
17.04791450500488,40.02634048461914,10.04406452178955,2.0,13.0,2307.0,44.65,425918557.0
15.75370407104492,36.96979522705078,10.76790714263916,0.0,15.0,2308.0,41.604,425918561.0
0.334310919046402,0.7815121412277222,-0.2277607619762421,1.0,0.0,2316.0,0.88,425918582.0
13.40945529937744,31.33190155029297,0.5948827266693115,7.0,1.0,2317.0,34.086,425918584.0
3.298380136489868,7.703122138977051,-1.934579014778137,8.0,2.0,2318.0,8.6,425918587.0
14.3234395980835,33.43520355224609,1.906284928321838,3.0,3.0,2319.0,36.424,425918589.0
3.392333030700684,7.918722629547119,-1.674539685249329,50.0,4.0,2319.0,8.776,425918591.0
18.7116756439209,43.65760803222656,4.155585765838623,1.0,5.0,2320.0,47.68,425918593.0
9.423748970031738,21.97665977478027,-3.787278413772583,12.0,6.0,2321.0,24.21,425918596.0
18.89311981201172,44.03849029541016,5.883852005004883,1.0,7.0,2322.0,48.28,425918598.0
4.768264770507812,11.10912704467773,-1.484368562698364,11.0,8.0,2323.0,12.18,425918600.0
18.27500915527344,42.55671310424805,7.335525035858154,0.0,9.0,2324.0,46.892,425918603.0
5.338053226470947,12.43063735961914,-1.183575034141541,5.0,10.0,2324.0,13.58,425918605.0
18.39731216430664,42.82090377807617,9.059229850769043,1.0,11.0,2325.0,47.478,425918607.0
5.297083854675293,12.32336616516113,-0.7029765844345093,3.0,12.0,2326.0,13.432,425918610.0
17.2098560333252,40.01850509643555,10.0571117401123,1.0,13.0,2327.0,44.708,425918612.0
5.0351881980896,11.70281982421875,-0.2223785668611526,99.0,14.0,2328.0,12.742,425918614.0
14.54039573669434,33.79488754272461,9.85789966583252,2.0,15.0,2328.0,38.088,425918616.0
3.291471242904663,7.620733737945557,-2.22429084777832,8.0,0.0,2336.0,8.594,425918637.0
13.51001739501953,31.26470947265625,0.5944987535476685,3.0,1.0,2337.0,34.064,425918640.0
3.322155714035034,7.684406757354736,-1.932779431343079,10.0,2.0,2338.0,8.592,425918642.0
14.41786289215088,33.33367538452148,1.903354048728943,3.0,3.0,2339.0,36.368,425918644.0
3.407483577728271,7.878002166748047,-1.668433904647827,27.0,4.0,2339.0,8.744,425918646.0
18.83863258361816,43.53351211547852,4.150007724761963,1.0,5.0,2340.0,47.616,425918649.0
9.571039199829102,22.10678100585938,-3.815436601638794,13.0,6.0,2341.0,24.39,425918651.0
19.02936935424805,43.93219757080078,5.87848949432373,1.0,7.0,2342.0,48.236,425918653.0
4.82911491394043,11.14341449737549,-1.491193294525146,3.0,8.0,2343.0,12.236,425918656.0
18.41244697570801,42.46728897094727,7.3311448097229,0.0,9.0,2344.0,46.864,425918658.0
5.428964614868164,12.5216064453125,-1.194033622741699,8.0,10.0,2344.0,13.7,425918660.0
18.59745597839355,42.87349700927734,9.08403491973877,0.0,11.0,2345.0,47.608,425918663.0
5.382209777832031,12.40190505981445,-0.7085241675376892,4.0,12.0,2346.0,13.538,425918665.0
17.38824844360352,40.04756164550781,10.0796070098877,1.0,13.0,2347.0,44.808,425918667.0
5.11903190612793,11.78421497344971,-0.2242634296417236,89.0,14.0,2348.0,12.85,425918669.0
14.82817554473877,34.11875152587891,9.968156814575195,1.0,15.0,2349.0,38.514,425918672.0
3.307242155075073,7.58440637588501,-2.217043876647949,12.0,0.0,2356.0,8.566,425918693.0
13.59827899932861,31.16970634460449,0.5935912728309631,7.0,1.0,2357.0,34.012,425918695.0
3.372345447540283,7.726344585418701,-1.946276545524597,7.0,2.0,2358.0,8.652000000000001,425918697.0
14.51255035400391,33.23372650146484,1.900527954101562,3.0,3.0,2359.0,36.314,425918699.0
3.431033849716187,7.857063770294189,-1.666525721549988,73.0,4.0,2359.0,8.734,425918702.0
18.95219230651855,43.37985229492188,4.141640663146973,1.0,5.0,2360.0,47.52,425918704.0
3.849765300750732,8.807574272155762,-1.522420167922974,7.0,6.0,2361.0,9.732,425918706.0
19.14920043945312,43.78911590576172,5.868252754211426,1.0,7.0,2362.0,48.152,425918709.0
18.55582046508789,42.39189910888672,7.329267501831055,0.0,9.0,2364.0,46.852,425918713.0
5.462254047393799,12.47885227203369,-1.191767573356628,12.0,10.0,2364.0,13.674,425918716.0
18.00118255615234,41.10526275634766,8.722641944885254,0.0,11.0,2365.0,45.714,425918718.0
5.466345310211182,12.47634029388428,-0.713862419128418,4.0,12.0,2366.0,13.64,425918720.0
17.53106307983398,39.99375915527344,10.08140659332275,1.0,13.0,2367.0,44.816,425918722.0
5.193867206573486,11.84319019317627,-0.2257294207811356,54.0,14.0,2368.0,12.934,425918725.0
16.05618476867676,36.61172485351562,10.71200275421143,0.0,15.0,2368.0,41.388,425918727.0
3.350820302963257,7.611714363098145,-2.228431940078735,13.0,0.0,2376.0,8.61,425918748.0
13.68765449523926,31.07812881469727,0.592753529548645,8.0,1.0,2377.0,33.964,425918750.0
3.417367935180664,7.755541324615479,-1.956624269485474,3.0,2.0,2378.0,8.698,425918752.0
14.60268783569336,33.12438201904297,1.897178411483765,3.0,3.0,2379.0,36.25,425918755.0
3.45923113822937,7.846836090087891,-1.666907429695129,60.0,4.0,2379.0,8.736,425918757.0
19.08581161499023,43.2733268737793,4.137805938720703,1.0,5.0,2380.0,47.476,425918759.0
3.867726564407349,8.765166282653809,-1.517414331436157,23.0,6.0,2381.0,9.700000000000001,425918762.0
19.27147102355957,43.65299987792969,5.858990669250488,1.0,7.0,2382.0,48.076,425918764.0
5.497727394104004,12.44148540496826,-1.190024495124817,13.0,10.0,2384.0,13.654,425918771.0
18.33587074279785,41.47491836547852,8.81461238861084,0.0,11.0,2385.0,46.196,425918773.0
5.553488731384277,12.55581760406494,-0.7195147275924683,2.0,12.0,2386.0,13.748,425918775.0
17.70998954772949,40.02142333984375,10.10390186309814,1.0,13.0,2387.0,44.916,425918778.0
5.26917552947998,11.90178489685059,-0.2271954268217087,16.0,14.0,2388.0,13.018,425918780.0
16.16355133056641,36.50952911376953,10.6985445022583,0.0,15.0,2388.0,41.336,425918782.0
3.361390113830566,7.571133613586426,-2.219632148742676,43.0,0.0,2394.0,8.576,425918803.0
13.76817417144775,30.99659538269043,0.5920205116271973,16.0,1.0,2395.0,33.922,425918805.0
3.461500406265259,7.789287567138672,-1.967871785163879,3.0,2.0,2396.0,8.748,425918808.0
14.671706199646,33.01520538330078,1.893410205841064,3.0,3.0,2396.0,36.178,425918810.0
3.50380539894104,7.880778312683105,-1.676447868347168,14.0,4.0,2397.0,8.786,425918812.0
19.1989917755127,43.16218185424805,4.132925510406494,1.0,5.0,2398.0,47.42,425918815.0
19.3826789855957,43.53421020507812,5.85119104385376,1.0,7.0,2400.0,48.012,425918819.0
3.932011604309082,8.827296257019043,-1.186519980430603,70.0,8.0,2401.0,9.736,425918821.0
5.532731056213379,12.41505241394043,-1.189152956008911,11.0,10.0,2402.0,13.644,425918826.0
18.69632339477539,41.93352508544922,8.924518585205078,0.0,11.0,2403.0,46.772,425918828.0
5.607552051544189,12.57114124298096,-0.7213988304138184,1.0,12.0,2404.0,13.784,425918831.0
17.8475456237793,39.99228286743164,10.11065006256104,1.0,13.0,2405.0,44.946,425918833.0
5.198110580444336,11.64232063293457,-0.222553089261055,5.0,14.0,2406.0,12.752,425918835.0
16.26714324951172,36.43387222290039,10.69129753112793,0.0,15.0,2406.0,41.308,425918838.0
3.065451383590698,6.840087413787842,-2.008435726165771,16.0,0.0,2414.0,7.76,425918858.0
13.85829067230225,30.90820503234863,0.5912526249885559,4.0,1.0,2415.0,33.878,425918861.0
3.08428955078125,6.875689506530762,-1.739771485328674,0.0,2.0,2416.0,7.734,425918863.0
18.90517234802246,42.12489318847656,2.419805288314819,1.0,3.0,2417.0,46.236,425918865.0
3.573092937469482,7.961639404296875,-1.696291923522949,20.0,4.0,2417.0,8.89,425918868.0
19.31199836730957,43.01129531860352,4.12490701675415,1.0,5.0,2418.0,47.328,425918870.0
3.117145538330078,6.939201831817627,-1.204858303070068,1.0,6.0,2419.0,7.702,425918872.0
19.51255226135254,43.41740036010742,5.84460973739624,1.0,7.0,2420.0,47.958,425918874.0
3.960358381271362,8.808085441589355,-1.185788750648499,74.0,8.0,2421.0,9.73,425918877.0
19.70117950439453,43.79621887207031,7.606156349182129,1.0,9.0,2422.0,48.622,425918879.0
5.574399471282959,12.39203071594238,-1.188804388046265,7.0,10.0,2422.0,13.64,425918881.0
19.00614547729492,42.23143768310547,9.001986503601074,0.0,11.0,2423.0,47.178,425918884.0
5.624339580535889,12.49139213562012,-0.7179446220397949,5.0,12.0,2424.0,13.718,425918886.0
17.9918384552002,39.94040298461914,10.11334991455078,2.0,13.0,2425.0,44.958,425918888.0
16.37357330322266,36.31412887573242,10.67369747161865,0.0,15.0,2427.0,41.24,425918893.0
3.076163768768311,6.797125816345215,-1.999118328094482,25.0,0.0,2435.0,7.724,425918914.0
13.95828437805176,30.82805633544922,0.5906941294670105,4.0,1.0,2436.0,33.846,425918916.0
3.094191551208496,6.830612182617188,-1.731223344802856,7.0,2.0,2437.0,7.696,425918918.0
19.02737808227539,42.00406646728516,2.416665077209473,1.0,3.0,2437.0,46.176,425918921.0
3.910203695297241,8.628000259399414,-1.841306805610657,88.0,4.0,2438.0,9.65,425918923.0
19.44976806640625,42.89667510986328,4.120723724365234,1.0,5.0,2439.0,47.28,425918925.0
19.6461238861084,43.28955459594727,5.837054252624512,1.0,7.0,2441.0,47.896,425918930.0
3.15880274772644,6.957085609436035,-0.9381502270698547,17.0,8.0,2442.0,7.698,425918932.0
19.82725524902344,43.64817810058594,7.593016147613525,1.0,9.0,2443.0,48.538,425918934.0
5.519251346588135,12.15020751953125,-1.167538285255432,6.0,10.0,2443.0,13.396,425918937.0
19.16567802429199,42.17221832275391,9.004276275634766,0.0,11.0,2444.0,47.19,425918939.0
5.713898181915283,12.56705665588379,-0.7234922647476196,1.0,12.0,2445.0,13.824,425918941.0
18.17119026184082,39.94691848754883,10.13179588317871,1.0,13.0,2446.0,45.04,425918944.0
5.492505550384521,12.06894588470459,-0.2314538210630417,1.0,14.0,2447.0,13.262,425918946.0
16.4746265411377,36.20048522949219,10.65713310241699,0.0,15.0,2447.0,41.176,425918948.0
3.09345006942749,6.772288799285889,-1.994977235794067,31.0,0.0,2455.0,7.708,425918969.0
14.04004287719727,30.72276306152344,0.5896121263504028,12.0,1.0,2456.0,33.784,425918971.0
3.110723495483398,6.803819179534912,-1.727174162864685,14.0,2.0,2457.0,7.678,425918973.0
14.97668933868408,32.75723266601562,1.887653231620789,3.0,3.0,2457.0,36.068,425918976.0
3.933764219284058,8.600016593933105,-1.838253855705261,12.0,4.0,2458.0,9.634,425918978.0
19.56954002380371,42.76329803466797,4.114448070526123,1.0,5.0,2459.0,47.208,425918980.0
19.76817893981934,43.15754318237305,5.8285231590271,1.0,7.0,2461.0,47.826,425918985.0
3.172317504882812,6.92255687713623,-0.9349815845489502,44.0,8.0,2462.0,7.672000000000001,425918987.0
19.62796592712402,42.81195831298828,7.459421157836914,0.0,9.0,2463.0,47.684,425918990.0
19.3275032043457,42.13718032836914,9.01114559173584,0.0,11.0,2464.0,47.226,425918994.0
5.733573436737061,12.49439239501953,-0.7204567790031433,1.0,12.0,2465.0,13.766,425918997.0
18.25848197937012,39.76990127563477,10.10300159454346,0.0,13.0,2466.0,44.912,425918999.0
16.57508659362793,36.08658218383789,10.64056873321533,0.0,15.0,2467.0,41.112,425919003.0
3.120306015014648,6.768466949462891,-1.997047781944275,12.0,0.0,2475.0,7.716,425919024.0
14.13045024871826,30.63725090026855,0.5889139771461487,4.0,1.0,2476.0,33.744,425919026.0
3.128738880157471,6.780532836914062,-1.724024891853333,28.0,2.0,2477.0,7.664000000000001,425919029.0
15.07572174072266,32.65678405761719,1.885036468505859,5.0,3.0,2478.0,36.018,425919031.0
3.145828008651733,6.814441680908203,-1.458925604820251,33.0,4.0,2478.0,7.646,425919033.0
19.68778228759766,42.62780380249023,4.107998847961426,1.0,5.0,2479.0,47.134,425919036.0
19.55303382873535,42.2972526550293,5.721521854400635,0.0,7.0,2481.0,46.948,425919040.0
3.193129301071167,6.904234409332275,-0.9340066313743591,53.0,8.0,2482.0,7.664000000000001,425919043.0
19.76153564453125,42.72870635986328,7.456292152404785,0.0,9.0,2482.0,47.664,425919045.0
3.238706111907959,6.999574661254883,-0.6747597455978394,9.0,10.0,2483.0,7.742,425919047.0
19.5247802734375,42.17813873291016,9.034424781799316,0.0,11.0,2484.0,47.348,425919050.0
5.726791858673096,12.36556148529053,-0.7141764760017395,2.0,12.0,2485.0,13.646,425919052.0
18.5020580291748,39.93224716186523,10.16058921813965,1.0,13.0,2486.0,45.168,425919054.0
5.578310012817383,12.033935546875,-0.2315236181020737,9.0,14.0,2487.0,13.266,425919056.0
16.59263801574707,35.77847671508789,10.56758117675781,0.0,15.0,2488.0,40.83,425919059.0
14.21368026733398,30.53697776794434,0.5879366397857666,4.0,1.0,2496.0,33.688,425919082.0
3.146629810333252,6.757204055786133,-1.72087562084198,24.0,2.0,2497.0,7.65,425919084.0
15.16707038879395,32.57040023803711,1.882943034172058,7.0,3.0,2497.0,35.978,425919086.0
3.16545033454895,6.794521331787109,-1.457017540931702,46.0,4.0,2498.0,7.636,425919089.0
19.48883628845215,41.81299591064453,4.036008358001709,0.0,5.0,2499.0,46.308,425919091.0
3.153988838195801,6.763750553131104,-1.182018876075745,2.0,6.0,2500.0,7.556,425919093.0
19.6812572479248,42.1873664855957,5.715916156768799,1.0,7.0,2501.0,46.902,425919096.0
3.214691400527954,6.887650012969971,-0.9332754611968994,58.0,8.0,2502.0,7.658,425919098.0
20.11525344848633,43.07839584350586,7.530129432678223,0.0,9.0,2503.0,48.136,425919100.0
3.24541711807251,6.950315952301025,-0.6710992455482483,16.0,10.0,2503.0,7.7,425919103.0
5.694657325744629,12.18446063995361,-0.7048606872558594,2.0,12.0,2505.0,13.468,425919107.0
16.89474296569824,36.13205718994141,9.208596229553223,1.0,13.0,2506.0,40.936,425919109.0
5.629602909088135,12.03431510925293,-0.2319075763225555,10.0,14.0,2507.0,13.288,425919112.0
16.77884292602539,35.85157012939453,10.60640430450439,0.0,15.0,2508.0,40.98,425919114.0
3.499173164367676,7.452996730804443,-2.206173658370972,43.0,0.0,2515.0,8.524000000000001,425919135.0
14.30233383178711,30.44916725158691,0.5872036814689636,4.0,1.0,2516.0,33.646,425919137.0
3.181800842285156,6.770871162414551,-1.727174162864685,5.0,2.0,2517.0,7.678,425919139.0
15.26453018188477,32.48291397094727,1.880954265594482,7.0,3.0,2517.0,35.94,425919142.0
3.167430639266968,6.737236499786377,-1.447095394134521,36.0,4.0,2518.0,7.584000000000001,425919144.0
19.61092948913574,41.69423294067383,4.031127452850342,1.0,5.0,2519.0,46.252,425919146.0
3.174215078353882,6.745550632476807,-1.180767297744751,4.0,6.0,2520.0,7.548,425919149.0
19.93408966064453,42.34291076660156,5.746383190155029,0.0,7.0,2521.0,47.152,425919151.0
3.23279333114624,6.863815307617188,-0.9315692782402039,57.0,8.0,2522.0,7.644,425919153.0
20.33122444152832,43.16693115234375,7.55734920501709,1.0,9.0,2522.0,48.31,425919156.0
3.262864351272583,6.924526691436768,-0.6697047352790833,27.0,10.0,2523.0,7.684,425919158.0
19.48390007019043,41.33047485351562,8.881776809692383,0.0,11.0,2524.0,46.548,425919160.0
3.322676420211792,7.045081615447998,-0.4082204699516296,1.0,12.0,2525.0,7.8,425919162.0
17.8182487487793,37.76300811767578,9.640052795410156,1.0,13.0,2526.0,42.854,425919165.0
5.680966377258301,12.0344820022583,-0.2322915345430374,14.0,14.0,2527.0,13.31,425919167.0
16.87748718261719,35.73688125610352,10.58983993530273,0.0,15.0,2528.0,40.916,425919169.0
3.516896486282349,7.42327880859375,-2.200997114181519,39.0,0.0,2535.0,8.504,425919190.0
14.39397430419922,30.36833763122559,0.5866102576255798,4.0,1.0,2536.0,33.612,425919192.0
4.040377616882324,8.520526885986328,-2.17707633972168,2.0,2.0,2537.0,9.678,425919195.0
15.36070919036865,32.39334106445312,1.878860831260681,7.0,3.0,2537.0,35.9,425919197.0
3.181672334671021,6.706627368927002,-1.44289767742157,34.0,4.0,2538.0,7.562,425919199.0
19.88449287414551,41.89551544189453,4.057274341583252,0.0,5.0,2539.0,46.552,425919202.0
20.25553703308105,42.63885498046875,5.796105861663818,1.0,7.0,2541.0,47.56,425919206.0
3.261845350265503,6.863246440887451,-0.9330316781997681,54.0,8.0,2542.0,7.656000000000001,425919209.0
20.44955825805664,43.02790069580078,7.545460224151611,1.0,9.0,2542.0,48.234,425919211.0
3.271615743637085,6.880706310272217,-0.6665671467781067,28.0,10.0,2543.0,7.648000000000001,425919213.0
20.12899971008301,42.31530380249023,9.108458518981934,0.0,11.0,2544.0,47.736,425919215.0
3.361838579177856,7.064099311828613,-0.4099998772144318,5.0,12.0,2545.0,7.834000000000001,425919218.0
18.24232292175293,38.31464385986328,9.79706859588623,0.0,13.0,2546.0,43.552,425919220.0
5.717780113220215,12.00374698638916,-0.2320820987224579,8.0,14.0,2547.0,13.298,425919222.0
17.01044082641602,35.6951904296875,10.59501647949219,0.0,15.0,2548.0,40.936,425919225.0
3.539827823638916,7.408089160919189,-2.19996190071106,43.0,0.0,2554.0,8.5,425919245.0
14.4644136428833,30.25729370117188,0.5853886008262634,17.0,1.0,2555.0,33.542,425919248.0
3.96771502494812,8.29611873626709,-2.123088121414185,3.0,2.0,2556.0,9.438,425919250.0
15.45080947875977,32.30618667602539,1.87676739692688,7.0,3.0,2556.0,35.86,425919252.0
3.213215827941895,6.71552038192749,-1.447095394134521,36.0,4.0,2557.0,7.584000000000001,425919255.0
20.16611671447754,42.12766265869141,4.086209774017334,1.0,5.0,2558.0,46.884,425919257.0
20.37108993530273,42.51774597167969,5.788794040679932,1.0,7.0,2560.0,47.5,425919261.0
3.281154632568359,6.845232009887695,-0.932056725025177,44.0,8.0,2561.0,7.648000000000001,425919264.0
20.56822395324707,42.90997695922852,7.536699771881104,1.0,9.0,2561.0,48.178,425919266.0
3.284938335418701,6.850058078765869,-0.6646496653556824,22.0,10.0,2562.0,7.626,425919268.0
3.386109828948975,7.054712772369385,-0.4101045429706573,4.0,12.0,2564.0,7.836,425919273.0
18.37940216064453,38.27501678466797,9.802467346191406,1.0,13.0,2565.0,43.576,425919275.0
17.08150482177734,35.55624771118164,10.56965255737305,0.0,15.0,2566.0,40.838,425919280.0
3.562309503555298,7.388727188110352,-2.197891235351562,41.0,0.0,2574.0,8.492,425919301.0
14.56994342803955,30.20661926269531,0.5853886008262634,12.0,1.0,2575.0,33.542,425919303.0
3.982251882553101,8.252381324768066,-2.115439653396606,3.0,2.0,2576.0,9.404,425919305.0
15.54525756835938,32.21428298950195,1.874569296836853,7.0,3.0,2576.0,35.818,425919308.0
3.236637830734253,6.704263210296631,-1.447095394134521,41.0,4.0,2577.0,7.584000000000001,425919310.0
20.30264854431152,42.03548431396484,4.084117889404297,1.0,5.0,2578.0,46.86,425919312.0
3.256398916244507,6.73918628692627,-1.185460329055786,49.0,6.0,2579.0,7.578,425919314.0
20.49173355102539,42.38918685913086,5.780993938446045,1.0,7.0,2580.0,47.436,425919317.0
3.311943292617798,6.848033428192139,-0.9340066313743591,40.0,8.0,2581.0,7.664000000000001,425919319.0
20.69380187988281,42.78812408447266,7.527939319610596,1.0,9.0,2581.0,48.122,425919321.0
3.33659839630127,6.895941257476807,-0.6702276468276978,36.0,10.0,2582.0,7.69,425919324.0
20.41656112670898,42.17731094360352,9.108458518981934,0.0,11.0,2583.0,47.736,425919326.0
3.422031402587891,7.066218376159668,-0.4114652872085571,4.0,12.0,2584.0,7.862,425919328.0
18.55962753295898,38.30708312988281,9.827211380004883,1.0,13.0,2585.0,43.686,425919331.0
5.817670822143555,12.00233745574951,-0.2328151017427444,1.0,14.0,2586.0,13.34,425919333.0
17.19400978088379,35.45690155029297,10.55878162384033,0.0,15.0,2587.0,40.796,425919335.0
3.586830615997314,7.370409965515137,-2.196338415145874,37.0,0.0,2595.0,8.486,425919356.0
14.64904594421387,30.08828926086426,0.5841320157051086,4.0,1.0,2596.0,33.47,425919358.0
4.0039381980896,8.220211029052734,-2.11094069480896,3.0,2.0,2597.0,9.384,425919361.0
15.64608860015869,32.1076774597168,1.871847867965698,7.0,3.0,2598.0,35.766,425919363.0
3.268068552017212,6.706474304199219,-1.450148344039917,33.0,4.0,2598.0,7.600000000000001,425919365.0
20.42340278625488,41.89273452758789,4.077494144439697,1.0,5.0,2599.0,46.784,425919367.0
3.285407304763794,6.736083030700684,-1.187024712562561,41.0,6.0,2600.0,7.588,425919370.0
20.61474990844727,42.24778747558594,5.771975994110107,1.0,7.0,2601.0,47.362,425919372.0
3.338762044906616,6.839416027069092,-0.934494137763977,34.0,8.0,2602.0,7.668,425919374.0
20.83142471313477,42.67293548583984,7.521056175231934,1.0,9.0,2602.0,48.078,425919377.0
3.394201517105103,6.949906349182129,-0.6766771674156189,42.0,10.0,2603.0,7.764,425919379.0
20.57101249694824,42.10219955444336,9.108458518981934,0.0,11.0,2604.0,47.736,425919381.0
5.818727493286133,11.90378284454346,-0.6943934559822083,10.0,12.0,2605.0,13.268,425919384.0
18.76668167114258,38.37535095214844,9.862303733825684,1.0,13.0,2606.0,43.842,425919386.0
5.877440929412842,12.01326656341553,-0.2334433943033218,2.0,14.0,2607.0,13.376,425919388.0
17.29050445556641,35.34113693237305,10.54221725463867,0.0,15.0,2607.0,40.732,425919391.0
3.615090370178223,7.363046646118164,-2.197891235351562,43.0,0.0,2615.0,8.492,425919411.0
17.15023994445801,34.91539764404297,0.6790032982826233,0.0,1.0,2616.0,38.906,425919414.0
4.030888557434082,8.202686309814453,-2.110040903091431,5.0,2.0,2617.0,9.38,425919416.0
15.73163414001465,31.99909400939941,1.868707656860352,7.0,3.0,2618.0,35.706,425919418.0
3.33476734161377,6.78311824798584,-1.469229221343994,23.0,4.0,2618.0,7.7,425919420.0
20.55544090270996,41.79258346557617,4.074705123901367,1.0,5.0,2619.0,46.752,425919423.0
3.321982622146606,6.751160144805908,-1.191717743873596,36.0,6.0,2620.0,7.618,425919425.0
20.74105453491211,42.1328239440918,5.766126155853271,1.0,7.0,2621.0,47.314,425919427.0
3.286312103271484,6.672787189483643,-0.9132888317108154,36.0,8.0,2622.0,7.494,425919430.0
20.9475269317627,42.51478958129883,7.506664276123047,1.0,9.0,2623.0,47.986,425919432.0
3.432529926300049,6.966611862182617,-0.679466187953949,9.0,10.0,2623.0,7.796,425919434.0
20.71784973144531,42.03013610839844,9.108458518981934,0.0,11.0,2624.0,47.736,425919437.0
5.887628555297852,11.93892955780029,-0.6976382732391357,9.0,12.0,2625.0,13.33,425919439.0
18.94363212585449,38.39699172973633,9.884799003601074,1.0,13.0,2626.0,43.942,425919441.0
5.923764228820801,12.00164318084717,-0.2336179167032242,2.0,14.0,2627.0,13.386,425919444.0
17.39426040649414,35.22555923461914,10.52668857574463,0.0,15.0,2628.0,40.672,425919446.0
3.630915641784668,7.333705425262451,-2.192714929580688,41.0,0.0,2634.0,8.472,425919467.0
14.84108352661133,29.96279335021973,0.58364337682724,12.0,1.0,2635.0,33.442,425919469.0
4.056336879730225,8.185782432556152,-2.109141111373901,5.0,2.0,2636.0,9.376,425919471.0
15.83056354522705,31.93243408203125,1.867870330810547,7.0,3.0,2637.0,35.69,425919473.0
3.355498552322388,6.768504619598389,-1.46846604347229,39.0,4.0,2637.0,7.696,425919476.0
20.65230941772461,41.64030075073242,4.066512584686279,1.0,5.0,2638.0,46.658,425919478.0
3.360156297683716,6.771958351135254,-1.197349429130554,36.0,6.0,2639.0,7.654,425919480.0
20.85770988464355,42.01758575439453,5.759788990020752,1.0,7.0,2640.0,47.262,425919483.0
3.296943426132202,6.638740062713623,-0.9101202487945557,42.0,8.0,2641.0,7.468,425919485.0
21.05990028381348,42.40631103515625,7.499155521392822,1.0,9.0,2641.0,47.938,425919487.0
5.769402503967285,11.61220645904541,-1.134419202804565,2.0,10.0,2642.0,13.016,425919490.0
20.85711288452148,41.96120071411133,9.108458518981934,0.0,11.0,2643.0,47.736,425919492.0
5.879164695739746,11.82276916503906,-0.6919860243797302,8.0,12.0,2644.0,13.222,425919494.0
19.8051872253418,39.81002044677734,10.26541614532471,1.0,13.0,2645.0,45.634,425919497.0
5.959075450897217,11.97298240661621,-0.2334433943033218,3.0,14.0,2646.0,13.376,425919499.0
17.4798755645752,35.12058639526367,10.51167678833008,0.0,15.0,2646.0,40.614,425919501.0
3.650450706481934,7.30888843536377,-2.189091444015503,35.0,0.0,2654.0,8.458,425919522.0
15.90107727050781,31.82305145263672,0.6209565997123718,2.0,1.0,2655.0,35.58,425919524.0
4.085757255554199,8.17331600189209,-2.109591007232666,5.0,2.0,2656.0,9.378,425919526.0
15.93299865722656,31.85911750793457,1.866823554039001,7.0,3.0,2657.0,35.67,425919529.0
3.374713897705078,6.747970581054688,-1.46655797958374,38.0,4.0,2657.0,7.686,425919531.0
20.7788143157959,41.53053665161133,4.062851905822754,1.0,5.0,2658.0,46.616,425919533.0
3.397921323776245,6.788451194763184,-1.202355265617371,24.0,6.0,2659.0,7.686,425919536.0
20.98647499084473,41.90902328491211,5.754914283752441,1.0,7.0,2660.0,47.222,425919538.0
3.325431823730469,6.637839794158936,-0.9115827083587646,38.0,8.0,2661.0,7.48,425919540.0
21.17270088195801,42.24406814575195,7.484137535095215,1.0,9.0,2662.0,47.842,425919543.0
5.834005355834961,11.64008903503418,-1.13912558555603,4.0,10.0,2662.0,13.07,425919545.0
19.31300926208496,38.51680374145508,8.375370025634766,1.0,11.0,2663.0,43.894,425919547.0
5.922189235687256,11.80574512481689,-0.6921953558921814,7.0,12.0,2664.0,13.226,425919549.0
19.11539459228516,38.08950424194336,9.838909149169922,1.0,13.0,2665.0,43.738,425919552.0
5.986476898193359,11.9235143661499,-0.2328849136829376,2.0,14.0,2666.0,13.344,425919554.0
17.57119560241699,34.98205184936523,10.48941802978516,0.0,15.0,2667.0,40.528,425919556.0
3.674202680587769,7.292651176452637,-2.188056230545044,34.0,0.0,2674.0,8.454,425919577.0
16.06066703796387,31.86377906799316,0.622841477394104,5.0,1.0,2675.0,35.688,425919579.0
4.108120918273926,8.14682388305664,-2.106441736221313,5.0,2.0,2676.0,9.364,425919582.0
16.02881813049316,31.77299308776855,1.865044116973877,5.0,3.0,2677.0,35.636,425919584.0
3.392942667007446,6.725632667541504,-1.464268207550049,39.0,4.0,2677.0,7.674,425919586.0
20.89672660827637,41.40439224243164,4.057622909545898,1.0,5.0,2678.0,46.556,425919589.0
3.442074775695801,6.817105770111084,-1.209551334381104,18.0,6.0,2679.0,7.732,425919591.0
21.10041618347168,41.77172470092773,5.746139526367188,1.0,7.0,2680.0,47.15,425919593.0
3.349477291107178,6.627963542938232,-0.9118264317512512,46.0,8.0,2681.0,7.482,425919596.0
21.29663276672363,42.14189147949219,7.478506088256836,1.0,9.0,2681.0,47.806,425919598.0
5.890782356262207,11.65165901184082,-1.142263174057007,7.0,10.0,2682.0,13.106,425919600.0
19.63076400756836,38.81179809570312,8.454364776611328,0.0,11.0,2683.0,44.308,425919602.0
5.968773365020752,11.79569339752197,-0.6928234100341797,3.0,12.0,2684.0,13.238,425919605.0
20.00077247619629,39.50909042358398,10.22357559204102,0.0,13.0,2685.0,45.448,425919607.0
6.024447441101074,11.89540958404541,-0.2327452898025513,2.0,14.0,2686.0,13.336,425919609.0
17.6713924407959,34.89257049560547,10.48010063171387,0.0,15.0,2686.0,40.492,425919612.0
3.699636459350586,7.279781341552734,-2.188056230545044,34.0,0.0,2694.0,8.454,425919632.0
16.30954933166504,32.07846832275391,0.6281470060348511,5.0,1.0,2695.0,35.992,425919635.0
4.123281002044678,8.106380462646484,-2.099693059921265,5.0,2.0,2696.0,9.334,425919637.0
16.11879539489746,31.67590713500977,1.862636685371399,5.0,3.0,2697.0,35.59,425919639.0
3.419960260391235,6.720746994018555,-1.465794682502747,38.0,4.0,2697.0,7.682,425919642.0
21.01581764221191,41.2814826965332,4.052742004394531,1.0,5.0,2698.0,46.5,425919644.0
3.481090307235718,6.834973335266113,-1.214870095252991,5.0,6.0,2699.0,7.766,425919646.0
21.21185111999512,41.6306037902832,5.73687744140625,1.0,7.0,2700.0,47.074,425919649.0
3.393327713012695,6.656908512115479,-0.917432427406311,7.0,8.0,2701.0,7.528,425919651.0
21.43479537963867,42.03187561035156,7.472874164581299,1.0,9.0,2702.0,47.77,425919653.0
5.92960786819458,11.62747573852539,-1.141914486885071,9.0,10.0,2702.0,13.102,425919655.0
21.14191818237305,41.439697265625,9.04281997680664,0.0,11.0,2703.0,47.392,425919658.0
6.024439334869385,11.80324935913086,-0.6944981217384338,2.0,12.0,2704.0,13.27,425919660.0
20.26795196533203,39.69242858886719,10.28926086425781,1.0,13.0,2705.0,45.74,425919662.0
5.424589157104492,10.61885070800781,-0.2081373929977417,8.0,14.0,2706.0,11.926,425919665.0
17.77454566955566,34.77939987182617,10.46560668945312,0.0,15.0,2707.0,40.436,425919667.0
3.720232963562012,7.260595798492432,-2.185985565185547,33.0,0.0,2713.0,8.446,425919688.0
15.177077293396,29.60762214660645,0.5807462930679321,4.0,1.0,2714.0,33.276,425919690.0
3.420953273773193,6.670767307281494,-1.730773448944092,1.0,2.0,2715.0,7.694,425919692.0
16.27297973632812,31.71824073791504,1.868288993835449,3.0,3.0,2716.0,35.698,425919695.0
3.439539670944214,6.704128742218018,-1.464649796485901,31.0,4.0,2716.0,7.676,425919697.0
21.13440132141113,41.17611312866211,4.049255847930908,1.0,5.0,2717.0,46.46,425919699.0
4.291468620300293,8.357468605041504,-1.488004684448242,23.0,6.0,2718.0,9.512,425919702.0
21.33708763122559,41.53531265258789,5.733465194702148,1.0,7.0,2719.0,47.046,425919704.0
4.31732177734375,8.400599479675293,-1.159708619117737,7.0,8.0,2720.0,9.516,425919706.0
21.54325866699219,41.91864776611328,7.464739799499512,1.0,9.0,2720.0,47.718,425919708.0
5.962667465209961,11.59711647033691,-1.140868663787842,12.0,10.0,2721.0,13.09,425919711.0
21.27922058105469,41.36935806274414,9.04281997680664,0.0,11.0,2722.0,47.392,425919713.0
6.083652496337891,11.8222770690918,-0.696800947189331,6.0,12.0,2723.0,13.314,425919715.0
20.25496482849121,39.34431457519531,10.21637725830078,0.0,13.0,2724.0,45.416,425919718.0
5.439629077911377,10.56169319152832,-0.2073694914579391,16.0,14.0,2725.0,11.882,425919720.0
17.86514472961426,34.68732070922852,10.45473670959473,0.0,15.0,2725.0,40.394,425919722.0
3.742893695831299,7.242416858673096,-2.184432744979858,33.0,0.0,2733.0,8.44,425919743.0
15.25645637512207,29.50827789306641,0.579838752746582,13.0,1.0,2734.0,33.224,425919745.0
3.429892778396606,6.631091117858887,-1.723574995994568,15.0,2.0,2735.0,7.662,425919748.0
16.54055786132812,31.96457099914551,1.88618791103363,5.0,3.0,2736.0,36.04,425919750.0
3.471040964126587,6.707774639129639,-1.468084454536438,21.0,4.0,2736.0,7.694,425919752.0
21.25601959228516,41.05962371826172,4.045072555541992,1.0,5.0,2737.0,46.412,425919755.0
4.30698823928833,8.316126823425293,-1.483311653137207,9.0,6.0,2738.0,9.482,425919757.0
21.46367835998535,41.42532730102539,5.728590488433838,1.0,7.0,2739.0,47.006,425919759.0
21.65492248535156,41.75874328613281,7.450347900390625,1.0,9.0,2741.0,47.626,425919764.0
6.012284755706787,11.59391975402832,-1.142611742019653,13.0,10.0,2741.0,13.11,425919766.0
20.07639122009277,38.69821929931641,8.47420883178711,0.0,11.0,2742.0,44.412,425919768.0
6.120282649993896,11.79210567474365,-0.6962775588035583,2.0,12.0,2743.0,13.304,425919771.0
20.5663948059082,39.60889434814453,10.3036584854126,1.0,13.0,2744.0,45.804,425919773.0
5.454339981079102,10.50005149841309,-0.2065317779779434,28.0,14.0,2745.0,11.834,425919775.0
17.97968864440918,34.59761047363281,10.44748973846436,0.0,15.0,2746.0,40.366,425919778.0
3.761008262634277,7.215602874755859,-2.180291652679443,30.0,0.0,2753.0,8.424,425919798.0
15.34364795684814,29.42470169067383,0.579245388507843,4.0,1.0,2754.0,33.19,425919801.0
3.448512077331543,6.610439300537109,-1.721325516700745,22.0,2.0,2755.0,7.652,425919803.0
16.66959190368652,31.94028091430664,1.888176679611206,4.0,3.0,2756.0,36.078,425919805.0
3.506242990493774,6.718243598937988,-1.473045468330383,13.0,4.0,2756.0,7.72,425919808.0
21.35864067077637,40.90746688842773,4.037402629852295,1.0,5.0,2757.0,46.324,425919810.0
4.335076332092285,8.299290657043457,-1.482998728752136,9.0,6.0,2758.0,9.48,425919812.0
21.56585693359375,41.26922225952148,5.71737813949585,1.0,7.0,2759.0,46.914,425919814.0
4.363907337188721,8.347384452819824,-1.156540036201477,7.0,8.0,2760.0,9.49,425919817.0
21.76765632629395,41.6376838684082,7.441587448120117,1.0,9.0,2760.0,47.57,425919819.0
21.54202651977539,41.17108917236328,9.032135009765625,0.0,11.0,2762.0,47.336,425919824.0
6.172522068023682,11.79190444946289,-0.6975336074829102,2.0,12.0,2763.0,13.328,425919826.0
20.72261238098145,39.57138824462891,10.31265640258789,1.0,13.0,2764.0,45.844,425919828.0
5.514158725738525,10.52523136138916,-0.2074044048786163,20.0,14.0,2765.0,11.884,425919831.0
17.5662727355957,33.52988433837891,10.14260101318359,0.0,15.0,2765.0,39.188,425919833.0
3.786172389984131,7.202430248260498,-2.180291652679443,25.0,0.0,2773.0,8.424,425919854.0
5.359421730041504,10.1909008026123,0.2009819149971008,4.0,1.0,2774.0,11.516,425919856.0
3.475195407867432,6.605259895324707,-1.723125100135803,32.0,2.0,2775.0,7.66,425919858.0
16.78749465942383,31.8942699432373,1.888909339904785,4.0,3.0,2776.0,36.092,425919861.0
4.209088802337646,7.996774673461914,-1.756587624549866,10.0,4.0,2776.0,9.206,425919863.0
16.58966445922852,31.50507354736328,3.115120649337769,7.0,5.0,2777.0,35.742,425919865.0
4.283920764923096,8.132058143615723,-1.455779075622559,3.0,6.0,2778.0,9.306000000000001,425919867.0
21.69589996337891,41.16735076904297,5.713722229003906,1.0,7.0,2779.0,46.884,425919870.0
3.663471937179565,6.948392391204834,-0.9644739627838135,17.0,8.0,2780.0,7.914000000000001,425919872.0
21.89259719848633,41.52300643920898,7.434704303741455,1.0,9.0,2780.0,47.526,425919874.0
5.464715003967285,10.36037063598633,-1.024777173995972,16.0,10.0,2781.0,11.758,425919877.0
21.63063621520996,40.99146270751953,9.009237289428711,0.0,11.0,2782.0,47.216,425919879.0
6.171687126159668,11.69080448150635,-0.6928234100341797,7.0,12.0,2783.0,13.238,425919881.0
20.87153625488281,39.51948928833008,10.31805515289307,1.0,13.0,2784.0,45.868,425919884.0
5.563943386077881,10.53067207336426,-0.2078930586576462,12.0,14.0,2785.0,11.912,425919886.0
17.67057228088379,33.4444465637207,10.13535404205322,0.0,15.0,2785.0,39.16,425919888.0
3.809480905532837,7.185756683349609,-2.179256439208984,18.0,0.0,2793.0,8.42,425919909.0
5.394961833953857,10.1721305847168,0.2009819149971008,15.0,1.0,2794.0,11.516,425919911.0
3.492750644683838,6.582760334014893,-1.720425605773926,16.0,2.0,2795.0,7.648000000000001,425919914.0
16.38088226318359,30.85991287231445,1.831025719642639,2.0,3.0,2796.0,34.986,425919916.0
4.233295440673828,7.975097179412842,-1.755061149597168,10.0,4.0,2796.0,9.198,425919918.0
16.70047187805176,31.44873237609863,3.115294933319092,3.0,5.0,2797.0,35.744,425919920.0
21.81617736816406,41.04754638671875,5.707628726959229,1.0,7.0,2799.0,46.834,425919925.0
3.611284494400024,6.7918381690979,-0.9444873929023743,25.0,8.0,2800.0,7.75,425919927.0
22.02237510681152,41.40063095092773,7.42719554901123,1.0,9.0,2801.0,47.478,425919930.0
5.485875129699707,10.31308841705322,-1.021988272666931,29.0,10.0,2801.0,11.726,425919932.0
21.69058418273926,40.75972366333008,8.974891662597656,0.0,11.0,2802.0,47.036,425919934.0
5.526356220245361,10.38044929504395,-0.6163082122802734,10.0,12.0,2803.0,11.776,425919937.0
21.01302146911621,39.45327377319336,10.31985473632812,1.0,13.0,2804.0,45.876,425919939.0
5.63546085357666,10.57648372650146,-0.209184542298317,8.0,14.0,2805.0,11.986,425919941.0
17.9661693572998,33.71843338012695,10.23732852935791,0.0,15.0,2805.0,39.554,425919943.0
5.456843376159668,10.20261001586914,0.2019592523574829,20.0,1.0,2814.0,11.572,425919967.0
3.539611339569092,6.6152024269104,-1.732123136520386,7.0,2.0,2815.0,7.7,425919969.0
16.58935928344727,30.9909553527832,1.842225670814514,4.0,3.0,2816.0,35.2,425919971.0
4.253695487976074,7.94642448425293,-1.752008199691772,11.0,4.0,2816.0,9.182,425919973.0
5.568266868591309,10.39784336090088,1.03192400932312,17.0,5.0,2817.0,11.84,425919976.0
4.410552501678467,8.232544898986816,-1.479244351387024,46.0,6.0,2818.0,9.456,425919978.0
21.91994285583496,40.89765548706055,5.697391986846924,1.0,7.0,2819.0,46.75,425919980.0
3.634970426559448,6.779191017150879,-0.9444873929023743,33.0,8.0,2820.0,7.75,425919983.0
22.14061164855957,41.27476501464844,7.418435096740723,1.0,9.0,2821.0,47.422,425919985.0
5.53785228729248,10.32372379302979,-1.024951577186584,23.0,10.0,2821.0,11.76,425919987.0
21.84572601318359,40.70798110961914,8.980234146118164,0.0,11.0,2822.0,47.064,425919990.0
5.556889057159424,10.35053730010986,-0.6156802177429199,34.0,12.0,2823.0,11.764,425919992.0
21.1460018157959,39.37110137939453,10.31760501861572,1.0,13.0,2824.0,45.866,425919994.0
5.711151599884033,10.6289701461792,-0.2106156349182129,12.0,14.0,2825.0,12.068,425919996.0
18.25061798095703,33.95183563232422,10.3284330368042,0.0,15.0,2826.0,39.906,425919999.0
3.464430570602417,6.426083087921143,-1.956154346466064,18.0,0.0,2833.0,7.558,425920020.0
5.50571346282959,10.20814037322998,0.202447921037674,22.0,1.0,2834.0,11.6,425920022.0
4.725873470306396,8.758580207824707,-2.297650098800659,13.0,2.0,2835.0,10.214,425920024.0
5.540513038635254,10.264084815979,0.6112839579582214,8.0,3.0,2836.0,11.68,425920026.0
4.28047513961792,7.929800510406494,-1.75162661075592,10.0,4.0,2836.0,9.18,425920029.0
5.61399507522583,10.3958740234375,1.033667087554932,3.0,5.0,2837.0,11.86,425920031.0
4.453346729278564,8.243168830871582,-1.483937382698059,52.0,6.0,2838.0,9.486,425920033.0
22.05690574645996,40.8104133605957,5.695929527282715,1.0,7.0,2839.0,46.738,425920036.0
3.658612012863159,6.766461372375488,-0.9444873929023743,30.0,8.0,2840.0,7.75,425920038.0
22.26199531555176,41.1555290222168,7.410926342010498,1.0,9.0,2841.0,47.374,425920040.0
5.586177825927734,10.32711124420166,-1.027217626571655,19.0,10.0,2841.0,11.786,425920043.0
21.96526527404785,40.59003829956055,8.971076011657715,0.0,11.0,2842.0,47.016,425920045.0
5.606297492980957,10.3556661605835,-0.6171455979347229,15.0,12.0,2843.0,11.792,425920047.0
21.28330230712891,39.29704666137695,10.31760501861572,2.0,13.0,2844.0,45.866,425920049.0
5.797756195068359,10.70039653778076,-0.2124306857585907,8.0,14.0,2845.0,12.172,425920052.0
18.37138938903809,33.90641784667969,10.33309173583984,0.0,15.0,2845.0,39.924,425920054.0
3.488686084747314,6.417345523834229,-1.957189559936523,28.0,0.0,2853.0,7.562,425920075.0
5.523160457611084,10.15548229217529,0.2017847299575806,29.0,1.0,2854.0,11.562,425920077.0
4.81416130065918,8.848159790039062,-2.325544118881226,15.0,2.0,2855.0,10.338,425920079.0
5.571533679962158,10.23591136932373,0.6107606291770935,2.0,3.0,2856.0,11.67,425920082.0
4.303436279296875,7.906188488006592,-1.749718546867371,10.0,4.0,2856.0,9.17,425920084.0
16.96504020690918,31.15488815307617,3.103615999221802,8.0,5.0,2857.0,35.61,425920086.0
4.456578731536865,8.180737495422363,-1.475489854812622,54.0,6.0,2858.0,9.432,425920089.0
22.16217803955078,40.66519546508789,5.686423778533936,1.0,7.0,2859.0,46.66,425920091.0
3.69076132774353,6.769335269927979,-0.9466810822486877,22.0,8.0,2860.0,7.768,425920093.0
22.38092613220215,41.0324821472168,7.402791976928711,1.0,9.0,2861.0,47.322,425920096.0
5.644135475158691,10.34777927398682,-1.031226754188538,15.0,10.0,2861.0,11.832,425920098.0
22.10305595397949,40.5062255859375,8.969549179077148,0.0,11.0,2862.0,47.008,425920100.0
5.67303466796875,10.39213180541992,-0.620495080947876,13.0,12.0,2863.0,11.856,425920102.0
21.408203125,39.20028305053711,10.3117561340332,1.0,13.0,2864.0,45.84,425920105.0
5.897392272949219,10.79415893554688,-0.2146995067596436,5.0,14.0,2865.0,12.302,425920107.0
18.45999145507812,33.7878303527832,10.31652736663818,0.0,15.0,2865.0,39.86,425920109.0
3.520351648330688,6.42206859588623,-1.962365984916687,48.0,0.0,2873.0,7.582,425920130.0
5.538383960723877,10.09932041168213,0.201051726937294,38.0,1.0,2874.0,11.52,425920132.0
4.900320053100586,8.932104110717773,-2.352088212966919,13.0,2.0,2875.0,10.456,425920135.0
17.26016426086426,31.46112442016602,1.880640268325806,3.0,3.0,2875.0,35.934,425920137.0
4.330063343048096,7.889397621154785,-1.749336838722229,10.0,4.0,2876.0,9.168000000000001,425920139.0
22.07065391540527,40.19621276855469,4.011953353881836,0.0,5.0,2877.0,46.032,425920142.0
4.482254505157471,8.159936904907227,-1.474551320075989,63.0,6.0,2878.0,9.426,425920144.0
22.28582572937012,40.55453109741211,5.681792736053467,1.0,7.0,2879.0,46.622,425920146.0
3.728713274002075,6.782504081726074,-0.9503371119499207,16.0,8.0,2880.0,7.798,425920148.0
22.49403190612793,40.9164924621582,7.395282745361328,1.0,9.0,2880.0,47.274,425920151.0
5.708065509796143,10.37864208221436,-1.036281824111938,13.0,10.0,2881.0,11.89,425920153.0
22.2234935760498,40.3909797668457,8.961153984069824,0.0,11.0,2882.0,46.964,425920155.0
5.740095138549805,10.42825603485107,-0.6238446235656738,12.0,12.0,2883.0,11.92,425920158.0
20.40280151367188,37.05126190185547,9.765125274658203,1.0,13.0,2884.0,43.41,425920160.0
7.329300403594971,13.30443286895752,-0.2651369571685791,2.0,14.0,2885.0,15.192,425920162.0
18.54985618591309,33.67242431640625,10.30099773406982,0.0,15.0,2885.0,39.8,425920165.0
3.545551061630249,6.41481351852417,-1.963918924331665,45.0,0.0,2893.0,7.588,425920185.0
5.574571132659912,10.0816764831543,0.20108662545681,42.0,1.0,2894.0,11.522,425920188.0
4.985236167907715,9.012142181396484,-2.377732753753662,9.0,2.0,2895.0,10.57,425920190.0
17.52428817749023,31.66676902770996,1.896759748458862,4.0,3.0,2896.0,36.242,425920192.0
4.349020481109619,7.85877513885498,-1.745902299880981,13.0,4.0,2896.0,9.15,425920195.0
22.12590980529785,39.96553421020508,3.996613740921021,0.0,5.0,2897.0,45.856,425920197.0
4.515496253967285,8.152881622314453,-1.476115584373474,76.0,6.0,2898.0,9.436,425920199.0
22.39454078674316,40.41745758056641,5.673505306243896,1.0,7.0,2899.0,46.554,425920201.0
3.758140087127686,6.779864311218262,-0.9517995715141296,7.0,8.0,2900.0,7.81,425920204.0
22.6208553314209,40.79231262207031,7.387773990631104,1.0,9.0,2901.0,47.226,425920206.0
5.77421236038208,10.41266822814941,-1.041685461997986,23.0,10.0,2901.0,11.952,425920208.0
22.33768081665039,40.26509094238281,8.950468063354492,0.0,11.0,2902.0,46.908,425920211.0
5.809414386749268,10.46753120422363,-0.6274034380912781,14.0,12.0,2903.0,11.988,425920213.0
20.51214599609375,36.94403839111328,9.755677223205566,1.0,13.0,2904.0,43.368,425920215.0
7.500955581665039,13.50427532196045,-0.2696396708488464,10.0,14.0,2905.0,15.45,425920218.0
18.67877769470215,33.61434173583984,10.30410385131836,0.0,15.0,2906.0,39.812,425920220.0
3.571504354476929,6.411459445953369,-1.966507077217102,40.0,0.0,2912.0,7.598,425920241.0
5.603105545043945,10.05440139770508,0.2009121030569077,40.0,1.0,2913.0,11.512,425920243.0
4.508365631103516,8.08664321899414,-2.137485027313232,7.0,2.0,2914.0,9.502,425920245.0
17.58381080627441,31.54003524780273,1.892468214035034,3.0,3.0,2914.0,36.16,425920248.0
4.366450786590576,7.828878402709961,-1.742467761039734,14.0,4.0,2915.0,9.132,425920250.0
22.19618797302246,39.78059005737305,3.985457897186279,0.0,5.0,2916.0,45.728,425920252.0
4.525177001953125,8.106815338134766,-1.470484018325806,16.0,6.0,2917.0,9.4,425920254.0
22.50715446472168,40.30484008789062,5.668143272399902,1.0,7.0,2918.0,46.51,425920257.0
4.501869678497314,8.058449745178223,-1.133384943008423,3.0,8.0,2919.0,9.3,425920259.0
22.73287391662598,40.67568969726562,7.380265235900879,1.0,9.0,2920.0,47.178,425920261.0
5.850506782531738,10.46824932098389,-1.049180865287781,20.0,10.0,2920.0,12.038,425920264.0
22.43084335327148,40.11882400512695,8.934440612792969,0.0,11.0,2921.0,46.824,425920266.0
5.904543399810791,10.55628204345703,-0.6338930726051331,16.0,12.0,2922.0,12.112,425920268.0
20.61265563964844,36.83670043945312,9.745329856872559,1.0,13.0,2923.0,43.322,425920271.0
7.568161964416504,13.51945972442627,-0.2704424858093262,3.0,14.0,2924.0,15.496,425920273.0
18.81731605529785,33.61449432373047,10.32222080230713,0.0,15.0,2924.0,39.882,425920275.0
3.590078830718994,6.392215728759766,-1.964436531066895,38.0,0.0,2932.0,7.59,425920296.0
5.638167858123779,10.03478145599365,0.2009121030569077,38.0,1.0,2933.0,11.512,425920298.0
4.584309101104736,8.15579605102539,-2.159980058670044,2.0,2.0,2934.0,9.602,425920300.0
17.0185375213623,30.27712821960449,1.820244550704956,4.0,3.0,2934.0,34.78,425920303.0
4.390865325927734,7.808455467224121,-1.741322875022888,14.0,4.0,2935.0,9.126,425920305.0
5.76249361038208,10.24349308013916,1.028263449668884,10.0,5.0,2936.0,11.798,425920307.0
22.63115119934082,40.19662475585938,5.663999557495117,1.0,7.0,2938.0,46.476,425920312.0
22.83205413818359,40.52036666870117,7.366498947143555,1.0,9.0,2940.0,47.09,425920317.0
5.932003021240234,10.52760982513428,-1.057199120521545,20.0,10.0,2940.0,12.13,425920319.0
22.55339431762695,40.00949859619141,8.927571296691895,0.0,11.0,2941.0,46.788,425920321.0
5.806949138641357,10.29726886749268,-0.6195530295372009,6.0,12.0,2942.0,11.838,425920324.0
21.99739837646484,38.99134063720703,10.33560085296631,1.0,13.0,2943.0,45.946,425920326.0
5.742932796478271,10.17544746398926,-0.2039488255977631,7.0,14.0,2944.0,11.686,425920328.0
18.95637702941895,33.58729934692383,10.33412647247314,0.0,15.0,2944.0,39.928,425920330.0
3.614273548126221,6.383007526397705,-1.965471863746643,27.0,0.0,2952.0,7.594,425920351.0
5.667247772216797,10.00460052490234,0.2007026672363281,15.0,1.0,2953.0,11.5,425920353.0
4.541651725769043,8.0142822265625,-2.126687288284302,0.0,2.0,2954.0,9.454,425920356.0
17.66228675842285,31.15451812744141,1.876872062683105,5.0,3.0,2955.0,35.862,425920358.0
4.417126655578613,7.791372776031494,-1.740941286087036,13.0,4.0,2955.0,9.124,425920360.0
5.796248912811279,10.21984958648682,1.027914881706238,12.0,5.0,2956.0,11.794,425920363.0
4.569964408874512,8.05440902709961,-1.466729521751404,7.0,6.0,2957.0,9.376,425920365.0
22.75466728210449,40.08803558349609,5.659855842590332,1.0,7.0,2958.0,46.442,425920367.0
4.609969615936279,8.11831283569336,-1.146303057670593,26.0,8.0,2959.0,9.406,425920370.0
22.94874000549316,40.41350936889648,7.360867500305176,1.0,9.0,2959.0,47.054,425920372.0
5.675446033477783,9.990592002868652,-1.00525438785553,12.0,10.0,2960.0,11.534,425920374.0
22.69291496276855,39.93052673339844,8.927571296691895,0.0,11.0,2961.0,46.788,425920377.0
5.738221645355225,10.09289169311523,-0.6084578037261963,18.0,12.0,2962.0,11.626,425920379.0
22.11506271362305,38.88213348388672,10.32705307006836,1.0,13.0,2963.0,45.908,425920381.0
5.77643871307373,10.15186214447021,-0.2038790136575699,13.0,14.0,2964.0,11.682,425920383.0
19.10324478149414,33.5595703125,10.34706783294678,0.0,15.0,2965.0,39.978,425920386.0
5.713044166564941,10.00385761260986,0.20108662545681,15.0,1.0,2973.0,11.522,425920409.0
4.564765453338623,7.989919662475586,-2.124437808990479,2.0,2.0,2974.0,9.444,425920411.0
5.790061473846436,10.13461208343506,0.6117026805877686,30.0,3.0,2974.0,11.688,425920413.0
4.442348480224609,7.772497653961182,-1.740177989006042,14.0,4.0,2975.0,9.120000000000001,425920416.0
4.600013256072998,8.041836738586426,-1.467355251312256,16.0,6.0,2977.0,9.38,425920420.0
22.85798263549805,39.94461441040039,5.650837898254395,1.0,7.0,2978.0,46.368,425920423.0
23.07314872741699,40.28798675537109,7.353358268737793,1.0,9.0,2980.0,47.006,425920427.0
5.717216491699219,9.98282241821289,-1.006474494934082,7.0,10.0,2980.0,11.548,425920430.0
22.77360153198242,39.74886322021484,8.904674530029297,0.0,11.0,2981.0,46.668,425920432.0
5.835988521575928,10.18196678161621,-0.6150521636009216,6.0,12.0,2982.0,11.752,425920434.0
22.23417282104492,38.77596282958984,10.31940460205078,1.0,13.0,2983.0,45.874,425920436.0
5.852635383605957,10.20275497436523,-0.2053101062774658,5.0,14.0,2984.0,11.764,425920439.0
19.22796630859375,33.50608825683594,10.35120868682861,0.0,15.0,2985.0,39.994,425920441.0
4.033583164215088,7.008953094482422,-2.166833162307739,8.0,0.0,2992.0,8.372,425920462.0
5.721988201141357,9.938796997070312,0.2001791000366211,36.0,1.0,2993.0,11.47,425920464.0
4.591655254364014,7.972248554229736,-2.123987913131714,6.0,2.0,2994.0,9.442,425920466.0
5.816431045532227,10.09876251220703,0.6107606291770935,8.0,3.0,2994.0,11.67,425920469.0
4.46749210357666,7.753541469573975,-1.739414811134338,15.0,4.0,2995.0,9.116,425920471.0
17.90384674072266,31.0604305267334,3.136560916900635,7.0,5.0,2996.0,35.988,425920473.0
4.617201805114746,8.00690746307373,-1.463913679122925,6.0,6.0,2997.0,9.358,425920476.0
22.90304183959961,39.70122909545898,5.627682685852051,1.0,7.0,2998.0,46.178,425920478.0
23.1888484954834,40.18045806884766,7.347726821899414,1.0,9.0,2999.0,46.97,425920483.0
6.022993087768555,10.43212985992432,-1.053887248039246,2.0,10.0,3000.0,12.092,425920485.0
22.88079071044922,39.61472320556641,8.892462730407715,0.0,11.0,3001.0,46.604,425920487.0
5.919457912445068,10.24454116821289,-0.6200764179229736,7.0,12.0,3002.0,11.848,425920489.0
22.38109397888184,38.71836090087891,10.32480335235596,1.0,13.0,3003.0,45.898,425920492.0
8.061508178710938,13.94045639038086,-0.2810884714126587,5.0,14.0,3004.0,16.106,425920494.0
19.34867668151855,33.44545364379883,10.35327911376953,1.0,15.0,3005.0,40.002,425920496.0
4.081290721893311,7.034934997558594,-2.179256439208984,10.0,0.0,3012.0,8.42,425920517.0
5.755642414093018,9.917033195495605,0.2001442015171051,40.0,1.0,3013.0,11.468,425920519.0
4.611627578735352,7.942689895629883,-2.120388746261597,9.0,2.0,3014.0,9.426,425920522.0
4.484669208526611,7.72092342376709,-1.735598564147949,13.0,4.0,3015.0,9.096,425920526.0
22.87506294250488,39.36648178100586,3.983366012573242,0.0,5.0,3016.0,45.704,425920529.0
22.97661781311035,39.50949859619141,5.611839294433594,1.0,7.0,3018.0,46.048,425920533.0
4.686744213104248,8.055866241455078,-1.144353151321411,26.0,8.0,3019.0,9.39,425920536.0
23.2932014465332,40.03779983520508,7.336463451385498,1.0,9.0,3019.0,46.898,425920538.0
6.058369159698486,10.40932083129883,-1.053712964057922,9.0,10.0,3020.0,12.09,425920540.0
23.01300621032715,39.52443313598633,8.890172958374023,0.0,11.0,3021.0,46.592,425920542.0
22.55044937133789,38.69892883300781,10.34055042266846,1.0,13.0,3023.0,45.968,425920547.0
6.293323993682861,10.79567050933838,-0.2181201726198196,4.0,14.0,3024.0,12.498,425920549.0
19.47503662109375,33.3943977355957,10.35845565795898,1.0,15.0,3025.0,40.022,425920552.0
4.139434337615967,7.083792686462402,-2.198409080505371,8.0,0.0,3030.0,8.494,425920572.0
5.78374195098877,9.893723487854004,0.2000394761562347,45.0,1.0,3031.0,11.462,425920575.0
4.634589672088623,7.924798488616943,-2.119488716125488,9.0,2.0,3032.0,9.422,425920577.0
6.585039138793945,11.25991916656494,0.6836122870445251,5.0,3.0,3032.0,13.062,425920579.0
4.506920337677002,7.703407287597656,-1.734835386276245,10.0,4.0,3033.0,9.092,425920582.0
22.97446823120117,39.25315475463867,3.979182481765747,0.0,5.0,3034.0,45.656,425920584.0
4.666211605072021,7.969290256500244,-1.462662220001221,11.0,6.0,3035.0,9.35,425920586.0
23.09561157226562,39.42855834960938,5.610620975494385,1.0,7.0,3036.0,46.038,425920588.0
23.41087913513184,39.95079040527344,7.33396053314209,1.0,9.0,3037.0,46.882,425920593.0
6.194825649261475,10.56727409362793,-1.071666955947876,12.0,10.0,3038.0,12.296,425920595.0
23.1231575012207,39.4282341003418,8.884830474853516,0.0,11.0,3039.0,46.564,425920598.0
6.276326179504395,10.69773864746094,-0.6500125527381897,16.0,12.0,3040.0,12.42,425920600.0
22.68473815917969,38.64974212646484,10.34639835357666,1.0,13.0,3041.0,45.994,425920602.0
6.328221321105957,10.7775707244873,-0.2181550860404968,6.0,14.0,3042.0,12.5,425920605.0
21.03345489501953,35.82200241088867,11.13077163696289,2.0,15.0,3042.0,43.006,425920607.0
4.20335578918457,7.135881900787354,-2.219114542007446,9.0,0.0,3050.0,8.574,425920628.0
5.812150478363037,9.863137245178223,0.1998300552368164,47.0,1.0,3051.0,11.45,425920630.0
4.680037975311279,7.938789844512939,-2.127587080001831,4.0,2.0,3052.0,9.458,425920632.0
6.596917629241943,11.19040966033936,0.6807861328125,17.0,3.0,3052.0,13.008,425920635.0
4.534780025482178,7.689319133758545,-1.735216975212097,7.0,4.0,3053.0,9.094,425920637.0
23.11134719848633,39.17272186279297,3.979182481765747,0.0,5.0,3054.0,45.656,425920639.0
4.678939819335938,7.927436351776123,-1.457969188690186,6.0,6.0,3055.0,9.32,425920641.0
23.27044677734375,39.41094589233398,5.61963939666748,1.0,7.0,3056.0,46.112,425920644.0
23.52808952331543,39.8314094543457,7.327077388763428,1.0,9.0,3057.0,46.838,425920648.0
6.256000995635986,10.58675289154053,-1.075850486755371,5.0,10.0,3058.0,12.344,425920651.0
23.23866653442383,39.31009674072266,8.876434326171875,0.0,11.0,3059.0,46.52,425920653.0
6.352263927459717,10.74109172821045,-0.6539900898933411,8.0,12.0,3060.0,12.496,425920655.0
21.88379096984863,36.98873519897461,9.922141075134277,1.0,13.0,3061.0,44.108,425920658.0
7.089977264404297,11.9789514541626,-0.2429724037647247,9.0,14.0,3062.0,13.922,425920660.0
21.15968704223633,35.73635864257812,11.12818336486816,2.0,15.0,3063.0,42.996,425920662.0
4.137958526611328,6.963577747344971,-2.170456409454346,9.0,0.0,3072.0,8.386000000000001,425920683.0
5.846913814544678,9.835590362548828,0.1997253447771072,40.0,1.0,3073.0,11.444,425920685.0
4.770251274108887,8.021257400512695,-2.154581308364868,0.0,2.0,3074.0,9.578,425920688.0
6.640764236450195,11.16212177276611,0.6806814670562744,27.0,3.0,3075.0,13.006,425920690.0
4.584347248077393,7.705595016479492,-1.742849349975586,9.0,4.0,3075.0,9.134,425920692.0
23.21879196166992,39.01178359985352,3.971861600875854,0.0,5.0,3076.0,45.572,425920694.0
23.4165210723877,39.31277465820312,5.618420600891113,1.0,7.0,3078.0,46.102,425920699.0
4.750523567199707,7.972240447998047,-1.139478325843811,26.0,8.0,3079.0,9.35,425920701.0
23.66366577148438,39.7119255065918,7.32175874710083,1.0,9.0,3079.0,46.804,425920704.0
6.854648590087891,11.498779296875,-1.171198844909668,32.0,10.0,3080.0,13.438,425920706.0
23.36329078674316,39.17673492431641,8.866512298583984,0.0,11.0,3081.0,46.468,425920708.0
7.431066989898682,12.45584297180176,-0.7601274251937866,12.0,12.0,3082.0,14.524,425920711.0
22.04163551330566,36.93120956420898,9.929339408874512,1.0,13.0,3083.0,44.14,425920713.0
7.136945724487305,11.95335674285889,-0.2430073022842407,11.0,14.0,3084.0,13.924,425920715.0
21.27864074707031,35.6386604309082,11.12197208404541,2.0,15.0,3084.0,42.972,425920718.0
4.144372463226318,6.919259548187256,-2.161139011383057,8.0,0.0,3092.0,8.35,425920738.0
5.884294509887695,9.820266723632812,0.1998300552368164,24.0,1.0,3093.0,11.45,425920741.0
7.286002635955811,12.15475845336914,-3.271688222885132,5.0,2.0,3094.0,14.544,425920743.0
4.630400657653809,7.721536159515381,-1.750100135803223,10.0,4.0,3095.0,9.172,425920747.0
23.33022689819336,38.88949203491211,3.967678070068359,0.0,5.0,3096.0,45.524,425920750.0
23.55054092407227,39.22568893432617,5.61768913269043,1.0,7.0,3098.0,46.096,425920754.0
4.785477638244629,7.967521667480469,-1.141184568405151,48.0,8.0,3099.0,9.364,425920757.0
23.78158950805664,39.5792121887207,7.313311100006104,1.0,9.0,3100.0,46.75,425920759.0
7.046616077423096,11.72753810882568,-1.196996927261353,5.0,10.0,3100.0,13.734,425920761.0
23.47158050537109,39.04782867431641,8.855827331542969,0.0,11.0,3101.0,46.412,425920764.0
6.399950981140137,10.64288997650146,-0.6508499383926392,6.0,12.0,3102.0,12.436,425920766.0
22.56821632385254,37.51531219482422,10.10750102996826,0.0,13.0,3103.0,44.932,425920768.0
7.166254043579102,11.90781116485596,-0.2425884455442429,7.0,14.0,3104.0,13.9,425920771.0
20.74151611328125,34.45154571533203,10.77515411376953,0.0,15.0,3105.0,41.632,425920773.0
4.149126052856445,6.878084659576416,-2.152339220046997,4.0,0.0,3110.0,8.316,425920794.0
5.928548336029053,9.823989868164062,0.2002838104963303,9.0,1.0,3111.0,11.476,425920796.0
7.322137832641602,12.12847232818604,-3.270788431167603,5.0,2.0,3112.0,14.54,425920798.0
19.73195838928223,32.67134857177734,2.000280141830444,1.0,3.0,3113.0,38.22,425920800.0
4.671890258789062,7.735520362854004,-1.756587624549866,11.0,4.0,3113.0,9.206,425920803.0
23.47701454162598,38.85693359375,3.971861600875854,0.0,5.0,3114.0,45.572,425920805.0
4.772937774658203,7.896600723266602,-1.461410760879517,65.0,6.0,3115.0,9.342,425920807.0
23.65311241149902,39.11753845214844,5.612814426422119,1.0,7.0,3116.0,46.056,425920810.0
4.803292274475098,7.940558433532715,-1.139478325843811,65.0,8.0,3117.0,9.35,425920812.0
23.81303596496582,39.36650085449219,7.287030220031738,1.0,9.0,3117.0,46.582,425920814.0
4.863600730895996,8.037089347839355,-0.8218786716461182,13.0,10.0,3118.0,9.43,425920817.0
23.53109931945801,38.86977005004883,8.83216667175293,0.0,11.0,3119.0,46.288,425920819.0
6.401281356811523,10.5697717666626,-0.6476051211357117,8.0,12.0,3120.0,12.374,425920821.0
23.19489860534668,38.28424835205078,10.33425140380859,1.0,13.0,3121.0,45.94,425920824.0
7.202591419219971,11.88352870941162,-0.2425535470247269,2.0,14.0,3122.0,13.898,425920826.0
21.53856658935547,35.53639984130859,11.13439559936523,1.0,15.0,3122.0,43.02,425920828.0
4.772278785705566,7.849020004272461,-2.461369037628174,2.0,0.0,3130.0,9.51,425920849.0
5.992940425872803,9.852781295776367,0.2012960612773895,4.0,1.0,3131.0,11.534,425920851.0
7.37050724029541,12.11282825469971,-3.27348780632019,6.0,2.0,3132.0,14.552,425920853.0
20.18132019042969,33.1533203125,2.034089326858521,1.0,3.0,3133.0,38.866,425920856.0
4.732551097869873,7.774506092071533,-1.7691810131073,16.0,4.0,3133.0,9.272,425920858.0
23.57520294189453,38.71348571777344,3.965586185455322,0.0,5.0,3134.0,45.5,425920860.0
4.798417568206787,7.876518249511719,-1.460785031318665,74.0,6.0,3135.0,9.338000000000001,425920863.0
23.77815055847168,39.01608657836914,5.610133171081543,1.0,7.0,3136.0,46.034,425920865.0
4.833047389984131,7.927133560180664,-1.139965891838074,63.0,8.0,3137.0,9.354000000000001,425920867.0
23.86458778381348,39.12717437744141,7.258872032165527,1.0,9.0,3138.0,46.402,425920870.0
4.873988628387451,7.991146564483643,-0.8189153671264648,26.0,10.0,3138.0,9.396,425920872.0
23.63391304016113,38.73376846313477,8.819954872131348,0.0,11.0,3139.0,46.224,425920874.0
23.35479927062988,38.24629211425781,10.34594917297363,1.0,13.0,3141.0,45.992,425920879.0
7.233604431152344,11.84124946594238,-0.2422045022249222,4.0,14.0,3142.0,13.878,425920881.0
21.67773628234863,35.47205352783203,11.13905429840088,1.0,15.0,3143.0,43.038,425920883.0
4.792582511901855,7.820783615112305,-2.457745552062988,4.0,0.0,3150.0,9.496,425920904.0
6.144351959228516,10.02274417877197,0.2052053958177567,4.0,1.0,3151.0,11.758,425920906.0
5.297728061676025,8.638336181640625,-2.33949089050293,1.0,2.0,3152.0,10.4,425920909.0
20.44732475280762,33.32781982421875,2.049162149429321,0.0,3.0,3153.0,39.154,425920911.0
4.787380695343018,7.803121089935303,-1.779484748840332,15.0,4.0,3153.0,9.326,425920913.0
6.069809436798096,9.889525413513184,1.015190124511719,10.0,5.0,3154.0,11.648,425920916.0
4.812445640563965,7.837836742401123,-1.456717729568481,27.0,6.0,3155.0,9.312,425920918.0
23.88614463806152,38.88718032836914,5.603552341461182,1.0,7.0,3156.0,45.98,425920920.0
4.86380672454834,7.91528844833374,-1.140697002410889,71.0,8.0,3157.0,9.36,425920923.0
24.01282119750977,39.07811737060547,7.264503479003906,1.0,9.0,3157.0,46.438,425920925.0
4.902896881103516,7.975781917572021,-0.8190896511077881,49.0,10.0,3158.0,9.398,425920927.0
23.66819000244141,38.48714447021484,8.782556533813477,0.0,11.0,3159.0,46.028,425920929.0
6.043743133544922,9.82396411895752,-0.6044802665710449,12.0,12.0,3160.0,11.55,425920932.0
23.4932689666748,38.17283248901367,10.34819793701172,1.0,13.0,3161.0,46.002,425920934.0
7.268603324890137,11.8057107925415,-0.2419950664043427,4.0,14.0,3162.0,13.866,425920936.0
21.80537414550781,35.41642379760742,11.14423084259033,1.0,15.0,3162.0,43.058,425920939.0
4.229045391082764,6.847407817840576,-2.156480312347412,1.0,0.0,3170.0,8.332,425920959.0
6.188759803771973,10.01654529571533,0.2055195420980453,4.0,1.0,3171.0,11.776,425920962.0
5.307357311248779,8.586638450622559,-2.330492973327637,2.0,2.0,3172.0,10.36,425920964.0
20.99734878540039,33.95782089233398,2.092391490936279,0.0,3.0,3173.0,39.98,425920966.0
4.826979637145996,7.806400299072266,-1.784064054489136,19.0,4.0,3173.0,9.35,425920969.0
6.151459217071533,9.944525718688965,1.02303409576416,14.0,5.0,3174.0,11.738,425920971.0
24.00606727600098,38.77824783325195,5.599896430969238,1.0,7.0,3176.0,45.95,425920976.0
4.889316558837891,7.89488697052002,-1.140209555625916,86.0,8.0,3177.0,9.356,425920978.0
23.81985664367676,38.44745635986328,7.16344690322876,1.0,9.0,3178.0,45.792,425920980.0
4.938052654266357,7.970474720001221,-0.8203098773956299,85.0,10.0,3178.0,9.412,425920982.0
23.8044605255127,38.40763092041016,8.783319473266602,0.0,11.0,3179.0,46.032,425920985.0
6.072735786437988,9.794320106506348,-0.603956937789917,11.0,12.0,3180.0,11.54,425920987.0
23.6479434967041,38.12537002563477,10.35764598846436,1.0,13.0,3181.0,46.044,425920989.0
7.287627696990967,11.74458408355713,-0.2412620633840561,3.0,14.0,3182.0,13.824,425920992.0
21.24730491638184,34.22836685180664,10.79482460021973,1.0,15.0,3183.0,41.708,425920994.0
4.263304233551025,6.846620559692383,-2.161139011383057,2.0,0.0,3191.0,8.35,425921015.0
6.209571361541748,9.96833610534668,0.2049959599971771,9.0,1.0,3192.0,11.746,425921017.0
5.360437393188477,8.601860046386719,-2.339940786361694,1.0,2.0,3193.0,10.402,425921019.0
6.088196754455566,9.765893936157227,0.6031195521354675,25.0,3.0,3194.0,11.524,425921022.0
4.85036563873291,7.780325889587402,-1.782155990600586,21.0,4.0,3194.0,9.34,425921024.0
4.795215129852295,7.685883045196533,-1.434816956520081,3.0,6.0,3196.0,9.172,425921029.0
24.11335182189941,38.63442611694336,5.591853141784668,1.0,7.0,3197.0,45.884,425921031.0
4.911911487579346,7.86681079864502,-1.138747096061707,86.0,8.0,3198.0,9.344,425921033.0
23.95496368408203,38.36574935913086,7.163759708404541,1.0,9.0,3198.0,45.794,425921035.0
4.95562219619751,7.93373441696167,-0.8183923959732056,78.0,10.0,3199.0,9.39,425921038.0
23.93258666992188,38.30014419555664,8.778739929199219,0.0,11.0,3200.0,46.008,425921040.0
6.102241039276123,9.761835098266602,-0.6033288836479187,10.0,12.0,3201.0,11.528,425921042.0
23.78958892822266,38.04174423217773,10.35854625701904,1.0,13.0,3202.0,46.048,425921045.0
7.340169906616211,11.73305225372314,-0.2415762096643448,4.0,14.0,3203.0,13.842,425921047.0
21.37075424194336,34.16054153442383,10.79689502716064,0.0,15.0,3203.0,41.716,425921049.0
4.260478973388672,6.7891526222229,-2.147680521011353,2.0,0.0,3211.0,8.298,425921070.0
6.211369514465332,9.894097328186035,0.2039139121770859,20.0,1.0,3212.0,11.684,425921072.0
8.527679443359375,13.57848739624023,-3.701794624328613,3.0,2.0,3213.0,16.456,425921075.0
6.220001220703125,9.900171279907227,0.6127493977546692,20.0,3.0,3214.0,11.708,425921077.0
4.877494812011719,7.763347625732422,-1.782155990600586,22.0,4.0,3214.0,9.34,425921079.0
4.828323364257812,7.679131507873535,-1.436694145202637,3.0,6.0,3216.0,9.184000000000001,425921084.0
23.83903121948242,37.89973449707031,5.497526168823242,1.0,7.0,3217.0,45.11,425921086.0
4.928769588470459,7.832815647125244,-1.136309742927551,86.0,8.0,3218.0,9.324,425921088.0
24.0838451385498,38.25930404663086,7.160318374633789,1.0,9.0,3219.0,45.772,425921091.0
4.981163024902344,7.913015365600586,-0.8180438280105591,68.0,10.0,3219.0,9.386000000000001,425921093.0
24.09751892089844,38.26620864868164,8.790188789367676,0.0,11.0,3220.0,46.068,425921095.0
23.90872573852539,37.93703842163086,10.35269737243652,1.0,13.0,3222.0,46.022,425921100.0
8.822957038879395,13.99436187744141,-0.2887675166130066,5.0,14.0,3223.0,16.546,425921102.0
21.51745796203613,34.11629867553711,10.80776596069336,1.0,15.0,3224.0,41.758,425921105.0
6.24693775177002,9.874045372009277,0.2039488255977631,36.0,1.0,3232.0,11.686,425921128.0
0.4825275838375092,0.7623990178108215,-0.2083046734333038,2.0,2.0,3233.0,0.926,425921130.0
4.901413440704346,7.741298675537109,-1.78101110458374,24.0,4.0,3234.0,9.334,425921135.0
23.71875381469727,37.44696426391602,3.878082036972046,0.0,5.0,3235.0,44.496,425921137.0
4.904791831970215,7.740654945373535,-1.451398968696594,29.0,6.0,3236.0,9.278,425921139.0
23.95736503601074,37.79449462890625,5.494357585906982,1.0,7.0,3237.0,45.084,425921141.0
4.956081390380859,7.815563678741455,-1.136309742927551,78.0,8.0,3238.0,9.324,425921144.0
24.56180000305176,38.73308181762695,7.264190673828125,1.0,9.0,3238.0,46.436,425921146.0
5.005552768707275,7.890532493591309,-0.8175208568572998,63.0,10.0,3239.0,9.38,425921148.0
24.2688159942627,38.24153518676758,8.803927421569824,0.0,11.0,3240.0,46.14,425921151.0
24.03160285949707,37.83854675292969,10.34864807128906,1.0,13.0,3242.0,46.004,425921155.0
8.885693550109863,13.98542022705078,-0.2892212867736816,5.0,14.0,3243.0,16.572,425921158.0
21.66880416870117,34.10508728027344,10.82691860198975,1.0,15.0,3243.0,41.832,425921160.0
4.089735507965088,6.417127132415771,-2.038976430892944,2.0,0.0,3251.0,7.878,425921181.0
6.27276611328125,9.838689804077148,0.2036695778369904,33.0,1.0,3252.0,11.67,425921183.0
8.903108596801758,13.95894718170166,-3.822368383407593,3.0,2.0,3253.0,16.992,425921185.0
6.323342800140381,9.910385131835938,0.6160988807678223,17.0,3.0,3254.0,11.772,425921188.0
4.819636344909668,7.553671360015869,-1.74170446395874,13.0,4.0,3254.0,9.128,425921190.0
23.83645820617676,37.34379196166992,3.875990152359009,1.0,5.0,3255.0,44.472,425921192.0
24.40011978149414,38.19745254516602,5.565285205841064,1.0,7.0,3257.0,45.666,425921197.0
4.981194972991943,7.794870376586914,-1.135822296142578,84.0,8.0,3258.0,9.32,425921199.0
24.68728065490723,38.63212966918945,7.261374950408936,1.0,9.0,3258.0,46.418,425921201.0
5.033065319061279,7.873011589050293,-0.8175208568572998,63.0,10.0,3259.0,9.38,425921204.0
24.37253952026367,38.11027908325195,8.793241500854492,0.0,11.0,3260.0,46.084,425921206.0
6.98556661605835,10.91882705688477,-0.6793206930160522,34.0,12.0,3261.0,12.98,425921208.0
24.16879081726074,37.76263427734375,10.35089778900146,1.0,13.0,3262.0,46.014,425921211.0
21.88980484008789,34.18868255615234,10.87764644622803,0.0,15.0,3263.0,42.028,425921215.0
3.806251764297485,5.93112325668335,-1.888343811035156,1.0,0.0,3269.0,7.296,425921236.0
6.608040332794189,10.28913021087646,-2.823135614395142,1.0,2.0,3271.0,12.55,425921241.0
4.94203519821167,7.692103862762451,-1.777194976806641,22.0,4.0,3272.0,9.314,425921245.0
23.96120071411133,37.28045272827148,3.877210378646851,1.0,5.0,3273.0,44.486,425921247.0
4.962431907653809,7.71792459487915,-1.45327615737915,52.0,6.0,3274.0,9.290000000000001,425921250.0
24.55436325073242,38.17403411865234,5.573085308074951,1.0,7.0,3275.0,45.73,425921252.0
5.005658626556396,7.779183387756348,-1.135822296142578,78.0,8.0,3276.0,9.32,425921254.0
24.79386901855469,38.51683044433594,7.255117416381836,1.0,9.0,3277.0,46.378,425921257.0
5.053460597991943,7.850460052490234,-0.8168236017227173,63.0,10.0,3277.0,9.372,425921259.0
24.52190780639648,38.07973861694336,8.803927421569824,0.0,11.0,3278.0,46.14,425921261.0
7.093386173248291,11.01100063323975,-0.6864383816719055,16.0,12.0,3279.0,13.116,425921264.0
23.58529853820801,36.59722137451172,10.05171298980713,1.0,13.0,3280.0,44.684,425921266.0
6.244468688964844,9.685805320739746,-0.2011564373970032,28.0,14.0,3281.0,11.526,425921268.0
3.650691747665405,5.645270347595215,-1.801380515098572,1.0,0.0,3289.0,6.96,425921291.0
6.816887378692627,10.53730297088623,0.2190626114606857,29.0,1.0,3290.0,12.552,425921294.0
6.6608567237854,10.29217720031738,-2.830334186553955,0.0,2.0,3291.0,12.582,425921296.0
23.85591888427734,36.84742736816406,2.300479173660278,1.0,3.0,3292.0,43.956,425921298.0
4.974190711975098,7.683045864105225,-1.77910304069519,27.0,4.0,3292.0,9.324,425921300.0
4.97000789642334,7.670714855194092,-1.447644591331482,56.0,6.0,3294.0,9.254,425921305.0
24.67667007446289,38.07143402099609,5.570647716522217,1.0,7.0,3295.0,45.71,425921307.0
5.026302337646484,7.751669406890869,-1.134359836578369,84.0,8.0,3296.0,9.308,425921310.0
24.91526794433594,38.41016006469727,7.251363277435303,1.0,9.0,3297.0,46.354,425921312.0
5.078664302825928,7.829429149627686,-0.816474974155426,63.0,10.0,3297.0,9.368,425921314.0
10.36489486694336,15.96663856506348,-0.9976279735565186,13.0,12.0,3299.0,19.062,425921319.0
23.6959228515625,36.48852157592773,10.04451465606689,0.0,13.0,3300.0,44.652,425921321.0
6.291313171386719,9.68407154083252,-0.201575294137001,6.0,14.0,3301.0,11.55,425921323.0
22.70206451416016,34.93141174316406,11.16286563873291,1.0,15.0,3302.0,43.13,425921326.0
3.575451612472534,5.486824989318848,-1.754793167114258,1.0,0.0,3309.0,6.78,425921347.0
6.934438705444336,10.63740730285645,0.2216455638408661,27.0,1.0,3310.0,12.7,425921349.0
12.17996025085449,18.67689514160156,-5.147779941558838,6.0,2.0,3311.0,22.884,425921351.0
24.04768943786621,36.8609504699707,2.306550264358521,1.0,3.0,3312.0,44.072,425921353.0
4.988106727600098,7.645904541015625,-1.774523615837097,31.0,4.0,3312.0,9.3,425921356.0
4.996753215789795,7.653319358825684,-1.447644591331482,63.0,6.0,3314.0,9.254,425921360.0
24.78987312316895,37.95514678955078,5.56626033782959,1.0,7.0,3315.0,45.674,425921363.0
5.044643878936768,7.720782279968262,-1.132409930229187,76.0,8.0,3316.0,9.292,425921365.0
25.03622245788574,38.30311584472656,7.247608661651611,1.0,9.0,3317.0,46.33,425921367.0
5.105963230133057,7.811653614044189,-0.816474974155426,63.0,10.0,3317.0,9.368,425921370.0
9.87389850616455,15.09464740753174,-0.945292055606842,10.0,12.0,3319.0,18.062,425921374.0
24.32252883911133,37.16872024536133,10.2550687789917,1.0,13.0,3320.0,45.588,425921376.0
6.777417182922363,10.35303497314453,-0.2159909754991531,19.0,14.0,3321.0,12.376,425921379.0
22.83364677429199,34.88018417358398,11.17063045501709,1.0,15.0,3321.0,43.16,425921381.0
3.386754035949707,5.157802104949951,-1.653336048126221,1.0,0.0,3329.0,6.388,425921402.0
12.89575386047363,19.62444496154785,-5.42132043838501,7.0,2.0,3331.0,24.1,425921406.0
5.007216453552246,7.616962909698486,-1.771852374076843,32.0,4.0,3332.0,9.286,425921411.0
24.68636512756348,37.53855133056641,3.930723905563354,0.0,5.0,3333.0,45.1,425921413.0
5.03212308883667,7.649033069610596,-1.45014750957489,69.0,6.0,3334.0,9.27,425921416.0
24.92002868652344,37.86506652832031,5.565773010253906,1.0,7.0,3335.0,45.67,425921418.0
5.073746681213379,7.706442356109619,-1.13289737701416,59.0,8.0,3336.0,9.296,425921420.0
25.1328296661377,38.15939712524414,7.236971378326416,1.0,9.0,3337.0,46.262,425921423.0
5.124432563781738,7.780471324920654,-0.8150805234909058,53.0,10.0,3337.0,9.352,425921425.0
7.525959491729736,11.41805267333984,-0.7166885733604431,3.0,12.0,3339.0,13.694,425921429.0
24.42530632019043,37.04291915893555,10.243821144104,1.0,13.0,3340.0,45.538,425921432.0
6.824525833129883,10.34600734710693,-0.216340035200119,37.0,14.0,3341.0,12.396,425921434.0
21.68091583251953,32.86835098266602,10.55049991607666,1.0,15.0,3341.0,40.764,425921436.0
3.31180477142334,5.003591060638428,-1.607783913612366,10.0,0.0,3350.0,6.212,425921458.0
24.37293815612793,36.80953216552734,0.7705935835838318,0.0,1.0,3351.0,44.154,425921460.0
7.131639003753662,10.76656341552734,-2.981501340866089,9.0,2.0,3352.0,13.254,425921463.0
6.980522632598877,10.53842544555664,0.6624685525894165,2.0,3.0,3352.0,12.658,425921465.0
5.032931327819824,7.595285892486572,-1.77108907699585,29.0,4.0,3353.0,9.282,425921467.0
24.79296112060547,37.40132141113281,3.925843238830566,0.0,5.0,3354.0,45.044,425921470.0
5.042656898498535,7.60419750213623,-1.445141553878784,45.0,6.0,3355.0,9.238,425921472.0
25.03669548034668,37.74039077758789,5.560898303985596,1.0,7.0,3356.0,45.63,425921474.0
5.097567558288574,7.681178569793701,-1.131922483444214,78.0,8.0,3357.0,9.288,425921476.0
25.25277137756348,38.05168533325195,7.233216762542725,1.0,9.0,3357.0,46.238,425921479.0
5.145201206207275,7.750018119812012,-0.813860297203064,48.0,10.0,3358.0,9.338000000000001,425921481.0
25.46617698669434,38.34419631958008,8.947415351867676,0.0,11.0,3359.0,46.892,425921483.0
10.5851354598999,15.93190956115723,-1.002442955970764,13.0,12.0,3360.0,19.154,425921486.0
24.55443954467773,36.94341278076172,10.24112129211426,1.0,13.0,3361.0,45.526,425921488.0
6.861292839050293,10.31925868988037,-0.2163051217794418,32.0,14.0,3362.0,12.394,425921490.0
21.69855499267578,32.63423156738281,10.50080585479736,1.0,15.0,3362.0,40.572,425921493.0
3.219918966293335,4.828064918518066,-1.55498480796814,1.0,0.0,3370.0,6.008,425921513.0
21.32944297790527,31.97006034851074,0.6708356142044067,1.0,1.0,3371.0,38.438,425921516.0
10.07709217071533,15.09854221343994,-4.19083833694458,5.0,2.0,3372.0,18.63,425921518.0
7.154403686523438,10.71541690826416,0.6752384901046753,1.0,3.0,3373.0,12.902,425921520.0
5.061593532562256,7.580936908721924,-1.771852374076843,29.0,4.0,3373.0,9.286,425921523.0
24.92557907104492,37.31786346435547,3.926191806793213,0.0,5.0,3374.0,45.048,425921525.0
5.065877437591553,7.581621646881104,-1.444203019142151,58.0,6.0,3375.0,9.232,425921527.0
25.12856864929199,37.59335327148438,5.552123546600342,1.0,7.0,3376.0,45.558,425921529.0
5.12214183807373,7.660037517547607,-1.131435036659241,73.0,8.0,3377.0,9.284,425921532.0
25.38108444213867,37.94245529174805,7.230088233947754,1.0,9.0,3378.0,46.218,425921534.0
5.167791366577148,7.725386619567871,-0.8131631016731262,48.0,10.0,3378.0,9.33,425921536.0
25.61624526977539,38.279541015625,8.953139305114746,1.0,11.0,3379.0,46.922,425921539.0
8.117451667785645,12.12570476531982,-0.7647330164909363,3.0,12.0,3380.0,14.612,425921541.0
24.68216133117676,36.85585784912109,10.24067211151123,0.0,13.0,3381.0,45.524,425921543.0
6.416455268859863,9.577552795410156,-0.2012262493371964,8.0,14.0,3382.0,11.53,425921546.0
21.80618858337402,32.53683090209961,10.49511241912842,1.0,15.0,3383.0,40.55,425921548.0
3.131423234939575,4.661806583404541,-1.50477397441864,3.0,0.0,3389.0,5.814,425921569.0
6.977444171905518,10.38353157043457,0.2183645069599152,18.0,1.0,3390.0,12.512,425921571.0
12.6395845413208,18.80259704589844,-5.23056173324585,9.0,2.0,3391.0,23.252,425921573.0
6.528395175933838,9.711615562438965,0.6132727265357971,2.0,3.0,3391.0,11.718,425921576.0
5.088895797729492,7.567368984222412,-1.772615551948547,32.0,4.0,3392.0,9.290000000000001,425921578.0
25.02472496032715,37.19863128662109,3.922357082366943,0.0,5.0,3393.0,45.004,425921580.0
5.096505641937256,7.572975158691406,-1.445767283439636,74.0,6.0,3394.0,9.242,425921582.0
25.2464427947998,37.49993896484375,5.550661087036133,1.0,7.0,3395.0,45.546,425921585.0
5.138644218444824,7.629837512969971,-1.129485130310059,66.0,8.0,3396.0,9.268,425921587.0
25.47806930541992,37.81548690795898,7.221953392028809,1.0,9.0,3397.0,46.166,425921589.0
5.192267894744873,7.706554889678955,-0.8129887580871582,63.0,10.0,3397.0,9.328,425921592.0
25.71122360229492,38.14717483520508,8.942072868347168,1.0,11.0,3398.0,46.864,425921594.0
10.71901512145996,15.89757823944092,-1.004850387573242,13.0,12.0,3399.0,19.2,425921596.0
22.9005012512207,33.95138931274414,9.454692840576172,2.0,13.0,3400.0,42.03,425921599.0
6.456009864807129,9.567825317382812,-0.2014705836772919,37.0,14.0,3401.0,11.544,425921601.0
21.97853469848633,32.5722541809082,10.52875900268555,0.0,15.0,3401.0,40.68,425921603.0
3.057805061340332,4.518057346343994,-1.461809992790222,1.0,0.0,3409.0,5.648,425921624.0
6.492331981658936,9.589134216308594,0.2021337747573853,22.0,1.0,3410.0,11.582,425921626.0
9.015775680541992,13.31124019622803,-3.711692333221436,2.0,2.0,3411.0,16.5,425921628.0
24.90834617614746,36.7756462097168,2.32779860496521,0.0,3.0,3411.0,44.478,425921631.0
5.108672618865967,7.539807319641113,-1.770325899124146,38.0,4.0,3412.0,9.278,425921633.0
24.8503589630127,36.66246032714844,3.87494421005249,0.0,5.0,3413.0,44.46,425921635.0
5.116257667541504,7.545329093933105,-1.44389009475708,74.0,6.0,3414.0,9.23,425921638.0
25.34821510314941,37.36886978149414,5.544323921203613,1.0,7.0,3415.0,45.494,425921640.0
5.160787582397461,7.605283737182617,-1.128510117530823,68.0,8.0,3416.0,9.26,425921642.0
25.60103797912598,37.7132453918457,7.2194504737854,1.0,9.0,3417.0,46.15,425921645.0
5.219137191772461,7.68838357925415,-0.8129887580871582,66.0,10.0,3417.0,9.328,425921647.0
25.82988739013672,38.03607940673828,8.937111854553223,1.0,11.0,3418.0,46.838,425921649.0
23.01996803283691,33.87285614013672,9.455142974853516,2.0,13.0,3420.0,42.032,425921654.0
22.23329734802246,32.70302581787109,10.5960521697998,0.0,15.0,3421.0,40.94,425921658.0
2.982134342193604,4.373284816741943,-1.418328404426575,1.0,0.0,3429.0,5.48,425921679.0
25.02720260620117,36.6610107421875,2.326333284378052,1.0,3.0,3432.0,44.45,425921686.0
5.130532741546631,7.515442848205566,-1.768799424171448,46.0,4.0,3432.0,9.27,425921688.0
24.92761993408203,36.5014533996582,3.867100238800049,1.0,5.0,3433.0,44.37,425921691.0
5.14256477355957,7.527423858642578,-1.44389009475708,69.0,6.0,3434.0,9.23,425921693.0
25.47178077697754,37.27032852172852,5.542861461639404,1.0,7.0,3435.0,45.482,425921695.0
5.189544200897217,7.590500354766846,-1.128997564315796,62.0,8.0,3436.0,9.264,425921698.0
25.70143127441406,37.59226608276367,7.212567329406738,1.0,9.0,3436.0,46.106,425921700.0
5.233570575714111,7.652028560638428,-0.8110713362693787,71.0,10.0,3437.0,9.306000000000001,425921702.0
25.96139144897461,37.94406127929688,8.93673038482666,1.0,11.0,3438.0,46.836,425921705.0
6.468513011932373,9.450562477111816,-0.6001887321472168,16.0,12.0,3439.0,11.468,425921707.0
23.11384582519531,33.75691986083984,9.445244789123535,1.0,13.0,3440.0,41.988,425921709.0
23.58695793151855,34.42210006713867,11.18098258972168,0.0,15.0,3442.0,43.2,425921714.0
2.939403057098389,4.278457641601562,-1.390893578529358,3.0,0.0,3449.0,5.374000000000001,425921734.0
21.71497344970703,31.59548187255859,0.6691950559616089,4.0,1.0,3450.0,38.344,425921737.0
9.097444534301758,13.2319164276123,-3.707193374633789,33.0,2.0,3451.0,16.48,425921739.0
25.12487602233887,36.54325485229492,2.324135065078735,1.0,3.0,3451.0,44.408,425921741.0
5.147834777832031,7.48454761505127,-1.765746474266052,36.0,4.0,3452.0,9.254,425921744.0
25.02438926696777,36.36989974975586,3.862393856048584,1.0,5.0,3453.0,44.316,425921746.0
5.164329051971436,7.502918243408203,-1.442638635635376,74.0,6.0,3454.0,9.222,425921748.0
25.57920837402344,37.14848709106445,5.537986755371094,1.0,7.0,3455.0,45.442,425921751.0
5.213756084442139,7.569069385528564,-1.128510117530823,62.0,8.0,3456.0,9.26,425921753.0
25.82110786437988,37.47178649902344,7.207561492919922,1.0,9.0,3457.0,46.074,425921755.0
5.256857395172119,7.628791332244873,-0.8105484247207642,66.0,10.0,3457.0,9.3,425921758.0
26.06136894226074,37.80633163452148,8.925662994384766,1.0,11.0,3458.0,46.778,425921760.0
6.618247985839844,9.59727954864502,-0.6109699606895447,3.0,12.0,3459.0,11.674,425921762.0
23.26584243774414,33.72575759887695,9.459192276000977,2.0,13.0,3460.0,42.05,425921764.0
7.026069641113281,10.18106555938721,-0.2159211784601212,19.0,14.0,3461.0,12.372,425921767.0
23.71135902404785,34.34591674804688,11.1830530166626,1.0,15.0,3462.0,43.208,425921769.0
2.937827587127686,4.244344234466553,-1.383129000663757,3.0,0.0,3469.0,5.344,425921790.0
21.79211616516113,31.4718132019043,0.6681828498840332,3.0,1.0,3470.0,38.286,425921792.0
13.33031463623047,19.24424171447754,-5.404674053192139,14.0,2.0,3471.0,24.026,425921794.0
25.25000762939453,36.45204544067383,2.323925733566284,1.0,3.0,3471.0,44.404,425921797.0
5.171692848205566,7.463305473327637,-1.764983177185059,36.0,4.0,3472.0,9.25,425921799.0
25.13643455505371,36.26103973388672,3.860127925872803,1.0,5.0,3473.0,44.29,425921801.0
5.181482315063477,7.471859931945801,-1.440135717391968,69.0,6.0,3474.0,9.206,425921804.0
25.70193672180176,37.04918670654297,5.536524295806885,1.0,7.0,3475.0,45.43,425921806.0
5.240145206451416,7.550824165344238,-1.128510117530823,63.0,8.0,3476.0,9.26,425921808.0
25.92495536804199,37.35674285888672,7.201930046081543,1.0,9.0,3476.0,46.038,425921811.0
5.281182289123535,7.60712194442749,-0.8101997971534729,66.0,10.0,3477.0,9.296,425921813.0
26.17862129211426,37.69416809082031,8.92070198059082,1.0,11.0,3478.0,46.752,425921815.0
6.725780963897705,9.68073558807373,-0.6177736520767212,3.0,12.0,3479.0,11.804,425921817.0
23.43792152404785,33.72275161743164,9.481237411499023,3.0,13.0,3480.0,42.148,425921820.0
9.792128562927246,14.08378124237061,-0.2994134724140167,4.0,14.0,3481.0,17.156,425921822.0
23.84323883056641,34.2803840637207,11.18874740600586,2.0,15.0,3482.0,43.23,425921824.0
2.85096287727356,4.088280200958252,-1.335506319999695,1.0,0.0,3489.0,5.16,425921845.0
21.93044281005859,31.43655395507812,0.6690554618835449,2.0,1.0,3490.0,38.336,425921847.0
10.54796409606934,15.11452960968018,-4.255174160003662,35.0,2.0,3491.0,18.916,425921850.0
25.31880187988281,36.28015518188477,2.3185875415802,1.0,3.0,3491.0,44.302,425921852.0
5.197713375091553,7.445207118988037,-1.764983177185059,39.0,4.0,3492.0,9.25,425921854.0
25.25829315185547,36.16654586791992,3.859430551528931,1.0,5.0,3493.0,44.282,425921857.0
5.203006744384766,7.447250366210938,-1.438884258270264,67.0,6.0,3494.0,9.198,425921859.0
25.78789138793945,36.89741516113281,5.527262210845947,1.0,7.0,3495.0,45.354,425921861.0
5.257370948791504,7.519471168518066,-1.126560211181641,68.0,8.0,3496.0,9.244,425921864.0
26.03255844116211,37.233642578125,7.195672512054443,1.0,9.0,3496.0,45.998,425921866.0
5.307703971862793,7.588640689849854,-0.8101997971534729,61.0,10.0,3497.0,9.296,425921868.0
26.28752899169922,37.57038879394531,8.913069725036621,1.0,11.0,3498.0,46.712,425921870.0
6.758386611938477,9.655563354492188,-0.6176689267158508,3.0,12.0,3499.0,11.802,425921873.0
23.56890678405762,33.65988540649414,9.4866361618042,2.0,13.0,3500.0,42.172,425921875.0
9.869912147521973,14.09046077728271,-0.3002861142158508,4.0,14.0,3501.0,17.206,425921877.0
23.38516426086426,33.37267684936523,10.91905784606934,0.0,15.0,3502.0,42.188,425921880.0
0.5175158381462097,0.7366237640380859,-0.2412193566560745,1.0,0.0,3509.0,0.932,425921900.0
6.63569974899292,9.441645622253418,0.2014356702566147,11.0,1.0,3510.0,11.542,425921903.0
23.47769165039062,33.39298629760742,-9.424099922180176,2.0,2.0,3511.0,41.894,425921905.0
25.4567756652832,36.20789337158203,2.319634199142456,1.0,3.0,3511.0,44.322,425921907.0
5.220281600952148,7.422201156616211,-1.763838410377502,33.0,4.0,3512.0,9.244,425921910.0
25.39584922790527,36.09445190429688,3.861173629760742,1.0,5.0,3513.0,44.302,425921912.0
5.235792636871338,7.438735008239746,-1.44076144695282,74.0,6.0,3514.0,9.21,425921914.0
25.91424560546875,36.80392837524414,5.526774883270264,1.0,7.0,3515.0,45.35,425921916.0
5.283586978912354,7.501073837280273,-1.126560211181641,70.0,8.0,3516.0,9.244,425921919.0
26.1578197479248,37.13608551025391,7.19442081451416,1.0,9.0,3516.0,45.99,425921921.0
5.329570770263672,7.563552379608154,-0.8095025420188904,53.0,10.0,3517.0,9.288,425921923.0
26.40041542053223,37.45272445678711,8.906964302062988,1.0,11.0,3518.0,46.68,425921926.0
6.818522930145264,9.669454574584961,-0.6200764179229736,3.0,12.0,3519.0,11.848,425921928.0
24.73992919921875,35.07108306884766,9.90864372253418,0.0,13.0,3520.0,44.048,425921930.0
9.946708679199219,14.09513473510742,-0.3011238276958466,6.0,14.0,3521.0,17.254,425921933.0
23.36092758178711,33.10395812988281,10.85642337799072,0.0,15.0,3521.0,41.946,425921935.0
0.5178518295288086,0.7316591143608093,-0.2401840686798096,2.0,0.0,3529.0,0.928,425921956.0
6.672083377838135,9.423321723937988,0.201540395617485,15.0,1.0,3530.0,11.548,425921958.0
8.597597122192383,12.13832855224609,-3.434102773666382,8.0,2.0,3531.0,15.266,425921960.0
25.56453895568848,36.09273529052734,2.317959547042847,1.0,3.0,3531.0,44.29,425921963.0
5.238213062286377,7.392720222473145,-1.761167049407959,38.0,4.0,3532.0,9.23,425921965.0
25.60349082946777,36.12099075317383,3.873549938201904,0.0,5.0,3533.0,44.444,425921967.0
5.254871368408203,7.410745143890381,-1.438884258270264,72.0,6.0,3534.0,9.198,425921969.0
26.01729011535645,36.67762756347656,5.521412372589111,1.0,7.0,3535.0,45.306,425921972.0
5.307440757751465,7.479347229003906,-1.126072764396667,70.0,8.0,3536.0,9.24,425921974.0
26.26442527770996,37.01233291625977,7.188163757324219,1.0,9.0,3536.0,45.95,425921976.0
5.354786396026611,7.543278217315674,-0.8093281984329224,56.0,10.0,3537.0,9.286,425921979.0
26.52530479431152,37.35233688354492,8.90505599975586,1.0,11.0,3538.0,46.67,425921981.0
7.165217399597168,10.07871437072754,-0.215851366519928,4.0,14.0,3541.0,12.368,425921988.0
23.47874450683594,33.01338958740234,10.85487079620361,0.0,15.0,3542.0,41.94,425921990.0
0.4989708960056305,0.7000481486320496,-0.2303489446640015,2.0,0.0,3548.0,0.89,425922011.0
6.699812889099121,9.396259307861328,0.2014356702566147,9.0,1.0,3549.0,11.542,425922013.0
8.631011962890625,12.10023212432861,-3.431403398513794,15.0,2.0,3550.0,15.254,425922016.0
25.66716957092285,35.97076034545898,2.315865993499756,1.0,3.0,3551.0,44.25,425922018.0
5.261559009552002,7.373711109161377,-1.760785460472107,33.0,4.0,3551.0,9.228,425922020.0
25.91297149658203,36.30183410644531,3.90213680267334,0.0,5.0,3552.0,44.772,425922022.0
5.274825572967529,7.386848449707031,-1.43763267993927,74.0,6.0,3553.0,9.19,425922025.0
26.13415908813477,36.58468627929688,5.520437717437744,1.0,7.0,3554.0,45.298,425922027.0
5.327597141265869,7.455245494842529,-1.125097751617432,70.0,8.0,3555.0,9.232,425922029.0
26.3663444519043,36.89610290527344,7.182531833648682,1.0,9.0,3555.0,45.914,425922032.0
5.37050199508667,7.512513160705566,-0.8079337477684021,49.0,10.0,3556.0,9.27,425922034.0
26.62504196166992,37.23063659667969,8.897042274475098,1.0,11.0,3557.0,46.628,425922036.0
6.637820720672607,9.278450965881348,-0.5978859663009644,34.0,12.0,3558.0,11.424,425922039.0
26.21200942993164,36.62604904174805,10.39813709259033,1.0,13.0,3559.0,46.224,425922041.0
6.763238906860352,9.446791648864746,-0.2027969658374786,10.0,14.0,3560.0,11.62,425922043.0
24.32568740844727,33.97776031494141,11.19702911376953,2.0,15.0,3560.0,43.262,425922046.0
0.5081720948219299,0.7077174782752991,-0.2334547787904739,2.0,0.0,3568.0,0.902,425922066.0
25.53617286682129,35.55043411254883,0.7640314698219299,0.0,1.0,3569.0,43.778,425922069.0
6.393170833587646,8.897038459777832,-2.529349565505981,18.0,2.0,3570.0,11.244,425922071.0
25.77508735656738,35.85662078857422,2.314296007156372,1.0,3.0,3571.0,44.22,425922073.0
5.28039026260376,7.3457350730896,-1.758495688438416,33.0,4.0,3571.0,9.216000000000001,425922075.0
25.99765396118164,36.15292739868164,3.895861625671387,0.0,5.0,3572.0,44.7,425922078.0
5.293656826019287,7.358769416809082,-1.435755491256714,74.0,6.0,3573.0,9.178,425922080.0
26.23503494262695,36.45618057250977,5.51483154296875,1.0,7.0,3574.0,45.252,425922082.0
5.351268768310547,7.433381080627441,-1.124610304832458,73.0,8.0,3575.0,9.228,425922085.0
26.49216461181641,36.78639602661133,7.180028915405273,1.0,9.0,3576.0,45.898,425922087.0
5.395528316497803,7.492104053497314,-0.8077594041824341,53.0,10.0,3576.0,9.268,425922089.0
26.72844505310059,37.100830078125,8.888264656066895,1.0,11.0,3577.0,46.582,425922092.0
11.35750198364258,15.75915718078613,-1.018038988113403,14.0,12.0,3578.0,19.452,425922094.0
26.34881401062012,36.54697418212891,10.40173721313477,1.0,13.0,3579.0,46.24,425922096.0
6.700254440307617,9.290131568908691,-0.1999347656965256,19.0,14.0,3580.0,11.456,425922099.0
24.46362113952637,33.90717315673828,11.2032413482666,1.0,15.0,3581.0,43.286,425922101.0
0.5186901688575745,0.7168056964874268,-0.2370782494544983,2.0,0.0,3589.0,0.916,425922122.0
25.68623352050781,35.48413848876953,0.764624834060669,0.0,1.0,3590.0,43.812,425922124.0
6.422307968139648,8.86881160736084,-2.527999877929688,46.0,2.0,3591.0,11.238,425922126.0
25.87938690185547,35.72470855712891,2.311888456344604,1.0,3.0,3592.0,44.174,425922128.0
5.309582233428955,7.329512119293213,-1.759258985519409,36.0,4.0,3592.0,9.22,425922131.0
26.17207527160645,36.115478515625,3.90213680267334,0.0,5.0,3593.0,44.772,425922133.0
5.320592403411865,7.339317798614502,-1.435755491256714,74.0,6.0,3594.0,9.178,425922135.0
26.36964225769043,36.36138534545898,5.515075206756592,1.0,7.0,3595.0,45.254,425922138.0
5.373815059661865,7.407290935516357,-1.123635292053223,73.0,8.0,3596.0,9.22,425922140.0
26.60185050964355,36.66811370849609,7.175023078918457,1.0,9.0,3596.0,45.866,425922142.0
5.419441699981689,7.467440605163574,-0.8072364926338196,56.0,10.0,3597.0,9.262,425922145.0
26.87116622924805,37.01214981079102,8.890554428100586,1.0,11.0,3598.0,46.594,425922147.0
11.42457580566406,15.7303524017334,-1.018876433372498,19.0,12.0,3599.0,19.468,425922149.0
26.4848804473877,36.45331192016602,10.40263652801514,0.0,13.0,3600.0,46.244,425922152.0
10.2765645980835,14.1392879486084,-0.3051029741764069,4.0,14.0,3601.0,17.482,425922154.0
22.09900093078613,30.40550422668457,10.07168388366699,1.0,15.0,3601.0,38.914,425922156.0
2.518321990966797,3.454747915267944,-1.145533084869385,2.0,0.0,3609.0,4.426,425922177.0
25.79344367980957,35.37163925170898,0.7641361355781555,0.0,1.0,3610.0,43.784,425922179.0
6.444039344787598,8.833745002746582,-2.52440071105957,56.0,2.0,3611.0,11.222,425922181.0
25.99568939208984,35.62286376953125,2.311155796051025,1.0,3.0,3612.0,44.16,425922184.0
5.332819938659668,7.307761669158936,-1.758495688438416,32.0,4.0,3612.0,9.216000000000001,425922186.0
26.22279930114746,35.9209098815918,3.890980958938599,0.0,5.0,3613.0,44.644,425922188.0
5.346179008483887,7.320700645446777,-1.435755491256714,74.0,6.0,3614.0,9.178,425922191.0
26.46479034423828,36.22583770751953,5.50849437713623,1.0,7.0,3615.0,45.2,425922193.0
5.392610549926758,7.378871440887451,-1.122172951698303,70.0,8.0,3616.0,9.208,425922195.0
26.7127513885498,36.53847122192383,7.168766021728516,1.0,9.0,3617.0,45.826,425922198.0
5.434891700744629,7.434001922607422,-0.8056676983833313,15.0,10.0,3617.0,9.244,425922200.0
26.97586059570312,36.88484954833984,8.882540702819824,1.0,11.0,3618.0,46.552,425922202.0
11.49828433990479,15.71616744995117,-1.020551204681396,19.0,12.0,3619.0,19.5,425922204.0
27.18398094177246,37.1422004699707,10.6262378692627,1.0,13.0,3620.0,47.238,425922207.0
10.35420894622803,14.14205265045166,-0.3059406876564026,4.0,14.0,3621.0,17.53,425922209.0
22.24111557006836,30.36638450622559,10.08566093444824,0.0,15.0,3622.0,38.968,425922211.0
2.486325263977051,3.387199401855469,-1.125862836837769,2.0,0.0,3628.0,4.350000000000001,425922232.0
25.89757919311523,35.26818084716797,0.7637522220611572,0.0,1.0,3629.0,43.762,425922234.0
6.474451065063477,8.813897132873535,-2.524850606918335,77.0,2.0,3630.0,11.224,425922237.0
26.10776329040527,35.52841567993164,2.310632467269897,1.0,3.0,3631.0,44.15,425922239.0
5.354698657989502,7.286873340606689,-1.757732510566711,34.0,4.0,3631.0,9.212,425922241.0
26.32289123535156,35.80807113647461,3.888191938400269,0.0,5.0,3632.0,44.612,425922244.0
5.368085384368896,7.29974889755249,-1.435129761695862,74.0,6.0,3633.0,9.174,425922246.0
26.58006858825684,36.1314811706543,5.507519245147705,1.0,7.0,3634.0,45.192,425922248.0
5.417050361633301,7.360948085784912,-1.122172951698303,76.0,8.0,3635.0,9.208,425922251.0
26.80984497070312,36.43050765991211,7.16407299041748,1.0,9.0,3635.0,45.796,425922253.0
5.465419769287109,7.42396068572998,-0.8065392374992371,16.0,10.0,3636.0,9.254,425922255.0
27.08638572692871,36.77938079833984,8.878724098205566,1.0,11.0,3637.0,46.532,425922257.0
11.56336879730225,15.69563961029053,-1.021702527999878,19.0,12.0,3638.0,19.522,425922260.0
27.30006217956543,37.04243850708008,10.62353801727295,1.0,13.0,3639.0,47.226,425922262.0
10.44376850128174,14.16558265686035,-0.3071972727775574,4.0,14.0,3640.0,17.602,425922264.0
24.86879539489746,33.7312126159668,11.22912311553955,1.0,15.0,3640.0,43.386,425922267.0
2.422328233718872,3.27597975730896,-1.0916987657547,3.0,0.0,3648.0,4.218,425922287.0
25.99555778503418,35.14380645751953,0.7630192041397095,0.0,1.0,3649.0,43.72,425922290.0
6.510973930358887,8.799076080322266,-2.527100086212158,56.0,2.0,3650.0,11.234,425922292.0
26.21736145019531,35.41780090332031,2.30937647819519,1.0,3.0,3651.0,44.126,425922294.0
5.375430107116699,7.261825561523438,-1.756206035614014,30.0,4.0,3651.0,9.204,425922297.0
26.44061088562012,35.70635986328125,3.887146234512329,0.0,5.0,3652.0,44.6,425922299.0
5.388830184936523,7.274617195129395,-1.433878302574158,72.0,6.0,3653.0,9.166,425922301.0
26.6823902130127,36.00658416748047,5.502644538879395,1.0,7.0,3654.0,45.152,425922304.0
5.440347194671631,7.338805198669434,-1.121685385704041,78.0,8.0,3655.0,9.204,425922306.0
26.92201042175293,36.30344009399414,7.158441066741943,1.0,9.0,3656.0,45.76,425922308.0
5.488927364349365,7.401637077331543,-0.8061906099319458,11.0,10.0,3656.0,9.25,425922310.0
27.18068313598633,36.63888549804688,8.867657661437988,1.0,11.0,3657.0,46.474,425922313.0
11.64070129394531,15.68565368652344,-1.023691296577454,21.0,12.0,3658.0,19.56,425922315.0
24.19642448425293,32.5923957824707,9.371460914611816,1.0,13.0,3659.0,41.66,425922317.0
10.51699733734131,14.16114902496338,-0.3078953623771667,4.0,14.0,3660.0,17.642,425922320.0
24.98419570922852,33.62898254394531,11.22549915313721,2.0,15.0,3661.0,43.372,425922322.0
2.3581383228302,3.164838075637817,-1.057534575462341,2.0,0.0,3669.0,4.086,425922343.0
26.11463165283203,35.03546524047852,0.7627399563789368,0.0,1.0,3670.0,43.704,425922345.0
6.53269624710083,8.761093139648438,-2.523051023483276,68.0,2.0,3671.0,11.216,425922347.0
26.3446102142334,35.31826782226562,2.309167146682739,0.0,3.0,3672.0,44.122,425922350.0
5.380880355834961,7.213748455047607,-1.749336838722229,15.0,4.0,3672.0,9.168000000000001,425922352.0
26.56653785705566,35.60282516479492,3.886448860168457,0.0,5.0,3673.0,44.592,425922354.0
5.40482234954834,7.240570545196533,-1.431062459945679,19.0,6.0,3674.0,9.148,425922357.0
26.80705642700195,35.89900207519531,5.501182079315186,1.0,7.0,3675.0,45.14,425922359.0
5.469584941864014,7.321996688842773,-1.122172951698303,73.0,8.0,3676.0,9.208,425922361.0
27.04147529602051,36.19974899291992,7.156563758850098,1.0,9.0,3676.0,45.748,425922363.0
5.511248588562012,7.375085353851318,-0.8054933547973633,49.0,10.0,3677.0,9.242,425922366.0
27.30773544311523,36.52957916259766,8.865367889404297,1.0,11.0,3678.0,46.462,425922368.0
11.7088794708252,15.65727806091309,-1.024633407592773,19.0,12.0,3679.0,19.578,425922370.0
24.33206176757812,32.52534103393555,9.37775993347168,1.0,13.0,3680.0,41.688,425922373.0
7.398540496826172,9.886235237121582,-0.2155372202396393,3.0,14.0,3681.0,12.35,425922375.0
25.0991153717041,33.53847503662109,11.22446441650391,2.0,15.0,3681.0,43.368,425922377.0
2.27523946762085,3.031436204910278,-1.015605926513672,3.0,0.0,3689.0,3.924,425922398.0
26.23076629638672,34.93610000610352,0.7625654339790344,0.0,1.0,3690.0,43.694,425922400.0
6.555046081542969,8.72732925415039,-2.519901752471924,60.0,2.0,3691.0,11.202,425922403.0
26.4521369934082,35.20533752441406,2.307806253433228,1.0,3.0,3692.0,44.096,425922405.0
5.43315315246582,7.231021881103516,-1.758114099502563,41.0,4.0,3692.0,9.214,425922407.0
5.39801025390625,7.179030895233154,-1.422615051269531,3.0,6.0,3694.0,9.094,425922412.0
26.90237236022949,35.76554870605469,5.495088577270508,1.0,7.0,3695.0,45.09,425922414.0
5.487948894500732,7.293342113494873,-1.120710492134094,78.0,8.0,3696.0,9.196,425922416.0
27.16803359985352,36.09250259399414,7.154999732971191,1.0,9.0,3697.0,45.738,425922419.0
5.5501389503479,7.373312473297119,-0.8074107766151428,85.0,10.0,3697.0,9.264,425922421.0
27.41146278381348,36.40266799926758,8.857735633850098,1.0,11.0,3698.0,46.422,425922423.0
25.13973617553711,33.36155700683594,9.6441011428833,0.0,13.0,3700.0,42.872,425922428.0
10.70834159851074,14.20528984069824,-0.3105132281780243,3.0,14.0,3701.0,17.792,425922430.0
25.21954536437988,33.44317245483398,11.22342872619629,2.0,15.0,3702.0,43.364,425922433.0
2.237524032592773,2.960684537887573,-0.9943827986717224,3.0,0.0,3708.0,3.842,425922453.0
26.33682632446289,34.83616256713867,0.7622861862182617,0.0,1.0,3709.0,43.678,425922456.0
6.580424308776855,8.700881004333496,-2.51855206489563,75.0,2.0,3710.0,11.196,425922458.0
26.54583930969238,35.08716201782227,2.305817604064941,0.0,3.0,3711.0,44.058,425922460.0
5.444072246551514,7.195743083953857,-1.753916263580322,31.0,4.0,3711.0,9.192,425922463.0
26.82028388977051,35.43705368041992,3.888191938400269,0.0,5.0,3712.0,44.612,425922465.0
5.433711051940918,7.176840305328369,-1.425743699073792,3.0,6.0,3713.0,9.114,425922467.0
27.01723098754883,35.67139434814453,5.494357585906982,1.0,7.0,3714.0,45.084,425922469.0
5.500116348266602,7.259281158447266,-1.118273138999939,33.0,8.0,3715.0,9.176,425922472.0
27.27532196044922,35.99909973144531,7.153435230255127,1.0,9.0,3715.0,45.728,425922474.0
5.573355674743652,7.353279590606689,-0.8072364926338196,82.0,10.0,3716.0,9.262,425922476.0
27.54033088684082,36.3225212097168,8.860406875610352,1.0,11.0,3717.0,46.436,425922479.0
7.404857158660889,9.762613296508789,-0.6421622037887573,18.0,12.0,3718.0,12.27,425922481.0
6.907097339630127,9.099764823913574,-0.1994111984968185,4.0,14.0,3720.0,11.426,425922486.0
25.3385009765625,33.38224029541016,11.22964096069336,1.0,15.0,3720.0,43.388,425922488.0
2.206890106201172,2.899055957794189,-0.9762654304504395,4.0,0.0,3728.0,3.772,425922509.0
26.43888282775879,34.71856307983398,0.7617277503013611,0.0,1.0,3729.0,43.646,425922511.0
6.621384143829346,8.69180965423584,-2.522601127624512,56.0,2.0,3730.0,11.214,425922513.0
26.65968132019043,34.9831657409668,2.305084943771362,1.0,3.0,3731.0,44.044,425922516.0
5.45963716506958,7.164203643798828,-1.750863313674927,36.0,4.0,3731.0,9.176,425922518.0
26.88825607299805,35.27033233642578,3.880173683166504,0.0,5.0,3732.0,44.52,425922520.0
5.480291843414307,7.186102390289307,-1.43137538433075,25.0,6.0,3733.0,9.15,425922522.0
27.13556289672852,35.56897735595703,5.493138790130615,1.0,7.0,3734.0,45.074,425922525.0
5.529035091400146,7.244771957397461,-1.119004368782043,25.0,8.0,3735.0,9.182,425922527.0
27.36606216430664,35.85813140869141,7.144361972808838,1.0,9.0,3735.0,45.67,425922529.0
5.589317321777344,7.321110725402832,-0.8058419823646545,85.0,10.0,3736.0,9.246,425922532.0
26.0797176361084,34.14789581298828,8.352091789245605,0.0,11.0,3737.0,43.772,425922534.0
6.881124496459961,9.006651878356934,-0.5940130949020386,18.0,12.0,3738.0,11.35,425922536.0
10.87401580810547,14.22262191772461,-0.3125028014183044,3.0,14.0,3740.0,17.906,425922541.0
25.47716522216797,33.32275009155273,11.23947620391846,1.0,15.0,3740.0,43.426,425922543.0
2.167625188827515,2.82694673538208,-0.9545246362686157,4.0,0.0,3748.0,3.688,425922564.0
10.27320766448975,13.39314460754395,0.2946315109729767,2.0,1.0,3749.0,16.882,425922566.0
6.644566059112549,8.659367561340332,-2.519901752471924,59.0,2.0,3750.0,11.202,425922569.0
26.77068710327148,34.87563323974609,2.304142713546753,0.0,3.0,3751.0,44.026,425922571.0
5.48939323425293,7.151331901550293,-1.752389788627625,41.0,4.0,3751.0,9.184000000000001,425922573.0
26.98208427429199,35.13833618164062,3.875990152359009,0.0,5.0,3752.0,44.472,425922575.0
5.380193710327148,7.004008293151855,-1.398836970329285,2.0,6.0,3753.0,8.942,425922578.0
27.24625205993652,35.45672607421875,5.490457534790039,1.0,7.0,3754.0,45.052,425922580.0
5.547031402587891,7.215985298156738,-1.117541909217834,42.0,8.0,3755.0,9.17,425922582.0
27.4864673614502,35.74349594116211,7.141546249389648,1.0,9.0,3756.0,45.652,425922585.0
5.59904956817627,7.281023979187012,-0.8035759329795837,63.0,10.0,3756.0,9.22,425922587.0
27.75133895874023,36.07490539550781,8.847049713134766,1.0,11.0,3757.0,46.366,425922589.0
12.00281810760498,15.59723567962646,-1.031437039375305,19.0,12.0,3758.0,19.708,425922592.0
10.9821605682373,14.2606258392334,-0.3141782283782959,3.0,14.0,3760.0,18.002,425922596.0
25.59804344177246,33.23973846435547,11.24154663085938,1.0,15.0,3760.0,43.434,425922598.0
2.142054557800293,2.773494958877563,-0.9389954805374146,3.0,0.0,3768.0,3.628,425922619.0
10.24776268005371,13.26383972167969,0.2925721406936646,2.0,1.0,3769.0,16.764,425922622.0
6.673560619354248,8.634578704833984,-2.519451856613159,65.0,2.0,3770.0,11.2,425922624.0
26.86783027648926,34.75037384033203,2.302049398422241,0.0,3.0,3771.0,43.986,425922626.0
5.513121604919434,7.130573749542236,-1.752008199691772,37.0,4.0,3771.0,9.182,425922628.0
27.16552352905273,35.12273406982422,3.884705781936646,0.0,5.0,3772.0,44.572,425922631.0
5.35383939743042,6.919567584991455,-1.385696530342102,2.0,6.0,3773.0,8.858,425922633.0
27.3406925201416,35.32372665405273,5.484607696533203,1.0,7.0,3774.0,45.004,425922635.0
5.572186470031738,7.196578502655029,-1.117541909217834,65.0,8.0,3775.0,9.17,425922638.0
27.59292221069336,35.62390899658203,7.136853218078613,1.0,9.0,3776.0,45.622,425922640.0
5.631751537322998,7.270885944366455,-0.8046218156814575,61.0,10.0,3776.0,9.232,425922642.0
27.84342575073242,35.93436431884766,8.83636474609375,1.0,11.0,3777.0,46.31,425922645.0
12.06942462921143,15.57102870941162,-1.032483696937561,19.0,12.0,3778.0,19.728,425922647.0
25.09459495544434,32.36341857910156,9.454692840576172,1.0,13.0,3779.0,42.03,425922649.0
11.06128692626953,14.2601261138916,-0.3150159418582916,3.0,14.0,3780.0,18.05,425922651.0
25.74101829528809,33.17316436767578,11.25086402893066,1.0,15.0,3781.0,43.47,425922654.0
2.099530935287476,2.698909282684326,-0.9162194132804871,4.0,0.0,3788.0,3.54,425922675.0
10.26452541351318,13.19011211395264,0.2917344272136688,4.0,1.0,3789.0,16.716,425922677.0
6.696477890014648,8.602005004882812,-2.516752481460571,68.0,2.0,3790.0,11.188,425922679.0
26.86625099182129,34.49879837036133,2.291582107543945,1.0,3.0,3791.0,43.786,425922681.0
5.53677225112915,7.109736919403076,-1.75162661075592,36.0,4.0,3791.0,9.18,425922684.0
27.26347160339355,34.99626159667969,3.881219625473022,0.0,5.0,3792.0,44.532,425922686.0
5.382817268371582,6.907069206237793,-1.386947989463806,2.0,6.0,3793.0,8.866,425922688.0
27.45040321350098,35.21085357666016,5.481926918029785,1.0,7.0,3794.0,44.982,425922691.0
5.598494052886963,7.178649425506592,-1.117785573005676,86.0,8.0,3795.0,9.172,425922693.0
27.71589088439941,35.52581787109375,7.136540412902832,1.0,9.0,3796.0,45.62,425922695.0
5.652194976806641,7.244899749755859,-0.803924560546875,61.0,10.0,3796.0,9.224,425922698.0
27.98318481445312,35.85552597045898,8.840944290161133,1.0,11.0,3797.0,46.334,425922700.0
6.964001178741455,8.919931411743164,-0.5930710434913635,38.0,12.0,3798.0,11.332,425922702.0
27.02704811096191,34.60549163818359,10.13719463348389,0.0,13.0,3799.0,45.064,425922704.0
11.1713228225708,14.29864120483398,-0.3167262673377991,3.0,14.0,3800.0,18.148,425922707.0
25.82709693908691,33.05717468261719,11.24051094055176,1.0,15.0,3800.0,43.43,425922709.0
2.042215585708618,2.606407403945923,-0.887231707572937,6.0,0.0,3808.0,3.428,425922730.0
10.30557060241699,13.14790630340576,0.2915948033332825,4.0,1.0,3809.0,16.708,425922732.0
6.724058628082275,8.575510025024414,-2.515852689743042,75.0,2.0,3810.0,11.184,425922734.0
26.95199775695801,34.36080551147461,2.288651466369629,1.0,3.0,3811.0,43.73,425922737.0
5.561556339263916,7.090366363525391,-1.75162661075592,32.0,4.0,3811.0,9.18,425922739.0
27.34856605529785,34.85385894775391,3.875990152359009,0.0,5.0,3812.0,44.472,425922741.0
5.43250846862793,6.920868873596191,-1.393518209457397,2.0,6.0,3813.0,8.908,425922744.0
27.54004287719727,35.07266616821289,5.475346088409424,1.0,7.0,3814.0,44.928,425922746.0
5.61616039276123,7.149696826934814,-1.116323232650757,86.0,8.0,3815.0,9.16,425922748.0
27.8165397644043,35.39934158325195,7.130595684051514,1.0,9.0,3816.0,45.582,425922751.0
5.681143283843994,7.229825496673584,-0.8044475317001343,71.0,10.0,3816.0,9.23,425922753.0
28.07177543640137,35.71132278442383,8.829495429992676,1.0,11.0,3817.0,46.274,425922755.0
6.993860721588135,8.893998146057129,-0.5929663777351379,45.0,12.0,3818.0,11.33,425922757.0
27.18623352050781,34.55995178222656,10.15159130096436,0.0,13.0,3819.0,45.128,425922760.0
11.25702857971191,14.30513191223145,-0.3177385032176971,1.0,14.0,3820.0,18.206,425922762.0
25.67591857910156,32.62827301025391,11.12507820129395,0.0,15.0,3820.0,42.984,425922764.0
2.033646106719971,2.578742027282715,-0.8799847364425659,4.0,0.0,3826.0,3.4,425922785.0
10.32205390930176,13.08406639099121,0.2908967137336731,4.0,1.0,3827.0,16.668,425922787.0
6.757002830505371,8.561992645263672,-2.518102169036865,62.0,2.0,3828.0,11.194,425922790.0
27.04764175415039,34.27284622192383,2.288127899169922,1.0,3.0,3828.0,43.72,425922792.0
5.570422172546387,7.055909156799316,-1.747428774833679,38.0,4.0,3829.0,9.158,425922794.0
27.36408042907715,34.6489372253418,3.86274242401123,0.0,5.0,3830.0,44.32,425922797.0
5.47014331817627,6.9239182472229,-1.397585511207581,3.0,6.0,3831.0,8.934000000000001,425922799.0
27.68332481384277,35.02802276611328,5.481926918029785,1.0,7.0,3832.0,44.982,425922801.0
5.636131763458252,7.128903388977051,-1.115835666656494,86.0,8.0,3833.0,9.156,425922803.0
27.92390060424805,35.31975173950195,7.131221294403076,1.0,9.0,3833.0,45.586,425922806.0
5.695176601409912,7.201003074645996,-0.8032273054122925,63.0,10.0,3834.0,9.216000000000001,425922808.0
28.1862621307373,35.62603378295898,8.8302583694458,1.0,11.0,3835.0,46.278,425922810.0
27.39870452880859,34.60576629638672,10.19028282165527,0.0,13.0,3837.0,45.3,425922815.0
11.2410774230957,14.19288444519043,-0.3160281777381897,13.0,14.0,3838.0,18.108,425922817.0
24.00432968139648,30.30765342712402,10.3594913482666,1.0,15.0,3838.0,40.026,425922820.0
1.99457323551178,2.511118650436401,-0.859279215335846,4.0,0.0,3846.0,3.32,425922840.0
10.37512683868408,13.05735015869141,0.2911061346530914,4.0,1.0,3847.0,16.68,425922843.0
6.794124126434326,8.547507286071777,-2.520801544189453,46.0,2.0,3848.0,11.206,425922845.0
27.19669532775879,34.20318222045898,2.290116786956787,1.0,3.0,3849.0,43.758,425922847.0
5.596239566802979,7.03795862197876,-1.747810363769531,39.0,4.0,3849.0,9.16,425922850.0
27.40548324584961,34.45341491699219,3.851586580276489,1.0,5.0,3850.0,44.192,425922852.0
5.494278907775879,6.904781341552734,-1.397585511207581,3.0,6.0,3851.0,8.934000000000001,425922854.0
27.77946472167969,34.8985595703125,5.476808071136475,1.0,7.0,3852.0,44.94,425922856.0
5.665928363800049,7.115397930145264,-1.11681067943573,86.0,8.0,3853.0,9.164,425922859.0
28.02362632751465,35.18008804321289,7.123712539672852,1.0,9.0,3854.0,45.538,425922861.0
5.712830066680908,7.171728610992432,-0.8021814823150635,63.0,10.0,3854.0,9.204,425922863.0
28.15751266479492,35.33550643920898,8.782556533813477,0.0,11.0,3855.0,46.028,425922866.0
12.34999465942383,15.49274253845215,-1.038345336914062,6.0,12.0,3856.0,19.84,425922868.0
27.6092414855957,34.62266540527344,10.22357559204102,0.0,13.0,3857.0,45.448,425922870.0
11.18954277038574,14.02693748474121,-0.3132008910179138,9.0,14.0,3858.0,17.946,425922873.0
23.70555877685547,29.7060718536377,10.18349456787109,0.0,15.0,3859.0,39.346,425922875.0
1.955906510353088,2.443117618560791,-0.838573694229126,3.0,0.0,3868.0,3.24,425922896.0
10.40893745422363,12.99712562561035,0.2906523644924164,6.0,1.0,3869.0,16.654,425922898.0
27.38431167602539,34.18120956420898,2.295350313186646,1.0,3.0,3870.0,43.858,425922903.0
5.623222351074219,7.01641845703125,-1.747810363769531,39.0,4.0,3871.0,9.16,425922905.0
27.50766181945801,34.31062316894531,3.847403049468994,1.0,5.0,3872.0,44.144,425922907.0
5.5009765625,6.858978271484375,-1.392579555511475,3.0,6.0,3873.0,8.902000000000001,425922909.0
27.90083694458008,34.77615356445312,5.474370956420898,1.0,7.0,3874.0,44.92,425922912.0
5.693207740783691,7.093589782714844,-1.11681067943573,86.0,8.0,3875.0,9.164,425922914.0
28.16097450256348,35.0753059387207,7.124338626861572,1.0,9.0,3876.0,45.542,425922916.0
5.740325450897217,7.149740219116211,-0.8021814823150635,63.0,10.0,3876.0,9.204,425922919.0
28.28314781188965,35.21488189697266,8.77950382232666,1.0,11.0,3877.0,46.012,425922921.0
7.092867851257324,8.828057289123535,-0.5934897661209106,6.0,12.0,3878.0,11.34,425922923.0
27.32445907592773,33.99692153930664,10.06970882415771,0.0,13.0,3879.0,44.764,425922926.0
11.25209045410156,13.99477767944336,-0.3134452104568481,8.0,14.0,3880.0,17.96,425922928.0
26.34423446655273,32.76561737060547,11.26535797119141,2.0,15.0,3880.0,43.526,425922930.0
1.929257035255432,2.39266300201416,-0.8235622048377991,4.0,0.0,3888.0,3.182,425922951.0
10.466796875,12.97627735137939,0.2910014390945435,6.0,1.0,3889.0,16.674,425922953.0
5.936347484588623,7.356995582580566,-2.182475090026855,5.0,2.0,3890.0,9.702,425922955.0
27.47837448120117,34.05432510375977,2.293256998062134,1.0,3.0,3890.0,43.818,425922958.0
5.647679805755615,6.996747016906738,-1.747810363769531,42.0,4.0,3891.0,9.16,425922960.0
27.60848426818848,34.19114303588867,3.844788551330566,1.0,5.0,3892.0,44.114,425922962.0
5.517437934875488,6.830514430999756,-1.390702366828918,4.0,6.0,3893.0,8.89,425922965.0
27.98837280273438,34.63686370849609,5.467790126800537,1.0,7.0,3894.0,44.866,425922967.0
5.710446834564209,7.06441068649292,-1.115348219871521,84.0,8.0,3895.0,9.152000000000001,425922969.0
28.12797927856445,34.7847900390625,7.085229873657227,0.0,9.0,3896.0,45.292,425922972.0
5.767753124237061,7.132757663726807,-0.80253005027771,66.0,10.0,3896.0,9.208,425922974.0
28.45775604248047,35.18004989624023,8.795531272888184,1.0,11.0,3897.0,46.096,425922976.0
12.48710060119629,15.43129634857178,-1.040334105491638,6.0,12.0,3898.0,19.878,425922979.0
26.32106590270996,32.51541137695312,9.658048629760742,1.0,13.0,3899.0,42.934,425922981.0
11.6381368637085,14.37190246582031,-0.3227997124195099,5.0,14.0,3900.0,18.496,425922983.0
26.47546768188477,32.69447708129883,11.27260494232178,2.0,15.0,3900.0,43.554,425922985.0
1.896592617034912,2.337088346481323,-0.8064801692962646,3.0,0.0,3906.0,3.116,425923006.0
10.5012092590332,12.93556785583496,0.2908268868923187,6.0,1.0,3907.0,16.664,425923008.0
7.41028356552124,9.124857902526855,-2.713809490203857,15.0,2.0,3908.0,12.064,425923011.0
27.59870910644531,33.97231674194336,2.293884992599487,1.0,3.0,3909.0,43.83,425923013.0
5.662205219268799,6.969827175140381,-1.745520710945129,42.0,4.0,3909.0,9.148,425923015.0
27.80874824523926,34.21865463256836,3.857687473297119,1.0,5.0,3910.0,44.262,425923018.0
5.521423816680908,6.791688442230225,-1.386322259902954,9.0,6.0,3911.0,8.862,425923020.0
28.00436401367188,34.43479537963867,5.449753284454346,1.0,7.0,3912.0,44.718,425923022.0
5.730106353759766,7.043356418609619,-1.114860773086548,86.0,8.0,3913.0,9.148,425923025.0
28.22607803344727,34.69504928588867,7.083978176116943,1.0,9.0,3913.0,45.284,425923027.0
5.792647838592529,7.117693424224854,-0.8028786778450012,63.0,10.0,3914.0,9.212,425923029.0
28.12439346313477,34.5454216003418,8.658912658691406,0.0,11.0,3915.0,45.38,425923032.0
12.06128978729248,14.80970001220703,-1.000977516174316,8.0,12.0,3916.0,19.126,425923034.0
28.10322380065918,34.49481582641602,10.27216529846191,0.0,13.0,3917.0,45.664,425923036.0
11.76155662536621,14.43137550354004,-0.3249638080596924,7.0,14.0,3918.0,18.62,425923038.0
26.613037109375,32.64243698120117,11.2850284576416,1.0,15.0,3919.0,43.602,425923041.0
1.841166257858276,2.252672433853149,-0.7795629501342773,3.0,0.0,3926.0,3.012,425923061.0
10.54756450653076,12.90038108825684,0.2908618152141571,6.0,1.0,3927.0,16.666,425923064.0
7.624687671661377,9.322185516357422,-2.780395030975342,7.0,2.0,3928.0,12.36,425923066.0
27.72891616821289,33.90225219726562,2.295350313186646,0.0,3.0,3928.0,43.858,425923068.0
5.684013843536377,6.946980953216553,-1.744757413864136,41.0,4.0,3929.0,9.144,425923071.0
27.9419059753418,34.13833618164062,3.859604835510254,0.0,5.0,3930.0,44.284,425923073.0
5.540091991424561,6.766260147094727,-1.38507080078125,13.0,6.0,3931.0,8.854000000000001,425923075.0
28.05521202087402,34.25236892700195,5.436347484588623,0.0,7.0,3932.0,44.608,425923078.0
28.39688110351562,34.64483261108398,7.094928741455078,1.0,9.0,3934.0,45.354,425923082.0
5.812406063079834,7.09126615524292,-0.8021814823150635,61.0,10.0,3934.0,9.204,425923085.0
28.27468490600586,34.48347473144531,8.668070793151855,0.0,11.0,3935.0,45.428,425923087.0
12.11671161651611,14.77214050292969,-1.001291513442993,11.0,12.0,3936.0,19.132,425923089.0
28.08748626708984,34.23079299926758,10.22267532348633,0.0,13.0,3937.0,45.444,425923091.0
11.69894313812256,14.25266647338867,-0.3218572735786438,8.0,14.0,3938.0,18.442,425923094.0
26.7525634765625,32.58069610595703,11.2958984375,1.0,15.0,3939.0,43.644,425923096.0
1.780263304710388,2.162706613540649,-0.7505752444267273,3.0,0.0,3946.0,2.9,425923117.0
10.5938024520874,12.86502838134766,0.2908967137336731,6.0,1.0,3947.0,16.668,425923119.0
5.666066646575928,6.878378868103027,-2.057402372360229,4.0,2.0,3948.0,9.146,425923121.0
27.79629325866699,33.74359130859375,2.291163444519043,0.0,3.0,3948.0,43.778,425923124.0
5.709476947784424,6.928613185882568,-1.745139122009277,36.0,4.0,3949.0,9.146,425923126.0
28.04822731018066,34.02521896362305,3.857861757278442,1.0,5.0,3950.0,44.264,425923128.0
5.563676834106445,6.746880531311035,-1.38507080078125,15.0,6.0,3951.0,8.854000000000001,425923131.0
28.18218421936035,34.16341781616211,5.437809944152832,1.0,7.0,3952.0,44.62,425923133.0
28.09293174743652,34.04312133789062,6.990743160247803,0.0,9.0,3953.0,44.688,425923138.0
5.829513549804688,7.061715126037598,-0.8011355996131897,63.0,10.0,3954.0,9.192,425923140.0
28.3898811340332,34.37850952148438,8.666544914245605,0.0,11.0,3955.0,45.42,425923142.0
12.19491481781006,14.76209163665771,-1.00348961353302,11.0,12.0,3956.0,19.174,425923144.0
28.09507751464844,33.99734497070312,10.18218421936035,0.0,13.0,3957.0,45.264,425923147.0
24.38782691955566,29.49029541015625,10.25389289855957,0.0,15.0,3959.0,39.618,425923151.0
1.708891868591309,2.061296463012695,-0.7174463868141174,3.0,0.0,3966.0,2.772,425923172.0
10.64247512817383,12.83258819580078,0.2910014390945435,6.0,1.0,3967.0,16.674,425923174.0
5.678843975067139,6.8450608253479,-2.053353309631348,6.0,2.0,3968.0,9.128,425923177.0
5.736135005950928,6.911662578582764,-1.745902299880981,18.0,4.0,3969.0,9.15,425923181.0
28.02937698364258,33.76154708862305,3.839036226272583,0.0,5.0,3970.0,44.048,425923184.0
5.585931777954102,6.725898742675781,-1.384757876396179,19.0,6.0,3971.0,8.852,425923186.0
28.3050708770752,34.06941604614258,5.438541412353516,0.0,7.0,3972.0,44.626,425923188.0
28.20780563354492,33.94029235839844,6.989804744720459,1.0,9.0,3973.0,44.682,425923193.0
5.854127883911133,7.041323184967041,-0.8011355996131897,63.0,10.0,3974.0,9.192,425923195.0
28.72563743591309,34.53882598876953,8.732182502746582,1.0,11.0,3975.0,45.764,425923197.0
12.25658893585205,14.73171615600586,-1.004327058792114,11.0,12.0,3976.0,19.19,425923200.0
26.47828102111816,31.8140754699707,9.555920600891113,1.0,13.0,3977.0,42.48,425923202.0
12.48012638092041,14.98974990844727,-0.3404615521430969,30.0,14.0,3978.0,19.508,425923204.0
24.50298118591309,29.41983032226562,10.25906944274902,0.0,15.0,3979.0,39.638,425923207.0
1.661598086357117,1.990070581436157,-0.6946703195571899,3.0,0.0,3986.0,2.684,425923227.0
10.6846399307251,12.79229164123535,0.2909316122531891,6.0,1.0,3987.0,16.67,425923230.0
5.701453685760498,6.823700904846191,-2.052903413772583,6.0,2.0,3988.0,9.126,425923232.0
27.90568923950195,33.39851379394531,2.280905723571777,0.0,3.0,3988.0,43.582,425923234.0
5.775335311889648,6.909673690795898,-1.750481724739075,9.0,4.0,3989.0,9.174,425923237.0
28.15216827392578,33.66961669921875,3.839733362197876,0.0,5.0,3990.0,44.056,425923239.0
5.611910343170166,6.709389686584473,-1.385383605957031,19.0,6.0,3991.0,8.856,425923241.0
28.06586456298828,33.54259872436523,5.37005090713501,0.0,7.0,3992.0,44.064,425923243.0
28.41486167907715,33.94765472412109,7.01170539855957,1.0,9.0,3993.0,44.822,425923248.0
5.876112937927246,7.0177903175354,-0.8007869720458984,63.0,10.0,3994.0,9.188,425923250.0
29.07546234130859,34.71226119995117,8.801637649536133,1.0,11.0,3995.0,46.128,425923253.0
12.37592315673828,14.76997947692871,-1.009874582290649,6.0,12.0,3996.0,19.296,425923255.0
26.59668159484863,31.73041725158691,9.55862045288086,1.0,13.0,3997.0,42.492,425923257.0
12.53879833221436,14.95375633239746,-0.3406360745429993,30.0,14.0,3998.0,19.518,425923260.0
24.61530113220215,29.35617828369141,10.26528072357178,0.0,15.0,3998.0,39.662,425923262.0
1.643668174743652,1.954686760902405,-0.6843175292015076,3.0,0.0,4006.0,2.644,425923283.0
10.73566436767578,12.76256847381592,0.2911061346530914,9.0,1.0,4007.0,16.68,425923285.0
5.720219135284424,6.797792911529541,-2.051103830337524,15.0,2.0,4008.0,9.118,425923287.0
27.98866653442383,33.26116943359375,2.278184175491333,1.0,3.0,4008.0,43.53,425923290.0
5.831027507781982,6.927021026611328,-1.760022163391113,10.0,4.0,4009.0,9.224,425923292.0
28.34395980834961,33.6595344543457,3.849843502044678,0.0,5.0,4010.0,44.172,425923294.0
5.634023666381836,6.688248634338379,-1.38507080078125,18.0,6.0,4011.0,8.854000000000001,425923296.0
28.18405914306641,33.44594192504883,5.370294570922852,1.0,7.0,4012.0,44.066,425923299.0
5.838083744049072,6.925583839416504,-1.112179636955261,65.0,8.0,4013.0,9.126,425923301.0
28.66559791564941,34.00533676147461,7.044243812561035,1.0,9.0,4013.0,45.03,425923303.0
5.90314245223999,7.000282287597656,-0.8011355996131897,63.0,10.0,4014.0,9.192,425923306.0
29.18252944946289,34.59405136108398,8.797439575195312,1.0,11.0,4015.0,46.106,425923308.0
12.93233203887939,15.32503795623779,-1.05090594291687,7.0,12.0,4016.0,20.08,425923310.0
26.70979309082031,31.64036178588867,9.55951976776123,1.0,13.0,4017.0,42.496,425923313.0
12.58833980560303,14.90684032440186,-0.3405662477016449,20.0,14.0,4018.0,19.514,425923315.0
27.110107421875,32.09183883666992,11.25655746459961,0.0,15.0,4019.0,43.492,425923317.0
1.624263405799866,1.917978525161743,-0.6734471321105957,3.0,0.0,4026.0,2.602,425923338.0
10.79049015045166,12.73722267150879,0.2913853824138641,9.0,1.0,4027.0,16.696,425923340.0
28.11684417724609,33.16597747802734,2.278707504272461,1.0,3.0,4029.0,43.54,425923345.0
5.878023624420166,6.93358039855957,-1.766891241073608,10.0,4.0,4029.0,9.26,425923347.0
28.033447265625,33.05590438842773,3.791972160339355,0.0,5.0,4030.0,43.508,425923349.0
5.653501987457275,6.664022445678711,-1.384132146835327,19.0,6.0,4031.0,8.848,425923352.0
28.30448913574219,33.35189819335938,5.371025562286377,0.0,7.0,4032.0,44.072,425923354.0
5.866076946258545,6.909702777862549,-1.112910866737366,66.0,8.0,4033.0,9.132,425923356.0
28.86210823059082,33.99692916870117,7.063328742980957,1.0,9.0,4033.0,45.152,425923359.0
5.921093463897705,6.97204065322876,-0.8002640008926392,71.0,10.0,4034.0,9.182,425923361.0
29.29420852661133,34.48149871826172,8.794768333435059,1.0,11.0,4035.0,46.092,425923363.0
9.60479736328125,11.30157470703125,-0.7772936224937439,6.0,12.0,4036.0,14.852,425923366.0
26.87182807922363,31.60780715942383,9.57796573638916,1.0,13.0,4037.0,42.578,425923368.0
12.65843486785889,14.88413429260254,-0.3410549163818359,26.0,14.0,4038.0,19.542,425923370.0
27.35029411315918,32.15922546386719,11.31194496154785,2.0,15.0,4038.0,43.706,425923373.0
1.598354578018188,1.874080538749695,-0.6599885821342468,3.0,0.0,4046.0,2.55,425923393.0
10.82320404052734,12.68578815460205,0.2910712361335754,11.0,1.0,4047.0,16.678,425923396.0
5.789043426513672,6.782891750335693,-2.058752059936523,39.0,2.0,4048.0,9.152000000000001,425923398.0
28.27523994445801,33.11775588989258,2.282161712646484,0.0,3.0,4049.0,43.606,425923400.0
5.900915622711182,6.911526679992676,-1.766509652137756,6.0,4.0,4049.0,9.258000000000001,425923402.0
28.13313484191895,32.93967056274414,3.789880275726318,0.0,5.0,4050.0,43.484,425923405.0
5.676729202270508,6.644247531890869,-1.384132146835327,19.0,6.0,4051.0,8.848,425923407.0
28.62064552307129,33.48679351806641,5.408805370330811,1.0,7.0,4052.0,44.382,425923409.0
5.885000705718994,6.883149147033691,-1.11193585395813,47.0,8.0,4053.0,9.124,425923412.0
29.03274154663086,33.9449577331543,7.074592113494873,1.0,9.0,4054.0,45.224,425923414.0
5.94021463394165,6.945273399353027,-0.7995668053627014,71.0,10.0,4054.0,9.174,425923416.0
29.42077445983887,34.38649368286133,8.796676635742188,1.0,11.0,4055.0,46.102,425923419.0
9.65457820892334,11.28011798858643,-0.7781310081481934,2.0,12.0,4056.0,14.868,425923421.0
29.0009880065918,33.87191009521484,10.29465961456299,0.0,13.0,4057.0,45.764,425923423.0
12.74023246765137,14.87478923797607,-0.3418577313423157,20.0,14.0,4058.0,19.588,425923426.0
27.46169471740723,32.05142974853516,11.30935668945312,2.0,15.0,4059.0,43.696,425923428.0
1.573418259620667,1.831852793693542,-0.6470476388931274,4.0,0.0,4066.0,2.5,425923449.0
10.87523937225342,12.65703105926514,0.2912806570529938,11.0,1.0,4067.0,16.69,425923451.0
5.817765712738037,6.768554210662842,-2.060551643371582,39.0,2.0,4068.0,9.16,425923453.0
28.00914192199707,32.57513046264648,2.251492738723755,1.0,3.0,4069.0,43.02,425923455.0
5.940365314483643,6.908750057220459,-1.77108907699585,4.0,4.0,4069.0,9.282,425923458.0
28.33889007568359,32.94699859619141,3.802082061767578,0.0,5.0,4070.0,43.624,425923460.0
5.697310924530029,6.621397018432617,-1.383506417274475,19.0,6.0,4071.0,8.844,425923462.0
29.03909683227539,33.73723602294922,5.465596199035645,0.0,7.0,4072.0,44.848,425923465.0
29.20443916320801,33.91735458374023,7.08898401260376,1.0,9.0,4073.0,45.316,425923469.0
5.96572208404541,6.926005363464355,-0.7997410893440247,66.0,10.0,4074.0,9.176,425923472.0
29.51755905151367,34.25681304931641,8.789807319641113,1.0,11.0,4075.0,46.066,425923474.0
9.680854797363281,11.23122024536133,-0.7770842909812927,2.0,12.0,4076.0,14.848,425923476.0
29.11904716491699,33.77047348022461,10.29465961456299,0.0,13.0,4077.0,45.764,425923479.0
12.80513858795166,14.84536933898926,-0.3422067761421204,16.0,14.0,4078.0,19.608,425923481.0
27.59306716918945,31.98944473266602,11.31970977783203,1.0,15.0,4078.0,43.736,425923483.0
1.543151617050171,1.78397798538208,-0.6320360898971558,3.0,0.0,4086.0,2.442,425923504.0
10.93636417388916,12.63864994049072,0.2917344272136688,13.0,1.0,4087.0,16.716,425923506.0
5.826052188873291,6.73052453994751,-2.055152893066406,54.0,2.0,4088.0,9.136000000000001,425923508.0
28.11745071411133,32.47112274169922,2.251074075698853,1.0,3.0,4089.0,43.012,425923511.0
5.970870971679688,6.895393371582031,-1.772997140884399,4.0,4.0,4089.0,9.292,425923513.0
28.58678436279297,33.00148391723633,3.819861888885498,0.0,5.0,4090.0,43.828,425923515.0
5.720388889312744,6.601469039916992,-1.383506417274475,18.0,6.0,4091.0,8.844,425923518.0
29.24250221252441,33.73466491699219,5.481683254241943,0.0,7.0,4092.0,44.98,425923520.0
5.888692855834961,6.790904998779297,-1.103648781776428,2.0,8.0,4093.0,9.056000000000001,425923522.0
29.33761596679688,33.82053375244141,7.091174125671387,1.0,9.0,4094.0,45.33,425923525.0
5.989861965179443,6.905138969421387,-0.7997410893440247,66.0,10.0,4094.0,9.176,425923527.0
29.62023162841797,34.13429260253906,8.784846305847168,1.0,11.0,4095.0,46.04,425923529.0
27.90310287475586,32.14414215087891,-2.230767726898193,1.0,12.0,4096.0,42.624,425923531.0
29.23674964904785,33.66862106323242,10.29465961456299,0.0,13.0,4097.0,45.764,425923534.0
12.88835430145264,14.83681201934814,-0.3430444896221161,18.0,14.0,4098.0,19.656,425923536.0
25.60791969299316,29.46892738342285,10.46094799041748,0.0,15.0,4099.0,40.418,425923538.0
1.522721767425537,1.747990727424622,-0.6211656928062439,4.0,0.0,4106.0,2.4,425923559.0
11.00406265258789,12.62753486633301,0.2923627197742462,15.0,1.0,4107.0,16.752,425923561.0
5.848229885101318,6.708677768707275,-2.054702997207642,58.0,2.0,4108.0,9.134,425923564.0
28.37370681762695,32.5368537902832,2.262483358383179,0.0,3.0,4109.0,43.23,425923566.0
6.142002105712891,7.043190479278564,-1.816501617431641,4.0,4.0,4109.0,9.52,425923568.0
26.52500534057617,30.40618515014648,3.530156135559082,0.0,5.0,4110.0,40.504,425923571.0
5.770672798156738,6.612716197967529,-1.390076637268066,3.0,6.0,4111.0,8.886000000000001,425923573.0
5.921502113342285,6.780774593353271,-1.105354905128479,3.0,8.0,4113.0,9.07,425923578.0
29.46260261535645,33.73793792724609,7.094303131103516,1.0,9.0,4113.0,45.35,425923580.0
6.012618064880371,6.882688045501709,-0.7995668053627014,71.0,10.0,4114.0,9.174,425923582.0
29.71077919006348,33.9981689453125,8.776450157165527,1.0,11.0,4115.0,45.996,425923584.0
27.89945793151855,31.91422271728516,-2.221556663513184,1.0,12.0,4116.0,42.448,425923587.0
26.51644134521484,30.32150650024414,9.299476623535156,1.0,13.0,4117.0,41.34,425923589.0
12.9650821685791,14.82032871246338,-0.3437076807022095,20.0,14.0,4118.0,19.694,425923591.0
25.65843772888184,29.33004951477051,10.44179534912109,0.0,15.0,4118.0,40.344,425923594.0
1.491867780685425,1.700550317764282,-0.606154203414917,4.0,0.0,4126.0,2.342,425923614.0
11.05598831176758,12.59806442260742,0.2925721406936646,18.0,1.0,4127.0,16.764,425923617.0
5.876754760742188,6.694080829620361,-2.0565025806427,12.0,2.0,4128.0,9.142,425923619.0
28.55168724060059,32.51114654541016,2.267612218856812,1.0,3.0,4129.0,43.328,425923621.0
6.18468713760376,7.042359828948975,-1.821844339370728,4.0,4.0,4129.0,9.548,425923624.0
29.1084041595459,33.13339996337891,3.858559131622314,0.0,5.0,4130.0,44.272,425923626.0
5.84588098526001,6.65188455581665,-1.402591466903687,9.0,6.0,4131.0,8.966,425923628.0
29.34623146057129,33.38060760498047,5.457309246063232,0.0,7.0,4132.0,44.78,425923631.0
5.971354007720947,6.789876461029053,-1.110229730606079,12.0,8.0,4133.0,9.11,425923633.0
29.57431602478027,33.61637878417969,7.091486930847168,1.0,9.0,4134.0,45.332,425923635.0
29.72551155090332,33.77634811401367,8.74592113494873,1.0,11.0,4135.0,45.836,425923640.0
28.01200866699219,31.81814002990723,-2.221661329269409,1.0,12.0,4136.0,42.45,425923642.0
26.54484367370605,30.14101409912109,9.272482872009277,1.0,13.0,4137.0,41.22,425923644.0
13.02731037139893,14.78698539733887,-0.3439869284629822,16.0,14.0,4138.0,19.71,425923647.0
25.80280685424805,29.27783966064453,10.45680713653564,0.0,15.0,4139.0,40.402,425923649.0
1.466807126998901,1.660842061042786,-0.5937308669090271,4.0,0.0,4145.0,2.294,425923670.0
11.10697174072266,12.57182216644287,0.2928164899349213,20.0,1.0,4146.0,16.778,425923672.0
5.89892053604126,6.674555778503418,-2.0565025806427,7.0,2.0,4147.0,9.142,425923674.0
6.23531436920166,7.052700042724609,-1.829858303070068,4.0,4.0,4148.0,9.59,425923679.0
29.15212249755859,32.96207046508789,3.849843502044678,0.0,5.0,4149.0,44.172,425923681.0
5.921573162078857,6.693120956420898,-1.415418982505798,23.0,6.0,4150.0,9.048,425923684.0
5.992521286010742,6.768550872802734,-1.109985947608948,11.0,8.0,4152.0,9.108,425923688.0
29.67454147338867,33.51738357543945,7.090235710144043,1.0,9.0,4152.0,45.324,425923690.0
6.763408660888672,7.636582374572754,-0.8924748301506042,2.0,10.0,4153.0,10.24,425923693.0
29.80090141296387,33.63644409179688,8.735236167907715,1.0,11.0,4154.0,45.78,425923695.0
28.26573753356934,31.89248085021973,-2.233384609222412,1.0,12.0,4155.0,42.674,425923697.0
26.60844993591309,30.01199340820312,9.25988483428955,1.0,13.0,4156.0,41.164,425923700.0
13.10413837432861,14.77512168884277,-0.3447199463844299,16.0,14.0,4157.0,19.752,425923702.0
26.02925300598145,29.34839057922363,10.51115894317627,0.0,15.0,4157.0,40.612,425923704.0
1.454621434211731,1.635502696037292,-0.5864839553833008,4.0,0.0,4165.0,2.266,425923725.0
11.16275119781494,12.54642105102539,0.2931306064128876,22.0,1.0,4166.0,16.796,425923727.0
5.917000770568848,6.648101329803467,-2.054702997207642,6.0,2.0,4167.0,9.134,425923730.0
6.318642616271973,7.096874713897705,-1.847031116485596,5.0,4.0,4168.0,9.68,425923734.0
29.26700401306152,32.86011123657227,3.849843502044678,0.0,5.0,4169.0,44.172,425923737.0
5.919932842254639,6.644386768341064,-1.409474492073059,9.0,6.0,4170.0,9.01,425923739.0
6.005543231964111,6.735738277435303,-1.108036041259766,2.0,8.0,4172.0,9.092,425923743.0
29.78798484802246,33.39807891845703,7.088045597076416,1.0,9.0,4173.0,45.31,425923746.0
9.80309772491455,10.99116325378418,-1.28851044178009,2.0,10.0,4173.0,14.784,425923748.0
29.90375518798828,33.5161018371582,8.731038093566895,1.0,11.0,4174.0,45.758,425923750.0
9.870800971984863,11.05929851531982,-0.7768749594688416,3.0,12.0,4175.0,14.844,425923753.0
26.72602844238281,29.93346786499023,9.264384269714355,1.0,13.0,4176.0,41.184,425923755.0
12.80662822723389,14.33853721618652,-0.3355748653411865,18.0,14.0,4177.0,19.228,425923757.0
28.25656318664551,31.62545776367188,11.36370944976807,1.0,15.0,4178.0,43.906,425923760.0
1.430676937103271,1.597317576408386,-0.5745782852172852,5.0,0.0,4185.0,2.22,425923780.0
11.21581935882568,12.5178050994873,0.2933749556541443,24.0,1.0,4186.0,16.81,425923783.0
5.942772388458252,6.630309104919434,-2.055602788925171,3.0,2.0,4187.0,9.138,425923785.0
29.38152885437012,32.75774765014648,3.849843502044678,0.0,5.0,4189.0,44.172,425923792.0
5.983985900878906,6.66926097869873,-1.4191734790802,7.0,6.0,4190.0,9.072000000000001,425923794.0
6.027692317962646,6.713257312774658,-1.107792377471924,2.0,8.0,4192.0,9.09,425923799.0
29.89593505859375,33.29617309570312,7.087419986724854,1.0,9.0,4192.0,45.306,425923801.0
9.84539794921875,10.96132373809814,-1.28903341293335,2.0,10.0,4193.0,14.79,425923803.0
30.08486175537109,33.48307037353516,8.749737739562988,1.0,11.0,4194.0,45.856,425923806.0
9.912015914916992,11.02774620056152,-0.7770842909812927,2.0,12.0,4195.0,14.848,425923808.0
26.90201568603516,29.9196949005127,9.289129257202148,1.0,13.0,4196.0,41.294,425923810.0
13.15347766876221,14.62380790710449,-0.3433237373828888,16.0,14.0,4197.0,19.672,425923813.0
28.37290954589844,31.54450798034668,11.36836814880371,2.0,15.0,4197.0,43.924,425923815.0
1.407777786254883,1.560754418373108,-0.563190221786499,5.0,0.0,4205.0,2.176,425923836.0
11.28489875793457,12.50678634643555,0.2940381467342377,31.0,1.0,4206.0,16.848,425923838.0
7.404794692993164,8.203680038452148,-2.551394939422607,8.0,2.0,4207.0,11.342,425923840.0
7.332448482513428,8.120677947998047,-2.126757144927979,88.0,4.0,4208.0,11.146,425923845.0
29.49569511413574,32.65498733520508,3.849843502044678,0.0,5.0,4209.0,44.172,425923847.0
6.077419757843018,6.726013660430908,-1.435755491256714,6.0,6.0,4210.0,9.178,425923849.0
29.71183586120605,32.8712043762207,5.440491199493408,1.0,7.0,4211.0,44.642,425923852.0
10.09047412872314,11.15951538085938,-1.847295522689819,4.0,8.0,4212.0,15.158,425923854.0
29.99077987670898,33.16817092895508,7.082414150238037,1.0,9.0,4212.0,45.274,425923856.0
9.87959098815918,10.92245769500732,-1.28851044178009,4.0,10.0,4213.0,14.784,425923859.0
28.99628639221191,32.04582214355469,8.400556564331055,1.0,11.0,4214.0,44.026,425923861.0
29.92967224121094,33.05417251586914,10.29465961456299,0.0,13.0,4216.0,45.764,425923866.0
12.91984176635742,14.2636022567749,-0.3359239101409912,26.0,14.0,4217.0,19.248,425923868.0
27.89145469665527,30.79237365722656,11.13232517242432,0.0,15.0,4217.0,43.012,425923870.0
1.396867871284485,1.536753535270691,-0.556460976600647,4.0,0.0,4227.0,2.15,425923891.0
11.34763622283936,12.47963809967041,0.2944220900535583,38.0,1.0,4228.0,16.87,425923893.0
7.442796230316162,8.182394981384277,-2.553644418716431,9.0,2.0,4229.0,11.352,425923896.0
9.864787101745605,10.84125900268555,-2.849159955978394,16.0,4.0,4230.0,14.932,425923900.0
28.47282981872559,31.2802619934082,3.700632810592651,0.0,5.0,4231.0,42.46,425923902.0
9.976053237915039,10.95585441589355,-2.346829891204834,7.0,6.0,4232.0,15.002,425923905.0
29.86322975158691,32.78475952148438,5.445122241973877,0.0,7.0,4233.0,44.68,425923907.0
30.07843971252441,32.99787902832031,7.071776390075684,1.0,9.0,4235.0,45.206,425923912.0
9.922799110412598,10.88591480255127,-1.288684844970703,5.0,10.0,4235.0,14.786,425923914.0
29.0767879486084,31.88782691955566,8.388344764709473,1.0,11.0,4236.0,43.962,425923916.0
10.02892780303955,10.99463272094727,-0.7799104452133179,4.0,12.0,4237.0,14.902,425923919.0
30.05636978149414,32.93900680541992,10.29465961456299,0.0,13.0,4238.0,45.764,425923921.0
13.41535758972168,14.6968412399292,-0.3473377823829651,16.0,14.0,4239.0,19.902,425923923.0
26.19132804870605,28.6932201385498,10.40970230102539,1.0,15.0,4239.0,40.22,425923925.0
1.368309378623962,1.494818329811096,-0.5430023670196533,4.0,0.0,4247.0,2.098,425923946.0
11.41003608703613,12.46059894561768,0.2949107587337494,42.0,1.0,4248.0,16.898,425923949.0
7.475261688232422,8.160676002502441,-2.554994106292725,5.0,2.0,4249.0,11.358,425923951.0
29.45449638366699,32.14393997192383,2.284883260726929,0.0,3.0,4250.0,43.658,425923953.0
6.431497573852539,7.018747806549072,-1.850465655326843,5.0,4.0,4250.0,9.698,425923955.0
28.58184623718262,31.18068313598633,3.700632810592651,0.0,5.0,4251.0,42.46,425923958.0
10.0302562713623,10.93843650817871,-2.350584268569946,6.0,6.0,4252.0,15.026,425923960.0
11.09807586669922,12.09446239471436,-2.015475273132324,27.0,8.0,4254.0,16.538,425923965.0
28.64923667907715,31.2104320526123,6.710100173950195,1.0,9.0,4255.0,42.894,425923967.0
10.00385189056396,10.89818000793457,-1.294262766838074,12.0,10.0,4255.0,14.85,425923969.0
29.15605163574219,31.75142860412598,8.379186630249023,1.0,11.0,4256.0,43.914,425923972.0
10.07940483093262,10.97279644012451,-0.7808524966239929,7.0,12.0,4257.0,14.92,425923974.0
28.44517707824707,30.9555778503418,9.705738067626953,1.0,13.0,4258.0,43.146,425923976.0
13.49228954315186,14.67789554595947,-0.3480009734630585,18.0,14.0,4259.0,19.94,425923978.0
26.31723976135254,28.61978340148926,10.41798400878906,1.0,15.0,4260.0,40.252,425923981.0
1.348130345344543,1.463515400886536,-0.5331672430038452,5.0,0.0,4265.0,2.06,425924002.0
11.46945190429688,12.44674968719482,0.2954343259334564,45.0,1.0,4266.0,16.928,425924004.0
7.512749671936035,8.150047302246094,-2.559043169021606,2.0,2.0,4267.0,11.376,425924006.0
29.59053611755371,32.08942413330078,2.287604570388794,0.0,3.0,4268.0,43.71,425924008.0
6.320425987243652,6.854179382324219,-1.812303781509399,9.0,4.0,4268.0,9.498,425924011.0
29.40914916992188,31.88155174255371,3.794760942459106,1.0,5.0,4269.0,43.54,425924013.0
10.04715633392334,10.88799858093262,-2.346517086029053,6.0,6.0,4270.0,15.0,425924015.0
11.14679050445557,12.07120418548584,-2.017425060272217,24.0,8.0,4272.0,16.554,425924020.0
28.72570037841797,31.0970573425293,6.705093860626221,1.0,9.0,4273.0,42.862,425924022.0
10.02857685089111,10.85645389556885,-1.293042540550232,5.0,10.0,4273.0,14.836,425924025.0
29.21302032470703,31.61353492736816,8.366974830627441,1.0,11.0,4274.0,43.85,425924027.0
10.11111640930176,10.93814373016357,-0.780643105506897,12.0,12.0,4275.0,14.916,425924029.0
28.60050201416016,30.92901611328125,9.725533485412598,1.0,13.0,4276.0,43.234,425924031.0
13.56277751922607,14.66185855865479,-0.3486292660236359,18.0,14.0,4277.0,19.976,425924034.0
26.47550392150879,28.6209888458252,10.44697189331055,1.0,15.0,4277.0,40.364,425924036.0
1.344034075737,1.448886394500732,-0.5295437574386597,4.0,0.0,4285.0,2.046,425924057.0
11.53867340087891,12.43448829650879,0.2960975170135498,40.0,1.0,4286.0,16.966,425924059.0
14.83305549621582,15.97903823852539,-5.033504962921143,6.0,2.0,4287.0,22.376,425924061.0
29.59907913208008,31.87470817565918,2.279649496078491,1.0,3.0,4288.0,43.558,425924064.0
6.355000495910645,6.843584060668945,-1.815356731414795,9.0,4.0,4288.0,9.514,425924066.0
29.52703666687012,31.7859992980957,3.795632600784302,1.0,5.0,4289.0,43.55,425924068.0
6.48673677444458,6.980560302734375,-1.509279727935791,7.0,6.0,4290.0,9.648,425924071.0
28.59604263305664,30.76223754882812,5.157022953033447,0.0,7.0,4291.0,42.316,425924073.0
11.08206653594971,11.91737937927246,-1.998169779777527,6.0,8.0,4292.0,16.396,425924075.0
28.82600021362305,30.98791694641113,6.703217029571533,1.0,9.0,4293.0,42.85,425924078.0
10.10712242126465,10.86514472961426,-1.298271894454956,9.0,10.0,4293.0,14.896,425924080.0
29.30179595947266,31.48837471008301,8.360868453979492,1.0,11.0,4294.0,43.818,425924082.0
10.09616279602051,10.84576892852783,-0.77656090259552,11.0,12.0,4295.0,14.838,425924084.0
28.72289848327637,30.84468078613281,9.730483055114746,0.0,13.0,4296.0,43.256,425924087.0
13.64931297302246,14.65246963500977,-0.349536806344986,18.0,14.0,4297.0,20.028,425924089.0
26.5897331237793,28.54394721984863,10.45266628265381,1.0,15.0,4297.0,40.386,425924091.0
1.331939578056335,1.425833702087402,-0.5228144526481628,5.0,0.0,4305.0,2.02,425924112.0
11.60658264160156,12.42043399810791,0.2967258095741272,36.0,1.0,4306.0,17.002,425924114.0
14.92334270477295,15.96417808532715,-5.045202255249023,21.0,2.0,4307.0,22.428,425924117.0
29.73462295532227,31.8084774017334,2.281952381134033,0.0,3.0,4307.0,43.602,425924119.0
29.64461708068848,31.69001197814941,3.796504259109497,1.0,5.0,4309.0,43.56,425924124.0
6.505665302276611,6.952105522155762,-1.508028268814087,23.0,6.0,4310.0,9.64,425924126.0
28.66390609741211,30.62020492553711,5.149954795837402,1.0,7.0,4311.0,42.258,425924128.0
6.603873729705811,7.052117347717285,-1.186276197433472,9.0,8.0,4312.0,9.734,425924130.0
28.92050170898438,30.88350486755371,6.701339721679688,1.0,9.0,4312.0,42.838,425924133.0
10.14771175384521,10.83270645141602,-1.298620581626892,15.0,10.0,4313.0,14.9,425924135.0
29.37125968933105,31.34292411804199,8.349419593811035,1.0,11.0,4314.0,43.758,425924137.0
10.20772075653076,10.88914585113525,-0.7822132110595703,14.0,12.0,4315.0,14.946,425924140.0
28.86238288879395,30.77834701538086,9.741280555725098,1.0,13.0,4316.0,43.304,425924142.0
13.72363471984863,14.62952899932861,-0.350130170583725,22.0,14.0,4317.0,20.062,425924144.0
26.71299743652344,28.476318359375,10.4619836807251,1.0,15.0,4317.0,40.422,425924147.0
1.309111475944519,1.391626477241516,-0.511944055557251,4.0,0.0,4325.0,1.978,425924167.0
11.67590522766113,12.40751361846924,0.2973890006542206,24.0,1.0,4326.0,17.04,425924170.0
29.88934707641602,31.73999404907227,2.284883260726929,0.0,3.0,4328.0,43.658,425924174.0
6.383779525756836,6.779041767120361,-1.810014128684998,12.0,4.0,4328.0,9.486,425924177.0
28.50364875793457,30.25791549682617,3.636834859848022,0.0,5.0,4329.0,41.728,425924179.0
6.554278373718262,6.955231189727783,-1.513659834861755,46.0,6.0,4330.0,9.676,425924181.0
28.78695678710938,30.53729629516602,5.15287971496582,1.0,7.0,4331.0,42.282,425924183.0
6.633897304534912,7.034799575805664,-1.187251091003418,4.0,8.0,4332.0,9.742,425924186.0
29.03621101379395,30.78017234802246,6.70196533203125,1.0,9.0,4333.0,42.842,425924188.0
10.14991664886475,10.75953674316406,-1.29408848285675,23.0,10.0,4333.0,14.848,425924190.0
29.47375106811523,31.23306846618652,8.347512245178223,1.0,11.0,4334.0,43.748,425924193.0
10.18260192871094,10.78663921356201,-0.7773982882499695,14.0,12.0,4335.0,14.854,425924195.0
29.00844573974609,30.7185001373291,9.754327774047852,1.0,13.0,4336.0,43.362,425924197.0
13.80070781707764,14.60915470123291,-0.3507933616638184,20.0,14.0,4337.0,20.1,425924200.0
26.85832214355469,28.42174530029297,10.47803020477295,1.0,15.0,4338.0,40.484,425924202.0
1.290046811103821,1.361803770065308,-0.5026265978813171,4.0,0.0,4345.0,1.942,425924223.0
11.74390316009521,12.39280796051025,0.298017293214798,11.0,1.0,4346.0,17.076,425924225.0
7.476994037628174,7.887374401092529,-2.509104013442993,53.0,2.0,4347.0,11.154,425924227.0
29.99443626403809,31.64070320129395,2.284883260726929,0.0,3.0,4347.0,43.658,425924230.0
12.51625442504883,13.19860458374023,-3.535690784454346,21.0,4.0,4348.0,18.53,425924232.0
28.60635185241699,30.15534400939941,3.636486291885376,1.0,5.0,4349.0,41.724,425924234.0
11.85710334777832,12.49477958679199,-2.728217124938965,18.0,6.0,4350.0,17.44,425924236.0
28.88517570495605,30.42798614501953,5.151417255401611,1.0,7.0,4351.0,42.27,425924239.0
10.26032638549805,10.80457210540771,-1.829502582550049,13.0,8.0,4352.0,15.012,425924241.0
29.14755821228027,30.68292617797852,6.702903747558594,1.0,9.0,4353.0,42.848,425924243.0
10.22309017181396,10.76159858703613,-1.298620581626892,34.0,10.0,4353.0,14.9,425924246.0
29.55013656616211,31.09584045410156,8.338353157043457,1.0,11.0,4354.0,43.7,425924248.0
10.28624439239502,10.82051277160645,-0.7824225425720215,14.0,12.0,4355.0,14.95,425924250.0
29.16115379333496,30.66506767272949,9.769624710083008,1.0,13.0,4356.0,43.43,425924253.0
13.87642860412598,14.58697128295898,-0.3514216542243958,20.0,14.0,4357.0,20.136,425924255.0
25.22678756713867,26.51852607727051,9.807170867919922,0.0,15.0,4357.0,37.892,425924257.0
1.273457169532776,1.334927201271057,-0.4943443834781647,4.0,0.0,4365.0,1.91,425924278.0
11.81332111358643,12.379225730896,0.2986804842948914,4.0,1.0,4366.0,17.114,425924280.0
7.508517265319824,7.865455627441406,-2.510453701019287,10.0,2.0,4367.0,11.16,425924282.0
28.49113464355469,29.84554100036621,2.162416934967041,0.0,3.0,4367.0,41.318,425924285.0
12.46327114105225,13.05118560791016,-3.507832527160645,57.0,4.0,4368.0,18.384,425924287.0
28.7307071685791,30.07547569274902,3.63892650604248,1.0,5.0,4369.0,41.752,425924289.0
10.21381187438965,10.68814277648926,-2.341511011123657,21.0,6.0,4370.0,14.968,425924292.0
28.9678955078125,30.30257987976074,5.147273540496826,1.0,7.0,4371.0,42.236,425924294.0
29.24765777587891,30.5738582611084,6.701339721679688,1.0,9.0,4373.0,42.838,425924299.0
10.21238899230957,10.67545795440674,-1.292519688606262,17.0,10.0,4373.0,14.83,425924301.0
29.63271141052246,30.96555137634277,8.33110237121582,1.0,11.0,4374.0,43.662,425924303.0
10.32257080078125,10.7830982208252,-0.7823178768157959,15.0,12.0,4375.0,14.948,425924306.0
29.27206230163574,30.56731224060059,9.770974159240723,0.0,13.0,4376.0,43.436,425924308.0
13.95077800750732,14.56299304962158,-0.3520150482654572,18.0,14.0,4377.0,20.17,425924310.0
29.51412200927734,30.80931663513184,11.43203735351562,1.0,15.0,4377.0,44.17,425924312.0
1.252680778503418,1.304003715515137,-0.4845092594623566,4.0,0.0,4385.0,1.872,425924333.0
11.91742706298828,12.4013557434082,0.3002162873744965,6.0,1.0,4386.0,17.202,425924335.0
7.526473522186279,7.829363822937012,-2.507304430007935,4.0,2.0,4387.0,11.146,425924338.0
28.58510398864746,29.72507858276367,2.16126561164856,1.0,3.0,4388.0,41.296,425924340.0
28.78292083740234,29.93078422546387,-8.071601867675781,3.0,4.0,4388.0,42.302,425924342.0
28.81893920898438,29.95777320861816,3.636834859848022,1.0,5.0,4389.0,41.728,425924345.0
29.08313179016113,30.21128845214844,5.148979663848877,1.0,7.0,4391.0,42.25,425924349.0
11.95068645477295,12.40992736816406,-2.115407943725586,18.0,8.0,4392.0,17.358,425924352.0
29.33792114257812,30.46531867980957,6.698836803436279,1.0,9.0,4392.0,42.822,425924354.0
10.30211734771729,10.69427108764648,-1.299143552780151,23.0,10.0,4393.0,14.906,425924356.0
29.73789596557617,30.85909843444824,8.330339431762695,1.0,11.0,4394.0,43.658,425924359.0
10.37123775482178,10.75850391387939,-0.7831552624702454,13.0,12.0,4395.0,14.964,425924361.0
30.81788635253906,31.95747375488281,10.24967002868652,0.0,13.0,4396.0,45.564,425924363.0
14.04317855834961,14.55738258361816,-0.3530621826648712,22.0,14.0,4397.0,20.23,425924365.0
29.63355255126953,30.7078857421875,11.43462562561035,2.0,15.0,4398.0,44.18,425924368.0
1.243793129920959,1.285738229751587,-0.4793328642845154,4.0,0.0,4405.0,1.852,425924388.0
12.5224494934082,12.94023036956787,0.3143178522586823,9.0,1.0,4406.0,18.01,425924391.0
7.557823181152344,7.807244300842285,-2.508654117584229,1.0,2.0,4407.0,11.152,425924393.0
28.67657279968262,29.62294960021973,2.160742282867432,1.0,3.0,4407.0,41.286,425924395.0
28.8872241973877,29.83013153076172,-8.071601867675781,4.0,4.0,4408.0,42.302,425924398.0
28.92888069152832,29.86271667480469,3.637531995773315,1.0,5.0,4409.0,41.736,425924400.0
10.30467510223389,10.63360023498535,-2.34526538848877,7.0,6.0,4410.0,14.992,425924402.0
29.18012046813965,30.10103416442871,5.147517204284668,1.0,7.0,4411.0,42.238,425924405.0
12.01051616668701,12.3852367401123,-2.118332862854004,22.0,8.0,4412.0,17.382,425924407.0
29.44663429260254,30.35474967956543,6.698210716247559,1.0,9.0,4413.0,42.818,425924409.0
10.34493350982666,10.66396522521973,-1.299840688705444,20.0,10.0,4413.0,14.914,425924412.0
29.82765960693359,30.73678970336914,8.32537841796875,1.0,11.0,4414.0,43.632,425924414.0
10.42263984680176,10.7365665435791,-0.784201979637146,16.0,12.0,4415.0,14.984,425924416.0
30.92925262451172,31.84970474243164,10.24967002868652,0.0,13.0,4416.0,45.564,425924418.0
14.12316799163818,14.53839492797852,-0.3537951707839966,24.0,14.0,4417.0,20.272,425924421.0
29.65708923339844,30.51836204528809,11.40253162384033,0.0,15.0,4418.0,44.056,425924423.0
1.221312999725342,1.253712892532349,-0.4689801037311554,4.0,0.0,4425.0,1.812,425924444.0
12.62895011901855,12.95945453643799,0.3158536553382874,9.0,1.0,4426.0,18.098,425924446.0
8.339996337890625,8.555268287658691,-2.758349895477295,1.0,2.0,4427.0,12.262,425924448.0
28.78677368164062,29.52981948852539,2.16126561164856,1.0,3.0,4427.0,41.296,425924451.0
28.99117469787598,29.7291145324707,-8.071601867675781,2.0,4.0,4428.0,42.302,425924453.0
29.03294563293457,29.76155471801758,3.637531995773315,1.0,5.0,4429.0,41.736,425924455.0
15.51121711730957,15.89493465423584,-3.517585277557373,7.0,6.0,4430.0,22.486,425924458.0
29.2933349609375,30.00751686096191,5.148979663848877,1.0,7.0,4431.0,42.25,425924460.0
12.09250926971436,12.38300323486328,-2.125157594680786,33.0,8.0,4432.0,17.438,425924462.0
29.54437255859375,30.25410842895508,6.697585105895996,1.0,9.0,4432.0,42.814,425924465.0
10.36538791656494,10.61068725585938,-1.297749042510986,16.0,10.0,4433.0,14.89,425924467.0
29.92790794372559,30.62546348571777,8.323470115661621,1.0,11.0,4434.0,43.622,425924469.0
10.44888496398926,10.68869304656982,-0.7833645939826965,9.0,12.0,4435.0,14.968,425924471.0
31.07566452026367,31.77777290344238,10.26136684417725,0.0,13.0,4436.0,45.616,425924474.0
14.19061088562012,14.50616073608398,-0.3542140424251556,24.0,14.0,4437.0,20.296,425924476.0
29.86612701416016,30.51958847045898,11.44187259674072,1.0,15.0,4438.0,44.208,425924478.0
1.187802076339722,1.210827946662903,-0.4544862508773804,3.0,0.0,4445.0,1.756,425924499.0
12.71052646636963,12.95240116119385,0.3167611658573151,9.0,1.0,4446.0,18.15,425924501.0
6.450390815734863,6.570843696594238,-2.125787496566772,1.0,2.0,4447.0,9.450000000000001,425924504.0
28.88407897949219,29.42345428466797,2.160846948623657,1.0,3.0,4447.0,41.288,425924506.0
10.28516864776611,10.4735746383667,-2.853357791900635,5.0,4.0,4448.0,14.954,425924508.0
29.11850547790527,29.64155197143555,3.635266065597534,1.0,5.0,4449.0,41.71,425924511.0
29.34297561645508,29.85962867736816,-6.630631446838379,2.0,6.0,4450.0,42.386,425924513.0
29.39511871337891,29.90224838256836,5.148492336273193,1.0,7.0,4451.0,42.246,425924515.0
12.16906452178955,12.3746862411499,-2.131007432937622,30.0,8.0,4452.0,17.486,425924518.0
29.62209701538086,30.12262535095215,6.691327571868896,1.0,9.0,4452.0,42.774,425924520.0
10.34926795959473,10.52046775817871,-1.291125178337097,15.0,10.0,4453.0,14.814,425924522.0
30.02085876464844,30.50681686401367,8.319653511047363,1.0,11.0,4454.0,43.602,425924524.0
10.47352123260498,10.63934516906738,-0.7824225425720215,16.0,12.0,4455.0,14.95,425924527.0
31.18639945983887,31.66910552978516,10.26136684417725,0.0,13.0,4456.0,45.616,425924529.0
14.27203369140625,14.48787879943848,-0.3549819588661194,25.0,14.0,4457.0,20.34,425924531.0
29.9765453338623,30.41927909851074,11.44342517852783,2.0,15.0,4458.0,44.214,425924534.0
1.167377352714539,1.182139992713928,-0.4451687633991241,4.0,0.0,4464.0,1.72,425924554.0
12.78713607788086,12.94432258605957,0.3175988793373108,9.0,1.0,4465.0,18.198,425924557.0
6.426942825317383,6.50367546081543,-2.11094069480896,4.0,2.0,4466.0,9.384,425924559.0
28.98710823059082,29.33319091796875,2.16126561164856,1.0,3.0,4466.0,41.296,425924561.0
14.41079235076904,14.57775592803955,-3.984473466873169,10.0,4.0,4467.0,20.882,425924564.0
29.2236442565918,29.55191230773926,3.63613748550415,1.0,5.0,4468.0,41.72,425924566.0
29.42933082580566,29.74952125549316,-6.627815246582031,3.0,6.0,4469.0,42.368,425924568.0
29.48015403747559,29.79049682617188,5.146054744720459,1.0,7.0,4470.0,42.226,425924570.0
10.44898414611816,10.5552978515625,-1.823652863502502,17.0,8.0,4471.0,14.964,425924573.0
29.73989105224609,30.04247856140137,6.695394992828369,1.0,9.0,4471.0,42.8,425924575.0
10.35325622558594,10.4549446105957,-1.287290334701538,17.0,10.0,4472.0,14.77,425924577.0
31.58781242370605,31.88693237304688,8.724550247192383,1.0,11.0,4473.0,45.724,425924580.0
10.45391750335693,10.54922676086426,-0.7783403396606445,16.0,12.0,4474.0,14.872,425924582.0
31.25557708740234,31.5295295715332,10.24967002868652,0.0,13.0,4475.0,45.564,425924584.0
14.34816074371338,14.46886920928955,-0.3556800484657288,19.0,14.0,4476.0,20.38,425924587.0
30.05835914611816,30.31123733520508,11.43824863433838,2.0,15.0,4476.0,44.194,425924589.0
1.166047811508179,1.172578573226929,-0.4430982172489166,4.0,0.0,4484.0,1.712,425924610.0
12.88583374023438,12.95348072052002,0.3189252614974976,9.0,1.0,4485.0,18.274,425924612.0
6.40699291229248,6.438380241394043,-2.096993684768677,9.0,2.0,4486.0,9.322000000000001,425924614.0
29.08509635925293,29.22758102416992,2.160951614379883,1.0,3.0,4486.0,41.29,425924617.0
14.36186408996582,14.42718505859375,-3.956996917724609,14.0,4.0,4487.0,20.738,425924619.0
29.32381057739258,29.4468994140625,3.635788917541504,1.0,5.0,4488.0,41.716,425924621.0
29.53717803955078,29.65081024169922,-6.628754138946533,5.0,6.0,4489.0,42.374,425924623.0
29.5783576965332,29.68178558349609,5.145080089569092,1.0,7.0,4490.0,42.218,425924626.0
12.41558361053467,12.45464992523193,-2.159281015396118,10.0,8.0,4491.0,17.718,425924628.0
29.84597206115723,29.93988418579102,6.69570779800415,1.0,9.0,4491.0,42.802,425924630.0
10.38687419891357,10.41592025756836,-1.286941647529602,17.0,10.0,4492.0,14.766,425924633.0
31.8126220703125,31.89044952392578,8.755843162536621,1.0,11.0,4493.0,45.888,425924635.0
31.41500854492188,31.46988677978516,10.26586627960205,0.0,13.0,4495.0,45.636,425924640.0
14.43814277648926,14.45831680297852,-0.3566573858261108,21.0,14.0,4496.0,20.436,425924642.0
30.19246482849121,30.22409820556641,11.44704914093018,1.0,15.0,4497.0,44.228,425924644.0
1.155097007751465,1.153485298156738,-0.4374041855335236,4.0,0.0,4504.0,1.69,425924665.0
12.97908878326416,12.95645618438721,0.3201120495796204,9.0,1.0,4505.0,18.342,425924667.0
6.142510890960693,6.129659652709961,-2.003414154052734,3.0,2.0,4506.0,8.906,425924670.0
29.17930030822754,29.10808753967285,2.160009622573853,1.0,3.0,4507.0,41.272,425924672.0
14.29538345336914,14.26049613952637,-3.924941062927246,16.0,4.0,4507.0,20.57,425924674.0
29.41795539855957,29.33591842651367,3.634743213653564,1.0,5.0,4508.0,41.704,425924676.0
10.43370151519775,10.40097522735596,-2.333376407623291,23.0,6.0,4509.0,14.916,425924679.0
29.68178558349609,29.5783576965332,5.145080089569092,1.0,7.0,4510.0,42.218,425924681.0
12.46320247650146,12.41543865203857,-2.160012245178223,21.0,8.0,4511.0,17.724,425924683.0
31.46733856201172,31.34674263000488,7.034857749938965,1.0,9.0,4511.0,44.97,425924686.0
10.42175674438477,10.37819385528564,-1.286767363548279,20.0,10.0,4512.0,14.764,425924688.0
28.15033340454102,28.02288055419922,7.720895290374756,1.0,11.0,4513.0,40.464,425924690.0
10.52023029327393,10.46894454956055,-0.7778170108795166,7.0,12.0,4514.0,14.862,425924693.0
14.51971912384033,14.43885135650635,-0.3574252724647522,25.0,14.0,4516.0,20.48,425924697.0
30.30622291564941,30.13743209838867,11.45222473144531,0.0,15.0,4516.0,44.248,425924700.0
1.139912128448486,1.130402207374573,-0.4301572442054749,4.0,0.0,4524.0,1.662,425924720.0
13.0725212097168,12.95893669128418,0.3212988078594208,9.0,1.0,4525.0,18.41,425924723.0
5.40670919418335,5.357861042022705,-1.757317662239075,1.0,2.0,4526.0,7.812,425924725.0
29.28356552124023,29.00886726379395,2.160218954086304,1.0,3.0,4527.0,41.276,425924727.0
14.24186325073242,14.1082649230957,-3.896701335906982,16.0,4.0,4527.0,20.422,425924729.0
29.53008651733398,29.24286651611328,3.635963201522827,1.0,5.0,4528.0,41.718,425924732.0
29.74065017700195,29.44110298156738,-6.628128051757812,4.0,6.0,4529.0,42.37,425924734.0
29.80460739135742,29.49411773681641,5.148492336273193,1.0,7.0,4530.0,42.246,425924736.0
12.53045558929443,12.39559078216553,-2.164155721664429,27.0,8.0,4531.0,17.758,425924739.0
31.74213981628418,31.3895435333252,7.070525169372559,1.0,9.0,4532.0,45.198,425924741.0
10.4678373336792,10.35155868530273,-1.287987589836121,11.0,10.0,4532.0,14.778,425924743.0
28.18933868408203,27.86647796630859,7.704867362976074,1.0,11.0,4533.0,40.38,425924746.0
10.57659912109375,10.45181179046631,-0.7792823910713196,10.0,12.0,4534.0,14.89,425924748.0
14.58425998687744,14.40213012695312,-0.3577743172645569,21.0,14.0,4536.0,20.5,425924753.0
30.44672584533691,30.05601119995117,11.46361351013184,0.0,15.0,4537.0,44.292,425924755.0
1.127333283424377,1.110150337219238,-0.4239456057548523,4.0,0.0,4544.0,1.638,425924776.0
13.15757846832275,12.95250606536865,0.3222761452198029,7.0,1.0,4545.0,18.466,425924778.0
5.194807052612305,5.112056732177734,-1.682633876800537,3.0,2.0,4546.0,7.48,425924780.0
29.38179969787598,28.90367126464844,2.160009622573853,1.0,3.0,4547.0,41.272,425924782.0
14.2378396987915,14.00614738464355,-3.882199764251709,8.0,4.0,4547.0,20.346,425924785.0
29.62914276123047,29.13681411743164,3.635614633560181,1.0,5.0,4548.0,41.714,425924787.0
29.84746360778809,29.34126281738281,-6.629066944122314,3.0,6.0,4549.0,42.376,425924789.0
31.21139335632324,30.67135047912598,5.372975826263428,0.0,7.0,4550.0,44.088,425924792.0
12.58214473724365,12.36012268066406,-2.165618181228638,25.0,8.0,4551.0,17.77,425924794.0
31.83901214599609,31.27718734741211,7.068960666656494,1.0,9.0,4551.0,45.188,425924796.0
10.4754753112793,10.28703594207764,-1.284501314163208,22.0,10.0,4552.0,14.738,425924799.0
28.26542472839355,27.74727821350098,7.699142932891846,1.0,11.0,4553.0,40.35,425924801.0
10.62157154083252,10.42322254180908,-0.7799104452133179,3.0,12.0,4554.0,14.902,425924803.0
31.76230812072754,31.15829467773438,10.27216529846191,0.0,13.0,4555.0,45.664,425924806.0
14.66442680358887,14.38053607940674,-0.3585073351860046,23.0,14.0,4556.0,20.542,425924808.0
29.16967391967773,28.60497665405273,10.9470100402832,0.0,15.0,4556.0,42.296,425924810.0
1.12567675113678,1.100805759429932,-0.4218750298023224,4.0,0.0,4564.0,1.63,425924831.0
13.24275016784668,12.94563865661621,0.3232534825801849,7.0,1.0,4565.0,18.522,425924833.0
4.989620208740234,4.875971794128418,-1.610649585723877,2.0,2.0,4566.0,7.16,425924835.0
29.4810848236084,28.79953765869141,2.159904956817627,1.0,3.0,4567.0,41.27,425924838.0
16.16709327697754,15.79333972930908,-4.393186092376709,7.0,4.0,4567.0,23.024,425924840.0
29.71498870849609,29.01790046691895,3.633697271347046,1.0,5.0,4568.0,41.692,425924842.0
10.55618190765381,10.30494403839111,-2.336505174636841,4.0,6.0,4569.0,14.936,425924845.0
31.32110786437988,30.56498908996582,5.373463153839111,0.0,7.0,4570.0,44.092,425924847.0
12.54421806335449,12.23711585998535,-2.151725053787231,14.0,8.0,4571.0,17.656,425924849.0
31.97323417663574,31.17959022521973,7.073340892791748,1.0,9.0,4572.0,45.216,425924852.0
10.52701091766357,10.26570796966553,-1.286418795585632,20.0,10.0,4572.0,14.76,425924854.0
28.4183406829834,27.70326232910156,7.714407920837402,0.0,11.0,4573.0,40.43,425924856.0
10.65216827392578,10.38050746917725,-0.7794917225837708,4.0,12.0,4574.0,14.894,425924858.0
14.75034999847412,14.36413860321045,-0.3593799471855164,19.0,14.0,4576.0,20.592,425924863.0
29.26878356933594,28.49248123168945,10.94493961334229,0.0,15.0,4577.0,42.288,425924865.0
1.111495733261108,1.079373598098755,-0.4151457548141479,4.0,0.0,4584.0,1.604,425924886.0
13.3466854095459,12.95644187927246,0.3246845602989197,7.0,1.0,4585.0,18.604,425924888.0
4.566084384918213,4.431028842926025,-1.46893036365509,2.0,2.0,4586.0,6.53,425924891.0
29.56996536254883,28.68532752990723,2.159067630767822,1.0,3.0,4587.0,41.254,425924893.0
29.87617111206055,28.97225379943848,3.641018390655518,0.0,5.0,4588.0,41.776,425924898.0
12.49418067932129,12.10347557067871,-2.135882139205933,9.0,8.0,4591.0,17.526,425924905.0
32.06652069091797,31.06377029418945,7.071150779724121,1.0,9.0,4591.0,45.202,425924907.0
10.55991840362549,10.22612762451172,-1.286070108413696,20.0,10.0,4592.0,14.756,425924909.0
32.34741592407227,31.31400108337402,8.751263618469238,0.0,11.0,4593.0,45.864,425924911.0
10.68977355957031,10.34465026855469,-0.7795963883399963,4.0,12.0,4594.0,14.896,425924914.0
14.83490085601807,14.34592533111572,-0.3602176606655121,20.0,14.0,4596.0,20.64,425924918.0
29.35477447509766,28.38720893859863,10.94183349609375,0.0,15.0,4596.0,42.276,425924921.0
1.112475514411926,1.072805166244507,-0.4141104817390442,4.0,0.0,4604.0,1.6,425924941.0
13.42350292205811,12.94030666351318,0.3254524767398834,5.0,1.0,4605.0,18.648,425924944.0
4.305088520050049,4.148672103881836,-1.380299687385559,2.0,2.0,4606.0,6.136,425924946.0
29.68573951721191,28.59717750549316,2.160218954086304,1.0,3.0,4607.0,41.276,425924948.0
12.50039672851562,12.04201412200928,-3.373884677886963,29.0,4.0,4607.0,17.682,425924951.0
12.6387357711792,12.16677665710449,-2.778589010238647,5.0,6.0,4609.0,17.762,425924955.0
31.8484058380127,30.64840698242188,5.427085399627686,0.0,7.0,4610.0,44.532,425924958.0
10.80246543884277,10.39181423187256,-1.840470790863037,8.0,8.0,4611.0,15.102,425924960.0
32.19155120849609,30.95698547363281,7.073653697967529,1.0,9.0,4612.0,45.218,425924962.0
10.61421871185303,10.20715713500977,-1.288336157798767,15.0,10.0,4612.0,14.782,425924964.0
32.46926116943359,31.2131404876709,8.754698753356934,1.0,11.0,4613.0,45.882,425924967.0
10.72437763214111,10.30588912963867,-0.7794917225837708,6.0,12.0,4614.0,14.894,425924969.0
14.91229057312012,14.3203706741333,-0.3608808517456055,18.0,14.0,4616.0,20.678,425924974.0
29.50600624084473,28.32491493225098,10.95943355560303,0.0,15.0,4617.0,42.344,425924976.0
1.088308095932007,1.042192459106445,-0.4037577211856842,4.0,0.0,4624.0,1.56,425924997.0
13.54226112365723,12.96389484405518,0.3272326290607452,5.0,1.0,4625.0,18.75,425924999.0
4.136512279510498,3.958465814590454,-1.321812391281128,4.0,2.0,4626.0,5.876,425925001.0
29.78971099853516,28.49752235412598,2.16053295135498,0.0,3.0,4627.0,41.282,425925004.0
12.54093647003174,11.99694919586182,-3.373502969741821,30.0,4.0,4627.0,17.68,425925006.0
12.44695377349854,11.89872455596924,-2.727278470993042,5.0,6.0,4629.0,17.434,425925011.0
10.87886524200439,10.39243698120117,-1.847295522689819,25.0,8.0,4631.0,15.158,425925015.0
32.26117706298828,30.81868171691895,7.066457748413086,0.0,9.0,4631.0,45.172,425925017.0
10.64690208435059,10.16729259490967,-1.287987589836121,13.0,10.0,4632.0,14.778,425925020.0
32.58511734008789,31.10638999938965,8.756606101989746,0.0,11.0,4633.0,45.892,425925022.0
10.77473640441895,10.2821798324585,-0.7805384397506714,3.0,12.0,4634.0,14.914,425925024.0
14.26899814605713,13.60719108581543,-0.3441614508628845,5.0,14.0,4636.0,19.72,425925029.0
1.073740482330322,1.021080732345581,-0.3970284163951874,3.0,0.0,4644.0,1.534,425925052.0
13.64975261688232,12.97578907012939,0.3287335336208344,5.0,1.0,4645.0,18.836,425925054.0
4.037294387817383,3.836609840393066,-1.285820245742798,5.0,2.0,4646.0,5.716,425925057.0
12.5884313583374,11.95850849151611,-3.375029563903809,21.0,4.0,4647.0,17.688,425925061.0
31.83649826049805,30.23283576965332,3.841127872467041,0.0,5.0,4648.0,44.072,425925064.0
12.46119213104248,11.82936382293701,-2.721333980560303,8.0,6.0,4649.0,17.396,425925066.0
10.92083644866943,10.35986423492432,-1.848270416259766,15.0,8.0,4651.0,15.166,425925070.0
32.38825225830078,30.71382331848145,7.069586277008057,0.0,9.0,4652.0,45.192,425925073.0
10.67799091339111,10.12595367431641,-1.287464618682861,12.0,10.0,4652.0,14.772,425925075.0
32.70774841308594,31.0059642791748,8.760422706604004,0.0,11.0,4653.0,45.912,425925077.0
10.79171562194824,10.22664642333984,-0.779177725315094,3.0,12.0,4654.0,14.888,425925080.0
14.32657241821289,13.56692504882812,-0.3444058001041412,9.0,14.0,4656.0,19.734,425925084.0
29.80404281616211,28.21385765075684,10.99670314788818,0.0,15.0,4657.0,42.488,425925087.0
1.059038877487183,1.000083684921265,-0.3902991116046906,3.0,0.0,4664.0,1.508,425925107.0
13.71677494049072,12.94865322113037,0.3292571008205414,2.0,1.0,4665.0,18.866,425925110.0
3.782791376113892,3.569711446762085,-1.200788736343384,4.0,2.0,4666.0,5.338,425925112.0
16.42026901245117,15.48991966247559,-4.387843608856201,7.0,4.0,4667.0,22.996,425925117.0
30.45395851135254,28.70839500427246,-6.628754138946533,1.0,6.0,4669.0,42.374,425925121.0
12.40620040893555,11.68692493438721,-2.092740297317505,13.0,8.0,4671.0,17.172,425925126.0
32.10457611083984,30.24324607849121,6.985737323760986,0.0,9.0,4671.0,44.656,425925128.0
10.70601940155029,10.08178901672363,-1.286593079566956,5.0,10.0,4672.0,14.762,425925130.0
32.7900505065918,30.86738204956055,8.75355339050293,0.0,11.0,4673.0,45.876,425925133.0
10.81571197509766,10.17796421051025,-0.7783403396606445,4.0,12.0,4674.0,14.872,425925135.0
29.21704864501953,27.48465347290039,9.260785102844238,0.0,13.0,4675.0,41.168,425925137.0
14.4073486328125,13.54834079742432,-0.3452085852622986,5.0,14.0,4676.0,19.78,425925140.0
1.035748839378357,0.9712730646133423,-0.3804639875888824,3.0,0.0,4684.0,1.47,425925163.0
13.85817909240723,12.99095630645752,0.3315608203411102,2.0,1.0,4685.0,18.998,425925165.0
3.644500494003296,3.415238618850708,-1.153099060058594,5.0,2.0,4686.0,5.126,425925167.0
31.81813621520996,29.80614852905273,2.284883260726929,0.0,3.0,4687.0,43.658,425925170.0
16.42839050292969,15.38955783843994,-4.375631809234619,10.0,4.0,4687.0,22.932,425925172.0
30.55975151062012,28.60731506347656,-6.630005359649658,2.0,6.0,4689.0,42.382,425925176.0
10.91171264648438,10.20742893218994,-1.834621071815491,2.0,8.0,4691.0,15.054,425925181.0
32.23591613769531,30.15528678894043,6.991369247436523,0.0,9.0,4691.0,44.692,425925183.0
13.46536064147949,12.59184837341309,-1.612904191017151,3.0,10.0,4692.0,18.506,425925186.0
32.91481018066406,30.76882362365723,8.758132934570312,0.0,11.0,4693.0,45.9,425925188.0
30.66521644592285,28.65587425231934,-2.199575662612915,1.0,12.0,4694.0,42.028,425925190.0
15.23501110076904,14.22677612304688,-0.3638477623462677,9.0,14.0,4696.0,20.848,425925195.0
1.033309817314148,0.9625659584999084,-0.3783934414386749,2.0,0.0,4703.0,1.462,425925218.0
13.92459678649902,12.96673393249512,0.3321192860603333,2.0,1.0,4704.0,19.03,425925220.0
3.526005268096924,3.282305002212524,-1.112158060073853,5.0,2.0,4705.0,4.944,425925223.0
16.43621635437012,15.29487133026123,-4.36418342590332,7.0,4.0,4706.0,22.872,425925227.0
30.67036056518555,28.52061653137207,-6.633447170257568,1.0,6.0,4708.0,42.404,425925232.0
10.89896869659424,10.1279468536377,-1.826821446418762,6.0,8.0,4710.0,14.99,425925236.0
32.35256195068359,30.0533332824707,6.993872165679932,0.0,9.0,4711.0,44.708,425925239.0
10.79775142669678,10.0303783416748,-1.289382100105286,5.0,10.0,4711.0,14.794,425925241.0
10.90523242950439,10.12313175201416,-0.7798057198524475,1.0,12.0,4713.0,14.9,425925246.0
15.30996036529541,14.20201587677002,-0.3645109534263611,6.0,14.0,4715.0,20.886,425925250.0
1.019645810127258,0.9432111382484436,-0.37218177318573,2.0,0.0,4723.0,1.438,425925273.0
14.07842063903809,13.01851558685303,0.3347022533416748,2.0,1.0,4724.0,19.178,425925276.0
3.378599882125854,3.123145580291748,-1.062218904495239,6.0,2.0,4725.0,4.722,425925278.0
16.44192314147949,15.19343566894531,-4.351590156555176,7.0,4.0,4726.0,22.806,425925282.0
30.79730415344238,28.43884468078613,-6.639391422271729,0.0,6.0,4728.0,42.442,425925287.0
13.0306568145752,12.02434349060059,-2.177073955535889,2.0,8.0,4730.0,17.864,425925292.0
11.02600860595703,10.1709451675415,-1.31239116191864,1.0,10.0,4731.0,15.058,425925296.0
10.92581748962402,10.07146739959717,-0.7787590026855469,1.0,12.0,4733.0,14.88,425925301.0
15.39032745361328,14.17693901062012,-0.3652439713478088,4.0,14.0,4735.0,20.928,425925305.0
1.004436731338501,0.9226567149162292,-0.3654524981975555,2.0,0.0,4743.0,1.412,425925329.0
3.274631977081299,3.005908727645874,-1.026226758956909,6.0,2.0,4745.0,4.562,425925333.0
16.47026634216309,15.11338520050049,-4.345102310180664,5.0,4.0,4746.0,22.772,425925338.0
10.8947582244873,9.990204811096191,-2.341198205947876,4.0,6.0,4748.0,14.966,425925342.0
12.98327255249023,11.89697742462158,-2.162205934524536,2.0,8.0,4750.0,17.742,425925347.0
10.86751270294189,9.954751968383789,-1.289382100105286,2.0,10.0,4751.0,14.794,425925352.0
29.4494514465332,26.94765281677246,9.215794563293457,0.0,13.0,4754.0,40.968,425925358.0
15.47955989837646,14.15957164764404,-0.3661863803863525,2.0,14.0,4755.0,20.982,425925361.0
1.010505795478821,0.9217487573623657,-0.3664877712726593,2.0,0.0,4763.0,1.416,425925384.0
3.192931652069092,2.910441637039185,-0.9974329471588135,3.0,2.0,4765.0,4.434,425925388.0
16.66223335266113,15.18274211883545,-4.38173770904541,2.0,4.0,4766.0,22.964,425925393.0
16.9968376159668,15.47678089141846,-3.64085578918457,2.0,6.0,4768.0,23.274,425925398.0
12.91460418701172,11.75138568878174,-2.143925428390503,1.0,8.0,4770.0,17.592,425925402.0
10.92577743530273,9.938206672668457,-1.292171001434326,1.0,10.0,4771.0,14.826,425925407.0
33.40272903442383,30.37283706665039,8.775687217712402,0.0,11.0,4772.0,45.992,425925409.0
29.54333686828613,26.84469032287598,9.215794563293457,0.0,13.0,4774.0,40.968,425925414.0
15.57329750061035,14.14578723907471,-0.367233544588089,2.0,14.0,4775.0,21.042,425925416.0
29.04026985168457,26.37832450866699,10.51219463348389,0.0,15.0,4775.0,40.616,425925418.0
0.9779220223426819,0.8857929706573486,-0.3535468280315399,2.0,0.0,4783.0,1.366,425925439.0
3.093268394470215,2.79988956451416,-0.963240385055542,3.0,2.0,4785.0,4.282,425925444.0
11.00997352600098,9.96224594116211,-2.886176824569702,4.0,4.0,4786.0,15.126,425925448.0
16.96577453613281,15.34051513671875,-3.622709274291992,2.0,6.0,4788.0,23.158,425925453.0
12.87600898742676,11.63436698913574,-2.130763530731201,1.0,8.0,4790.0,17.484,425925457.0
10.96631526947021,9.905350685119629,-1.292868256568909,1.0,10.0,4791.0,14.834,425925462.0
33.508544921875,30.25605392456055,8.775687217712402,0.0,11.0,4792.0,45.992,425925464.0
29.6484375,26.75184440612793,9.219393730163574,0.0,13.0,4794.0,40.984,425925469.0
29.07765769958496,26.22762489318848,10.49252414703369,0.0,15.0,4795.0,40.54,425925474.0
0.985317051410675,0.8862497210502625,-0.3550997376441956,2.0,0.0,4803.0,1.372,425925494.0
11.04176044464111,9.921128273010254,-2.885413646697998,4.0,4.0,4806.0,15.122,425925504.0
17.26615333557129,15.50291538238525,-3.675271272659302,2.0,6.0,4808.0,23.494,425925508.0
12.87812614440918,11.55488204956055,-2.124426364898682,1.0,8.0,4810.0,17.432,425925513.0
10.97561073303223,9.84439468383789,-1.289904952049255,1.0,10.0,4811.0,14.8,425925517.0
0.3727412819862366,0.3342068195343018,0.09731258451938629,1.0,11.0,4812.0,0.51,425925520.0
29.7619571685791,26.66639518737793,9.225692749023438,0.0,13.0,4814.0,41.012,425925524.0
29.19662094116211,26.14149284362793,10.50080585479736,0.0,15.0,4816.0,40.572,425925529.0
0.9365350008010864,0.8364769220352173,-0.3364647626876831,2.0,0.0,4823.0,1.3,425925550.0
11.07339477539062,9.879911422729492,-2.884650468826294,4.0,4.0,4826.0,15.118,425925559.0
17.61504936218262,15.70547008514404,-3.737845182418823,3.0,6.0,4828.0,23.894,425925563.0
0.423827737569809,0.3777494728565216,0.06970926374197006,1.0,7.0,4829.0,0.5720000000000001,425925566.0
13.87881278991699,12.36557102203369,-2.282369136810303,1.0,8.0,4830.0,18.728,425925568.0
0.368780255317688,0.328455775976181,0.07821723073720932,1.0,9.0,4831.0,0.5,425925570.0
11.02180957794189,9.81662368774414,-1.29129946231842,4.0,10.0,4831.0,14.816,425925573.0
0.3797707855701447,0.3381257057189941,0.09883905947208405,2.0,11.0,4832.0,0.518,425925575.0
29.86359405517578,26.57011604309082,9.228391647338867,0.0,13.0,4834.0,41.024,425925580.0
29.34088897705078,26.09588432312012,10.52151203155518,0.0,15.0,4835.0,40.652,425925584.0
0.9264413714408875,0.8216660618782043,-0.3318060040473938,2.0,0.0,4843.0,1.282,425925605.0
11.10781478881836,9.841197967529297,-2.884650468826294,5.0,4.0,4846.0,15.118,425925614.0
17.66680717468262,15.64126777648926,-3.737219333648682,3.0,6.0,4848.0,23.89,425925619.0
13.90702438354492,12.30389595031738,-2.279931783676147,2.0,8.0,4850.0,18.708,425925623.0
0.4305921494960785,0.3808217942714691,0.09104485809803009,2.0,9.0,4851.0,0.582,425925626.0
11.04705429077148,9.770171165466309,-1.290253639221191,5.0,10.0,4851.0,14.804,425925628.0
0.3794779181480408,0.3354976177215576,0.0984574407339096,3.0,11.0,4852.0,0.516,425925630.0
29.94739723205566,26.45796966552734,9.225692749023438,0.0,13.0,4854.0,41.012,425925635.0
29.44048881530762,26.00097846984863,10.52461719512939,0.0,15.0,4855.0,40.664,425925639.0
0.9278541207313538,0.8171504139900208,-0.3312883675098419,1.0,0.0,4863.0,1.28,425925660.0
11.14946937561035,9.80884838104248,-2.886558532714844,8.0,4.0,4866.0,15.128,425925669.0
0.385999470949173,0.3394670784473419,0.04497236385941505,1.0,5.0,4867.0,0.516,425925672.0
31.15061378479004,27.3857536315918,-6.569308757781982,1.0,6.0,4868.0,41.994,425925674.0
0.3787393867969513,0.3328478336334229,0.06190962716937065,1.0,7.0,4869.0,0.508,425925676.0
16.46277618408203,14.46290302276611,-2.69063138961792,3.0,8.0,4870.0,22.078,425925679.0
0.4333366453647614,0.3806955516338348,0.09135773032903671,3.0,9.0,4870.0,0.584,425925681.0
11.10354709625244,9.75127124786377,-1.292868256568909,5.0,10.0,4871.0,14.834,425925683.0
30.05128860473633,26.36355400085449,9.229291915893555,0.0,13.0,4874.0,41.028,425925690.0
0.4104420244693756,0.3599479794502258,-0.009529014118015766,1.0,14.0,4875.0,0.546,425925692.0
29.62565612792969,25.97185707092285,10.55671119689941,0.0,15.0,4876.0,40.788,425925695.0
0.9277923703193665,0.811363160610199,-0.3302530944347382,1.0,0.0,4883.0,1.276,425925715.0
2.745469331741333,2.399247884750366,-0.8417668342590332,3.0,2.0,4885.0,3.742,425925720.0
0.3774826526641846,0.3298796713352203,0.02627265080809593,2.0,3.0,4885.0,0.502,425925722.0
11.1836404800415,9.769868850708008,-2.886558532714844,11.0,4.0,4886.0,15.128,425925725.0
0.4622173607349396,0.4036442935466766,0.0536879375576973,1.0,5.0,4887.0,0.616,425925727.0
30.2281436920166,26.38827896118164,-6.355306625366211,0.0,6.0,4888.0,40.626,425925729.0
0.3754119575023651,0.3276081085205078,0.06117840856313705,3.0,7.0,4889.0,0.502,425925732.0
16.42939186096191,14.33227157592773,-2.676981925964355,5.0,8.0,4890.0,21.966,425925734.0
0.4257962703704834,0.3713149130344391,0.08948051184415817,4.0,9.0,4891.0,0.5720000000000001,425925736.0
11.1720552444458,9.742571830749512,-1.296877503395081,6.0,10.0,4891.0,14.88,425925739.0
0.3818108439445496,0.3328402042388916,0.0984574407339096,2.0,11.0,4892.0,0.516,425925741.0
0.4336555898189545,0.3779022097587585,-0.03014551103115082,1.0,12.0,4893.0,0.5760000000000001,425925743.0
0.3732258677482605,0.325127124786377,0.1142751350998878,1.0,13.0,4894.0,0.508,425925745.0
0.4079884886741638,0.3551593720912933,0.144938662648201,1.0,15.0,4896.0,0.56,425925750.0
2.647854566574097,2.297691106796265,-0.8093739151954651,2.0,2.0,4905.0,3.598,425925775.0
11.21322631835938,9.726912498474121,-2.885413646697998,8.0,4.0,4906.0,15.122,425925780.0
0.4004021286964417,0.3472063541412354,0.0463668555021286,1.0,5.0,4907.0,0.532,425925782.0
11.31871795654297,9.811498641967773,-2.372485160827637,11.0,6.0,4908.0,15.166,425925785.0
0.3765532076358795,0.3262956738471985,0.06117840856313705,5.0,7.0,4909.0,0.502,425925787.0
11.80995464324951,10.23010349273682,-1.918467164039612,7.0,8.0,4910.0,15.742,425925789.0
0.4195597767829895,0.3634340763092041,0.08791617304086685,9.0,9.0,4910.0,0.562,425925792.0
11.20298194885254,9.700905799865723,-1.296528816223145,5.0,10.0,4911.0,14.876,425925794.0
0.3725796937942505,0.3225110769271851,0.09578611701726913,2.0,11.0,4912.0,0.502,425925796.0
0.3743585050106049,0.3238223195075989,0.1142751350998878,1.0,13.0,4914.0,0.508,425925801.0
0.3653801381587982,0.3158330917358398,0.129409521818161,1.0,15.0,4916.0,0.5,425925805.0
2.561375856399536,2.207022666931152,-0.7805801630020142,2.0,2.0,4925.0,3.47,425925831.0
0.3797764480113983,0.3272363245487213,0.02627265080809593,2.0,3.0,4925.0,0.502,425925833.0
0.3819840252399445,0.328906238079071,0.0441008061170578,3.0,5.0,4927.0,0.506,425925838.0
11.35589122772217,9.774506568908691,-2.373110771179199,13.0,6.0,4928.0,15.17,425925840.0
11.85010719299316,10.19270038604736,-1.919198393821716,9.0,8.0,4930.0,15.748,425925845.0
0.3878786265850067,0.3336282670497894,0.08103305101394653,4.0,9.0,4930.0,0.518,425925847.0
11.23224449157715,9.657844543457031,-1.296005845069885,4.0,10.0,4931.0,14.87,425925849.0
0.3856140375137329,0.3314462900161743,0.09883905947208405,2.0,11.0,4932.0,0.518,425925851.0
0.4141888022422791,0.3556301891803741,-0.009529014118015766,1.0,14.0,4935.0,0.546,425925858.0
0.3899351060390472,0.3346872925758362,0.1376917362213135,1.0,15.0,4936.0,0.532,425925861.0
0.4542466104030609,0.3887866735458374,0.0104365386068821,2.0,1.0,4944.0,0.598,425925884.0
2.465413093566895,2.10938549041748,-0.7490870356559753,2.0,2.0,4945.0,3.33,425925886.0
0.4173386693000793,0.3570712208747864,0.02878477610647678,4.0,3.0,4945.0,0.55,425925888.0
11.85228729248047,10.13712882995605,-3.031573295593262,1.0,4.0,4946.0,15.888,425925891.0
0.3831298053264618,0.3275708556175232,0.0441008061170578,4.0,5.0,4947.0,0.506,425925893.0
0.3863682448863983,0.3301063179969788,0.06239710375666618,12.0,7.0,4949.0,0.512,425925897.0
0.3890408575534821,0.3322722613811493,0.08103305101394653,7.0,9.0,4950.0,0.518,425925902.0
11.25225067138672,9.606934547424316,-1.294437050819397,2.0,10.0,4951.0,14.852,425925904.0
0.4154276549816132,0.354182243347168,-0.009529014118015766,1.0,14.0,4955.0,0.546,425925914.0
0.388102650642395,0.3308856785297394,0.1366564631462097,1.0,15.0,4955.0,0.528,425925916.0
0.3856206238269806,0.3278408646583557,-0.1356211751699448,1.0,0.0,4963.0,0.524,425925937.0
0.4098885059356689,0.3483493328094482,0.009389394894242287,2.0,1.0,4964.0,0.538,425925939.0
2.434147596359253,2.067961931228638,-0.7373895645141602,1.0,2.0,4965.0,3.278,425925941.0
0.418582558631897,0.3556122779846191,0.02878477610647678,6.0,3.0,4965.0,0.55,425925944.0
31.39948654174805,26.66641044616699,-8.007490158081055,0.0,4.0,4966.0,41.966,425925946.0
0.3842709064483643,0.3262314796447754,0.0441008061170578,8.0,5.0,4967.0,0.506,425925948.0
18.50107002258301,15.70115375518799,-3.843281984329224,6.0,6.0,4968.0,24.568,425925950.0
0.3829769492149353,0.3249030113220215,0.06166588887572289,6.0,7.0,4969.0,0.506,425925953.0
16.22669792175293,13.76124095916748,-2.612391233444214,3.0,8.0,4970.0,21.436,425925955.0
0.3901983201503754,0.3309122323989868,0.08103305101394653,3.0,9.0,4970.0,0.518,425925957.0
11.30547332763672,9.584346771240234,-1.296703100204468,1.0,10.0,4971.0,14.878,425925960.0
0.4388896524906158,0.3718105852603912,-0.03014551103115082,1.0,12.0,4973.0,0.5760000000000001,425925964.0
0.4365024864673615,0.3695266246795654,-0.009982776828110218,1.0,14.0,4975.0,0.5720000000000001,425925969.0
0.4399056136608124,0.3713544011116028,-0.1542561501264572,1.0,0.0,4983.0,0.596,425925992.0
0.400404155254364,0.3378888666629791,0.009145060554146767,4.0,1.0,4984.0,0.524,425925994.0
0.4137757122516632,0.3489255011081696,0.0283660888671875,8.0,3.0,4986.0,0.542,425925999.0
31.50138473510742,26.56423759460449,-8.009779930114746,0.0,4.0,4986.0,41.978,425926001.0
0.3945474326610565,0.3325929939746857,0.04514667391777039,6.0,5.0,4987.0,0.518,425926003.0
31.79283332824707,26.79102516174316,-6.584952354431152,1.0,6.0,4988.0,42.094,425926006.0
0.3810723125934601,0.3210063874721527,0.06117840856313705,2.0,7.0,4989.0,0.502,425926008.0
16.17441940307617,13.62012481689453,-2.596304416656494,1.0,8.0,4990.0,21.304,425926010.0
0.4386355578899384,0.3691038489341736,0.1114324554800987,1.0,11.0,4992.0,0.584,425926017.0
0.411144882440567,0.3458483517169952,-0.02815674431622028,1.0,12.0,4993.0,0.538,425926020.0
0.4362589716911316,0.3667139708995819,-0.009947871789336205,7.0,14.0,4995.0,0.5700000000000001,425926024.0
0.3969829082489014,0.3326362073421478,0.0090403463691473,7.0,1.0,5004.0,0.518,425926050.0
0.4058031737804413,0.3397857844829559,0.027738057076931,6.0,3.0,5006.0,0.53,425926054.0
31.6285400390625,26.48310470581055,-8.01855754852295,0.0,4.0,5006.0,42.024,425926056.0
0.3987616300582886,0.3337713778018951,0.04549529775977135,3.0,5.0,5007.0,0.522,425926059.0
11.71699237823486,9.803877830505371,-2.41972827911377,2.0,6.0,5008.0,15.468,425926061.0
0.3852358460426331,0.322221428155899,0.06166588887572289,1.0,7.0,5009.0,0.506,425926063.0
11.70496082305908,9.786866188049316,-1.873375535011292,0.0,8.0,5010.0,15.372,425926066.0
0.4399213194847107,0.3675704598426819,0.1114324554800987,1.0,11.0,5012.0,0.584,425926073.0
0.4338101744651794,0.3623358309268951,-0.02962215058505535,4.0,12.0,5013.0,0.5660000000000001,425926075.0
0.4114377200603485,0.3434057235717773,-0.009354489855468273,7.0,14.0,5015.0,0.536,425926080.0
0.3838383555412292,0.3193483352661133,0.02616797760128975,4.0,3.0,5024.0,0.5,425926109.0
31.75987815856934,26.42378997802734,-8.030769348144531,0.0,4.0,5024.0,42.088,425926112.0
11.76748085021973,9.78343677520752,-2.423795700073242,1.0,6.0,5026.0,15.494,425926116.0
0.4076195657253265,0.3387729525566101,0.06507822871208191,1.0,7.0,5027.0,0.534,425926119.0
11.73564910888672,9.750045776367188,-1.873375535011292,0.0,8.0,5028.0,15.372,425926121.0
0.3798533380031586,0.3155843615531921,0.07821723073720932,1.0,9.0,5028.0,0.5,425926123.0
0.4410738945007324,0.3661865890026093,0.1114324554800987,1.0,11.0,5030.0,0.584,425926128.0
0.4088188409805298,0.3392874002456665,-0.02784272842109203,6.0,12.0,5031.0,0.532,425926130.0
0.3988089859485626,0.329454779624939,0.0271100252866745,2.0,3.0,5044.0,0.518,425926165.0
0.3840675354003906,0.3171641528606415,0.04357787221670151,1.0,5.0,5045.0,0.5,425926169.0
0.4271726310253143,0.3525097668170929,0.0680030956864357,1.0,7.0,5047.0,0.558,425926174.0
0.4419686794281006,0.3644604384899139,0.09073199331760406,1.0,9.0,5049.0,0.58,425926179.0
0.4559834897518158,0.3758837878704071,0.1148670166730881,1.0,11.0,5050.0,0.602,425926183.0
0.4161660969257355,0.3429388701915741,-0.02826141566038132,3.0,12.0,5051.0,0.54,425926185.0
0.4339918196201324,0.3558510839939117,0.02941280789673328,2.0,3.0,5065.0,0.562,425926220.0
0.4007940888404846,0.328630656003952,-0.1007471531629562,1.0,4.0,5065.0,0.528,425926222.0
0.3975546956062317,0.3258585035800934,0.04497236385941505,1.0,5.0,5066.0,0.516,425926225.0
0.4376760125160217,0.3584888577461243,0.0694655254483223,1.0,7.0,5068.0,0.5700000000000001,425926229.0
0.4890904128551483,0.400458425283432,0.1001180559396744,2.0,9.0,5069.0,0.64,425926234.0
0.4649554193019867,0.3804261088371277,0.1167751029133797,2.0,11.0,5071.0,0.612,425926238.0
0.4143282175064087,0.3388822674751282,-0.02805207297205925,1.0,12.0,5072.0,0.536,425926241.0
0.3984308242797852,0.3246050179004669,0.008970537222921848,2.0,1.0,5083.0,0.514,425926271.0
0.4197426736354828,0.3417242467403412,0.0283660888671875,2.0,3.0,5085.0,0.542,425926275.0
0.4079615771770477,0.3320145606994629,0.04601823166012764,1.0,5.0,5086.0,0.528,425926280.0
0.4389247000217438,0.3569588959217072,0.0694655254483223,1.0,7.0,5088.0,0.5700000000000001,425926285.0
0.4736920595169067,0.3849590718746185,0.09667649865150452,2.0,9.0,5090.0,0.618,425926289.0
0.4556139707565308,0.3701354265213013,0.1141037791967392,2.0,11.0,5091.0,0.598,425926294.0
0.4021587669849396,0.3263596296310425,-0.0090403463691473,1.0,14.0,5094.0,0.518,425926301.0
0.4181589782238007,0.3383768498897552,0.009389394894242287,2.0,1.0,5102.0,0.538,425926326.0
0.433297872543335,0.3503771126270294,0.02920346334576607,2.0,3.0,5104.0,0.558,425926331.0
11.65099143981934,9.421326637268066,-2.912508487701416,4.0,4.0,5104.0,15.264,425926333.0
0.4679402410984039,0.3782548606395721,0.05264206975698471,1.0,5.0,5105.0,0.604,425926335.0
0.4401060044765472,0.3555014133453369,0.0694655254483223,1.0,7.0,5107.0,0.5700000000000001,425926340.0
0.4702884256839752,0.3797460496425629,0.09573788940906525,3.0,9.0,5108.0,0.612,425926344.0
0.5007614493370056,0.404207855463028,-0.05630261078476906,1.0,10.0,5109.0,0.646,425926347.0
0.4553110003471375,0.3673896491527557,0.1137221604585648,3.0,11.0,5110.0,0.596,425926349.0
0.4881356358528137,0.3937351405620575,-0.03286698088049889,1.0,12.0,5111.0,0.628,425926351.0
0.4328200221061707,0.3488677144050598,-0.009703538380563259,1.0,14.0,5113.0,0.556,425926356.0
0.3943955898284912,0.3168755769729614,0.008830917999148369,2.0,1.0,5122.0,0.506,425926381.0
0.45632204413414,0.3663681149482727,0.03066886961460114,1.0,3.0,5124.0,0.586,425926386.0
11.72054862976074,9.4100980758667,-2.921667337417603,1.0,4.0,5124.0,15.312,425926388.0
0.4537194073200226,0.3641483187675476,0.0508989542722702,1.0,5.0,5125.0,0.584,425926391.0
0.4661214649677277,0.3738345801830292,0.07336534559726715,1.0,7.0,5127.0,0.602,425926395.0
0.459345668554306,0.3681369125843048,0.09323494136333466,2.0,9.0,5129.0,0.596,425926400.0
0.5068334341049194,0.4061954021453857,-0.05682554468512535,1.0,10.0,5129.0,0.652,425926402.0
0.4550584852695465,0.3645705878734589,0.1133405417203903,2.0,11.0,5130.0,0.594,425926404.0
0.4365031123161316,0.3495798707008362,-0.0293081346899271,1.0,12.0,5131.0,0.56,425926407.0
0.4340351521968842,0.3473547697067261,-0.009703538380563259,1.0,14.0,5133.0,0.556,425926411.0
0.4330772757530212,0.3453499376773834,0.009668633341789246,2.0,1.0,5143.0,0.554,425926437.0
0.4232981204986572,0.3373100459575653,0.0283660888671875,2.0,3.0,5145.0,0.542,425926441.0
32.38908767700195,25.80962562561035,-8.05023193359375,0.0,4.0,5145.0,42.19,425926444.0
0.4799853265285492,0.3823449909687042,0.0536879375576973,1.0,5.0,5146.0,0.616,425926446.0
28.28056907653809,22.51956748962402,-5.725814342498779,1.0,6.0,5147.0,36.602,425926448.0
0.4674884974956512,0.372123658657074,0.07336534559726715,1.0,7.0,5148.0,0.602,425926450.0
0.4482620656490326,0.3566915094852448,0.09073199331760406,1.0,9.0,5149.0,0.58,425926455.0
0.4693373143672943,0.373327761888504,-0.05246775597333908,1.0,10.0,5150.0,0.602,425926457.0
0.4548549652099609,0.3616783618927002,0.1129589229822159,3.0,11.0,5151.0,0.592,425926460.0
0.4815595746040344,0.3827754259109497,-0.03223894909024239,1.0,12.0,5152.0,0.616,425926462.0
0.4638234078884125,0.3685454428195953,0.1367702484130859,1.0,13.0,5153.0,0.608,425926464.0
0.4697539806365967,0.3731240332126617,-0.01047144364565611,1.0,14.0,5154.0,0.6,425926467.0
0.8086887001991272,0.6404992341995239,-0.2764187455177307,1.0,0.0,5162.0,1.068,425926490.0
0.4875852763652802,0.3860398232936859,0.01085539720952511,2.0,1.0,5163.0,0.622,425926492.0
0.4871257841587067,0.3853994905948639,0.03255296498537064,1.0,3.0,5165.0,0.622,425926497.0
18.41887092590332,14.57246494293213,-4.565296173095703,2.0,4.0,5165.0,23.926,425926499.0
0.4719407260417938,0.3732515871524811,0.05264206975698471,1.0,5.0,5166.0,0.604,425926501.0
0.462554931640625,0.3655661046504974,0.07239039242267609,1.0,7.0,5168.0,0.594,425926506.0
0.4743046760559082,0.3747176826000214,0.09573788940906525,1.0,9.0,5169.0,0.612,425926510.0
0.4581289887428284,0.3618084490299225,-0.05107326433062553,1.0,10.0,5170.0,0.586,425926513.0
0.4453281760215759,0.3515728116035461,0.1102875992655754,2.0,11.0,5171.0,0.578,425926515.0
0.482892781496048,0.3810921311378479,-0.03223894909024239,1.0,12.0,5172.0,0.616,425926517.0
0.4742867946624756,0.3741660714149475,0.1394696533679962,1.0,13.0,5173.0,0.62,425926520.0
0.4851851761341095,0.382626473903656,-0.01078558713197708,1.0,14.0,5174.0,0.618,425926522.0
0.8123265504837036,0.6390084624290466,-0.2769363820552826,2.0,0.0,5181.0,1.07,425926545.0
0.4385617673397064,0.3448662757873535,0.009738442488014698,2.0,1.0,5182.0,0.558,425926547.0
0.6021002531051636,0.4732958972454071,-0.1768115311861038,2.0,2.0,5183.0,0.786,425926550.0
0.4538518786430359,0.3566334247589111,0.03025018237531185,1.0,3.0,5184.0,0.578,425926552.0
18.47944259643555,14.52100944519043,-4.56834888458252,2.0,4.0,5184.0,23.942,425926554.0
0.4731758832931519,0.3716845512390137,0.05264206975698471,1.0,5.0,5185.0,0.604,425926556.0
12.23492908477783,9.607210159301758,-2.463842868804932,1.0,6.0,5186.0,15.75,425926559.0
0.4793796241283417,0.3762871026992798,0.07482777535915375,1.0,7.0,5187.0,0.614,425926561.0
0.5028709173202515,0.3945847153663635,-0.07848385721445084,1.0,8.0,5188.0,0.644,425926563.0
0.4445241689682007,0.3486767709255219,0.08948051184415817,1.0,9.0,5189.0,0.5720000000000001,425926566.0
0.4718675911426544,0.3701244592666626,-0.05246775597333908,1.0,10.0,5189.0,0.602,425926568.0
0.4588512182235718,0.3597853183746338,0.1133405417203903,1.0,11.0,5190.0,0.594,425926570.0
0.4841538667678833,0.3794887065887451,-0.03223894909024239,1.0,12.0,5191.0,0.616,425926573.0
0.4172348082065582,0.326918751001358,0.1223733723163605,1.0,13.0,5192.0,0.544,425926575.0
0.489599883556366,0.3834815621376038,-0.01085539720952511,1.0,14.0,5193.0,0.622,425926577.0
0.8023719787597656,0.626656174659729,-0.2727952599525452,2.0,0.0,5201.0,1.054,425926600.0
0.446067750453949,0.3482556343078613,0.009878061711788177,2.0,1.0,5202.0,0.5660000000000001,425926603.0
1.676055431365967,1.308065414428711,-0.4908432066440582,1.0,2.0,5203.0,2.182,425926605.0
0.4739906191825867,0.3697894513607025,0.0315062440931797,1.0,3.0,5204.0,0.602,425926607.0
18.50060844421387,14.43347072601318,-4.561098098754883,2.0,4.0,5204.0,23.904,425926609.0
0.4901813566684723,0.3822832405567169,0.05438518524169922,1.0,5.0,5205.0,0.624,425926612.0
0.4681640565395355,0.3648496270179749,0.07287786900997162,1.0,7.0,5207.0,0.598,425926616.0
0.4964153468608856,0.3867271840572357,-0.077265165746212,3.0,8.0,5208.0,0.634,425926619.0
0.4488556385040283,0.3495503962039948,0.09010624885559082,1.0,9.0,5209.0,0.5760000000000001,425926621.0
0.4668688774108887,0.3635784089565277,-0.05177051201462746,1.0,10.0,5209.0,0.594,425926623.0
0.4337683916091919,0.3376794755458832,0.1068530380725861,1.0,11.0,5210.0,0.56,425926626.0
0.4854755997657776,0.3777963817119598,-0.03223894909024239,1.0,12.0,5211.0,0.616,425926628.0
0.4183734357357025,0.3254603445529938,0.1223733723163605,1.0,13.0,5212.0,0.544,425926630.0
0.4751498103141785,0.369494616985321,-0.01050634868443012,1.0,14.0,5213.0,0.602,425926632.0
0.8121878504753113,0.6297704577445984,-0.275383472442627,3.0,0.0,5221.0,1.064,425926656.0
0.5041785836219788,0.3907991647720337,0.01113463565707207,2.0,1.0,5222.0,0.638,425926658.0
1.629776954650879,1.262818455696106,-0.4759964346885681,2.0,2.0,5223.0,2.116,425926660.0
0.4973845183849335,0.3852551281452179,0.03297165408730507,1.0,3.0,5224.0,0.63,425926662.0
12.1313304901123,9.396467208862305,-2.982726097106934,4.0,4.0,5224.0,15.632,425926665.0
0.4757591784000397,0.3683721125125885,0.05264206975698471,1.0,5.0,5225.0,0.604,425926667.0
0.4725748002529144,0.3656427264213562,0.07336534559726715,1.0,7.0,5227.0,0.602,425926672.0
0.4899111092090607,0.3789195716381073,-0.07604646682739258,3.0,8.0,5228.0,0.624,425926674.0
0.4500730633735657,0.3479814827442169,0.09010624885559082,1.0,9.0,5229.0,0.5760000000000001,425926676.0
0.4902021586894989,0.3790079653263092,-0.05421087145805359,1.0,10.0,5229.0,0.622,425926679.0
0.4551382958889008,0.3517708480358124,0.1118140742182732,1.0,11.0,5230.0,0.586,425926681.0
0.4962743520736694,0.3834260702133179,-0.03286698088049889,1.0,12.0,5231.0,0.628,425926683.0
0.4071685075759888,0.3144686222076416,0.1187741532921791,1.0,13.0,5232.0,0.528,425926685.0
0.4574425220489502,0.353169322013855,-0.01008749101310968,1.0,14.0,5233.0,0.578,425926688.0
0.7990732789039612,0.6151471138000488,-0.2702070772647858,3.0,0.0,5241.0,1.044,425926711.0
0.4738443493843079,0.3646458685398102,0.0104365386068821,2.0,1.0,5242.0,0.598,425926713.0
1.638808846473694,1.260686278343201,-0.4773461520671844,2.0,2.0,5243.0,2.122,425926715.0
0.4987262785434723,0.3835165798664093,0.03297165408730507,1.0,3.0,5244.0,0.63,425926718.0
12.18428802490234,9.369621276855469,-2.987687349319458,6.0,4.0,5244.0,15.658,425926720.0
0.4644052684307098,0.356995016336441,0.05124757811427116,1.0,5.0,5245.0,0.588,425926722.0
0.4518087804317474,0.3470610976219177,0.06995300203561783,1.0,7.0,5247.0,0.5740000000000001,425926727.0
0.4943796992301941,0.379625141620636,-0.07653395086526871,1.0,8.0,5248.0,0.628,425926729.0
0.4575528502464294,0.3512195348739624,0.09135773032903671,1.0,9.0,5249.0,0.584,425926732.0
0.4757175743579865,0.3651628792285919,-0.05246775597333908,1.0,10.0,5249.0,0.602,425926734.0
0.4423454403877258,0.3394235968589783,0.1083795130252838,1.0,11.0,5250.0,0.5680000000000001,425926736.0
0.4944402277469635,0.379260241985321,-0.03265763819217682,1.0,12.0,5251.0,0.624,425926738.0
0.4453786015510559,0.3415040969848633,0.1295718103647232,1.0,13.0,5252.0,0.5760000000000001,425926741.0
0.4491499364376068,0.3442713618278503,-0.009878061711788177,1.0,14.0,5253.0,0.5660000000000001,425926743.0
0.8104250431060791,0.6193926334381104,-0.2733129262924194,3.0,0.0,5261.0,1.056,425926766.0
0.4751143157482147,0.362989604473114,0.0104365386068821,2.0,1.0,5262.0,0.598,425926768.0
1.598286390304565,1.220656752586365,-0.4642989635467529,3.0,2.0,5263.0,2.064,425926771.0
0.4936461746692657,0.3770115971565247,0.03255296498537064,1.0,3.0,5263.0,0.622,425926773.0
12.21379947662354,9.324650764465332,-2.986923933029175,5.0,4.0,5264.0,15.654,425926775.0
0.4783192873001099,0.3650417327880859,0.05264206975698471,1.0,5.0,5265.0,0.604,425926778.0
0.4852918088436127,0.3702290058135986,-0.09667649865150452,1.0,6.0,5266.0,0.618,425926780.0
0.4751159250736237,0.3623346388339996,0.07336534559726715,1.0,7.0,5267.0,0.602,425926782.0
0.5051738619804382,0.3851180970668793,-0.0779963806271553,1.0,8.0,5268.0,0.64,425926784.0
0.4618569016456604,0.3520955145359039,0.09198346734046936,1.0,9.0,5268.0,0.588,425926787.0
0.4991748929023743,0.3804070651531219,-0.05490811914205551,1.0,10.0,5269.0,0.63,425926789.0
0.4341572523117065,0.3307392001152039,0.1060898005962372,1.0,11.0,5270.0,0.556,425926791.0
0.4894051849842072,0.3726918697357178,-0.03223894909024239,1.0,12.0,5271.0,0.616,425926794.0
0.4279609620571136,0.3257828652858734,0.1241729855537415,1.0,13.0,5272.0,0.552,425926796.0
0.4853583872318268,0.3693425357341766,-0.0106459679082036,1.0,14.0,5273.0,0.61,425926798.0
0.4304578602313995,0.3275649845600128,0.144938662648201,1.0,15.0,5273.0,0.56,425926801.0
0.8064262866973877,0.6118890643119812,-0.2712423503398895,3.0,0.0,5281.0,1.048,425926821.0
0.4763785004615784,0.3613289296627045,0.0104365386068821,2.0,1.0,5282.0,0.598,425926824.0
1.552846550941467,1.177393674850464,-0.4499021172523499,3.0,2.0,5283.0,2.0,425926826.0
0.4568234086036682,0.3462454378604889,0.03004083968698978,1.0,3.0,5284.0,0.5740000000000001,425926828.0
12.2462739944458,9.281959533691406,-2.986923933029175,2.0,4.0,5284.0,15.654,425926831.0
0.489118903875351,0.3705891370773315,0.0536879375576973,1.0,5.0,5285.0,0.616,425926833.0
0.4519378840923309,0.3422941863536835,-0.0897933840751648,1.0,6.0,5286.0,0.5740000000000001,425926835.0
0.4383941888809204,0.3319159150123596,0.06751561909914017,1.0,7.0,5287.0,0.554,425926837.0
0.4653607308864594,0.3522049784660339,-0.07165917754173279,1.0,8.0,5288.0,0.588,425926840.0
0.4599936306476593,0.3480166792869568,0.09135773032903671,1.0,9.0,5289.0,0.584,425926842.0
0.4846108257770538,0.3666412830352783,-0.053165003657341,1.0,10.0,5289.0,0.61,425926844.0
0.4415725469589233,0.3339587152004242,0.1076162755489349,1.0,11.0,5290.0,0.5640000000000001,425926847.0
0.4970758855342865,0.3757991790771484,-0.03265763819217682,1.0,12.0,5291.0,0.624,425926849.0
0.4415331184864044,0.3336866497993469,0.1277721971273422,1.0,13.0,5292.0,0.5680000000000001,425926851.0
0.4451602101325989,0.3363057672977448,-0.009738442488014698,1.0,14.0,5293.0,0.558,425926854.0
0.3977397680282593,0.3003719449043274,0.1335506290197372,1.0,15.0,5294.0,0.516,425926856.0
0.785514771938324,0.591498076915741,-0.2634778022766113,2.0,0.0,5302.0,1.018,425926877.0
1.538465619087219,1.157633900642395,-0.4445032775402069,3.0,2.0,5304.0,1.976,425926881.0
0.4324945211410522,0.3254348635673523,0.0283660888671875,2.0,3.0,5304.0,0.542,425926884.0
0.5208930969238281,0.3918088972568512,-0.1266971677541733,1.0,4.0,5305.0,0.664,425926886.0
0.4777342975139618,0.3592148721218109,0.05229344591498375,1.0,5.0,5306.0,0.6,425926888.0
0.4468731880187988,0.3358879089355469,-0.0885419100522995,1.0,6.0,5307.0,0.5660000000000001,425926890.0
0.4713484048843384,0.3541557490825653,0.07239039242267609,1.0,7.0,5308.0,0.594,425926893.0
0.4666485190391541,0.3504969775676727,-0.07165917754173279,1.0,8.0,5309.0,0.588,425926895.0
0.4423099458217621,0.3320957124233246,0.08760330080986023,1.0,9.0,5310.0,0.56,425926897.0
0.4923245310783386,0.3696477115154266,-0.05386224761605263,1.0,10.0,5310.0,0.618,425926900.0
0.445933997631073,0.3346950113773346,0.1083795130252838,1.0,11.0,5311.0,0.5680000000000001,425926902.0
0.4601076245307922,0.3452075123786926,-0.03014551103115082,1.0,12.0,5312.0,0.5760000000000001,425926904.0
0.4333992302417755,0.3250506222248077,0.1250727921724319,1.0,13.0,5313.0,0.556,425926907.0
0.4623894691467285,0.3466673195362091,-0.01008749101310968,1.0,14.0,5314.0,0.578,425926909.0
0.4080599248409271,0.3059348165988922,0.1366564631462097,1.0,15.0,5314.0,0.528,425926911.0
0.7798382043838501,0.582969069480896,-0.2608895897865295,2.0,0.0,5322.0,1.008,425926932.0
0.4789519011974335,0.3579108119010925,0.0104365386068821,2.0,1.0,5323.0,0.598,425926934.0
1.514394998550415,1.131264090538025,-0.4364050328731537,4.0,2.0,5324.0,1.94,425926936.0
0.4016258120536804,0.3000174164772034,0.02627265080809593,2.0,3.0,5324.0,0.502,425926939.0
0.5096730589866638,0.380590945482254,-0.1236442252993584,1.0,4.0,5325.0,0.648,425926941.0
0.4725988209247589,0.3527778089046478,0.05159619823098183,1.0,5.0,5326.0,0.592,425926943.0
0.4733739793300629,0.3532277941703796,-0.09354781359434128,1.0,6.0,5327.0,0.598,425926946.0
0.4725817739963531,0.3525082767009735,0.07239039242267609,1.0,7.0,5328.0,0.594,425926948.0
0.5156108736991882,0.3844645023345947,-0.07897133380174637,1.0,8.0,5329.0,0.648,425926950.0
0.4434664845466614,0.3305497467517853,0.08760330080986023,1.0,9.0,5330.0,0.56,425926953.0
0.4872220456600189,0.363164097070694,-0.053165003657341,1.0,10.0,5330.0,0.61,425926955.0
0.4533967673778534,0.3378284573554993,0.109905980527401,1.0,11.0,5331.0,0.5760000000000001,425926957.0
0.4773275256156921,0.3555298447608948,-0.0311922300606966,1.0,12.0,5332.0,0.596,425926960.0
0.3970177471637726,0.2956046462059021,0.1142751350998878,1.0,13.0,5333.0,0.508,425926962.0
0.4379304945468903,0.3259479701519012,-0.009529014118015766,1.0,14.0,5334.0,0.546,425926964.0
0.4215230941772461,0.3137360811233521,0.1407975554466248,1.0,15.0,5334.0,0.544,425926966.0
0.7538468837738037,0.5596519708633423,-0.2515721023082733,2.0,0.0,5341.0,0.972,425926987.0
1.486836194992065,1.103014588356018,-0.4274069964885712,3.0,2.0,5343.0,1.9,425926992.0
0.4604241847991943,0.3414427042007446,0.03004083968698978,1.0,3.0,5344.0,0.5740000000000001,425926994.0
0.4730855226516724,0.3508321344852448,-0.1144853979349136,1.0,4.0,5344.0,0.6,425926996.0
0.435352623462677,0.3227322995662689,0.04741272330284119,1.0,5.0,5345.0,0.544,425926999.0
0.455497533082962,0.3375428020954132,-0.0897933840751648,1.0,6.0,5346.0,0.5740000000000001,425927001.0
0.4801285862922668,0.3556656539440155,0.07336534559726715,1.0,7.0,5347.0,0.602,425927003.0
0.5168829560279846,0.3827525675296783,-0.07897133380174637,1.0,8.0,5348.0,0.648,425927006.0
0.4349777102470398,0.3221015930175781,0.08572608977556229,1.0,9.0,5348.0,0.548,425927008.0
0.4948292076587677,0.3662880063056946,-0.05386224761605263,1.0,10.0,5349.0,0.618,425927010.0
0.4292637407779694,0.3176384568214417,0.1038000956177711,1.0,11.0,5350.0,0.544,425927013.0
0.4945610463619232,0.3658223748207092,-0.03223894909024239,1.0,12.0,5351.0,0.616,425927015.0
0.397995799779892,0.2942864596843719,0.1142751350998878,1.0,13.0,5352.0,0.508,425927017.0
0.4647384285926819,0.3435119092464447,-0.01008749101310968,1.0,14.0,5353.0,0.578,425927019.0
0.4443679451942444,0.3283351361751556,0.1480444967746735,1.0,15.0,5354.0,0.5720000000000001,425927022.0
0.7635715007781982,0.5627477765083313,-0.2541603147983551,2.0,0.0,5361.0,0.982,425927042.0
1.440465092658997,1.06083869934082,-0.4130101501941681,3.0,2.0,5363.0,1.836,425927047.0
0.484068751335144,0.3564951717853546,0.0315062440931797,1.0,3.0,5363.0,0.602,425927049.0
0.4616590738296509,0.3398672044277191,-0.1114324554800987,1.0,4.0,5364.0,0.584,425927052.0
0.4428952634334564,0.3259343504905701,0.04810997098684311,1.0,5.0,5365.0,0.552,425927054.0
0.5075912475585938,0.373408704996109,-0.09980519115924835,1.0,6.0,5366.0,0.638,425927056.0
0.4365888237953186,0.321058452129364,0.0665406584739685,1.0,7.0,5367.0,0.546,425927059.0
0.5022215843200684,0.3691883981227875,-0.07653395086526871,1.0,8.0,5368.0,0.628,425927061.0
0.4616242647171021,0.33922079205513,0.09073199331760406,1.0,9.0,5369.0,0.58,425927063.0
0.4704165160655975,0.3456816971302032,-0.05107326433062553,1.0,10.0,5369.0,0.586,425927066.0
0.4461922943592072,0.3277608454227448,0.1076162755489349,1.0,11.0,5370.0,0.5640000000000001,425927068.0
0.5119335651397705,0.3759150207042694,-0.03328566998243332,1.0,12.0,5371.0,0.636,425927070.0
0.4461490511894226,0.3274893462657928,0.1277721971273422,1.0,13.0,5372.0,0.5680000000000001,425927072.0
0.472383588552475,0.3466196060180664,-0.01022711023688316,1.0,14.0,5373.0,0.586,425927075.0
0.429934024810791,0.31535604596138,0.1428681164979935,1.0,15.0,5374.0,0.552,425927077.0
0.7437983751296997,0.5439795255661011,-0.2469133734703064,2.0,0.0,5382.0,0.9540000000000001,425927098.0
1.406582951545715,1.027955889701843,-0.4022124707698822,2.0,2.0,5384.0,1.788,425927102.0
0.4047455191612244,0.2957952320575714,0.02627265080809593,2.0,3.0,5384.0,0.502,425927105.0
0.4676574766635895,0.3416472375392914,-0.1125773042440414,3.0,4.0,5385.0,0.59,425927107.0
0.4537409842014313,0.3313590586185455,0.04915583878755569,1.0,5.0,5386.0,0.5640000000000001,425927109.0
0.4515193402767181,0.3296158313751221,-0.0885419100522995,1.0,6.0,5387.0,0.5660000000000001,425927112.0
0.4345555901527405,0.3171157836914062,0.06605318188667297,1.0,7.0,5388.0,0.542,425927114.0
0.4714967310428619,0.3439473807811737,-0.07165917754173279,1.0,8.0,5389.0,0.588,425927116.0
0.4787643551826477,0.3492489755153656,0.0938606783747673,1.0,9.0,5389.0,0.6,425927119.0
0.4523623585700989,0.3298683166503906,-0.04898152872920036,1.0,10.0,5390.0,0.562,425927121.0
0.4505636096000671,0.3284361958503723,0.1083795130252838,1.0,11.0,5391.0,0.5680000000000001,425927123.0
0.5068511962890625,0.3693313300609589,-0.03286698088049889,1.0,12.0,5392.0,0.628,425927125.0
0.4473463594913483,0.3258519470691681,0.1277721971273422,1.0,13.0,5393.0,0.5680000000000001,425927128.0
0.4833501875400543,0.3519484102725983,-0.0104365386068821,1.0,14.0,5394.0,0.598,425927130.0
0.4373345971107483,0.3183256685733795,0.144938662648201,1.0,15.0,5395.0,0.56,425927132.0
0.7456927299499512,0.5413798689842224,-0.2469133734703064,2.0,0.0,5402.0,0.9540000000000001,425927153.0
1.37703800201416,0.9990086555480957,-0.392764538526535,2.0,2.0,5404.0,1.746,425927158.0
0.4866073429584503,0.3530221581459045,0.0315062440931797,1.0,3.0,5404.0,0.602,425927160.0
0.4593113362789154,0.3330971896648407,-0.1102875992655754,3.0,4.0,5405.0,0.578,425927162.0
0.5161927342414856,0.3742107152938843,0.05577967688441277,1.0,5.0,5406.0,0.64,425927165.0
0.5102502703666687,0.3697669208049774,-0.09980519115924835,1.0,6.0,5407.0,0.638,425927167.0
0.4549510776996613,0.3295717537403107,0.06897804886102676,1.0,7.0,5408.0,0.5660000000000001,425927169.0
0.472694456577301,0.3422994613647461,-0.07165917754173279,1.0,8.0,5409.0,0.588,425927172.0
0.4543815851211548,0.3290382921695709,0.08885477483272552,1.0,9.0,5409.0,0.5680000000000001,425927174.0
0.479333758354187,0.3469797670841217,-0.05177051201462746,1.0,10.0,5410.0,0.594,425927176.0
0.458069384098053,0.331465095281601,0.109905980527401,1.0,11.0,5411.0,0.5760000000000001,425927178.0
0.4660622477531433,0.3371249437332153,-0.03014551103115082,1.0,12.0,5412.0,0.5760000000000001,425927181.0
0.4168979227542877,0.3014512062072754,0.1187741532921791,1.0,13.0,5413.0,0.528,425927183.0
0.4813344478607178,0.3479161858558655,-0.01036672946065664,1.0,14.0,5414.0,0.594,425927185.0
0.4353113770484924,0.3145343065261841,0.1439033895730972,1.0,15.0,5415.0,0.556,425927188.0
0.7473898530006409,0.5390345454216003,-0.2469133734703064,2.0,0.0,5420.0,0.9540000000000001,425927208.0
1.32957935333252,0.9582175016403198,-0.3783676624298096,2.0,2.0,5422.0,1.682,425927213.0
0.4650296270847321,0.3351432383060455,0.03004083968698978,1.0,3.0,5422.0,0.5740000000000001,425927215.0
0.4284970164299011,0.3087008595466614,-0.1026552394032478,3.0,4.0,5423.0,0.538,425927218.0
0.47209632396698,0.3399858176708221,0.0508989542722702,1.0,5.0,5424.0,0.584,425927220.0
0.5114094018936157,0.3681620955467224,-0.09980519115924835,1.0,6.0,5425.0,0.638,425927222.0
0.4688742458820343,0.3374169170856476,0.07092795521020889,1.0,7.0,5426.0,0.582,425927224.0
0.5156652927398682,0.3709526658058167,-0.0779963806271553,1.0,8.0,5427.0,0.64,425927227.0
0.4810701310634613,0.3460660576820374,0.0938606783747673,1.0,9.0,5427.0,0.6,425927229.0
0.4868917763233185,0.3501250147819519,-0.05246775597333908,1.0,10.0,5428.0,0.602,425927231.0
0.4607025682926178,0.3311703205108643,0.1102875992655754,1.0,11.0,5429.0,0.578,425927234.0
0.4671190679073334,0.3356590867042542,-0.03014551103115082,1.0,12.0,5430.0,0.5760000000000001,425927236.0
0.4178428947925568,0.300139993429184,0.1187741532921791,1.0,13.0,5431.0,0.528,425927238.0
0.443441241979599,0.3184102177619934,-0.009529014118015766,1.0,14.0,5432.0,0.546,425927241.0
0.4048583209514618,0.2907059788703918,0.1335506290197372,1.0,15.0,5432.0,0.516,425927243.0
0.7304173707962036,0.522927463054657,-0.2407017052173615,2.0,0.0,5440.0,0.93,425927264.0
1.345595359802246,0.9626413583755493,-0.3819668889045715,1.0,2.0,5442.0,1.698,425927268.0
0.4889379739761353,0.3497871160507202,0.0315062440931797,1.0,3.0,5442.0,0.602,425927271.0
0.4487350285053253,0.3209074735641479,-0.1072346568107605,1.0,4.0,5443.0,0.562,425927273.0
0.4667969346046448,0.333701103925705,0.05020170658826828,1.0,5.0,5444.0,0.5760000000000001,425927275.0
0.4869765043258667,0.3479985296726227,-0.09479928761720657,1.0,6.0,5445.0,0.606,425927277.0
0.4765103459358215,0.3403936922550201,0.07190291583538055,1.0,7.0,5446.0,0.59,425927280.0
0.4749542474746704,0.3391569256782532,-0.07165917754173279,1.0,8.0,5447.0,0.588,425927282.0
0.4018959999084473,0.2869872450828552,0.07821723073720932,1.0,9.0,5447.0,0.5,425927284.0
0.4556783437728882,0.325272262096405,-0.04898152872920036,1.0,10.0,5448.0,0.562,425927287.0
0.4618557691574097,0.3295601606369019,0.1102875992655754,1.0,11.0,5449.0,0.578,425927289.0
0.4682878851890564,0.3340265154838562,-0.03014551103115082,1.0,12.0,5450.0,0.5760000000000001,425927291.0
0.4411017894744873,0.3145186901092529,0.1250727921724319,1.0,13.0,5451.0,0.556,425927294.0
0.4531212151050568,0.3228504061698914,0.1490797698497772,1.0,15.0,5453.0,0.5760000000000001,425927298.0
0.7416865229606628,0.5270891785621643,-0.2438075393438339,2.0,0.0,5460.0,0.9420000000000001,425927319.0
1.336236476898193,0.9489120244979858,-0.3783676624298096,1.0,2.0,5462.0,1.682,425927324.0
0.4348433911800385,0.3086845576763153,0.02794739976525307,2.0,3.0,5463.0,0.534,425927326.0
0.4514533579349518,0.3204755783081055,-0.1076162755489349,1.0,4.0,5463.0,0.5640000000000001,425927328.0
0.4322120547294617,0.3067032098770142,0.0463668555021286,1.0,5.0,5464.0,0.532,425927330.0
0.4720764458179474,0.3348676264286041,-0.09167059510946274,1.0,6.0,5465.0,0.586,425927333.0
0.477695643901825,0.338728278875351,0.07190291583538055,1.0,7.0,5466.0,0.59,425927335.0
0.4761352241039276,0.3374969661235809,-0.07165917754173279,1.0,8.0,5467.0,0.588,425927337.0
0.4512427449226379,0.3198525309562683,0.08760330080986023,1.0,9.0,5467.0,0.56,425927340.0
0.4549928903579712,0.3222721517086029,0.1083795130252838,1.0,11.0,5469.0,0.5680000000000001,425927344.0
0.5737734436988831,0.4062542319297791,-0.03684451431035995,1.0,12.0,5470.0,0.704,425927347.0
0.4421969652175903,0.3129770457744598,0.1250727921724319,1.0,13.0,5471.0,0.556,425927349.0
0.4415729641914368,0.3124197423458099,0.144938662648201,1.0,15.0,5472.0,0.56,425927354.0
0.710371196269989,0.5011117458343506,-0.2329371422529221,2.0,0.0,5480.0,0.9,425927374.0
0.4718366265296936,0.3324742615222931,0.03025018237531185,1.0,3.0,5483.0,0.578,425927381.0
0.4301013052463531,0.3030659556388855,-0.1022736206650734,1.0,4.0,5483.0,0.536,425927383.0
0.4756307005882263,0.3350234925746918,0.0508989542722702,1.0,5.0,5484.0,0.584,425927386.0
0.5152366757392883,0.3627865314483643,-0.09980519115924835,1.0,6.0,5485.0,0.638,425927388.0
0.4723818898200989,0.332488477230072,0.07092795521020889,1.0,7.0,5486.0,0.582,425927390.0
0.4773104190826416,0.3358328938484192,-0.07165917754173279,1.0,8.0,5487.0,0.588,425927393.0
0.4685696065425873,0.3295606374740601,0.09073199331760406,1.0,9.0,5488.0,0.58,425927395.0
0.4336305260658264,0.3048737049102783,0.1030368581414223,1.0,11.0,5489.0,0.54,425927400.0
0.4706084132194519,0.330749124288559,-0.03014551103115082,1.0,12.0,5490.0,0.5760000000000001,425927402.0
0.4050174057483673,0.2845454216003418,0.1142751350998878,1.0,13.0,5491.0,0.508,425927404.0
0.4174170792102814,0.2930392324924469,0.1366564631462097,1.0,15.0,5493.0,0.528,425927409.0
0.7026212215423584,0.4919806718826294,-0.2298313081264496,2.0,0.0,5500.0,0.888,425927430.0
0.4435344338417053,0.3102201819419861,0.0283660888671875,2.0,3.0,5503.0,0.542,425927436.0
0.4504621028900146,0.3150655925273895,-0.1068530380725861,1.0,4.0,5503.0,0.56,425927439.0
0.4441398978233337,0.3105282485485077,0.04741272330284119,1.0,5.0,5504.0,0.544,425927441.0
0.516499936580658,0.3609858155250549,-0.09980519115924835,1.0,6.0,5505.0,0.638,425927443.0
0.4344847798347473,0.3035519421100616,0.06507822871208191,1.0,7.0,5506.0,0.534,425927446.0
0.4784797728061676,0.3341647088527679,-0.07165917754173279,1.0,8.0,5507.0,0.588,425927448.0
0.4534647166728973,0.3166944980621338,0.08760330080986023,1.0,9.0,5507.0,0.56,425927450.0
0.4540117383003235,0.316840797662735,0.1076162755489349,1.0,11.0,5509.0,0.5640000000000001,425927455.0
0.4060081839561462,0.2831299006938934,0.1142751350998878,1.0,13.0,5511.0,0.508,425927460.0
0.4183865487575531,0.2916534245014191,0.1366564631462097,1.0,15.0,5512.0,0.528,425927464.0
0.7090932726860046,0.4928326606750488,-0.2313842326402664,2.0,0.0,5520.0,0.894,425927485.0
0.4446146190166473,0.3086700737476349,0.0283660888671875,2.0,3.0,5523.0,0.542,425927492.0
0.4386574625968933,0.304534375667572,-0.1038000956177711,1.0,4.0,5523.0,0.544,425927494.0
0.4615895748138428,0.3203354179859161,0.04915583878755569,1.0,5.0,5524.0,0.5640000000000001,425927496.0
0.5177568197250366,0.3591806888580322,-0.09980519115924835,1.0,6.0,5525.0,0.638,425927499.0
0.4649040997028351,0.3223952651023865,0.0694655254483223,1.0,7.0,5526.0,0.5700000000000001,425927501.0
0.479643315076828,0.332492470741272,-0.07165917754173279,1.0,8.0,5527.0,0.588,425927503.0
0.487095445394516,0.3375324904918671,0.0938606783747673,1.0,9.0,5528.0,0.6,425927506.0
0.4601754546165466,0.3188782930374146,-0.04898152872920036,1.0,10.0,5528.0,0.562,425927508.0
0.445431649684906,0.3085465133190155,0.1053265631198883,1.0,11.0,5529.0,0.552,425927510.0
0.4729059636592865,0.32745561003685,-0.03014551103115082,1.0,12.0,5530.0,0.5760000000000001,425927512.0
0.4230174124240875,0.2928019165992737,0.1187741532921791,1.0,13.0,5531.0,0.528,425927515.0
0.4448740780353546,0.307700902223587,0.144938662648201,1.0,15.0,5533.0,0.56,425927519.0
0.7061237692832947,0.4869402647018433,-0.2298313081264496,2.0,0.0,5541.0,0.888,425927540.0
0.5279325246810913,0.3637883961200714,-0.1480177938938141,2.0,2.0,5543.0,0.658,425927545.0
0.4457429647445679,0.3070383965969086,0.0283660888671875,2.0,3.0,5544.0,0.542,425927547.0
0.4365370571613312,0.3006971776485443,-0.1030368581414223,1.0,4.0,5544.0,0.54,425927549.0
0.4529145658016205,0.3118618428707123,0.04810997098684311,1.0,5.0,5545.0,0.552,425927552.0
0.5190698504447937,0.3572806119918823,-0.09980519115924835,1.0,6.0,5546.0,0.638,425927554.0
0.4595411121845245,0.316188246011734,0.06849057227373123,1.0,7.0,5547.0,0.562,425927556.0
0.4808587431907654,0.3307322561740875,-0.07165917754173279,1.0,8.0,5548.0,0.588,425927559.0
0.4719949960708618,0.3246358335018158,0.09073199331760406,1.0,9.0,5548.0,0.58,425927561.0
0.4613411128520966,0.3171895146369934,-0.04898152872920036,1.0,10.0,5549.0,0.562,425927563.0
0.4627392292022705,0.3180318474769592,0.1091427430510521,1.0,11.0,5550.0,0.5720000000000001,425927565.0
0.4741029739379883,0.3257201313972473,-0.03014551103115082,1.0,12.0,5551.0,0.5760000000000001,425927568.0
0.4208749532699585,0.2890430986881256,0.1178743541240692,1.0,13.0,5552.0,0.524,425927570.0
0.4204628467559814,0.2886520624160767,0.1366564631462097,1.0,15.0,5553.0,0.528,425927575.0
0.6998482346534729,0.4790166914463043,-0.2272431254386902,2.0,0.0,5561.0,0.878,425927595.0
0.4712928533554077,0.3223386108875275,-0.1318213194608688,2.0,2.0,5563.0,0.586,425927600.0
0.473192036151886,0.3235163688659668,0.03004083968698978,1.0,3.0,5564.0,0.5740000000000001,425927602.0
0.4537908434867859,0.3102519810199738,-0.1068530380725861,1.0,4.0,5564.0,0.56,425927605.0
0.4737395644187927,0.3237693905830383,0.05020170658826828,1.0,5.0,5565.0,0.5760000000000001,425927607.0
0.5203137993812561,0.3554665446281433,-0.09980519115924835,1.0,6.0,5566.0,0.638,425927609.0
0.4475276470184326,0.3056261539459229,0.0665406584739685,1.0,7.0,5567.0,0.546,425927612.0
0.4820103049278259,0.3290517330169678,-0.07165917754173279,1.0,8.0,5568.0,0.588,425927614.0
0.4894982874393463,0.3340383172035217,0.0938606783747673,1.0,9.0,5569.0,0.6,425927616.0
0.4624454975128174,0.3155772089958191,-0.04898152872920036,1.0,10.0,5569.0,0.562,425927618.0
0.4573591947555542,0.3119892776012421,0.1076162755489349,1.0,11.0,5570.0,0.5640000000000001,425927621.0
0.4752370715141296,0.3240632116794586,-0.03014551103115082,1.0,12.0,5571.0,0.5760000000000001,425927623.0
0.4215179681777954,0.2871090471744537,0.1366564631462097,1.0,15.0,5574.0,0.528,425927630.0
0.7031140327453613,0.4776564538478851,-0.2277607619762421,1.0,0.0,5581.0,0.88,425927651.0
0.4577916860580444,0.3106479048728943,0.028994120657444,2.0,3.0,5584.0,0.554,425927658.0
0.4581201672554016,0.3108708262443542,-0.1076162755489349,1.0,4.0,5584.0,0.5640000000000001,425927660.0
0.4748668372631073,0.3221137523651123,0.05020170658826828,1.0,5.0,5585.0,0.5760000000000001,425927662.0
0.5215514302253723,0.3536481559276581,-0.09980519115924835,1.0,6.0,5586.0,0.638,425927665.0
0.440375804901123,0.2984932363033295,0.06532196700572968,1.0,7.0,5587.0,0.536,425927667.0
0.4831559658050537,0.3273671865463257,-0.07165917754173279,1.0,8.0,5588.0,0.588,425927669.0
0.4677084982395172,0.3169006109237671,0.08948051184415817,1.0,9.0,5588.0,0.5720000000000001,425927671.0
0.4486912786960602,0.3037868440151215,0.1053265631198883,1.0,11.0,5590.0,0.552,425927676.0
0.4962139129638672,0.3358357846736908,-0.03140157461166382,1.0,12.0,5591.0,0.6,425927678.0
0.4228825867176056,0.2860977947711945,0.1178743541240692,1.0,13.0,5592.0,0.524,425927681.0
0.4288687705993652,0.2900386154651642,0.1387270092964172,1.0,15.0,5593.0,0.536,425927685.0
0.6983700394630432,0.4708791971206665,-0.2256902009248734,1.0,0.0,5601.0,0.872,425927706.0
0.4298917055130005,0.2895291447639465,-0.1007471531629562,1.0,4.0,5604.0,0.528,425927715.0
0.442933589220047,0.2982004284858704,0.04671547934412956,1.0,5.0,5605.0,0.536,425927718.0
0.4408418536186218,0.2966803908348083,-0.08416174352169037,1.0,6.0,5606.0,0.538,425927720.0
0.4364738166332245,0.2936300933361053,0.06459075212478638,1.0,7.0,5607.0,0.53,425927722.0
0.4842957258224487,0.325678676366806,-0.07165917754173279,1.0,8.0,5608.0,0.588,425927724.0
0.5147699117660522,0.3460414409637451,0.09824084490537643,1.0,9.0,5609.0,0.628,425927727.0
0.4660442173480988,0.3131687045097351,0.1091427430510521,1.0,11.0,5610.0,0.5720000000000001,425927731.0
0.5040149688720703,0.338556319475174,-0.03182025998830795,1.0,12.0,5611.0,0.608,425927734.0
0.4427626430988312,0.2970756590366364,0.1428681164979935,1.0,15.0,5614.0,0.552,425927741.0
0.687084972858429,0.4599632918834686,-0.2215491086244583,1.0,0.0,5620.0,0.856,425927761.0
0.4439055025577545,0.2968323528766632,-0.1038000956177711,1.0,4.0,5623.0,0.544,425927771.0
0.4273558557033539,0.2856579422950745,0.04497236385941505,1.0,5.0,5624.0,0.516,425927773.0
0.5239465236663818,0.3500899076461792,-0.09980519115924835,1.0,6.0,5625.0,0.638,425927775.0
0.4423973560333252,0.2954887747764587,0.06532196700572968,2.0,7.0,5626.0,0.536,425927777.0
0.4853730797767639,0.3240709006786346,-0.07165917754173279,1.0,8.0,5627.0,0.588,425927780.0
0.4107121527194977,0.2742217779159546,0.07821723073720932,1.0,9.0,5627.0,0.5,425927782.0
0.4246183335781097,0.283292293548584,0.09922067821025848,1.0,11.0,5629.0,0.52,425927787.0
0.4280630946159363,0.2853746712207794,0.1187741532921791,1.0,13.0,5631.0,0.528,425927791.0
0.4469089210033417,0.2978258728981018,0.1439033895730972,1.0,15.0,5632.0,0.556,425927796.0
0.6983408331871033,0.4639765322208405,-0.2246549278497696,1.0,0.0,5640.0,0.868,425927817.0
0.4645685851573944,0.3083081245422363,-0.1083795130252838,1.0,4.0,5643.0,0.5680000000000001,425927826.0
0.4283503890037537,0.2841644585132599,0.04497236385941505,1.0,5.0,5644.0,0.516,425927828.0
0.5251653790473938,0.3482588529586792,-0.09980519115924835,1.0,6.0,5645.0,0.638,425927830.0
0.443426102399826,0.2939427196979523,0.06532196700572968,2.0,7.0,5646.0,0.536,425927833.0
0.4865013360977173,0.3223746716976166,-0.07165917754173279,1.0,8.0,5647.0,0.588,425927835.0
0.4544802308082581,0.3011562526226044,0.08635182678699493,1.0,9.0,5647.0,0.552,425927837.0
0.4583434462547302,0.3034859597682953,0.1068530380725861,1.0,11.0,5649.0,0.56,425927842.0
0.4290566146373749,0.2838787138462067,0.1187741532921791,1.0,13.0,5651.0,0.528,425927847.0
0.6580989956855774,0.4337715804576874,-0.2111963480710983,1.0,0.0,5661.0,0.8160000000000001,425927872.0
0.4329000115394592,0.2850115597248077,-0.1007471531629562,1.0,4.0,5664.0,0.528,425927881.0
0.4460319876670837,0.2935457825660706,0.04671547934412956,1.0,5.0,5665.0,0.536,425927883.0
0.526438295841217,0.3463316857814789,-0.09980519115924835,1.0,6.0,5666.0,0.638,425927886.0
0.4445004761219025,0.2923155128955841,0.06532196700572968,1.0,7.0,5667.0,0.536,425927888.0
0.4876796305179596,0.3205893635749817,-0.07165917754173279,1.0,8.0,5668.0,0.588,425927890.0
0.4787450730800629,0.3145963549613953,0.09073199331760406,1.0,9.0,5669.0,0.58,425927893.0
0.551135778427124,0.3621662557125092,-0.0576971024274826,1.0,10.0,5669.0,0.662,425927895.0
0.4364800453186035,0.2867138087749481,0.1015103831887245,1.0,11.0,5670.0,0.532,425927897.0
0.4587199091911316,0.30097895860672,0.1470092236995697,1.0,15.0,5673.0,0.5680000000000001,425927906.0
0.6725426912307739,0.4399319589138031,-0.2153374403715134,1.0,0.0,5681.0,0.8320000000000001,425927927.0
0.4404663741588593,0.2877941429615021,-0.1022736206650734,1.0,4.0,5684.0,0.536,425927936.0
0.4303728342056274,0.2810919880867004,0.04497236385941505,1.0,5.0,5685.0,0.516,425927939.0
0.4846385419368744,0.3164142370223999,-0.09167059510946274,1.0,6.0,5686.0,0.586,425927941.0
0.4554924368858337,0.297271728515625,0.06678439676761627,1.0,7.0,5687.0,0.548,425927943.0
0.4887957274913788,0.3188851177692413,-0.07165917754173279,1.0,8.0,5688.0,0.588,425927946.0
0.4632940888404846,0.3021328449249268,0.08760330080986023,1.0,9.0,5689.0,0.56,425927948.0
0.468953013420105,0.3058232665061951,-0.04898152872920036,1.0,10.0,5689.0,0.562,425927950.0
0.4325442314147949,0.2819720506668091,0.1003655344247818,1.0,11.0,5690.0,0.526,425927953.0
0.414748340845108,0.2701647877693176,0.1142751350998878,1.0,13.0,5692.0,0.508,425927957.0
0.4533436298370361,0.2950802147388458,0.144938662648201,1.0,15.0,5694.0,0.56,425927962.0
0.6447613835334778,0.4188729524612427,-0.2060199528932571,1.0,0.0,5699.0,0.796,425927983.0
0.5014486312866211,0.3256445527076721,0.0104365386068821,2.0,1.0,5700.0,0.598,425927985.0
0.4205309152603149,0.2728873193264008,0.02627265080809593,2.0,3.0,5702.0,0.502,425927989.0
0.4347807466983795,0.2821342051029205,-0.1007471531629562,1.0,4.0,5702.0,0.528,425927992.0
0.4713704288005829,0.3057607412338257,0.04915583878755569,1.0,5.0,5703.0,0.5640000000000001,425927994.0
0.5287236571311951,0.342832624912262,-0.09980519115924835,1.0,6.0,5704.0,0.638,425927996.0
0.4630872011184692,0.3001581430435181,0.06775935739278793,1.0,7.0,5705.0,0.556,425927999.0
0.4897951185703278,0.3173479437828064,-0.07165917754173279,1.0,8.0,5706.0,0.588,425928001.0
0.4145008623600006,0.268460601568222,0.07821723073720932,1.0,9.0,5707.0,0.5,425928003.0
0.513390839099884,0.3325088620185852,-0.05351362749934196,1.0,10.0,5707.0,0.614,425928006.0
0.4383719861507416,0.2838126718997955,0.1015103831887245,2.0,11.0,5708.0,0.532,425928008.0
0.4548638463020325,0.2942646145820618,0.1250727921724319,1.0,13.0,5710.0,0.556,425928012.0
0.5650362372398376,0.3642805814743042,-0.1801380515098572,1.0,0.0,5719.0,0.6960000000000001,425928038.0
0.4420706927776337,0.284895122051239,0.00917996559292078,2.0,1.0,5720.0,0.526,425928040.0
0.4483482241630554,0.2887192666530609,0.02794739976525307,2.0,3.0,5722.0,0.534,425928045.0
0.432227611541748,0.2782315015792847,0.04497236385941505,1.0,5.0,5723.0,0.516,425928049.0
0.5299171805381775,0.3409849405288696,-0.09980519115924835,1.0,6.0,5724.0,0.638,425928052.0
0.4507758319377899,0.2899487614631653,0.06580944359302521,1.0,7.0,5725.0,0.54,425928054.0
0.4652876853942871,0.2990535497665405,0.08760330080986023,1.0,9.0,5727.0,0.56,425928059.0
0.4709709882736206,0.3027063608169556,-0.04898152872920036,1.0,10.0,5727.0,0.562,425928061.0
0.4492703974246979,0.2886479794979095,0.1038000956177711,3.0,11.0,5728.0,0.544,425928063.0
0.4552397131919861,0.2921465039253235,0.144938662648201,1.0,15.0,5731.0,0.56,425928072.0
0.5435220003128052,0.3477304875850677,-0.1728911250829697,1.0,0.0,5739.0,0.668,425928093.0
0.436323881149292,0.2790407538414001,0.0090403463691473,2.0,1.0,5740.0,0.518,425928095.0
0.4627654552459717,0.2958370745182037,0.02878477610647678,2.0,3.0,5741.0,0.55,425928100.0
0.4466657042503357,0.2854350209236145,-0.1030368581414223,1.0,4.0,5742.0,0.54,425928102.0
0.4331961870193481,0.2767210602760315,0.04497236385941505,1.0,5.0,5743.0,0.516,425928105.0
0.471167653799057,0.3008610308170319,-0.0885419100522995,1.0,6.0,5744.0,0.5660000000000001,425928107.0
0.4517851769924164,0.2883734703063965,0.06580944359302521,1.0,7.0,5745.0,0.54,425928109.0
0.4429630041122437,0.282633513212204,0.0832231342792511,1.0,9.0,5746.0,0.532,425928114.0
0.4720247685909271,0.3010605275630951,-0.04898152872920036,1.0,10.0,5747.0,0.562,425928116.0
0.4419980943202972,0.2818008065223694,0.101892001926899,2.0,11.0,5748.0,0.534,425928118.0
0.4404715895652771,0.2806113660335541,0.1205737665295601,1.0,13.0,5750.0,0.536,425928123.0
0.4073720872402191,0.2594246864318848,0.129409521818161,1.0,15.0,5751.0,0.5,425928128.0
0.4508024454116821,0.2860879302024841,0.00931958481669426,2.0,1.0,5760.0,0.534,425928151.0
0.4672200679779053,0.2962781488895416,0.028994120657444,2.0,3.0,5762.0,0.554,425928155.0
0.457718551158905,0.2901409566402435,0.04741272330284119,1.0,5.0,5763.0,0.544,425928160.0
0.5322847366333008,0.3372771441936493,-0.09980519115924835,1.0,6.0,5764.0,0.638,425928162.0
0.4527890384197235,0.2867946922779083,0.06580944359302521,1.0,7.0,5765.0,0.54,425928164.0
0.4673641324043274,0.2957979738712311,0.08760330080986023,1.0,9.0,5767.0,0.56,425928169.0
0.4730727970600128,0.2994109988212585,-0.04898152872920036,1.0,10.0,5767.0,0.562,425928171.0
0.4213864207267761,0.266183614730835,0.1335506290197372,1.0,15.0,5772.0,0.516,425928183.0
0.4871464669704437,0.3067725002765656,-0.1542561501264572,1.0,0.0,5780.0,0.596,425928204.0
0.4450787305831909,0.2801725566387177,0.00917996559292078,2.0,1.0,5781.0,0.526,425928206.0
0.4243000447750092,0.2669892013072968,0.02627265080809593,2.0,3.0,5782.0,0.502,425928211.0
0.4221073389053345,0.2655066251754761,-0.09693097323179245,1.0,4.0,5783.0,0.508,425928213.0
0.4756457507610321,0.299066573381424,0.04915583878755569,1.0,5.0,5784.0,0.5640000000000001,425928215.0
0.4733085036277771,0.2974817454814911,-0.0885419100522995,1.0,6.0,5785.0,0.5660000000000001,425928217.0
0.4235813319683075,0.2661243379116058,0.06142215058207512,1.0,7.0,5786.0,0.504,425928220.0
0.4942324161529541,0.3103921413421631,-0.07165917754173279,1.0,8.0,5787.0,0.588,425928222.0
0.451714962720871,0.2835800349712372,0.0844746083021164,1.0,9.0,5788.0,0.54,425928224.0
0.4741669893264771,0.2976751029491425,-0.04898152872920036,1.0,10.0,5788.0,0.562,425928227.0
0.4157334268093109,0.2608902156352997,0.0954044982790947,1.0,11.0,5789.0,0.5,425928229.0
0.4452292323112488,0.2790752351284027,0.1407975554466248,1.0,15.0,5792.0,0.544,425928238.0
0.4882143139839172,0.305070161819458,-0.1542561501264572,1.0,0.0,5800.0,0.596,425928259.0
0.4591122269630432,0.286662369966507,0.0283660888671875,2.0,3.0,5802.0,0.542,425928266.0
0.4396863579750061,0.2744265198707581,-0.1007471531629562,1.0,4.0,5803.0,0.528,425928268.0
0.4766868054866791,0.2974044382572174,0.04915583878755569,1.0,5.0,5804.0,0.5640000000000001,425928270.0
0.5346845984458923,0.3334595859050751,-0.09980519115924835,1.0,6.0,5805.0,0.638,425928273.0
0.4527020752429962,0.2820015251636505,0.0844746083021164,1.0,9.0,5808.0,0.54,425928280.0
0.4299741089344025,0.2677394449710846,0.0984574407339096,1.0,11.0,5809.0,0.516,425928284.0
0.4434341192245483,0.2759060561656952,0.1205737665295601,1.0,13.0,5811.0,0.536,425928289.0
0.4635686278343201,0.2883215844631195,-0.009529014118015766,1.0,14.0,5812.0,0.546,425928291.0
0.4527624249458313,0.2816005647182465,0.1428681164979935,1.0,15.0,5812.0,0.552,425928293.0
0.489276260137558,0.3033641278743744,-0.1542561501264572,1.0,0.0,5820.0,0.596,425928314.0
0.4261996746063232,0.263946145772934,0.02627265080809593,2.0,3.0,5823.0,0.502,425928321.0
0.4607815444469452,0.2852514982223511,0.04741272330284119,1.0,5.0,5824.0,0.544,425928326.0
0.5358453392982483,0.3315911591053009,-0.09980519115924835,1.0,6.0,5825.0,0.638,425928328.0
0.4524402618408203,0.2798693478107452,0.06532196700572968,1.0,7.0,5826.0,0.536,425928330.0
0.4536347389221191,0.2804987728595734,0.0844746083021164,1.0,9.0,5827.0,0.54,425928335.0
0.4762336015701294,0.294357568025589,-0.04898152872920036,1.0,10.0,5828.0,0.562,425928337.0
0.4208849966526031,0.2600453495979309,0.09616773575544357,1.0,11.0,5829.0,0.504,425928340.0
0.4903322160243988,0.3016543984413147,-0.1542561501264572,1.0,0.0,5840.0,0.596,425928369.0
0.4548017382621765,0.2796864807605743,0.00931958481669426,2.0,1.0,5841.0,0.534,425928372.0
0.4380066394805908,0.2690421342849731,0.04497236385941505,1.0,5.0,5844.0,0.516,425928381.0
0.536999523639679,0.329718679189682,-0.09980519115924835,1.0,6.0,5845.0,0.638,425928383.0
0.4297285974025726,0.2637508809566498,0.06190962716937065,1.0,7.0,5846.0,0.508,425928386.0
0.4613954722881317,0.2829650938510895,0.08572608977556229,1.0,9.0,5848.0,0.548,425928390.0
0.4385278522968292,0.2688355147838593,0.09998391568660736,1.0,11.0,5849.0,0.524,425928395.0
0.4655701518058777,0.2850782573223114,-0.009529014118015766,1.0,14.0,5852.0,0.546,425928402.0
0.4613567292690277,0.2823875844478607,0.144938662648201,1.0,15.0,5853.0,0.56,425928404.0
0.4913298189640045,0.3000267148017883,-0.1542561501264572,1.0,0.0,5859.0,0.596,425928425.0
0.4557267129421234,0.2781767547130585,0.00931958481669426,2.0,1.0,5860.0,0.534,425928427.0
0.4726585745811462,0.2882856130599976,-0.1076162755489349,1.0,4.0,5862.0,0.5640000000000001,425928434.0
0.4899308681488037,0.2987030744552612,0.05020170658826828,1.0,5.0,5863.0,0.5760000000000001,425928436.0
0.5380899906158447,0.3279361128807068,-0.09980519115924835,1.0,6.0,5864.0,0.638,425928439.0
0.4441631138324738,0.2705865800380707,0.06385953724384308,1.0,7.0,5865.0,0.524,425928441.0
0.4217903017997742,0.2568560242652893,0.07821723073720932,1.0,9.0,5866.0,0.5,425928446.0
0.5061959624290466,0.3077719509601593,0.1367702484130859,1.0,13.0,5870.0,0.608,425928455.0
0.4665129482746124,0.2835328280925751,-0.009529014118015766,1.0,14.0,5871.0,0.546,425928457.0
0.4358740150928497,0.2648071944713593,0.1366564631462097,1.0,15.0,5872.0,0.528,425928459.0
0.4498530626296997,0.2724407017230988,0.00917996559292078,2.0,1.0,5880.0,0.526,425928482.0
0.4288496971130371,0.2596183121204376,0.02627265080809593,2.0,3.0,5881.0,0.502,425928487.0
0.423272430896759,0.2561410069465637,-0.09616773575544357,1.0,4.0,5882.0,0.504,425928489.0
0.5250657200813293,0.3176154792308807,0.0536879375576973,1.0,5.0,5883.0,0.616,425928492.0
0.4586959183216095,0.2772493064403534,0.06580944359302521,1.0,7.0,5885.0,0.54,425928496.0
0.4226843118667603,0.2553821206092834,0.07821723073720932,1.0,9.0,5886.0,0.5,425928501.0
0.4269018769264221,0.2577269673347473,0.09693097323179245,1.0,11.0,5888.0,0.508,425928505.0
0.443525493144989,0.2674461007118225,-0.0090403463691473,1.0,14.0,5891.0,0.518,425928512.0
0.4235594868659973,0.2553057968616486,0.1325153559446335,1.0,15.0,5892.0,0.512,425928515.0
0.4934641718864441,0.2965031862258911,-0.1542561501264572,1.0,0.0,5900.0,0.596,425928535.0
0.5125617384910583,0.307856410741806,0.0104365386068821,2.0,1.0,5901.0,0.598,425928538.0
0.4297983646392822,0.2580447793006897,0.02627265080809593,2.0,3.0,5902.0,0.502,425928542.0
0.4309418499469757,0.2586289942264557,-0.09769420325756073,1.0,4.0,5903.0,0.512,425928545.0
0.4715534448623657,0.2828900218009949,0.04810997098684311,1.0,5.0,5904.0,0.552,425928547.0
0.4460879862308502,0.2674013078212738,0.06385953724384308,1.0,7.0,5906.0,0.524,425928551.0
0.4236175119876862,0.2538312077522278,0.07821723073720932,1.0,9.0,5907.0,0.5,425928556.0
0.4514255523681641,0.2702796459197998,0.1022736206650734,1.0,11.0,5909.0,0.536,425928561.0
0.4410702884197235,0.2637660503387451,-0.008970537222921848,1.0,14.0,5912.0,0.514,425928568.0
0.4708720743656158,0.2815879285335541,0.1470092236995697,1.0,15.0,5912.0,0.5680000000000001,425928570.0
0.5136331915855408,0.3060653507709503,0.0104365386068821,2.0,1.0,5921.0,0.598,425928593.0
0.428468257188797,0.2551143765449524,-0.09693097323179245,1.0,4.0,5923.0,0.508,425928600.0
0.4656896889209747,0.2771663069725037,0.04741272330284119,1.0,5.0,5924.0,0.544,425928602.0
0.4640804529190063,0.2759892046451569,0.06629692018032074,1.0,7.0,5926.0,0.544,425928607.0
0.424500972032547,0.2523509562015533,0.07821723073720932,1.0,9.0,5927.0,0.5,425928611.0
0.4523662626743317,0.2687022089958191,0.1022736206650734,1.0,11.0,5929.0,0.536,425928616.0
0.4491150081157684,0.266558974981308,0.1205737665295601,1.0,13.0,5931.0,0.536,425928621.0
0.4351091086864471,0.2581435143947601,-0.008830917999148369,1.0,14.0,5932.0,0.506,425928623.0
0.4386685192584991,0.260151743888855,0.1366564631462097,1.0,15.0,5933.0,0.528,425928625.0
0.5146453380584717,0.3043603897094727,0.0104365386068821,2.0,1.0,5940.0,0.598,425928648.0
0.4425897300243378,0.2614341378211975,0.04497236385941505,1.0,5.0,5943.0,0.516,425928657.0
0.4786694049835205,0.2825207710266113,0.06824683398008347,1.0,7.0,5945.0,0.56,425928662.0
0.4865837693214417,0.2870774865150452,0.08948051184415817,1.0,9.0,5946.0,0.5720000000000001,425928667.0
0.4295773208141327,0.2532424032688141,0.09693097323179245,1.0,11.0,5948.0,0.508,425928671.0
0.4264892041683197,0.2512213289737701,0.1142751350998878,1.0,13.0,5950.0,0.508,425928676.0
0.4704262316226959,0.2769916355609894,-0.009529014118015766,1.0,14.0,5951.0,0.546,425928678.0
0.5437312722206116,0.3184952139854431,-0.09980519115924835,1.0,6.0,5964.0,0.638,425928715.0
0.4351134896278381,0.2547694146633148,0.06190962716937065,1.0,7.0,5965.0,0.508,425928717.0
0.4507953226566315,0.2636346518993378,0.1015103831887245,1.0,11.0,5968.0,0.532,425928727.0
0.4509190022945404,0.2634957730770111,0.1205737665295601,1.0,13.0,5970.0,0.536,425928731.0
0.4480438828468323,0.2605584263801575,-0.1007471531629562,1.0,4.0,5982.0,0.528,425928766.0
0.4634647071361542,0.2692017257213593,0.06580944359302521,1.0,7.0,5985.0,0.54,425928773.0
0.4270769655704498,0.2479663640260696,0.07821723073720932,1.0,9.0,5986.0,0.5,425928777.0
0.4279384613037109,0.2482668608427048,0.09616773575544357,1.0,11.0,5988.0,0.504,425928782.0
0.4377442300319672,0.2536493837833405,-0.008830917999148369,1.0,14.0,5991.0,0.506,425928789.0
0.4412795007228851,0.2556979060173035,0.1366564631462097,1.0,15.0,5991.0,0.528,425928791.0
0.469466894865036,0.2707191705703735,0.04741272330284119,1.0,5.0,6003.0,0.544,425928823.0
0.450641542673111,0.2596539258956909,0.06385953724384308,1.0,7.0,6005.0,0.524,425928828.0
0.4279829561710358,0.246399387717247,0.07821723073720932,1.0,9.0,6007.0,0.5,425928833.0
0.4356088638305664,0.2506885826587677,0.09769420325756073,1.0,11.0,6008.0,0.512,425928837.0
0.4422137141227722,0.2540788054466248,0.1366564631462097,1.0,15.0,6012.0,0.528,425928846.0
0.4703620374202728,0.2691608965396881,0.04741272330284119,1.0,5.0,6022.0,0.544,425928879.0
0.4652863740921021,0.2660408020019531,0.06580944359302521,1.0,7.0,6024.0,0.54,425928883.0
0.4299124181270599,0.2453171610832214,0.1142751350998878,1.0,13.0,6029.0,0.508,425928897.0
0.4603045880794525,0.2625530958175659,-0.009249775670468807,1.0,14.0,6030.0,0.53,425928899.0
0.5004618167877197,0.2845329940319061,-0.1542561501264572,1.0,0.0,6038.0,0.596,425928922.0
0.4523984789848328,0.2565805315971375,0.06385953724384308,1.0,7.0,6044.0,0.524,425928939.0
0.4545091092586517,0.2572536170482635,0.1205737665295601,1.0,13.0,6049.0,0.536,425928952.0
0.4313208162784576,0.2423429936170578,0.09616773575544357,1.0,11.0,6067.0,0.504,425929003.0
0.535778284072876,0.2991909682750702,0.0536879375576973,1.0,5.0,6082.0,0.616,425929045.0
0.4313395321369171,0.2404750883579254,0.07821723073720932,1.0,9.0,6086.0,0.5,425929054.0
0.4770069718360901,0.2654986679553986,-0.009529014118015766,1.0,14.0,6090.0,0.546,425929065.0
0.4385421872138977,0.2428878247737885,0.02627265080809593,2.0,3.0,6102.0,0.502,425929095.0
0.4741200804710388,0.262484610080719,0.04741272330284119,1.0,5.0,6103.0,0.544,425929100.0
0.4321763217449188,0.2389679551124573,0.07821723073720932,1.0,9.0,6106.0,0.5,425929109.0
0.4364807903766632,0.2411491572856903,0.09693097323179245,1.0,11.0,6108.0,0.508,425929114.0
0.4779768586158752,0.2637485861778259,-0.009529014118015766,1.0,14.0,6111.0,0.546,425929121.0
0.4505831897258759,0.2474030703306198,0.04497236385941505,1.0,5.0,6123.0,0.516,425929155.0
0.4420574307441711,0.2425210028886795,0.06190962716937065,1.0,7.0,6125.0,0.508,425929160.0
0.4330078363418579,0.2374579310417175,0.07821723073720932,1.0,9.0,6126.0,0.5,425929164.0
0.4341697990894318,0.237701028585434,0.1142751350998878,1.0,13.0,6130.0,0.508,425929174.0
0.4473950266838074,0.244840145111084,0.1366564631462097,1.0,15.0,6131.0,0.528,425929178.0
0.471435159444809,0.2572483122348785,-0.1439033895730972,1.0,0.0,6138.0,0.556,425929199.0
0.4514011442661285,0.2459075152873993,0.04497236385941505,1.0,5.0,6142.0,0.516,425929210.0
0.4358850419521332,0.2372576296329498,0.06093467026948929,1.0,7.0,6144.0,0.5,425929215.0
0.4338341057300568,0.235945001244545,0.07821723073720932,1.0,9.0,6146.0,0.5,425929220.0
0.5054090619087219,0.274643212556839,-0.03014551103115082,1.0,12.0,6148.0,0.5760000000000001,425929227.0
0.4349556565284729,0.2362599521875381,0.1142751350998878,1.0,13.0,6149.0,0.508,425929229.0
0.5063108801841736,0.2739897072315216,-0.1542561501264572,1.0,0.0,6158.0,0.596,425929254.0
0.4410200119018555,0.2383591681718826,0.02627265080809593,2.0,3.0,6161.0,0.502,425929261.0
0.4454536736011505,0.239852100610733,-0.008830917999148369,1.0,14.0,6170.0,0.506,425929286.0
0.4831156432628632,0.2600222229957581,0.1470092236995697,1.0,15.0,6171.0,0.5680000000000001,425929289.0
0.5072641968727112,0.2722206711769104,-0.1542561501264572,1.0,0.0,6178.0,0.596,425929310.0
0.4531068801879883,0.2427501678466797,0.04497236385941505,1.0,5.0,6182.0,0.516,425929321.0
0.4354707002639771,0.232910543680191,0.07821723073720932,1.0,9.0,6186.0,0.5,425929330.0
0.5082113146781921,0.2704483270645142,-0.1542561501264572,1.0,0.0,6198.0,0.596,425929365.0
0.5278732180595398,0.2807933688163757,0.0104365386068821,2.0,1.0,6199.0,0.598,425929367.0
0.4426733255386353,0.2352744787931442,0.02627265080809593,2.0,3.0,6201.0,0.502,425929372.0
0.4362810850143433,0.231389045715332,0.07821723073720932,1.0,9.0,6206.0,0.5,425929386.0
0.5082573890686035,0.2693356275558472,-0.03014551103115082,1.0,12.0,6208.0,0.5760000000000001,425929392.0
0.5399064421653748,0.2849012613296509,-0.1635736376047134,1.0,0.0,6218.0,0.632,425929420.0
0.4434510767459869,0.233805239200592,0.02627265080809593,2.0,3.0,6220.0,0.502,425929427.0
0.5203571915626526,0.2722674906253815,-0.1573619842529297,1.0,0.0,6238.0,0.608,425929475.0
0.4463596343994141,0.2325581908226013,-0.02637732215225697,1.0,12.0,6248.0,0.504,425929503.0
0.5418822169303894,0.2811250984668732,-0.1635736376047134,1.0,0.0,6258.0,0.632,425929531.0
0.4398081302642822,0.2270991206169128,0.1142751350998878,1.0,13.0,6269.0,0.508,425929561.0
0.5359885692596436,0.275697261095047,-0.1615030914545059,1.0,0.0,6278.0,0.624,425929586.0
0.4394692480564117,0.2252750545740128,0.07821723073720932,1.0,9.0,6286.0,0.5,425929607.0
0.5300165414810181,0.270406574010849,-0.1594325304031372,1.0,0.0,6297.0,0.616,425929641.0
0.5309572219848633,0.2685548365116119,-0.1594325304031372,1.0,0.0,6317.0,0.616,425929696.0
0.4409924447536469,0.2222784906625748,0.07821723073720932,1.0,9.0,6325.0,0.5,425929717.0
0.514667272567749,0.2579509019851685,-0.1542561501264572,1.0,0.0,6338.0,0.596,425929752.0
0.4482502639293671,0.224467009305954,0.02627265080809593,2.0,3.0,6340.0,0.502,425929759.0
0.4417656660079956,0.2207377851009369,0.07821723073720932,1.0,9.0,6345.0,0.5,425929773.0
0.5017238855361938,0.2492762207984924,-0.150115042924881,1.0,0.0,6358.0,0.58,425929807.0
0.5407185554504395,0.2663010060787201,-0.1615030914545059,1.0,0.0,6378.0,0.624,425929862.0
0.536432683467865,0.26407390832901,0.0104365386068821,2.0,1.0,6379.0,0.598,425929865.0
0.5277564525604248,0.2576321065425873,-0.1573619842529297,1.0,0.0,6398.0,0.608,425929918.0
0.5251302123069763,0.2541971802711487,-0.1563266962766647,3.0,0.0,6417.0,0.604,425929973.0
0.5190472602844238,0.2490200251340866,-0.1542561501264572,1.0,0.0,6437.0,0.596,425930028.0
0.519913375377655,0.2472067028284073,-0.1542561501264572,1.0,0.0,6457.0,0.596,425930084.0
0.4610520303249359,0.2180367559194565,0.1366564631462097,1.0,15.0,6469.0,0.528,425930118.0
0.5207731127738953,0.2453903555870056,-0.1542561501264572,1.0,0.0,6477.0,0.596,425930139.0
0.549319326877594,0.2573199570178986,0.1625383645296097,1.0,15.0,6490.0,0.628,425930173.0
0.4726146161556244,0.2206851541996002,-0.139762282371521,1.0,0.0,6497.0,0.54,425930194.0
0.567690908908844,0.2636337876319885,0.1677147448062897,1.0,15.0,6509.0,0.648,425930229.0
0.4839016497135162,0.2239014953374863,-0.1428681164979935,1.0,0.0,6517.0,0.552,425930249.0
0.4949390590190887,0.22764652967453,0.1459739357233047,1.0,15.0,6530.0,0.5640000000000001,425930284.0
0.4952168166637421,0.2270416766405106,-0.1459739357233047,1.0,0.0,6537.0,0.5640000000000001,425930305.0
0.4429581165313721,0.201961025595665,0.1304447948932648,1.0,15.0,6549.0,0.504,425930339.0
0.4960063099861145,0.225311666727066,-0.1459739357233047,1.0,0.0,6557.0,0.5640000000000001,425930360.0
0.5141232013702393,0.232135534286499,0.1511503159999847,1.0,15.0,6570.0,0.584,425930395.0
0.46155646443367,0.2077222466468811,-0.1356211751699448,1.0,0.0,6577.0,0.524,425930415.0
0.4516921937465668,0.2013897746801376,-0.1325153559446335,1.0,0.0,6597.0,0.512,425930471.0
0.5262877941131592,0.2333285510540009,0.1542561501264572,1.0,15.0,6609.0,0.596,425930505.0
0.4523226618766785,0.1999697536230087,-0.1325153559446335,1.0,0.0,6615.0,0.512,425930526.0
0.4959078431129456,0.218101367354393,0.1250727921724319,1.0,13.0,6626.0,0.556,425930556.0
0.5022589564323425,0.2207899987697601,0.1470092236995697,1.0,15.0,6627.0,0.5680000000000001,425930560.0
0.5562054514884949,0.2420759201049805,0.1625383645296097,1.0,15.0,6648.0,0.628,425930616.0
0.4946543872356415,0.2111920863389969,0.1241729855537415,1.0,13.0,6688.0,0.552,425930722.0
0.4690821468830109,0.2001772671937943,0.1366564631462097,1.0,15.0,6689.0,0.528,425930726.0
0.4693612158298492,0.1995221078395844,-0.1366564631462097,1.0,0.0,6697.0,0.528,425930747.0
0.4646527767181396,0.1966594010591507,0.09807582199573517,1.0,11.0,6706.0,0.514,425930772.0
0.4559010863304138,0.1927677243947983,0.1142751350998878,1.0,13.0,6708.0,0.508,425930777.0
0.4697780609130859,0.1985386461019516,0.1366564631462097,1.0,15.0,6709.0,0.528,425930782.0
0.4961174428462982,0.2079374939203262,0.10456333309412,1.0,11.0,6726.0,0.548,425930828.0
0.4565711915493011,0.1911751478910446,0.1142751350998878,1.0,13.0,6728.0,0.508,425930832.0
0.4705025851726532,0.1968154907226562,0.1366564631462097,1.0,15.0,6730.0,0.528,425930837.0
0.5258147120475769,0.2183373719453812,0.1106692180037498,1.0,11.0,6745.0,0.58,425930883.0
0.471602737903595,0.1956336051225662,0.1178743541240692,1.0,13.0,6747.0,0.524,425930888.0
0.5389310717582703,0.2234530001878738,0.1563266962766647,1.0,15.0,6748.0,0.604,425930892.0
0.5396972894668579,0.2221166491508484,-0.07165917754173279,1.0,8.0,6763.0,0.588,425930931.0
0.4920740127563477,0.2023160755634308,0.1034184768795967,1.0,11.0,6765.0,0.542,425930938.0
0.4867035746574402,0.1999094486236572,0.12147356569767,1.0,13.0,6767.0,0.54,425930943.0
0.4932428896427155,0.202494814991951,0.1428681164979935,1.0,15.0,6768.0,0.552,425930947.0
0.4545915424823761,0.185052752494812,0.0954044982790947,1.0,11.0,6785.0,0.5,425930994.0
0.4679812788963318,0.1886018216609955,0.09807582199573517,1.0,11.0,6805.0,0.514,425931049.0
0.4591636657714844,0.1848619282245636,0.1142751350998878,1.0,13.0,6807.0,0.508,425931053.0
0.4731714725494385,0.1903096586465836,0.1366564631462097,1.0,15.0,6809.0,0.528,425931058.0
0.4576958417892456,0.182602122426033,0.09578611701726913,1.0,11.0,6825.0,0.502,425931104.0
0.4598061442375183,0.1832580268383026,0.1142751350998878,1.0,13.0,6827.0,0.508,425931109.0
0.473832905292511,0.188656821846962,0.1366564631462097,1.0,15.0,6829.0,0.528,425931113.0
0.4784166514873505,0.1889357715845108,0.09998391568660736,1.0,11.0,6845.0,0.524,425931159.0
0.4604430198669434,0.1816518902778625,0.1142751350998878,1.0,13.0,6847.0,0.508,425931164.0
0.5434544086456299,0.2127586603164673,-0.07165917754173279,1.0,8.0,6862.0,0.588,425931208.0
0.479194164276123,0.1872155070304871,0.1187741532921791,1.0,13.0,6866.0,0.528,425931219.0
0.5218612551689148,0.2037800401449203,0.150115042924881,1.0,15.0,6867.0,0.58,425931224.0
0.5441938042640686,0.2108603566884995,-0.07165917754173279,1.0,8.0,6882.0,0.588,425931263.0
0.4602007567882538,0.17619389295578,0.09578611701726913,1.0,11.0,6905.0,0.502,425931325.0
0.4623199999332428,0.1768202632665634,0.1142751350998878,1.0,13.0,6907.0,0.508,425931330.0
0.4763889908790588,0.1821058392524719,0.1366564631462097,1.0,15.0,6908.0,0.528,425931335.0
0.4617805182933807,0.1750451624393463,0.07821723073720932,1.0,9.0,6924.0,0.5,425931376.0
0.4773361682891846,0.1808464974164963,0.09922067821025848,1.0,11.0,6925.0,0.52,425931381.0
0.4641462862491608,0.1719692498445511,0.1142751350998878,1.0,13.0,6967.0,0.508,425931496.0
0.5254061222076416,0.1944578886032104,0.150115042924881,1.0,15.0,6969.0,0.58,425931500.0
0.4736441373825073,0.1738917827606201,0.09807582199573517,2.0,11.0,6984.0,0.514,425931546.0
0.4869799911975861,0.1774387508630753,-0.1007471531629562,1.0,4.0,6998.0,0.528,425931586.0
0.4794946312904358,0.1737639605998993,0.1366564631462097,1.0,15.0,7008.0,0.528,425931611.0
0.4664443135261536,0.1656348258256912,0.1142751350998878,1.0,13.0,7045.0,0.508,425931717.0
0.5505485534667969,0.1936627626419067,-0.07165917754173279,1.0,8.0,7062.0,0.588,425931761.0
0.482425332069397,0.1654533594846725,0.1366564631462097,1.0,15.0,7107.0,0.528,425931887.0
0.5305994749069214,0.1798044741153717,0.150115042924881,1.0,15.0,7128.0,0.58,425931943.0
0.4835686385631561,0.162081390619278,0.1366564631462097,1.0,15.0,7147.0,0.528,425931998.0
0.4841314554214478,0.1603924334049225,0.1366564631462097,1.0,15.0,7167.0,0.528,425932053.0
0.4852394163608551,0.1570086777210236,0.1366564631462097,1.0,15.0,7207.0,0.528,425932164.0
24.80556869506836,7.550697326660156,6.947738647460938,3.0,15.0,7307.0,26.844,425932440.0
0.4750919044017792,0.1434386968612671,0.06093467026948929,1.0,7.0,7320.0,0.5,425932477.0
24.89652633666992,7.483527660369873,6.965855598449707,7.0,15.0,7327.0,26.914,425932496.0
24.97306060791016,7.416325569152832,6.980349540710449,10.0,15.0,7346.0,26.97,425932551.0
25.0538387298584,7.340497016906738,6.995361328125,14.0,15.0,7367.0,27.028,425932606.0
0.4956306219100952,0.143994003534317,0.06337206065654755,1.0,7.0,7380.0,0.52,425932643.0
0.475167989730835,0.1377793103456497,0.09616773575544357,1.0,11.0,7383.0,0.504,425932652.0
25.13185882568359,7.272948741912842,7.010372638702393,17.0,15.0,7386.0,27.086,425932662.0
0.4905985891819,0.140954926609993,-0.09922067821025848,1.0,4.0,7397.0,0.52,425932691.0
25.20850372314453,7.195103168487549,7.024348735809326,17.0,15.0,7407.0,27.14,425932717.0
0.6384139060974121,0.1810140162706375,-0.1289868801832199,1.0,4.0,7417.0,0.676,425932747.0
25.27127075195312,7.122474670410156,7.035219192504883,17.0,15.0,7426.0,27.182,425932772.0
0.6239166259765625,0.1745528429746628,-0.1259339302778244,1.0,4.0,7437.0,0.66,425932802.0
0.5708382725715637,0.1591661274433136,0.0938606783747673,1.0,9.0,7442.0,0.6,425932814.0
0.4917144179344177,0.1370116472244263,0.09922067821025848,1.0,11.0,7443.0,0.52,425932818.0
0.4835750460624695,0.1344708651304245,-0.008761107921600342,1.0,14.0,7446.0,0.502,425932825.0
28.54707336425781,7.932902812957764,7.93901538848877,7.0,15.0,7447.0,30.674,425932827.0
0.4832428395748138,0.1333795189857483,0.02627265080809593,2.0,3.0,7457.0,0.502,425932855.0
0.5828872919082642,0.1608823239803314,-0.1175383403897285,1.0,4.0,7457.0,0.616,425932857.0
0.4878984093666077,0.1338400840759277,-0.008830917999148369,1.0,14.0,7466.0,0.506,425932880.0
28.42976951599121,7.798841953277588,7.899157047271729,12.0,15.0,7466.0,30.52,425932883.0
0.6326972246170044,0.17225581407547,-0.1274604052305222,1.0,4.0,7477.0,0.668,425932913.0
0.4850795865058899,0.1315205097198486,0.09769420325756073,1.0,11.0,7483.0,0.512,425932929.0
28.32016181945801,7.657276153564453,7.860852241516113,12.0,15.0,7487.0,30.372,425932938.0
0.4841395318508148,0.1300871223211288,0.02627265080809593,2.0,3.0,7496.0,0.502,425932966.0
0.4770168364048004,0.1278162747621536,0.07821723073720932,1.0,9.0,7500.0,0.5,425932979.0
0.4741338491439819,0.126866415143013,0.0954044982790947,1.0,11.0,7502.0,0.5,425932984.0
28.44113349914551,7.594183444976807,7.887769222259521,4.0,15.0,7505.0,30.476,425932993.0
0.5617398023605347,0.148837685585022,-0.1129589229822159,1.0,4.0,7516.0,0.592,425933023.0
0.5028160214424133,0.1329436153173447,0.06385953724384308,1.0,7.0,7519.0,0.524,425933030.0
0.4745737910270691,0.1252105981111526,0.0954044982790947,1.0,11.0,7522.0,0.5,425933039.0
28.614501953125,7.528229236602783,7.928144931793213,11.0,15.0,7526.0,30.632,425933049.0
0.5014715194702148,0.1309974640607834,-0.1007471531629562,1.0,4.0,7536.0,0.528,425933079.0
0.8964542150497437,0.2338430136442184,-0.1467355340719223,1.0,6.0,7538.0,0.9380000000000001,425933083.0
0.484067976474762,0.1261804848909378,0.06142215058207512,1.0,7.0,7539.0,0.504,425933085.0
0.4778975248336792,0.1244829818606377,0.07821723073720932,1.0,9.0,7540.0,0.5,425933090.0
0.4826081097126007,0.1255301237106323,0.09693097323179245,1.0,11.0,7542.0,0.508,425933095.0
28.55329322814941,7.410974025726318,7.904333591461182,4.0,15.0,7545.0,30.54,425933104.0
0.4791109263896942,0.1233713701367378,-0.09616773575544357,1.0,4.0,7556.0,0.504,425933134.0
0.8857861161231995,0.227760836482048,-0.1448583155870438,1.0,6.0,7558.0,0.926,425933138.0
0.503731906414032,0.1294300854206085,0.06385953724384308,1.0,7.0,7559.0,0.524,425933141.0
0.5058642625808716,0.1296956688165665,0.1015103831887245,1.0,11.0,7562.0,0.532,425933150.0
25.76733016967773,6.59675407409668,6.140713691711426,11.0,13.0,7564.0,27.298,425933155.0
4.602209091186523,1.177366495132446,1.272872090339661,2.0,15.0,7565.0,4.918,425933159.0
0.4859086275100708,0.1233147978782654,0.02627265080809593,2.0,3.0,7576.0,0.502,425933187.0
0.9172133803367615,0.2324313670396805,-0.1498642116785049,2.0,6.0,7578.0,0.9580000000000001,425933194.0
0.5388189554214478,0.1364422291517258,0.06824683398008347,1.0,7.0,7579.0,0.56,425933196.0
0.4787760674953461,0.1210600584745407,0.07821723073720932,1.0,9.0,7581.0,0.5,425933201.0
0.4796658158302307,0.1211959719657898,0.09616773575544357,1.0,11.0,7582.0,0.504,425933205.0
25.57101440429688,6.451469421386719,6.088525295257568,11.0,13.0,7584.0,27.066,425933210.0
4.625023365020752,1.166017174720764,1.278048396110535,11.0,15.0,7585.0,4.938,425933214.0
0.4863361418247223,0.1216179132461548,0.02627265080809593,2.0,3.0,7596.0,0.502,425933242.0
0.9582663178443909,0.2392779439687729,-0.1564344614744186,2.0,6.0,7598.0,1.0,425933249.0
0.5200315117835999,0.129754826426506,0.06580944359302521,1.0,7.0,7599.0,0.54,425933251.0
0.5481998920440674,0.1365799754858017,0.08948051184415817,1.0,9.0,7601.0,0.5720000000000001,425933256.0
0.4762757420539856,0.1185723096132278,0.0954044982790947,1.0,11.0,7602.0,0.5,425933261.0
4.610703945159912,1.146159172058105,1.096861362457275,1.0,13.0,7604.0,4.876,425933265.0
0.4987643659114838,0.1238937079906464,-0.008970537222921848,1.0,14.0,7605.0,0.514,425933267.0
4.629265785217285,1.149057865142822,1.278048396110535,18.0,15.0,7606.0,4.938,425933270.0
0.4991341531276703,0.1228762567043304,0.04497236385941505,1.0,5.0,7617.0,0.516,425933302.0
0.9744412302970886,0.239706426858902,-0.1589374095201492,2.0,6.0,7618.0,1.016,425933304.0
0.4919407069683075,0.1206501647830009,0.0984574407339096,1.0,11.0,7622.0,0.516,425933316.0
4.563570499420166,1.117542862892151,1.084713935852051,8.0,13.0,7624.0,4.822,425933320.0
4.612409591674805,1.128649353981018,1.272354483604431,13.0,15.0,7625.0,4.916,425933325.0
0.487173318862915,0.1182197108864784,0.02627265080809593,2.0,3.0,7636.0,0.502,425933353.0
0.9445548057556152,0.2288608998060226,-0.153931513428688,2.0,6.0,7638.0,0.984,425933360.0
0.5325008034706116,0.1289238929748535,0.0672718808054924,1.0,7.0,7639.0,0.552,425933362.0
0.4800175428390503,0.1160397827625275,0.07821723073720932,1.0,9.0,7641.0,0.5,425933367.0
0.4770919382572174,0.1152444183826447,0.0954044982790947,1.0,11.0,7642.0,0.5,425933371.0
4.561760425567627,1.100235462188721,1.083364248275757,12.0,13.0,7644.0,4.816,425933376.0
4.621955394744873,1.113900065422058,1.27390730381012,12.0,15.0,7645.0,4.922,425933380.0
0.9472693800926208,0.2260208427906036,-0.1542443782091141,3.0,6.0,7658.0,0.986,425933415.0
0.5252237319946289,0.1252228170633316,0.06629692018032074,1.0,7.0,7659.0,0.544,425933417.0
4.585826396942139,1.090806484222412,0.9162647724151611,1.0,11.0,7662.0,4.802,425933426.0
4.565573215484619,1.084305286407471,1.083364248275757,13.0,13.0,7664.0,4.816,425933431.0
4.646491527557373,1.10266637802124,1.279601335525513,9.0,15.0,7665.0,4.944,425933436.0
0.4879867732524872,0.11481574177742,0.02627265080809593,2.0,3.0,7676.0,0.502,425933463.0
0.9345913529396057,0.2195506393909454,-0.1520542949438095,2.0,6.0,7678.0,0.972,425933470.0
4.593429088592529,1.075687646865845,0.91702800989151,3.0,11.0,7682.0,4.806,425933482.0
4.575023174285889,1.069692850112915,1.084713935852051,15.0,13.0,7684.0,4.822,425933486.0
0.500445544719696,0.116917796432972,-0.008970537222921848,1.0,14.0,7685.0,0.514,425933489.0
4.661789417266846,1.088263750076294,1.282707214355469,9.0,15.0,7686.0,4.956,425933491.0
0.5279337167739868,0.1223684623837471,0.04741272330284119,1.0,5.0,7695.0,0.544,425933523.0
0.9237298369407654,0.2139392048120499,-0.1501770913600922,2.0,6.0,7696.0,0.96,425933525.0
0.5067028999328613,0.1172610595822334,0.06385953724384308,1.0,7.0,7697.0,0.524,425933528.0
1.775465726852417,0.4105513989925385,-0.2237521111965179,1.0,8.0,7698.0,1.836,425933530.0
4.614002227783203,1.065226316452026,0.9204626083374023,6.0,11.0,7700.0,4.824,425933537.0
4.595451831817627,1.059254169464111,1.088763117790222,11.0,13.0,7702.0,4.84,425933542.0
0.4887180328369141,0.1116620898246765,0.02627265080809593,2.0,3.0,7713.0,0.502,425933574.0
0.5982873439788818,0.1364767104387283,0.0536879375576973,1.0,5.0,7715.0,0.616,425933578.0
0.9071372151374817,0.2067626118659973,-0.1473612636327744,2.0,6.0,7716.0,0.9420000000000001,425933581.0
0.5071091055870056,0.11549162119627,0.06385953724384308,1.0,7.0,7717.0,0.524,425933583.0
1.695592522621155,0.3858516216278076,-0.2135150879621506,1.0,8.0,7718.0,1.752,425933585.0
4.594718933105469,1.043894529342651,0.9158831834793091,11.0,11.0,7720.0,4.8,425933592.0
4.620026111602783,1.047948360443115,1.093711972236633,11.0,13.0,7722.0,4.862,425933597.0
0.5012099742889404,0.1135961636900902,-0.008970537222921848,1.0,14.0,7723.0,0.514,425933599.0
28.9844970703125,6.569158554077148,7.963344573974609,3.0,15.0,7723.0,30.768,425933601.0
0.5378626585006714,0.1207194626331329,0.02888944745063782,2.0,3.0,7735.0,0.552,425933629.0
0.8809028267860413,0.1973894536495209,-0.1429810971021652,2.0,6.0,7737.0,0.914,425933636.0
1.671811580657959,0.3740005493164062,-0.2103464901447296,2.0,8.0,7739.0,1.726,425933641.0
0.4819319844245911,0.1078128814697266,0.07821723073720932,1.0,9.0,7739.0,0.5,425933643.0
4.608094215393066,1.029186725616455,0.9177912473678589,8.0,11.0,7741.0,4.81,425933648.0
4.627640247344971,1.031856298446655,1.094611883163452,8.0,13.0,7743.0,4.866,425933652.0
0.4875543415546417,0.1077311411499977,0.02616797760128975,2.0,3.0,7754.0,0.5,425933684.0
0.5019679665565491,0.1107322573661804,0.04497236385941505,1.0,5.0,7756.0,0.516,425933689.0
0.8796573877334595,0.1938881278038025,-0.1426682323217392,2.0,6.0,7757.0,0.912,425933691.0
1.644026279449463,0.3617634177207947,-0.2066904008388519,2.0,8.0,7759.0,1.696,425933696.0
4.61932897567749,1.014780163764954,0.9193177223205566,8.0,11.0,7761.0,4.818000000000001,425933703.0
4.732099056243896,1.037822365760803,1.118456602096558,1.0,13.0,7763.0,4.972,425933707.0
28.80541610717773,6.306933879852295,7.901227951049805,4.0,15.0,7765.0,30.528,425933712.0
0.8706761002540588,0.188724085688591,-0.1411038935184479,2.0,6.0,7777.0,0.902,425933747.0
0.5277110934257507,0.1142880022525787,0.06629692018032074,1.0,7.0,7778.0,0.544,425933749.0
1.627817273139954,0.352243959903717,-0.204496756196022,2.0,8.0,7779.0,1.678,425933751.0
4.63435697555542,1.001136779785156,0.9216074347496033,8.0,11.0,7781.0,4.83,425933758.0
0.5336682200431824,0.1149932220578194,-0.009529014118015766,1.0,14.0,7784.0,0.546,425933765.0
28.58173942565918,6.153487682342529,7.833934783935547,4.0,15.0,7785.0,30.268,425933767.0
0.8616696000099182,0.1836251318454742,-0.1395395398139954,2.0,6.0,7797.0,0.892,425933802.0
0.5281068086624146,0.1124452501535416,0.06629692018032074,1.0,7.0,7798.0,0.544,425933804.0
1.590204119682312,0.3382984101772308,-0.1996219903230667,3.0,8.0,7799.0,1.638,425933807.0
4.440053462982178,0.9445725083351135,0.7189728021621704,1.0,9.0,7799.0,4.596,425933809.0
4.657027721405029,0.9890322685241699,0.9254236221313477,7.0,11.0,7801.0,4.850000000000001,425933813.0
12.27351379394531,2.604338407516479,-0.6575489640235901,1.0,12.0,7802.0,12.564,425933816.0
28.86240196228027,6.119099617004395,6.811517715454102,6.0,13.0,7803.0,30.28,425933818.0
0.534066379070282,0.1131296753883362,-0.009529014118015766,1.0,14.0,7804.0,0.546,425933820.0
28.51421737670898,6.034881114959717,7.809606075286865,8.0,15.0,7805.0,30.174,425933823.0
0.8526070713996887,0.1787401884794235,-0.137975201010704,2.0,6.0,7816.0,0.882,425933857.0
0.6061939597129822,0.1269718110561371,0.07604646682739258,1.0,7.0,7817.0,0.624,425933859.0
1.583545207977295,0.331396758556366,-0.1986470371484756,3.0,8.0,7818.0,1.63,425933862.0
4.37742280960083,0.9160860776901245,0.708335280418396,1.0,9.0,7818.0,4.528,425933864.0
12.26448631286621,2.559950828552246,-0.656606912612915,1.0,12.0,7821.0,12.546,425933871.0
28.78714942932129,6.003462791442871,6.789022922515869,6.0,13.0,7822.0,30.18,425933873.0
0.5229604840278625,0.1078240498900414,0.04671547934412956,1.0,5.0,7835.0,0.536,425933910.0
0.8300087451934814,0.1709802895784378,-0.134220764040947,2.0,6.0,7836.0,0.858,425933912.0
4.335873603820801,0.8923932313919067,0.5435372591018677,1.0,7.0,7837.0,4.46,425933915.0
1.539970993995667,0.3166708946228027,-0.1930410414934158,4.0,8.0,7838.0,1.584,425933917.0
4.330286979675293,0.8904556035995483,0.7002006769180298,2.0,9.0,7838.0,4.476,425933919.0
10.5602445602417,2.169627904891968,-0.9431994557380676,1.0,10.0,7839.0,10.822,425933922.0
28.8973331451416,5.931770324707031,5.73419189453125,18.0,11.0,7840.0,30.052,425933924.0
12.31639194488525,2.525952100753784,-0.6589096784591675,1.0,12.0,7841.0,12.59,425933926.0
25.32764053344727,5.180593490600586,6.927032947540283,3.0,15.0,7844.0,26.764,425933933.0
0.4893775582313538,0.09912032634019852,0.02616797760128975,2.0,3.0,7855.0,0.5,425933961.0
4.350852966308594,0.8804472088813782,0.3883659839630127,1.0,5.0,7856.0,4.456,425933965.0
0.8151402473449707,0.1648053079843521,-0.1317178159952164,2.0,6.0,7857.0,0.842,425933968.0
4.265175342559814,0.8615596890449524,0.5342751741409302,1.0,7.0,7858.0,4.384,425933970.0
1.523608565330505,0.3074901103973389,-0.1908473968505859,3.0,8.0,7859.0,1.566,425933972.0
4.27736759185791,0.8632455468177795,0.6911274790763855,2.0,9.0,7859.0,4.418,425933975.0
8.923630714416504,1.799319624900818,-0.7964291572570801,1.0,10.0,7860.0,9.138,425933977.0
28.82072639465332,5.806043148040771,5.714729309082031,24.0,11.0,7861.0,29.95,425933979.0
12.31577682495117,2.478822708129883,-0.6583863496780396,2.0,12.0,7862.0,12.58,425933982.0
28.45682525634766,5.722398281097412,6.701292037963867,13.0,13.0,7863.0,29.79,425933984.0
0.5352217555046082,0.10753083974123,-0.009529014118015766,1.0,14.0,7864.0,0.546,425933986.0
25.26033973693848,5.075028419494629,6.903738975524902,6.0,15.0,7864.0,26.674,425933989.0
4.599455833435059,0.9148886203765869,0.2457696497440338,1.0,3.0,7875.0,4.696,425934016.0
4.291366100311279,0.8528271913528442,0.3827880322933197,2.0,5.0,7876.0,4.392,425934021.0
0.7924599051475525,0.1573425233364105,-0.1279633939266205,2.0,6.0,7877.0,0.8180000000000001,425934023.0
4.198059558868408,0.8327611088752747,0.5255005955696106,1.0,7.0,7878.0,4.312,425934025.0
1.470150470733643,0.2913642823696136,-0.1840227097272873,3.0,8.0,7879.0,1.51,425934028.0
4.255311965942383,0.8425744771957397,0.6870601773262024,2.0,9.0,7880.0,4.392,425934030.0
8.630827903747559,1.70894992351532,-0.7697595357894897,1.0,10.0,7880.0,8.832,425934032.0
28.71370506286621,5.680259227752686,5.689542770385742,24.0,11.0,7881.0,29.818,425934035.0
12.37529850006104,2.445886135101318,-0.6611077785491943,3.0,12.0,7882.0,12.632,425934037.0
28.3714771270752,5.602267742156982,6.676547527313232,6.0,13.0,7883.0,29.68,425934039.0
12.50307559967041,2.46660590171814,-0.2224483788013458,1.0,14.0,7884.0,12.746,425934042.0
25.20295524597168,4.967467308044434,6.883033752441406,10.0,15.0,7885.0,26.594,425934044.0
4.445651054382324,0.8689793944358826,0.2373958975076675,1.0,3.0,7894.0,4.536,425934071.0
4.243329048156738,0.828663170337677,0.3782559335231781,4.0,5.0,7895.0,4.34,425934076.0
0.7987937927246094,0.1558485925197601,-0.1289020031690598,2.0,6.0,7896.0,0.8240000000000001,425934078.0
4.220282077789307,0.8226332068443298,0.5279380083084106,1.0,7.0,7897.0,4.332,425934081.0
1.459417700767517,0.2842107713222504,-0.1825602799654007,3.0,8.0,7898.0,1.498,425934083.0
4.226914882659912,0.8231603503227234,0.6820542812347412,2.0,9.0,7898.0,4.36,425934085.0
7.030803203582764,1.367923259735107,-0.626649796962738,1.0,10.0,7899.0,7.19,425934088.0
28.6128978729248,5.561784267425537,5.665882110595703,11.0,11.0,7900.0,29.694,425934090.0
4.482000827789307,0.8704009056091309,-0.2392799854278564,4.0,12.0,7901.0,4.572,425934092.0
25.30986213684082,4.910571098327637,5.952204704284668,5.0,13.0,7902.0,26.46,425934095.0
25.10274696350098,4.865840911865234,6.851457595825195,10.0,15.0,7903.0,26.472,425934099.0
4.401581764221191,0.8444246053695679,0.2348837703466415,2.0,3.0,7914.0,4.488,425934127.0
4.20706033706665,0.8063452243804932,0.3747696876525879,6.0,5.0,7915.0,4.3,425934131.0
0.8090335726737976,0.1549168527126312,-0.1304663419723511,2.0,6.0,7916.0,0.834,425934134.0
4.201680660247803,0.803793728351593,0.525256872177124,2.0,7.0,7917.0,4.31,425934136.0
1.405806422233582,0.2686805427074432,-0.1757355928421021,3.0,8.0,7918.0,1.442,425934138.0
4.208559989929199,0.803587019443512,0.6786127090454102,4.0,9.0,7919.0,4.338,425934141.0
6.473866939544678,1.236127257347107,-0.5766223669052124,1.0,10.0,7919.0,6.616000000000001,425934143.0
4.447074413299561,0.8483247756958008,0.8800110816955566,3.0,11.0,7920.0,4.612,425934145.0
4.485011577606201,0.8547505140304565,-0.2392799854278564,4.0,12.0,7921.0,4.572,425934147.0
25.25218963623047,4.80797815322876,5.934658527374268,10.0,13.0,7922.0,26.382,425934150.0
4.46131420135498,0.8486204743385315,-0.07926882803440094,4.0,14.0,7923.0,4.542,425934152.0
25.01982498168945,4.75468635559082,6.824022769927979,13.0,15.0,7924.0,26.366,425934154.0
4.246625423431396,0.8001054525375366,0.07542929798364639,2.0,1.0,7933.0,4.322,425934177.0
0.4921830296516418,0.0926431193947792,-0.1156248450279236,2.0,2.0,7934.0,0.514,425934180.0
4.351649761199951,0.8183203339576721,0.2320576310157776,2.0,3.0,7935.0,4.434,425934182.0
4.174740791320801,0.7842985391616821,0.3716320991516113,9.0,5.0,7936.0,4.264,425934187.0
0.7862982153892517,0.1475778818130493,-0.1267119199037552,2.0,6.0,7937.0,0.81,425934189.0
4.169478893280029,0.7818032503128052,0.5208695530891418,2.0,7.0,7938.0,4.274,425934191.0
1.391172528266907,0.2606021761894226,-0.1737856864929199,2.0,8.0,7939.0,1.426,425934194.0
4.178331851959229,0.7827084064483643,0.673293948173523,4.0,9.0,7939.0,4.304,425934196.0
6.100384712219238,1.141655921936035,-0.5429802536964417,3.0,10.0,7940.0,6.23,425934198.0
4.398048877716064,0.8222779631614685,0.8697074055671692,6.0,11.0,7941.0,4.558,425934200.0
4.464554786682129,0.833905816078186,-0.2380239218473434,4.0,12.0,7942.0,4.548,425934203.0
25.17385864257812,4.697518348693848,5.912163734436035,10.0,13.0,7943.0,26.282,425934205.0
4.464394569396973,0.8322632312774658,-0.07926882803440094,4.0,14.0,7944.0,4.542,425934207.0
25.37431526184082,4.73034143447876,6.916162490844727,6.0,15.0,7944.0,26.722,425934210.0
4.184501171112061,0.7732853889465332,0.07427743822336197,1.0,1.0,7953.0,4.256,425934233.0
0.492503434419632,0.09092451632022858,-0.1156248450279236,2.0,2.0,7954.0,0.514,425934235.0
4.29555606842041,0.7922574877738953,0.2289174795150757,4.0,3.0,7955.0,4.374,425934237.0
4.151980876922607,0.7650277614593506,0.3693660497665405,12.0,5.0,7956.0,4.238,425934242.0
0.7596102356910706,0.1398257315158844,-0.1223317533731461,2.0,6.0,7957.0,0.782,425934244.0
0.5857064723968506,0.107708603143692,0.07312160730361938,1.0,7.0,7958.0,0.6,425934247.0
1.372549533843994,0.2521576285362244,-0.1713483035564423,2.0,8.0,7959.0,1.406,425934249.0
4.163686275482178,0.7641794681549072,0.670478105545044,5.0,9.0,7960.0,4.286,425934251.0
5.698683738708496,1.045904159545898,-0.5068978071212769,1.0,10.0,7960.0,5.816,425934253.0
4.368063926696777,0.8009017705917358,0.8632199168205261,9.0,11.0,7961.0,4.524,425934256.0
4.392784595489502,0.8046419620513916,-0.2340463995933533,4.0,12.0,7962.0,4.472,425934258.0
25.05400276184082,4.584711074829102,5.880220413208008,10.0,13.0,7963.0,26.14,425934260.0
4.451535701751709,0.813797652721405,-0.07898959517478943,4.0,14.0,7964.0,4.526,425934263.0
25.48650360107422,4.654662132263184,6.942044258117676,6.0,15.0,7965.0,26.822,425934265.0
4.151494026184082,0.7537058591842651,0.07364915311336517,3.0,1.0,7971.0,4.22,425934288.0
4.16831636428833,0.7552571296691895,0.2220091223716736,4.0,3.0,7973.0,4.242,425934293.0
4.136719226837158,0.7487862706184387,0.3677972257137299,16.0,5.0,7974.0,4.22,425934297.0
0.7503265142440796,0.1356811374425888,-0.1207674071192741,2.0,6.0,7975.0,0.772,425934300.0
0.6094836592674255,0.1101027503609657,0.07604646682739258,1.0,7.0,7976.0,0.624,425934302.0
1.345985531806946,0.2429086565971375,-0.1679359525442123,2.0,8.0,7977.0,1.378,425934304.0
4.167879581451416,0.7521730661392212,0.67079097032547,5.0,9.0,7977.0,4.288,425934306.0
5.303903579711914,0.956234335899353,-0.4715125560760498,2.0,10.0,7978.0,5.41,425934309.0
4.357033252716064,0.7847391366958618,0.8605485558509827,8.0,11.0,7979.0,4.51,425934311.0
4.411016464233398,0.7936671376228333,-0.2348837703466415,4.0,12.0,7980.0,4.488,425934313.0
24.9647102355957,4.487362384796143,5.855926036834717,15.0,13.0,7981.0,26.032,425934316.0
4.4304518699646,0.7955676317214966,-0.07857073098421097,4.0,14.0,7982.0,4.502,425934318.0
25.59717559814453,4.596435070037842,6.968443870544434,10.0,15.0,7982.0,26.924,425934320.0
4.142287254333496,0.7371078133583069,0.07343972474336624,3.0,1.0,7991.0,4.208,425934343.0
4.06866979598999,0.7225427627563477,0.216566190123558,5.0,3.0,7993.0,4.138,425934348.0
4.137345790863037,0.7339938282966614,0.3676229119300842,18.0,5.0,7994.0,4.218,425934353.0
0.7488504648208618,0.1327164620161057,-0.1204545348882675,2.0,6.0,7995.0,0.77,425934355.0
0.5864079594612122,0.1038217172026634,0.07312160730361938,2.0,7.0,7996.0,0.6,425934357.0
1.301865816116333,0.2302569895982742,-0.1623299717903137,2.0,8.0,7997.0,1.332,425934359.0
4.156991481781006,0.7344860434532166,0.6686009168624878,8.0,9.0,7998.0,4.274,425934362.0
4.985441207885742,0.8808622360229492,-0.4429254829883575,1.0,10.0,7998.0,5.082,425934364.0
4.276611328125,0.7548515796661377,0.8441389799118042,4.0,11.0,7999.0,4.424,425934366.0
4.382289409637451,0.7727158665657043,-0.2332090139389038,4.0,12.0,8000.0,4.456,425934369.0
25.32951545715332,4.461718559265137,5.937808036804199,10.0,13.0,8001.0,26.396,425934371.0
4.38987398147583,0.7724733948707581,-0.07780282944440842,4.0,14.0,8002.0,4.458,425934373.0
25.6024341583252,4.500578880310059,6.965338230133057,7.0,15.0,8003.0,26.912,425934376.0
4.149026870727539,0.7218827605247498,0.07350953668355942,7.0,1.0,8013.0,4.212,425934399.0
0.4934285581111908,0.0857621431350708,-0.1156248450279236,2.0,2.0,8014.0,0.514,425934401.0
4.057639598846436,0.7045232057571411,0.2158334851264954,11.0,3.0,8015.0,4.124,425934403.0
4.108724594116211,0.7126542925834656,0.3648339509963989,21.0,5.0,8016.0,4.186,425934408.0
0.7707647085189819,0.1335498243570328,-0.123896099627018,2.0,6.0,8017.0,0.792,425934410.0
0.5926703214645386,0.1025850027799606,0.07385282218456268,4.0,7.0,8018.0,0.606,425934412.0
1.277311563491821,0.2208596020936966,-0.1591613590717316,2.0,8.0,8019.0,1.306,425934415.0
4.122672557830811,0.7128502130508423,0.6626563668251038,8.0,9.0,8019.0,4.236,425934417.0
4.662876129150391,0.8054185509681702,-0.413989782333374,1.0,10.0,8020.0,4.75,425934419.0
4.223372936248779,0.7287440896034241,0.8330720663070679,4.0,11.0,8021.0,4.366,425934422.0
4.499381542205811,0.7755607962608337,-0.2392799854278564,4.0,12.0,8022.0,4.572,425934424.0
25.43864250183105,4.380300998687744,5.959403514862061,10.0,13.0,8023.0,26.492,425934426.0
4.357334613800049,0.7495099306106567,-0.07717454433441162,4.0,14.0,8024.0,4.422,425934429.0
25.7082405090332,4.422102928161621,6.989666938781738,7.0,15.0,8024.0,27.006,425934431.0
4.147579193115234,0.7067237496376038,0.07343972474336624,7.0,1.0,8033.0,4.208,425934454.0
4.060074329376221,0.690355122089386,0.2158334851264954,12.0,3.0,8035.0,4.124,425934459.0
4.085651874542236,0.6939705014228821,0.3625679016113281,17.0,5.0,8036.0,4.16,425934463.0
0.726432740688324,0.1232581734657288,-0.1167001128196716,2.0,6.0,8037.0,0.746,425934465.0
0.6047678589820862,0.1025059819221497,0.07531525194644928,4.0,7.0,8038.0,0.618,425934468.0
1.274160146713257,0.2157368212938309,-0.158673882484436,2.0,8.0,8039.0,1.302,425934470.0
4.121240139007568,0.6977955102920532,0.6620306372642517,8.0,9.0,8039.0,4.232,425934472.0
4.345447540283203,0.7349774241447449,-0.385576993227005,2.0,10.0,8040.0,4.424,425934475.0
4.179431438446045,0.7061476111412048,0.8239132165908813,4.0,11.0,8041.0,4.318000000000001,425934477.0
4.439040184020996,0.7492137551307678,-0.2359304875135422,4.0,12.0,8042.0,4.508,425934479.0
25.49989700317383,4.299252033233643,5.970201015472412,10.0,13.0,8043.0,26.54,425934482.0
4.156816005706787,0.7000881433486938,-0.0735793486237526,5.0,14.0,8044.0,4.216,425934484.0
25.83210563659668,4.350625514984131,7.019172668457031,10.0,15.0,8044.0,27.12,425934486.0
4.141889572143555,0.6923714876174927,0.07330010831356049,7.0,1.0,8051.0,4.2,425934509.0
4.050402641296387,0.6756249666213989,0.2152054458856583,12.0,3.0,8053.0,4.112,425934514.0
4.081915855407715,0.680149257183075,0.3620449602603912,13.0,5.0,8054.0,4.154,425934518.0
0.7112278342247009,0.1183807700872421,-0.1141971573233604,2.0,6.0,8055.0,0.73,425934521.0
0.5874630212783813,0.09767528623342514,0.07312160730361938,4.0,7.0,8056.0,0.6,425934523.0
1.241541147232056,0.2062037438154221,-0.154530331492424,2.0,8.0,8057.0,1.268,425934525.0
4.105992794036865,0.6812153458595276,0.6592148542404175,8.0,9.0,8058.0,4.214,425934528.0
4.02342414855957,0.6675165295600891,-0.3568156063556671,2.0,10.0,8058.0,4.094,425934530.0
4.140955448150635,0.6862733364105225,0.8158992528915405,4.0,11.0,8059.0,4.276,425934532.0
4.421667575836182,0.7320023775100708,-0.2348837703466415,4.0,12.0,8060.0,4.488,425934535.0
25.59018325805664,4.231838703155518,5.988196849822998,10.0,13.0,8061.0,26.62,425934537.0
4.121508598327637,0.6808332800865173,-0.07291615754365921,10.0,14.0,8062.0,4.178,425934539.0
25.91044998168945,4.280155658721924,7.03677225112915,7.0,15.0,8062.0,27.188,425934541.0
4.102838516235352,0.6711302995681763,0.07256710529327393,5.0,1.0,8071.0,4.158,425934565.0
4.027111053466797,0.6572997570037842,0.2138447165489197,17.0,3.0,8073.0,4.086,425934569.0
4.088197708129883,0.6665377616882324,0.3623935878276825,9.0,5.0,8074.0,4.158,425934574.0
0.7116367220878601,0.1158973947167397,-0.1141971573233604,2.0,6.0,8075.0,0.73,425934576.0
0.574084997177124,0.09339283406734467,0.07141543179750443,6.0,7.0,8076.0,0.586,425934578.0
1.224618792533875,0.1990030556917191,-0.1523366719484329,2.0,8.0,8077.0,1.25,425934581.0
4.108345508575439,0.6668785810470581,0.6592148542404175,8.0,9.0,8078.0,4.214,425934583.0
3.597000122070312,0.5838754773139954,-0.3188157081604004,3.0,10.0,8078.0,3.658,425934585.0
4.11038064956665,0.6664726734161377,0.8094117641448975,4.0,11.0,8079.0,4.242,425934588.0
4.507001876831055,0.7299749851226807,-0.2392799854278564,4.0,12.0,8080.0,4.572,425934590.0
25.48360443115234,4.122879028320312,5.959853172302246,10.0,13.0,8081.0,26.494,425934592.0
4.123859882354736,0.6664423942565918,-0.07291615754365921,10.0,14.0,8082.0,4.178,425934594.0
25.99462127685547,4.196243286132812,7.055407047271729,7.0,15.0,8083.0,27.26,425934597.0
4.039994716644287,0.6463791131973267,0.0714152455329895,10.0,1.0,8091.0,4.092000000000001,425934620.0
0.494550347328186,0.07903707772493362,-0.1156248450279236,2.0,2.0,8092.0,0.514,425934622.0
4.001769065856934,0.6388306021690369,0.2123793065547943,17.0,3.0,8093.0,4.058,425934624.0
4.112142562866211,0.6557143926620483,0.364311009645462,9.0,5.0,8094.0,4.18,425934629.0
0.6925290822982788,0.1103054210543633,-0.1110684722661972,2.0,6.0,8095.0,0.71,425934631.0
0.5940119028091431,0.09450738877058029,0.07385282218456268,7.0,7.0,8096.0,0.606,425934634.0
1.195898652076721,0.1900536715984344,-0.1486805975437164,2.0,8.0,8097.0,1.22,425934636.0
4.09113883972168,0.6494367718696594,0.6560861468315125,8.0,9.0,8098.0,4.194,425934638.0
3.457338333129883,0.548825740814209,-0.3062652945518494,3.0,10.0,8098.0,3.514,425934641.0
4.093291759490967,0.6490461230278015,0.8055955767631531,4.0,11.0,8099.0,4.222,425934643.0
4.509522438049316,0.714238166809082,-0.2392799854278564,4.0,12.0,8100.0,4.572,425934645.0
25.74229049682617,4.072572708129883,6.016990661621094,11.0,13.0,8101.0,26.748,425934647.0
4.088632583618164,0.646112859249115,-0.07225295901298523,15.0,14.0,8102.0,4.14,425934650.0
26.07708930969238,4.120874404907227,7.074042320251465,7.0,15.0,8102.0,27.332,425934652.0
4.034323692321777,0.6310368776321411,0.07127562910318375,13.0,1.0,8111.0,4.084000000000001,425934675.0
3.994107484817505,0.6233181357383728,0.211855947971344,16.0,3.0,8113.0,4.048,425934680.0
4.104563236236572,0.6398220062255859,0.3634394407272339,13.0,5.0,8114.0,4.17,425934684.0
0.708524763584137,0.1103186383843422,-0.1135714203119278,1.0,6.0,8115.0,0.726,425934687.0
0.6002227067947388,0.09334850311279297,0.07458403706550598,7.0,7.0,8116.0,0.612,425934689.0
1.18478536605835,0.1840497404336929,-0.1472181677818298,2.0,8.0,8117.0,1.208,425934691.0
4.058244705200195,0.6297001242637634,0.6504545211791992,8.0,9.0,8118.0,4.158,425934694.0
3.230848789215088,0.5013166666030884,-0.2860451340675354,3.0,10.0,8118.0,3.282,425934696.0
4.064491271972656,0.6299428939819336,0.7994896769523621,4.0,11.0,8119.0,4.19,425934698.0
4.452775478363037,0.6893261075019836,-0.2361398339271545,4.0,12.0,8120.0,4.512,425934700.0
25.82953071594238,3.994006633758545,6.034087181091309,11.0,13.0,8121.0,26.824,425934703.0
4.07110071182251,0.6287845969200134,-0.07190391421318054,15.0,14.0,8122.0,4.12,425934705.0
26.14668083190918,4.038374900817871,7.089053630828857,7.0,15.0,8122.0,27.39,425934707.0
4.012887954711914,0.6126246452331543,0.07085677236318588,16.0,1.0,8132.0,4.06,425934731.0
3.984412431716919,0.6075658798217773,0.2112279236316681,13.0,3.0,8133.0,4.036,425934736.0
4.097032070159912,0.6232754588127136,0.3625679016113281,17.0,5.0,8135.0,4.16,425934741.0
0.6972065567970276,0.105940505862236,-0.1116942092776299,1.0,6.0,8136.0,0.714,425934743.0
0.5985981822013855,0.09085008502006531,0.07434029877185822,7.0,7.0,8137.0,0.61,425934745.0
1.161900043487549,0.1761357337236404,-0.1442933082580566,2.0,8.0,8138.0,1.184,425934747.0
4.031122207641602,0.611089289188385,0.6457614898681641,8.0,9.0,8138.0,4.128,425934750.0
2.998242139816284,0.4539767801761627,-0.2653020918369293,4.0,10.0,8139.0,3.044,425934752.0
4.051243305206299,0.6126929521560669,0.7964367270469666,4.0,11.0,8140.0,4.174,425934754.0
4.530316829681396,0.6843372583389282,-0.2401173710823059,4.0,12.0,8141.0,4.588,425934757.0
25.91336631774902,3.909776210784912,6.050283432006836,11.0,13.0,8142.0,26.896,425934759.0
4.059536457061768,0.6117731332778931,-0.07165957987308502,15.0,14.0,8143.0,4.106,425934761.0
26.20142364501953,3.948560953140259,7.099924087524414,7.0,15.0,8143.0,27.432,425934764.0
3.991267919540405,0.5950747728347778,0.07043791562318802,16.0,1.0,8152.0,4.036,425934787.0
3.978710412979126,0.5917828679084778,0.2108092308044434,12.0,3.0,8154.0,4.028,425934791.0
4.089328765869141,0.6075064539909363,0.3616963326931,20.0,5.0,8155.0,4.15,425934796.0
0.6897562146186829,0.1023464277386665,-0.1104427352547646,1.0,6.0,8156.0,0.706,425934798.0
0.5969480276107788,0.0884690135717392,0.07409656047821045,7.0,7.0,8157.0,0.608,425934800.0
1.136979699134827,0.1683001071214676,-0.1411246955394745,2.0,8.0,8158.0,1.158,425934803.0
4.004022598266602,0.5919767618179321,0.6410684585571289,8.0,9.0,8159.0,4.098,425934805.0
2.834247589111328,0.4190307259559631,-0.2506599128246307,4.0,10.0,8159.0,2.876,425934807.0
4.024224281311035,0.5942457318305969,0.7907124757766724,4.0,11.0,8160.0,4.144,425934810.0
4.566267967224121,0.6734734773635864,-0.2418967932462692,8.0,12.0,8161.0,4.622,425934812.0
25.97891044616699,3.826966047286987,6.062430858612061,11.0,13.0,8162.0,26.95,425934814.0
4.037906169891357,0.5941059589385986,-0.07124072313308716,15.0,14.0,8163.0,4.082,425934817.0
26.2615909576416,3.85924243927002,7.11234712600708,3.0,15.0,8164.0,27.48,425934819.0
3.977389097213745,0.579529345035553,0.07015867531299591,19.0,1.0,8171.0,4.02,425934842.0
3.954856157302856,0.5755413174629211,0.2094485014677048,11.0,3.0,8172.0,4.002,425934847.0
4.085405826568604,0.5930837392807007,0.3611733913421631,23.0,5.0,8174.0,4.144,425934851.0
0.7213707566261292,0.1045937836170197,-0.1154486387968063,1.0,6.0,8175.0,0.738,425934853.0
0.577592134475708,0.08364394307136536,0.07165917754173279,6.0,7.0,8176.0,0.588,425934856.0
1.106097221374512,0.1599822640419006,-0.1372248828411102,2.0,8.0,8177.0,1.126,425934858.0
4.015739440917969,0.5801078081130981,0.642632782459259,9.0,9.0,8178.0,4.108,425934860.0
2.71927809715271,0.3928229510784149,-0.2403755336999893,6.0,10.0,8178.0,2.758,425934863.0
4.018400192260742,0.5797762274742126,0.7891860008239746,5.0,11.0,8179.0,4.136,425934865.0
4.552661418914795,0.6560485363006592,-0.2410594075918198,4.0,12.0,8180.0,4.606,425934867.0
26.10333251953125,3.756897211074829,6.088525295257568,11.0,13.0,8181.0,27.066,425934870.0
4.04381275177002,0.5812815427780151,-0.07131053507328033,15.0,14.0,8182.0,4.086,425934872.0
26.16267776489258,3.760777950286865,7.082324504852295,7.0,15.0,8182.0,27.364,425934874.0
3.979387760162354,0.5656421780586243,0.07015867531299591,22.0,1.0,8191.0,4.02,425934897.0
3.939044237136841,0.5592062473297119,0.2085064500570297,10.0,3.0,8192.0,3.984,425934902.0
4.077587604522705,0.5774226188659668,0.3603018522262573,23.0,5.0,8194.0,4.134,425934906.0
0.6552304625511169,0.09266979992389679,-0.1048110947012901,1.0,6.0,8195.0,0.67,425934909.0
0.5818117260932922,0.08218254894018173,0.07214665412902832,7.0,7.0,8196.0,0.592,425934911.0
1.114511370658875,0.1572294980287552,-0.1381998360157013,2.0,8.0,8197.0,1.134,425934913.0
4.002091407775879,0.5638819336891174,0.640129804611206,9.0,9.0,8198.0,4.092000000000001,425934916.0
2.612123250961304,0.3680398166179657,-0.2307884097099304,5.0,10.0,8198.0,2.648,425934918.0
3.999014616012573,0.5627365708351135,0.7849882245063782,5.0,11.0,8199.0,4.114,425934920.0
4.521300792694092,0.6354274153709412,-0.2392799854278564,4.0,12.0,8200.0,4.572,425934923.0
26.21470832824707,3.679571390151978,6.111470222473145,5.0,13.0,8201.0,27.168,425934925.0
4.014132022857666,0.5627206563949585,-0.07075205445289612,16.0,14.0,8202.0,4.054,425934927.0
26.22538757324219,3.676403284072876,7.09578275680542,3.0,15.0,8202.0,27.416,425934929.0
3.963606834411621,0.5485857725143433,0.06984452903270721,24.0,1.0,8212.0,4.002,425934952.0
3.943140983581543,0.5443504452705383,0.2086111158132553,7.0,3.0,8214.0,3.986,425934957.0
4.063887119293213,0.5602966547012329,0.3589073419570923,21.0,5.0,8215.0,4.118,425934962.0
0.6751348376274109,0.09296219050884247,-0.1079397797584534,1.0,6.0,8216.0,0.6900000000000001,425934964.0
0.5840756297111511,0.08031999319791794,0.07239039242267609,7.0,7.0,8217.0,0.594,425934966.0
1.109180331230164,0.1523332595825195,-0.137468621134758,2.0,8.0,8218.0,1.128,425934969.0
3.9844651222229,0.5472208261489868,0.6370011568069458,9.0,9.0,8218.0,4.072,425934971.0
2.552263498306274,0.3500704169273376,-0.2253847569227219,6.0,10.0,8219.0,2.586,425934973.0
3.999104976654053,0.5478092432022095,0.7846065759658813,5.0,11.0,8220.0,4.112,425934976.0
4.49193811416626,0.6145203113555908,-0.2376052439212799,4.0,12.0,8221.0,4.54,425934978.0
4.166671276092529,0.569281280040741,0.9708887338638306,1.0,13.0,8222.0,4.316,425934980.0
3.996354103088379,0.5453008413314819,-0.07040300965309143,21.0,14.0,8223.0,4.034,425934982.0
3.963515996932983,0.5344796180725098,0.06980962306261063,22.0,1.0,8232.0,4.0,425935008.0
3.929089307785034,0.52913898229599,0.207773745059967,8.0,3.0,8233.0,3.97,425935012.0
4.048046112060547,0.543720543384552,0.357338547706604,18.0,5.0,8235.0,4.1,425935017.0
0.6245513558387756,0.08377676457166672,-0.09980519115924835,1.0,6.0,8236.0,0.638,425935019.0
0.5961575508117676,0.07986212521791458,0.07385282218456268,7.0,7.0,8237.0,0.606,425935022.0
1.056581139564514,0.1413534134626389,-0.1308876723051071,2.0,8.0,8238.0,1.074,425935024.0
3.976654291152954,0.5313053727149963,0.6354367733001709,11.0,9.0,8239.0,4.062,425935026.0
2.417205810546875,0.3229535222053528,-0.2133572548627853,6.0,10.0,8239.0,2.448,425935029.0
3.977640867233276,0.5307306051254272,0.7800271511077881,7.0,11.0,8240.0,4.088,425935031.0
4.462379932403564,0.5946158766746521,-0.2359304875135422,4.0,12.0,8241.0,4.508,425935033.0
4.124203681945801,0.5488210916519165,0.9605410099029541,5.0,13.0,8242.0,4.27,425935035.0
3.990304231643677,0.530293881893158,-0.07026338577270508,21.0,14.0,8243.0,4.026,425935038.0
4.714876174926758,0.625748872756958,1.274425029754639,1.0,15.0,8244.0,4.924,425935040.0
3.951297283172607,0.5201981663703918,0.0695652887225151,13.0,1.0,8250.0,3.986,425935063.0
3.934692621231079,0.5173134803771973,0.2079830914735794,5.0,3.0,8251.0,3.974,425935068.0
4.026028633117676,0.5278922915458679,0.3552468121051788,17.0,5.0,8253.0,4.076000000000001,425935072.0
0.6248114705085754,0.08181426674127579,-0.09980519115924835,1.0,6.0,8254.0,0.638,425935075.0
3.946511507034302,0.5160648226737976,0.4886960685253143,7.0,7.0,8255.0,4.01,425935077.0
1.03339946269989,0.1349488347768784,-0.1279628127813339,2.0,8.0,8256.0,1.05,425935079.0
3.958625555038452,0.5169461965560913,0.6323081254959106,11.0,9.0,8256.0,4.042,425935082.0
2.321401119232178,0.3027334213256836,-0.204815998673439,6.0,10.0,8257.0,2.35,425935084.0
3.953979969024658,0.5149358510971069,0.7750661373138428,8.0,11.0,8258.0,4.062,425935086.0
4.527604103088379,0.588836669921875,-0.2392799854278564,4.0,12.0,8259.0,4.572,425935088.0
4.098852634429932,0.5323479771614075,0.9542423486709595,8.0,13.0,8260.0,4.242,425935091.0
3.98005199432373,0.5162121653556824,-0.07005395740270615,21.0,14.0,8261.0,4.014,425935093.0
4.716818332672119,0.6109336018562317,1.274425029754639,1.0,15.0,8262.0,4.924,425935095.0
3.957056045532227,0.5069105625152588,0.06963510066270828,9.0,1.0,8270.0,3.99,425935118.0
3.908738851547241,0.500027596950531,0.206517681479454,5.0,3.0,8271.0,3.946,425935123.0
4.019941329956055,0.5128270983695984,0.3545495569705963,17.0,5.0,8273.0,4.068000000000001,425935128.0
0.6250932216644287,0.07963277399539948,-0.09980519115924835,1.0,6.0,8274.0,0.638,425935130.0
3.920719861984253,0.4987785518169403,0.4852837324142456,8.0,7.0,8275.0,3.982,425935132.0
1.03189492225647,0.1310905963182449,-0.1277190744876862,1.0,8.0,8276.0,1.048,425935135.0
3.956486701965332,0.5026270151138306,0.6316823959350586,11.0,9.0,8276.0,4.038,425935137.0
2.233499050140381,0.2833447456359863,-0.196971982717514,6.0,10.0,8277.0,2.26,425935139.0
3.965491771697998,0.502364456653595,0.7769742012023926,6.0,11.0,8278.0,4.072,425935141.0
4.450373649597168,0.5630020499229431,-0.2350931167602539,4.0,12.0,8279.0,4.492,425935144.0
4.081351757049561,0.5155946612358093,0.9497433304786682,10.0,13.0,8280.0,4.222,425935146.0
3.977861642837524,0.5018154382705688,-0.06998415291309357,21.0,14.0,8281.0,4.01,425935148.0
4.688255310058594,0.5906018018722534,1.266142725944519,1.0,15.0,8282.0,4.892,425935151.0
3.938957691192627,0.4906231164932251,0.0692860558629036,12.0,1.0,8290.0,3.97,425935174.0
3.896586418151855,0.4846548736095428,0.2057849764823914,10.0,3.0,8291.0,3.932,425935178.0
4.017752170562744,0.4983013272285461,0.3542009294033051,17.0,5.0,8293.0,4.064,425935183.0
3.922436952590942,0.4850896596908569,0.4852837324142456,9.0,7.0,8295.0,3.982,425935187.0
1.020525455474854,0.1260280311107635,-0.1262566447257996,2.0,8.0,8296.0,1.036,425935190.0
3.938612222671509,0.4863921403884888,0.6285536885261536,12.0,9.0,8296.0,4.018,425935192.0
2.179106950759888,0.268718957901001,-0.1920912563800812,5.0,10.0,8297.0,2.204,425935194.0
3.955529928207397,0.4870796203613281,0.7746845483779907,7.0,11.0,8298.0,4.06,425935197.0
4.416629791259766,0.5430763959884644,-0.2332090139389038,4.0,12.0,8299.0,4.456,425935199.0
4.083127021789551,0.5013449192047119,0.9497433304786682,11.0,13.0,8300.0,4.222,425935201.0
3.96371054649353,0.4859802424907684,-0.06970491260290146,21.0,14.0,8301.0,3.994,425935204.0
4.651837825775146,0.5703497529029846,1.255789995193481,1.0,15.0,8301.0,4.852,425935206.0
3.914838552474976,0.4737475216388702,0.06883229315280914,18.0,1.0,8310.0,3.944,425935229.0
3.900237321853638,0.4712899029254913,0.2058896571397781,8.0,3.0,8311.0,3.934,425935234.0
3.991774082183838,0.4809371829032898,0.3517605662345886,18.0,5.0,8313.0,4.036,425935238.0
3.922135353088379,0.4711580574512482,0.4850399792194366,11.0,7.0,8315.0,3.98,425935243.0
0.995336651802063,0.1193915233016014,-0.123088039457798,2.0,8.0,8316.0,1.01,425935245.0
3.924595594406128,0.4707587659358978,0.6260507106781006,12.0,9.0,8316.0,4.002,425935247.0
2.112771272659302,0.2530547678470612,-0.1861646622419357,6.0,10.0,8317.0,2.136,425935250.0
3.929914951324463,0.4700053632259369,0.7693418860435486,8.0,11.0,8318.0,4.032,425935252.0
4.533522129058838,0.5413923263549805,-0.2392799854278564,4.0,12.0,8319.0,4.572,425935254.0
4.038411140441895,0.4815513789653778,0.9389457106590271,6.0,13.0,8320.0,4.174,425935257.0
3.949497222900391,0.4702499508857727,-0.06942567229270935,21.0,14.0,8321.0,3.978,425935259.0
4.648142337799072,0.5526118874549866,1.254237055778503,1.0,15.0,8322.0,4.846,425935261.0
3.91845440864563,0.4603126049041748,0.06886719912290573,22.0,1.0,8330.0,3.946,425935284.0
3.895987510681152,0.4562946557998657,0.205575630068779,6.0,3.0,8332.0,3.928,425935289.0
3.975618362426758,0.4649176001548767,0.3501917719841003,19.0,5.0,8333.0,4.018,425935293.0
3.913897514343262,0.4563149809837341,0.483821302652359,15.0,7.0,8335.0,3.97,425935298.0
0.9937755465507507,0.1156868860125542,-0.1228443011641502,2.0,8.0,8336.0,1.008,425935300.0
3.920328617095947,0.4563712477684021,0.6251121163368225,12.0,9.0,8336.0,3.996,425935303.0
2.040416240692139,0.2371669411659241,-0.1797151416540146,6.0,10.0,8337.0,2.062,425935305.0
3.943232774734497,0.457642525434494,0.7716315984725952,9.0,11.0,8338.0,4.044,425935307.0
4.590935707092285,0.5320014357566833,-0.2422108054161072,4.0,12.0,8339.0,4.628,425935310.0
3.981992721557617,0.4607322812080383,0.9254486560821533,5.0,13.0,8340.0,4.114,425935312.0
3.943168878555298,0.4555427730083466,-0.0692860558629036,21.0,14.0,8341.0,3.97,425935314.0
4.636515617370605,0.5356431007385254,1.250613570213318,1.0,15.0,8341.0,4.832,425935317.0
3.908116340637207,0.4452736079692841,0.0686577633023262,22.0,1.0,8350.0,3.934,425935340.0
3.89755654335022,0.4426923394203186,0.205575630068779,7.0,3.0,8352.0,3.928,425935344.0
3.971277952194214,0.4503637552261353,0.3496688306331635,17.0,5.0,8353.0,4.012,425935349.0
3.905603885650635,0.4415351748466492,0.482602596282959,16.0,7.0,8355.0,3.96,425935353.0
0.9823378920555115,0.1108813360333443,-0.121381863951683,2.0,8.0,8356.0,0.996,425935356.0
3.918049097061157,0.4415570199489594,0.6244863867759705,10.0,9.0,8357.0,3.992,425935358.0
2.019453287124634,0.2275887280702591,-0.177797719836235,4.0,10.0,8357.0,2.04,425935360.0
3.911640167236328,0.4401434063911438,0.7651440501213074,9.0,11.0,8358.0,4.01,425935363.0
4.588795185089111,0.5155268907546997,-0.2420014590024948,4.0,12.0,8359.0,4.624,425935365.0
3.983576774597168,0.4468297362327576,0.9254486560821533,5.0,13.0,8360.0,4.114,425935367.0
3.960633039474487,0.4435562491416931,-0.0695652887225151,16.0,14.0,8361.0,3.986,425935370.0
4.657646656036377,0.520792543888092,1.255789995193481,1.0,15.0,8362.0,4.852,425935372.0
3.913622140884399,0.4320679008960724,0.06872757524251938,22.0,1.0,8370.0,3.938,425935395.0
3.891136884689331,0.4282107353210449,0.2051569521427155,10.0,3.0,8372.0,3.92,425935399.0
3.960942983627319,0.4351930618286133,0.3486229777336121,16.0,5.0,8373.0,4.0,425935404.0
0.724567711353302,0.07948105037212372,-0.1154486387968063,1.0,6.0,8374.0,0.738,425935406.0
3.887388467788696,0.4257382750511169,0.4801652133464813,17.0,7.0,8375.0,3.94,425935409.0
0.94917231798172,0.1037836298346519,-0.1172383055090904,2.0,8.0,8376.0,0.962,425935411.0
3.91752815246582,0.4283471703529358,0.6241735219955444,10.0,9.0,8376.0,3.99,425935413.0
1.956855416297913,0.2136192917823792,-0.1722197532653809,4.0,10.0,8377.0,1.976,425935416.0
3.909249305725098,0.4260611236095428,0.7643808126449585,12.0,11.0,8378.0,4.006,425935418.0
18.17959785461426,1.97814679145813,-0.9583760499954224,4.0,12.0,8379.0,18.312,425935420.0
3.95217752456665,0.4293438494205475,0.9178003072738647,5.0,13.0,8380.0,4.08,425935423.0
3.95420503616333,0.4288658797740936,-0.06942567229270935,16.0,14.0,8381.0,3.978,425935425.0
4.595968246459961,0.4984703361988068,1.238707900047302,1.0,15.0,8381.0,4.786,425935427.0
3.936978578567505,0.4207416176795959,0.06911152601242065,19.0,1.0,8390.0,3.96,425935450.0
3.88664984703064,0.4139909148216248,0.2048429399728775,11.0,3.0,8392.0,3.914,425935455.0
3.956494331359863,0.4207321107387543,0.3481000363826752,12.0,5.0,8393.0,3.994,425935459.0
0.6266238689422607,0.06652434170246124,-0.09980519115924835,1.0,6.0,8394.0,0.638,425935462.0
3.875032424926758,0.4107016026973724,0.4784590303897858,18.0,7.0,8395.0,3.926,425935464.0
0.9278140068054199,0.098172128200531,-0.114557184278965,2.0,8.0,8396.0,0.9400000000000001,425935466.0
3.90728497505188,0.4127407670021057,0.6222962737083435,11.0,9.0,8397.0,3.978,425935469.0
1.900129556655884,0.2007176131010056,-0.1671647131443024,3.0,10.0,8397.0,1.918,425935471.0
3.906807899475098,0.4120008945465088,0.7636175751686096,12.0,11.0,8398.0,4.002,425935473.0
3.93233323097229,0.4133048951625824,0.9128513932228088,6.0,13.0,8400.0,4.058,425935478.0
3.959655523300171,0.4154778718948364,-0.06949548423290253,16.0,14.0,8401.0,3.982,425935480.0
4.634270191192627,0.4854459166526794,1.24854302406311,1.0,15.0,8402.0,4.824,425935482.0
3.956325054168701,0.4088464379310608,0.06942567229270935,18.0,1.0,8410.0,3.978,425935505.0
3.876150846481323,0.3991937935352325,0.2042149007320404,10.0,3.0,8412.0,3.902,425935510.0
3.922263860702515,0.4032510221004486,0.3449624180793762,10.0,5.0,8413.0,3.958,425935515.0
0.6268522143363953,0.0643366128206253,-0.09980519115924835,1.0,6.0,8414.0,0.638,425935517.0
3.870518207550049,0.3965657353401184,0.4777278304100037,20.0,7.0,8415.0,3.92,425935519.0
0.9163023233413696,0.093720942735672,-0.1130947470664978,2.0,8.0,8416.0,0.928,425935522.0
3.888981103897095,0.3977715075016022,0.6191676259040833,12.0,9.0,8416.0,3.958,425935524.0
1.853248596191406,0.1892265528440475,-0.162981241941452,3.0,10.0,8417.0,1.87,425935526.0
3.906269073486328,0.3981620073318481,0.7632359862327576,13.0,11.0,8418.0,4.0,425935528.0
3.933752059936523,0.3995759785175323,0.9128513932228088,7.0,13.0,8420.0,4.058,425935533.0
4.024745464324951,0.4081090688705444,-0.07061243802309036,10.0,14.0,8421.0,4.046,425935535.0
4.587804317474365,0.465203195810318,1.235602140426636,1.0,15.0,8421.0,4.774,425935538.0
4.033340930938721,0.4025809466838837,0.07075205445289612,14.0,1.0,8430.0,4.054,425935561.0
3.891432762145996,0.3870447874069214,0.2049476057291031,5.0,3.0,8432.0,3.916,425935565.0
3.870116233825684,0.3842424750328064,0.340256005525589,16.0,5.0,8433.0,3.904,425935570.0
0.6270729899406433,0.06214809417724609,-0.09980519115924835,1.0,6.0,8434.0,0.638,425935572.0
3.871878862380981,0.3830526769161224,0.4777278304100037,21.0,7.0,8435.0,3.92,425935575.0
0.9126729369163513,0.09013170003890991,-0.1126072704792023,2.0,8.0,8436.0,0.924,425935577.0
3.884515285491943,0.382933646440506,0.6182290315628052,12.0,9.0,8437.0,3.952,425935579.0
1.764672875404358,0.1739605963230133,-0.155137225985527,3.0,10.0,8437.0,1.78,425935581.0
3.888096809387207,0.3826015293598175,0.7594197988510132,15.0,11.0,8438.0,3.98,425935584.0
17.91507530212402,1.759745478630066,-0.9434079527854919,10.0,12.0,8439.0,18.026,425935586.0
3.913789033889771,0.3837503790855408,0.9079024791717529,7.0,13.0,8440.0,4.036,425935588.0
4.141576290130615,0.4053553342819214,-0.0726369172334671,5.0,14.0,8441.0,4.162,425935591.0
4.602937698364258,0.4496998488903046,1.239225625991821,1.0,15.0,8442.0,4.788,425935593.0
4.030808448791504,0.3874126672744751,0.07068224251270294,14.0,1.0,8451.0,4.05,425935616.0
3.906742334365845,0.374112069606781,0.2056803107261658,5.0,3.0,8453.0,3.93,425935621.0
3.841748237609863,0.3672115504741669,0.3376413583755493,21.0,5.0,8454.0,3.874,425935625.0
0.6272965669631958,0.0598493404686451,-0.09980519115924835,1.0,6.0,8455.0,0.638,425935628.0
3.863376140594482,0.3679179847240448,0.4765091240406036,23.0,7.0,8456.0,3.91,425935630.0
0.9189257025718689,0.08734952658414841,-0.1133384928107262,2.0,8.0,8457.0,0.93,425935632.0
3.881895303726196,0.3689979612827301,0.6176032423973083,20.0,9.0,8457.0,3.948,425935634.0
1.705794095993042,0.161845788359642,-0.1499078720808029,4.0,10.0,8458.0,1.72,425935637.0
3.891427516937256,0.3685334622859955,0.75980144739151,12.0,11.0,8459.0,3.982,425935639.0
17.95123100280762,1.696890950202942,-0.9449779987335205,4.0,12.0,8460.0,18.056,425935641.0
3.907408714294434,0.3686708211898804,0.9061028361320496,7.0,13.0,8461.0,4.028,425935644.0
4.164934158325195,0.3922353982925415,-0.07302086800336838,5.0,14.0,8462.0,4.184,425935646.0
4.377524852752686,0.4122563004493713,1.178144335746765,1.0,15.0,8462.0,4.552,425935648.0
4.063994884490967,0.3762900233268738,0.07124072313308716,13.0,1.0,8471.0,4.082,425935671.0
3.957744836807251,0.3650588989257812,0.2082971036434174,3.0,3.0,8473.0,3.98,425935676.0
3.83705472946167,0.3532511591911316,0.3371184170246124,29.0,5.0,8474.0,3.868,425935681.0
0.6275016665458679,0.05765930190682411,-0.09980519115924835,1.0,6.0,8475.0,0.638,425935683.0
3.86266016960144,0.3542487621307373,0.4762654006481171,22.0,7.0,8476.0,3.908,425935685.0
0.9014335870742798,0.08251280337572098,-0.1111448407173157,2.0,8.0,8477.0,0.912,425935687.0
3.881254434585571,0.3545879125595093,0.6172903776168823,23.0,9.0,8478.0,3.946,425935690.0
1.644840717315674,0.1502711623907089,-0.1445042192935944,3.0,10.0,8478.0,1.658,425935692.0
3.875093936920166,0.35334312915802,0.7563668489456177,11.0,11.0,8479.0,3.964,425935694.0
15.30565643310547,1.392923831939697,-0.8054503798484802,6.0,12.0,8480.0,15.39,425935697.0
3.889264345169067,0.3532663583755493,0.9016038179397583,8.0,13.0,8481.0,4.008,425935699.0
4.150345802307129,0.3762503266334534,-0.07274162769317627,5.0,14.0,8482.0,4.168,425935701.0
3.944184303283691,0.356866717338562,1.061158061027527,8.0,15.0,8483.0,4.1,425935704.0
4.077170848846436,0.3638778328895569,0.07145015150308609,12.0,1.0,8490.0,4.094,425935727.0
3.980817317962646,0.3538778722286224,0.2094485014677048,5.0,3.0,8492.0,4.002,425935731.0
3.844158887863159,0.341053307056427,0.3376413583755493,23.0,5.0,8493.0,3.874,425935736.0
0.596206545829773,0.05279049649834633,-0.09479928761720657,1.0,6.0,8494.0,0.606,425935738.0
3.855904102325439,0.340738832950592,0.475290447473526,22.0,7.0,8495.0,3.9,425935740.0
0.8621538877487183,0.07603523135185242,-0.1062700673937798,2.0,8.0,8496.0,0.872,425935743.0
3.862671852111816,0.3406574726104736,0.6141617298126221,21.0,9.0,8496.0,3.926,425935745.0
1.609605073928833,0.1416714787483215,-0.1413666158914566,3.0,10.0,8497.0,1.622,425935747.0
3.856687307357788,0.3387729823589325,0.7525506615638733,20.0,11.0,8498.0,3.944,425935750.0
15.31814956665039,1.34285843372345,-0.8058690428733826,7.0,12.0,8499.0,15.398,425935752.0
3.888473033905029,0.3401973247528076,0.9011539220809937,11.0,13.0,8500.0,4.006,425935754.0
4.149578094482422,0.3623113036155701,-0.07270672172307968,5.0,14.0,8501.0,4.166,425935757.0
3.92796516418457,0.3429616391658783,1.056499361991882,10.0,15.0,8501.0,4.082,425935759.0
4.096347808837891,0.3511808812618256,0.07176429778337479,12.0,1.0,8510.0,4.112,425935782.0
3.997948408126831,0.3413393199443817,0.210285872220993,5.0,3.0,8512.0,4.018,425935787.0
3.833414793014526,0.3266177475452423,0.3365954756736755,29.0,5.0,8513.0,3.862,425935791.0
0.6278796195983887,0.05338673293590546,-0.09980519115924835,1.0,6.0,8514.0,0.638,425935793.0
3.853113889694214,0.3269414603710175,0.4748029708862305,22.0,7.0,8515.0,3.896,425935796.0
0.8643920421600342,0.0731927827000618,-0.1065138056874275,2.0,8.0,8516.0,0.874,425935798.0
3.850059032440186,0.3260054588317871,0.6119716167449951,27.0,9.0,8516.0,3.912,425935800.0
1.586266040802002,0.1340389400720596,-0.1392748802900314,3.0,10.0,8517.0,1.598,425935803.0
3.861758947372437,0.3256385028362274,0.7533138990402222,28.0,11.0,8518.0,3.948,425935805.0
3.889636993408203,0.326621949672699,0.9011539220809937,13.0,13.0,8520.0,4.006,425935810.0
4.079080104827881,0.3418129980564117,-0.07145015150308609,5.0,14.0,8521.0,4.094,425935812.0
3.919512987136841,0.3284417986869812,1.053911209106445,21.0,15.0,8521.0,4.072,425935814.0
4.107513427734375,0.3376990854740143,0.07193882018327713,17.0,1.0,8530.0,4.122,425935837.0
4.034946441650391,0.3303150236606598,0.2121699601411819,5.0,3.0,8532.0,4.054,425935842.0
3.824602603912354,0.3124235570430756,0.3357239067554474,30.0,5.0,8533.0,3.852,425935846.0
0.6280621290206909,0.0511946976184845,-0.09980519115924835,1.0,6.0,8534.0,0.638,425935849.0
3.85818886756897,0.3138114511966705,0.475290447473526,20.0,7.0,8535.0,3.9,425935851.0
0.854749321937561,0.06937212496995926,-0.1052951142191887,2.0,8.0,8536.0,0.864,425935853.0
3.843352317810059,0.3112542927265167,0.610720157623291,35.0,9.0,8537.0,3.904,425935856.0
1.537077069282532,0.1244803443551064,-0.1349170953035355,4.0,10.0,8537.0,1.548,425935858.0
3.845260143280029,0.3107332587242126,0.7498793601989746,31.0,11.0,8538.0,3.93,425935860.0
11.22013568878174,0.9047216773033142,-0.5899308919906616,2.0,12.0,8539.0,11.272,425935863.0
3.867443799972534,0.3111671507358551,0.8957551121711731,11.0,13.0,8540.0,3.982,425935865.0
4.080248355865479,0.3275722563266754,-0.07145015150308609,5.0,14.0,8541.0,4.094,425935867.0
3.911007165908813,0.3139851689338684,1.051322937011719,30.0,15.0,8541.0,4.062,425935869.0
4.120628356933594,0.3243004977703094,0.07214824855327606,12.0,1.0,8550.0,4.134,425935893.0
4.061959743499756,0.3182565271854401,0.2135307043790817,5.0,3.0,8552.0,4.08,425935897.0
3.831628799438477,0.2995371520519257,0.3362468481063843,29.0,5.0,8553.0,3.858,425935902.0
0.5652163624763489,0.04408647492527962,-0.0897933840751648,1.0,6.0,8554.0,0.5740000000000001,425935904.0
3.845407009124756,0.2992638051509857,0.4735842645168304,17.0,7.0,8555.0,3.886,425935906.0
0.8411323428153992,0.06531233340501785,-0.1035889387130737,2.0,8.0,8556.0,0.85,425935909.0
3.852293252944946,0.2984468936920166,0.6119716167449951,40.0,9.0,8557.0,3.912,425935911.0
1.499759912490845,0.1161901950836182,-0.1316051781177521,4.0,10.0,8557.0,1.51,425935913.0
3.834576845169067,0.2964010834693909,0.747589647769928,33.0,11.0,8558.0,3.918,425935916.0
9.741663932800293,0.751290500164032,-0.512054979801178,1.0,12.0,8559.0,9.784,425935918.0
3.86850643157959,0.2976653575897217,0.8957551121711731,14.0,13.0,8560.0,3.982,425935920.0
4.109280586242676,0.3154704570770264,-0.07193882018327713,5.0,14.0,8561.0,4.122,425935922.0
3.887090921401978,0.2977305054664612,1.044593691825867,10.0,15.0,8562.0,4.036,425935925.0
4.145664215087891,0.3117140531539917,0.07256710529327393,7.0,1.0,8570.0,4.158,425935948.0
4.0789794921875,0.3052681684494019,0.21436807513237,9.0,3.0,8572.0,4.096,425935952.0
3.83662486076355,0.2864571511745453,0.3365954756736755,23.0,5.0,8573.0,3.862,425935957.0
0.5771863460540771,0.04299364984035492,-0.09167059510946274,1.0,6.0,8574.0,0.586,425935959.0
3.842468976974487,0.285544753074646,0.4730967879295349,14.0,7.0,8575.0,3.882,425935962.0
0.8354162573814392,0.06193554028868675,-0.1028577238321304,2.0,8.0,8576.0,0.844,425935964.0
1.478299856185913,0.109337791800499,-0.1296877413988113,4.0,10.0,8577.0,1.488,425935969.0
3.833630323410034,0.2828696370124817,0.7472079992294312,35.0,11.0,8578.0,3.916,425935971.0
9.244267463684082,0.6804787516593933,-0.4857823550701141,2.0,12.0,8579.0,9.282,425935973.0
3.848143339157104,0.2825899720191956,0.8908061981201172,20.0,13.0,8580.0,3.96,425935975.0
4.130300521850586,0.3025855422019958,-0.07228786498308182,5.0,14.0,8581.0,4.142,425935978.0
3.916957378387451,0.2869560420513153,1.052358269691467,7.0,15.0,8581.0,4.066,425935980.0
4.228504657745361,0.3031029999256134,0.07399820536375046,5.0,1.0,8590.0,4.24,425936003.0
4.062090396881104,0.2897490859031677,0.2134260237216949,11.0,3.0,8592.0,4.078,425936008.0
3.829651832580566,0.2724974453449249,0.335898220539093,29.0,5.0,8593.0,3.854,425936012.0
0.6049187779426575,0.04293665289878845,-0.09605076164007187,1.0,6.0,8594.0,0.614,425936015.0
3.85334300994873,0.2728313207626343,0.4743154942989349,10.0,7.0,8595.0,3.892,425936017.0
0.8356273174285889,0.05901901423931122,-0.1028577238321304,2.0,8.0,8596.0,0.844,425936019.0
3.834578037261963,0.2701574862003326,0.6088429093360901,5.0,9.0,8597.0,3.892,425936022.0
1.458797812461853,0.1027766689658165,-0.1279446333646774,4.0,10.0,8597.0,1.468,425936024.0
3.838511228561401,0.269761323928833,0.74797123670578,31.0,11.0,8598.0,3.92,425936026.0
8.017294883728027,0.562030017375946,-0.421199768781662,1.0,12.0,8599.0,8.048,425936028.0
3.845218420028687,0.2688838541507721,0.8899063467979431,18.0,13.0,8600.0,3.956,425936031.0
4.149284839630127,0.2894185483455658,-0.07260201126337051,5.0,14.0,8601.0,4.16,425936033.0
3.948769807815552,0.2754323184490204,1.060640454292297,8.0,15.0,8601.0,4.098,425936035.0
4.29936408996582,0.2931012511253357,0.07521986961364746,6.0,1.0,8610.0,4.31,425936058.0
4.063028812408447,0.276277095079422,0.2134260237216949,9.0,3.0,8611.0,4.078,425936063.0
3.816664934158325,0.2581864893436432,0.334678053855896,30.0,5.0,8613.0,3.84,425936068.0
0.5774723887443542,0.03896311298012733,-0.09167059510946274,1.0,6.0,8614.0,0.586,425936070.0
3.866155624389648,0.2601787149906158,0.4757779240608215,11.0,7.0,8615.0,3.904,425936072.0
0.8397895097732544,0.0563676580786705,-0.103345200419426,2.0,8.0,8616.0,0.848,425936074.0
3.841365814208984,0.2578369677066803,0.6097815632820129,3.0,9.0,8616.0,3.898,425936077.0
1.415413022041321,0.09475603699684143,-0.1241097748279572,4.0,10.0,8617.0,1.424,425936079.0
3.839429378509521,0.2563607692718506,0.74797123670578,32.0,11.0,8618.0,3.92,425936081.0
7.636581420898438,0.5085599422454834,-0.4011027812957764,2.0,12.0,8619.0,7.664000000000001,425936084.0
3.853911399841309,0.2559764981269836,0.8917059898376465,14.0,13.0,8620.0,3.964,425936086.0
4.134307384490967,0.2738756537437439,-0.0723227709531784,5.0,14.0,8621.0,4.144,425936088.0
3.963200569152832,0.262540727853775,1.064263939857483,9.0,15.0,8621.0,4.112,425936091.0
4.230517864227295,0.2735753059387207,0.07399820536375046,5.0,1.0,8630.0,4.24,425936114.0
4.060028076171875,0.2611271142959595,0.2132166922092438,11.0,3.0,8632.0,4.074,425936118.0
3.815554618835449,0.2447347342967987,0.3345037400722504,30.0,5.0,8633.0,3.838,425936123.0
0.589432954788208,0.03770371526479721,-0.09354781359434128,1.0,6.0,8634.0,0.598,425936125.0
3.861096858978271,0.2463025897741318,0.475046694278717,11.0,7.0,8635.0,3.898,425936127.0
0.7963972687721252,0.05066328495740891,-0.09798295050859451,2.0,8.0,8636.0,0.804,425936130.0
3.848199129104614,0.2441311180591583,0.610720157623291,30.0,9.0,8637.0,3.904,425936132.0
1.383920907974243,0.08779643476009369,-0.1213207915425301,4.0,10.0,8637.0,1.392,425936134.0
3.840300798416138,0.2429571002721786,0.74797123670578,21.0,11.0,8638.0,3.92,425936137.0
6.976536273956299,0.4401489198207855,-0.3663516938686371,1.0,12.0,8639.0,7.0,425936139.0
3.866450786590576,0.243256464600563,0.8944053649902344,10.0,13.0,8640.0,3.976,425936141.0
4.153200149536133,0.2605694830417633,-0.0726369172334671,5.0,14.0,8641.0,4.162,425936144.0
3.95256781578064,0.2472893446683884,1.061158061027527,8.0,15.0,8642.0,4.1,425936146.0
4.051766872406006,0.2485264837741852,0.07085677236318588,9.0,1.0,8649.0,4.06,425936169.0
4.052854061126709,0.2478831857442856,0.212797999382019,11.0,3.0,8650.0,4.066,425936174.0
3.812367677688599,0.2318386733531952,0.3341551125049591,27.0,5.0,8652.0,3.834,425936178.0
0.5619502067565918,0.03407501801848412,-0.08916764706373215,1.0,6.0,8653.0,0.5700000000000001,425936180.0
3.857929468154907,0.2332577705383301,0.4745592176914215,12.0,7.0,8654.0,3.894,425936183.0
0.8163757920265198,0.04921663552522659,-0.1004203408956528,2.0,8.0,8655.0,0.8240000000000001,425936185.0
3.858846664428711,0.2319613397121429,0.6122844815254211,55.0,9.0,8656.0,3.914,425936187.0
1.360338807106018,0.0817721039056778,-0.1192290559411049,4.0,10.0,8656.0,1.368,425936190.0
3.83716607093811,0.2299859523773193,0.7472079992294312,18.0,11.0,8657.0,3.916,425936192.0
6.134621143341064,0.3666126430034637,-0.3220754861831665,1.0,12.0,8658.0,6.154,425936194.0
3.908087253570557,0.2328676730394363,0.9038533568382263,10.0,13.0,8659.0,4.018,425936197.0
4.162025928497314,0.2472699135541916,-0.07277653366327286,5.0,14.0,8660.0,4.17,425936199.0
4.026657104492188,0.232880711555481,0.07040300965309143,6.0,1.0,8669.0,4.034,425936224.0
4.039737224578857,0.2329297810792923,0.2120652943849564,9.0,3.0,8670.0,4.052,425936229.0
3.809175491333008,0.2183016240596771,0.3338064849376678,20.0,5.0,8672.0,3.83,425936233.0
0.5462884306907654,0.03121181391179562,-0.08666469156742096,1.0,6.0,8673.0,0.554,425936236.0
3.856738328933716,0.2196767777204514,0.4743154942989349,11.0,7.0,8674.0,3.892,425936238.0
0.8086150288581848,0.04591649025678635,-0.0994453877210617,2.0,8.0,8675.0,0.8160000000000001,425936240.0
3.830049514770508,0.2168153524398804,0.607591450214386,33.0,9.0,8676.0,3.884,425936243.0
1.342713117599487,0.07600967586040497,-0.117660254240036,3.0,10.0,8676.0,1.35,425936245.0
3.859506845474243,0.2178071439266205,0.7514058351516724,16.0,11.0,8677.0,3.938,425936247.0
5.79487133026123,0.3260127604007721,-0.3041765689849854,3.0,12.0,8678.0,5.812,425936250.0
3.910821914672852,0.219333603978157,0.904303252696991,10.0,13.0,8679.0,4.02,425936252.0
4.168853759765625,0.2330750972032547,-0.07288125157356262,5.0,14.0,8680.0,4.176,425936254.0
3.849771022796631,0.2084961384534836,0.06729648262262344,3.0,1.0,8690.0,3.856,425936279.0
4.060545444488525,0.2184897512197495,0.213112011551857,9.0,3.0,8692.0,4.072,425936284.0
3.823876619338989,0.2050857692956924,0.3350266814231873,17.0,5.0,8693.0,3.844,425936289.0
0.5779601335525513,0.03089654073119164,-0.09167059510946274,1.0,6.0,8694.0,0.586,425936291.0
3.853553056716919,0.2053284049034119,0.4738280177116394,10.0,7.0,8695.0,3.888,425936293.0
0.77309650182724,0.04105749726295471,-0.09505809098482132,2.0,8.0,8696.0,0.78,425936296.0
3.832755565643311,0.2035494297742844,0.607904314994812,35.0,9.0,8696.0,3.886,425936298.0
1.325076222419739,0.070140041410923,-0.1160914525389671,3.0,10.0,8697.0,1.332,425936300.0
3.901450395584106,0.2058319747447968,0.7594197988510132,6.0,11.0,8698.0,3.98,425936303.0
5.496851921081543,0.289039820432663,-0.2884757816791534,4.0,12.0,8699.0,5.512,425936305.0
3.919383764266968,0.2054062038660049,0.9061028361320496,10.0,13.0,8700.0,4.028,425936307.0
4.137728214263916,0.2161250114440918,-0.0723227709531784,5.0,14.0,8701.0,4.144,425936309.0
5.531128883361816,0.2879382073879242,1.484068393707275,30.0,15.0,8702.0,5.734,425936312.0
3.848478078842163,0.1949554979801178,0.06726157665252686,3.0,1.0,8710.0,3.854,425936335.0
4.184920310974121,0.2112666368484497,0.2196016758680344,6.0,3.0,8711.0,4.196,425936339.0
3.808650255203247,0.1909386217594147,0.3336321711540222,22.0,5.0,8713.0,3.828,425936344.0
3.858211517333984,0.1920731514692307,0.4743154942989349,10.0,7.0,8715.0,3.892,425936349.0
0.7692698240280151,0.03816192597150803,-0.09457060694694519,2.0,8.0,8716.0,0.776,425936351.0
3.829530000686646,0.1893052458763123,0.60727858543396,7.0,9.0,8717.0,3.882,425936353.0
1.283523917198181,0.063448466360569,-0.1124309077858925,3.0,10.0,8717.0,1.29,425936356.0
3.882536172866821,0.1912462264299393,0.7556036114692688,7.0,11.0,8718.0,3.96,425936358.0
5.158701419830322,0.2532051205635071,-0.2706815600395203,3.0,12.0,8719.0,5.172,425936360.0
3.941487550735474,0.1927708983421326,0.9110517501831055,10.0,13.0,8720.0,4.05,425936362.0
3.992652654647827,0.1945747882127762,-0.06977472454309464,5.0,14.0,8721.0,3.998,425936365.0
24.28759956359863,1.17936372756958,6.515510559082031,15.0,15.0,8722.0,25.174,425936367.0
3.809154272079468,0.1803014576435089,0.06656347960233688,3.0,1.0,8729.0,3.814,425936390.0
4.235474109649658,0.1997398734092712,0.2222184687852859,8.0,3.0,8730.0,4.246,425936395.0
3.795331001281738,0.1776555180549622,0.3324120044708252,26.0,5.0,8732.0,3.814,425936399.0
0.6294610500335693,0.02935432083904743,-0.09980519115924835,1.0,6.0,8733.0,0.638,425936402.0
3.864776134490967,0.1795541793107986,0.475046694278717,8.0,7.0,8734.0,3.898,425936404.0
0.7614602446556091,0.03524360433220863,-0.09359565377235413,2.0,8.0,8735.0,0.768,425936406.0
3.861678123474121,0.1787348091602325,0.6122844815254211,3.0,9.0,8735.0,3.914,425936409.0
1.259843945503235,0.05809055641293526,-0.1103391721844673,3.0,10.0,8736.0,1.266,425936411.0
3.88707160949707,0.1785503923892975,0.7563668489456177,5.0,11.0,8737.0,3.964,425936413.0
5.019850730895996,0.2297060042619705,-0.2633545398712158,3.0,12.0,8738.0,5.032,425936415.0
3.944051742553711,0.1797881424427032,0.9115016460418701,10.0,13.0,8739.0,4.052,425936418.0
3.829469919204712,0.1738952100276947,-0.06691252440214157,4.0,14.0,8740.0,3.834,425936420.0
24.19295310974121,1.094364404678345,6.489110946655273,24.0,15.0,8741.0,25.072,425936422.0
3.809760570526123,0.1670039296150208,0.06656347960233688,1.0,1.0,8749.0,3.814,425936445.0
4.254103660583496,0.1857381761074066,0.223160520195961,8.0,3.0,8750.0,4.264,425936450.0
3.821804761886597,0.1655270159244537,0.334678053855896,30.0,5.0,8752.0,3.84,425936455.0
3.859429597854614,0.1658068895339966,0.4743154942989349,6.0,7.0,8754.0,3.892,425936459.0
0.7536455392837524,0.03224596753716469,-0.09262070059776306,2.0,8.0,8755.0,0.76,425936462.0
3.868199110031128,0.1655072718858719,0.6132230758666992,25.0,9.0,8755.0,3.92,425936464.0
1.252076745033264,0.05335323885083199,-0.1096419245004654,3.0,10.0,8756.0,1.258,425936466.0
3.893555641174316,0.1652306169271469,0.7575117349624634,5.0,11.0,8757.0,3.97,425936468.0
3.971913576126099,0.1671669632196426,0.9178003072738647,8.0,13.0,8759.0,4.08,425936473.0
3.782102823257446,0.1585170775651932,-0.06607481092214584,4.0,14.0,8760.0,3.786,425936475.0
24.15609169006348,1.008216857910156,6.478240489959717,24.0,15.0,8761.0,25.03,425936478.0
3.790339469909668,0.152898371219635,0.0662144273519516,1.0,1.0,8769.0,3.794,425936501.0
4.252730369567871,0.1708072870969772,0.2230558395385742,5.0,3.0,8770.0,4.262,425936505.0
3.828331708908081,0.1524232029914856,0.3352009952068329,26.0,5.0,8772.0,3.846,425936510.0
0.5585929155349731,0.02214246429502964,-0.0885419100522995,1.0,6.0,8773.0,0.5660000000000001,425936512.0
3.865935564041138,0.1525688022375107,0.475046694278717,5.0,7.0,8774.0,3.898,425936514.0
0.7418521642684937,0.02914744988083839,-0.09115827083587646,2.0,8.0,8775.0,0.748,425936517.0
3.89046573638916,0.1528568118810654,0.6166646480560303,22.0,9.0,8775.0,3.942,425936519.0
1.232346653938293,0.04820361733436584,-0.1078988090157509,3.0,10.0,8776.0,1.238,425936521.0
3.909802675247192,0.1522496938705444,0.7605646848678589,6.0,11.0,8777.0,3.986,425936524.0
3.628291845321655,0.1406533122062683,-0.1902935355901718,3.0,12.0,8778.0,3.636,425936526.0
4.10878324508667,0.1585617065429688,0.9492934346199036,3.0,13.0,8779.0,4.22,425936528.0
3.786629676818848,0.1454676389694214,-0.06614462286233902,4.0,14.0,8780.0,3.79,425936531.0
24.08594703674316,0.925288736820221,6.45857048034668,24.0,15.0,8780.0,24.954,425936533.0
3.790850162506104,0.1396666914224625,0.0662144273519516,1.0,1.0,8789.0,3.794,425936556.0
4.115582466125488,0.1509115546941757,0.2158334851264954,2.0,3.0,8790.0,4.124,425936561.0
3.836804628372192,0.1393481642007828,0.335898220539093,22.0,5.0,8792.0,3.854,425936565.0
0.6297339797019958,0.02276113070547581,-0.09980519115924835,1.0,6.0,8793.0,0.638,425936567.0
3.882314920425415,0.1396440863609314,0.4769966006278992,4.0,7.0,8794.0,3.914,425936570.0
0.745917022228241,0.0266997441649437,-0.091645747423172,2.0,8.0,8795.0,0.752,425936572.0
3.890975475311279,0.1392756253480911,0.6166646480560303,21.0,9.0,8795.0,3.942,425936574.0
1.196667075157166,0.04262500628829002,-0.1047612056136131,3.0,10.0,8796.0,1.202,425936577.0
3.927968502044678,0.1392269134521484,0.7639992237091064,5.0,11.0,8797.0,4.004,425936579.0
3.389238357543945,0.1195393428206444,-0.177732914686203,2.0,12.0,8798.0,3.396,425936581.0
4.004144668579102,0.1405275166034698,0.9249987602233887,3.0,13.0,8799.0,4.112,425936584.0
3.799105167388916,0.132667675614357,-0.06635405123233795,4.0,14.0,8800.0,3.802,425936586.0
23.99650382995605,0.8337830901145935,6.433723926544189,30.0,15.0,8801.0,24.858,425936588.0
3.791314601898193,0.1264332979917526,0.0662144273519516,1.0,1.0,8809.0,3.794,425936611.0
3.902517318725586,0.1287779659032822,0.2046335935592651,2.0,3.0,8811.0,3.91,425936616.0
3.841250419616699,0.1260850876569748,0.3362468481063843,24.0,5.0,8812.0,3.858,425936620.0
3.898651123046875,0.1266068816184998,0.4789465069770813,4.0,7.0,8814.0,3.93,425936625.0
0.7162448167800903,0.02313457615673542,-0.08798966556787491,2.0,8.0,8815.0,0.722,425936627.0
3.897361040115356,0.1258840411901474,0.6176032423973083,23.0,9.0,8815.0,3.948,425936630.0
1.137067794799805,0.03652841970324516,-0.0995318591594696,3.0,10.0,8816.0,1.142,425936632.0
3.975524663925171,0.1270195692777634,0.773158073425293,5.0,11.0,8817.0,4.052,425936634.0
3.227938652038574,0.1025699526071548,-0.16925448179245,3.0,12.0,8818.0,3.234,425936637.0
4.004610538482666,0.1265495866537094,0.9249987602233887,2.0,13.0,8819.0,4.112,425936639.0
3.779558181762695,0.1187773942947388,-0.06600499898195267,4.0,14.0,8820.0,3.782,425936641.0
23.92383193969727,0.7518366575241089,6.413536071777344,24.0,15.0,8820.0,24.78,425936644.0
3.791732788085938,0.1131983697414398,0.0662144273519516,1.0,1.0,8829.0,3.794,425936667.0
3.853033304214478,0.11368228495121,0.2020167857408524,2.0,3.0,8831.0,3.86,425936671.0
3.839675664901733,0.1126174479722977,0.3360725343227386,20.0,5.0,8832.0,3.856,425936676.0
3.910974979400635,0.1133423000574112,0.4804089665412903,4.0,7.0,8834.0,3.942,425936680.0
0.7202897071838379,0.02074859105050564,-0.08847714215517044,2.0,8.0,8835.0,0.726,425936683.0
3.905694484710693,0.1118247956037521,0.6188547611236572,22.0,9.0,8836.0,3.956,425936685.0
1.12922203540802,0.03233100473880768,-0.09883461147546768,3.0,10.0,8836.0,1.134,425936687.0
3.985756158828735,0.113420844078064,0.7750661373138428,6.0,11.0,8837.0,4.062,425936690.0
3.0825355052948,0.08717986941337585,-0.1616134345531464,2.0,12.0,8838.0,3.088,425936692.0
4.063467025756836,0.1142126768827438,0.9384958148002625,1.0,13.0,8839.0,4.172,425936694.0
3.775951862335205,0.1054718866944313,-0.06593519449234009,4.0,14.0,8840.0,3.778,425936697.0
23.82793998718262,0.6614126563072205,6.387136459350586,23.0,15.0,8841.0,24.678,425936699.0
3.784108877182007,0.09975128620862961,0.06607481092214584,1.0,1.0,8849.0,3.786,425936722.0
3.843423843383789,0.09997233003377914,0.201493427157402,3.0,3.0,8851.0,3.85,425936726.0
3.853987455368042,0.0995740070939064,0.3372927308082581,19.0,5.0,8852.0,3.87,425936731.0
3.923253297805786,0.09999322891235352,0.4818713963031769,4.0,7.0,8854.0,3.954,425936736.0
0.7342489361763,0.01858580857515335,-0.0901833176612854,2.0,8.0,8855.0,0.74,425936738.0
3.927766084671021,0.09942227602005005,0.6222962737083435,22.0,9.0,8855.0,3.978,425936740.0
1.117377519607544,0.02808867208659649,-0.0977887436747551,3.0,10.0,8856.0,1.122,425936743.0
4.011641979217529,0.1001441925764084,0.7800271511077881,6.0,11.0,8857.0,4.088,425936745.0
2.89513635635376,0.07176680862903595,-0.1517742723226547,3.0,12.0,8858.0,2.9,425936747.0
4.048255920410156,0.09964422136545181,0.9348965883255005,1.0,13.0,8859.0,4.156,425936750.0
3.798287153244019,0.09282813966274261,-0.06631914526224136,4.0,14.0,8860.0,3.8,425936752.0
23.76433944702148,0.5807878971099854,6.369536876678467,23.0,15.0,8860.0,24.61,425936754.0
3.798428297042847,0.08686169236898422,0.06631914526224136,1.0,1.0,8869.0,3.8,425936777.0
3.837759017944336,0.08642077445983887,0.2011794149875641,2.0,3.0,8871.0,3.844,425936782.0
3.868254661560059,0.08643201738595963,0.3385128974914551,17.0,5.0,8872.0,3.884,425936786.0
0.6299903392791748,0.01396645326167345,-0.09980519115924835,1.0,6.0,8873.0,0.638,425936789.0
3.915640115737915,0.08612331002950668,0.4808964431285858,4.0,7.0,8874.0,3.946,425936791.0
0.7104939222335815,0.01550303306430578,-0.08725845068693161,2.0,8.0,8875.0,0.716,425936793.0
3.94390344619751,0.0853676125407219,0.6247992515563965,21.0,9.0,8876.0,3.994,425936796.0
1.097549438476562,0.0237569659948349,-0.09604562819004059,2.0,10.0,8876.0,1.102,425936798.0
4.017855644226074,0.08626677095890045,0.7811720371246338,5.0,11.0,8877.0,4.094,425936800.0
2.723643779754639,0.05800335854291916,-0.1427724957466125,3.0,12.0,8878.0,2.728,425936802.0
4.079751968383789,0.0861709862947464,0.9420950412750244,1.0,13.0,8879.0,4.188,425936805.0
3.778595447540283,0.07915028929710388,-0.06597009301185608,4.0,14.0,8880.0,3.78,425936807.0
23.70836448669434,0.4924797415733337,6.354007720947266,23.0,15.0,8881.0,24.55,425936809.0
3.800707578659058,0.07364091277122498,0.06635405123233795,1.0,1.0,8889.0,3.802,425936832.0
3.834043502807617,0.07294798642396927,0.2009700685739517,2.0,3.0,8891.0,3.84,425936837.0
3.880485057830811,0.07315408438444138,0.3395587801933289,18.0,5.0,8892.0,3.896,425936842.0
3.939733982086182,0.07289532572031021,0.483821302652359,4.0,7.0,8894.0,3.97,425936846.0
0.7065742015838623,0.01295009814202785,-0.08677097409963608,1.0,8.0,8895.0,0.712,425936849.0
3.954040050506592,0.07246968150138855,0.6263635754585266,9.0,9.0,8895.0,4.004,425936851.0
1.093641638755798,0.01985333301126957,-0.09569700807332993,2.0,10.0,8896.0,1.098,425936853.0
4.039724826812744,0.07262951135635376,0.7853698134422302,6.0,11.0,8897.0,4.116,425936855.0
2.564074277877808,0.0456513911485672,-0.1343987286090851,3.0,12.0,8898.0,2.568,425936858.0
4.083924770355225,0.07199817150831223,0.9429948329925537,1.0,13.0,8899.0,4.192,425936860.0
3.780848026275635,0.06599494814872742,-0.06600499898195267,4.0,14.0,8900.0,3.782,425936862.0
23.63067436218262,0.4124749302864075,6.332784175872803,25.0,15.0,8900.0,24.468,425936865.0
3.842929840087891,0.06104044988751411,0.06708704680204391,3.0,1.0,8909.0,3.844,425936888.0
3.858238935470581,0.05993650853633881,0.2022261321544647,2.0,3.0,8911.0,3.864,425936892.0
3.886693239212036,0.05970001593232155,0.3400817215442657,18.0,5.0,8912.0,3.902,425936897.0
0.6300725340843201,0.009567986242473125,-0.09980519115924835,1.0,6.0,8913.0,0.638,425936899.0
3.947903871536255,0.05926182121038437,0.4847962558269501,4.0,7.0,8914.0,3.978,425936902.0
0.6827965974807739,0.01013023499399424,-0.08384610712528229,1.0,8.0,8915.0,0.6880000000000001,425936904.0
3.952303886413574,0.05794795230031013,0.6260507106781006,5.0,9.0,8916.0,4.002,425936906.0
1.085735559463501,0.01591885462403297,-0.094999760389328,2.0,10.0,8916.0,1.09,425936908.0
4.057621002197266,0.05878375470638275,0.7888044118881226,6.0,11.0,8917.0,4.134,425936911.0
2.470356464385986,0.03535741567611694,-0.1294791549444199,3.0,12.0,8918.0,2.474,425936913.0
4.088048458099365,0.05779727175831795,0.943894624710083,1.0,13.0,8919.0,4.196,425936915.0
3.761060476303101,0.05251772329211235,-0.06565595418214798,4.0,14.0,8920.0,3.762,425936918.0
23.55475997924805,0.3247959911823273,6.312078952789307,23.0,15.0,8921.0,24.388,425936920.0
3.835121393203735,0.04752663150429726,0.06694743037223816,3.0,1.0,8929.0,3.836,425936943.0
3.882390022277832,0.04675699770450592,0.2034821957349777,2.0,3.0,8931.0,3.888,425936948.0
3.890862464904785,0.04617985337972641,0.3404303193092346,21.0,5.0,8932.0,3.906,425936952.0
0.6301020979881287,0.007368564140051603,-0.09980519115924835,1.0,6.0,8933.0,0.638,425936955.0
3.975876092910767,0.04580083116889,0.4882085919380188,4.0,7.0,8934.0,4.006,425936957.0
0.6629781723022461,0.007521571591496468,-0.08140872418880463,1.0,8.0,8935.0,0.668,425936959.0
3.964325904846191,0.04497577995061874,0.6279279589653015,4.0,9.0,8935.0,4.014,425936961.0
1.057892799377441,0.01181726716458797,-0.09255939722061157,2.0,10.0,8936.0,1.062,425936964.0
4.085285186767578,0.0449218675494194,0.7941470146179199,6.0,11.0,8937.0,4.162,425936966.0
2.356627702713013,0.0255021620541811,-0.1235128566622734,3.0,12.0,8938.0,2.36,425936968.0
4.0882248878479,0.04352696612477303,0.943894624710083,1.0,13.0,8939.0,4.196,425936971.0
3.797213315963745,0.03976577892899513,-0.06628423929214478,4.0,14.0,8940.0,3.798,425936973.0
23.48423194885254,0.2459353059530258,6.29292631149292,8.0,15.0,8940.0,24.314,425936975.0
3.889253377914429,0.03461985662579536,0.06788986176252365,4.0,1.0,8949.0,3.89,425936998.0
3.912487506866455,0.03346085175871849,0.2050522714853287,2.0,3.0,8951.0,3.918,425937003.0
3.898969173431396,0.03266469389200211,0.3411275744438171,21.0,5.0,8952.0,3.914,425937008.0
0.5313584208488464,0.004358856473118067,-0.08416174352169037,1.0,6.0,8953.0,0.538,425937010.0
3.952191352844238,0.03173090890049934,0.4852837324142456,4.0,7.0,8954.0,3.982,425937012.0
0.6709405183792114,0.005269662942737341,-0.08238367736339569,1.0,8.0,8955.0,0.676,425937014.0
4.000020027160645,0.03071855008602142,0.6335595846176147,5.0,9.0,8956.0,4.05,425937017.0
1.047965884208679,0.008047958835959435,-0.09168784320354462,2.0,10.0,8956.0,1.052,425937019.0
4.089343547821045,0.0306907556951046,0.7949102520942688,5.0,11.0,8957.0,4.166,425937021.0
2.30477499961853,0.01689518615603447,-0.1207913905382156,3.0,12.0,8958.0,2.308,425937024.0
4.096147060394287,0.02931191213428974,0.9456942081451416,1.0,13.0,8959.0,4.204,425937026.0
3.801328182220459,0.02653870917856693,-0.06635405123233795,4.0,14.0,8960.0,3.802,425937028.0
23.3961124420166,0.1592547446489334,6.269114971160889,5.0,15.0,8961.0,24.222,425937031.0
3.893342256546021,0.02242428995668888,0.06795967370271683,4.0,1.0,8967.0,3.894,425937054.0
3.938537120819092,0.021309744566679,0.2064130157232285,2.0,3.0,8969.0,3.944,425937058.0
3.928938150405884,0.02057205885648727,0.3437422513961792,22.0,5.0,8970.0,3.944,425937063.0
0.6301370859146118,0.003189437557011843,-0.09980519115924835,1.0,6.0,8971.0,0.638,425937065.0
3.940361261367798,0.01925639063119888,0.483821302652359,4.0,7.0,8972.0,3.97,425937067.0
0.6709537506103516,0.00316181848756969,-0.08238367736339569,1.0,8.0,8973.0,0.676,425937070.0
4.015896320343018,0.01892460510134697,0.6360625624656677,5.0,9.0,8973.0,4.066,425937072.0
1.034039497375488,0.004692354239523411,-0.0904676616191864,2.0,10.0,8974.0,1.038,425937074.0
4.101199150085449,0.01789497211575508,0.7971999645233154,5.0,11.0,8975.0,4.178,425937077.0
2.208949089050293,0.009252878837287426,-0.1157671362161636,3.0,12.0,8976.0,2.212,425937079.0
4.111808776855469,0.01650594547390938,0.9492934346199036,1.0,13.0,8977.0,4.22,425937081.0
3.829388380050659,0.01470386795699596,-0.06684271991252899,4.0,14.0,8978.0,3.83,425937084.0
20.44077110290527,0.07848731428384781,5.477128505706787,4.0,15.0,8978.0,21.162,425937086.0
3.889397621154785,0.008824777789413929,0.06788986176252365,4.0,1.0,8987.0,3.89,425937109.0
3.920612335205078,0.007527044508606195,0.2054709643125534,2.0,3.0,8989.0,3.926,425937114.0
3.946917295455933,0.0068886773660779,0.3453110456466675,20.0,5.0,8990.0,3.962,425937118.0
0.5037204027175903,0.0007912428700365126,-0.07978157699108124,1.0,6.0,8991.0,0.51,425937120.0
3.972165822982788,0.005546193569898605,0.4877211153507233,4.0,7.0,8992.0,4.002,425937123.0
0.6828712224960327,0.0008342850487679243,-0.08384610712528229,1.0,8.0,8993.0,0.6880000000000001,425937125.0
4.041617870330811,0.004937769845128059,0.640129804611206,5.0,9.0,8993.0,4.092000000000001,425937127.0
0.9981865286827087,0.001045298879034817,-0.08733005076646805,2.0,10.0,8994.0,1.002,425937130.0
4.132648944854736,0.003606417449191213,0.8033058643341064,5.0,11.0,8995.0,4.21,425937132.0
2.133072137832642,0.001489165588282049,-0.1117895990610123,3.0,12.0,8996.0,2.136,425937134.0
4.135225772857666,0.002165199490264058,0.9546923041343689,1.0,13.0,8997.0,4.244,425937137.0
3.821417570114136,0.001333926455117762,-0.06670309603214264,4.0,14.0,8998.0,3.822,425937139.0
20.1878490447998,0.007046888582408428,5.409317970275879,18.0,15.0,8998.0,20.9,425937141.0
3.887404918670654,-0.004749363288283348,0.06785495579242706,3.0,1.0,9007.0,3.888,425937164.0
3.954568147659302,-0.006211826112121344,0.2072503864765167,2.0,3.0,9009.0,3.96,425937169.0
3.94492506980896,-0.006885199807584286,0.3451367318630219,22.0,5.0,9010.0,3.96,425937173.0
0.6301440000534058,-0.001209791167639196,-0.09980519115924835,1.0,6.0,9011.0,0.638,425937176.0
4.005907535552979,-0.008389965631067753,0.4918646812438965,4.0,7.0,9012.0,4.036,425937178.0
0.6669893264770508,-0.001513353316113353,-0.08189620077610016,1.0,8.0,9013.0,0.672,425937180.0
4.035682678222656,-0.0098610520362854,0.639191210269928,5.0,9.0,9014.0,4.086,425937183.0
0.9802526831626892,-0.002395213814452291,-0.08576124906539917,1.0,10.0,9014.0,0.984,425937185.0
4.148342132568359,-0.01086035929620266,0.806358814239502,5.0,11.0,9015.0,4.226,425937187.0
2.053174257278442,-0.005733559373766184,-0.1076027229428291,3.0,12.0,9016.0,2.056,425937190.0
4.150798320770264,-0.01231570262461901,0.9582914710044861,1.0,13.0,9017.0,4.26,425937192.0
3.841395854949951,-0.01206814125180244,-0.06705214828252792,4.0,14.0,9018.0,3.842,425937194.0
20.13558959960938,-0.06325802952051163,5.395341873168945,4.0,15.0,9018.0,20.846,425937196.0
3.913360357284546,-0.01844141259789467,0.06830871850252151,4.0,1.0,9027.0,3.914,425937220.0
3.980486392974854,-0.02014722302556038,0.2086111158132553,2.0,3.0,9029.0,3.986,425937224.0
3.942884683609009,-0.02064508385956287,0.3449624180793762,20.0,5.0,9030.0,3.958,425937229.0
0.5260412693023682,-0.002937999088317156,0.06459075212478638,4.0,7.0,9032.0,0.53,425937233.0
0.6550695896148682,-0.00377297168597579,-0.08043376356363297,1.0,8.0,9033.0,0.66,425937236.0
4.073154926300049,-0.02417087182402611,0.645135760307312,5.0,9.0,9034.0,4.124,425937238.0
0.9583224058151245,-0.005686866585165262,-0.08384382724761963,2.0,10.0,9034.0,0.962,425937240.0
4.158095359802246,-0.0254006739705801,0.8082668781280518,5.0,11.0,9035.0,4.236,425937243.0
2.017191886901855,-0.01267455704510212,-0.1057186350226402,3.0,12.0,9036.0,2.02,425937245.0
4.146832466125488,-0.02677944861352444,0.9573916792869568,1.0,13.0,9037.0,4.256,425937247.0
3.833331823348999,-0.02542399242520332,-0.06691252440214157,4.0,14.0,9038.0,3.834,425937249.0
20.5312442779541,-0.1397539079189301,5.501457691192627,10.0,15.0,9039.0,21.256,425937252.0
3.997256517410278,-0.0327904224395752,0.06977472454309464,4.0,1.0,9047.0,3.998,425937275.0
3.99037766456604,-0.03412699326872826,0.2091344743967056,2.0,3.0,9049.0,3.996,425937279.0
3.956734657287598,-0.0345299020409584,0.3461826145648956,22.0,5.0,9050.0,3.972,425937284.0
0.5299978256225586,-0.004810239654034376,0.06507822871208191,4.0,7.0,9052.0,0.534,425937289.0
0.6510823965072632,-0.006022843532264233,-0.07994628697633743,1.0,8.0,9053.0,0.656,425937291.0
4.090823650360107,-0.03855624422430992,0.6479515433311462,5.0,9.0,9054.0,4.142,425937293.0
0.9264199137687683,-0.008731560781598091,-0.08105484396219254,2.0,10.0,9054.0,0.93,425937296.0
4.169760227203369,-0.04002805426716805,0.8105565905570984,4.0,11.0,9055.0,4.248,425937298.0
1.969203352928162,-0.01924729906022549,-0.1032065078616142,2.0,12.0,9056.0,1.972,425937300.0
4.205173015594482,-0.04183602705597878,0.9708887338638306,1.0,13.0,9057.0,4.316,425937302.0
3.87721061706543,-0.03924999386072159,-0.06768043339252472,4.0,14.0,9058.0,3.878,425937305.0
20.49975967407227,-0.207524299621582,5.493175506591797,6.0,15.0,9058.0,21.224,425937307.0
3.997117757797241,-0.0467432513833046,0.06977472454309464,4.0,1.0,9067.0,3.998,425937330.0
4.078107357025146,-0.04911408945918083,0.2137400507926941,2.0,3.0,9069.0,4.084000000000001,425937335.0
3.972527980804443,-0.04853599891066551,0.3475770950317383,23.0,5.0,9070.0,3.988,425937339.0
0.5021886825561523,-0.006311021279543638,0.06166588887572289,4.0,7.0,9072.0,0.506,425937344.0
0.6312081217765808,-0.008042597211897373,-0.07750890403985977,1.0,8.0,9073.0,0.636,425937346.0
4.112391471862793,-0.05311628058552742,0.6513931155204773,5.0,9.0,9074.0,4.164,425937349.0
0.946306049823761,-0.01222263462841511,-0.08279795199632645,2.0,10.0,9074.0,0.9500000000000001,425937351.0
4.187263011932373,-0.05481427162885666,0.8139911890029907,2.0,11.0,9075.0,4.266,425937353.0
1.87725841999054,-0.02490235865116119,-0.09839159995317459,2.0,12.0,9076.0,1.88,425937355.0
4.201104164123535,-0.05646218731999397,0.9699889421463013,1.0,13.0,9077.0,4.312,425937358.0
3.913041353225708,-0.05327374488115311,-0.06830871850252151,5.0,14.0,9078.0,3.914,425937360.0
20.26710891723633,-0.2759247124195099,5.431058883666992,10.0,15.0,9078.0,20.984,425937362.0
3.994930744171143,-0.06066514924168587,0.06973981857299805,4.0,1.0,9087.0,3.996,425937385.0
4.155806064605713,-0.06383361667394638,0.217822253704071,5.0,3.0,9088.0,4.162,425937390.0
3.994247913360596,-0.06274665892124176,0.3494945168495178,22.0,5.0,9090.0,4.01,425937395.0
0.5319361686706543,-0.008542048744857311,0.06532196700572968,3.0,7.0,9092.0,0.536,425937399.0
0.6152975559234619,-0.009988117963075638,-0.07555899024009705,1.0,8.0,9093.0,0.62,425937401.0
4.112192630767822,-0.06675317138433456,0.6513931155204773,5.0,9.0,9093.0,4.164,425937404.0
0.9064151644706726,-0.01487206760793924,-0.07931172847747803,1.0,10.0,9094.0,0.91,425937406.0
4.194898128509521,-0.06956041604280472,0.8155176639556885,1.0,11.0,9095.0,4.274,425937408.0
1.833226442337036,-0.03071887977421284,-0.09608881920576096,2.0,12.0,9096.0,1.836,425937411.0
4.212572574615479,-0.07132437825202942,0.9726883769035339,1.0,13.0,9097.0,4.324,425937413.0
3.912831544876099,-0.06693248450756073,-0.06830871850252151,5.0,14.0,9098.0,3.914,425937415.0
20.14626502990723,-0.3446198999881744,5.398965358734131,12.0,15.0,9098.0,20.86,425937418.0
4.000692844390869,-0.07472171634435654,0.06984452903270721,3.0,1.0,9107.0,4.002,425937441.0
4.185497283935547,-0.0796348825097084,0.219392329454422,9.0,3.0,9109.0,4.192,425937445.0
4.003964900970459,-0.07688005268573761,0.350366085767746,20.0,5.0,9110.0,4.02,425937450.0
0.5160253643989563,-0.01008838787674904,0.06337206065654755,3.0,7.0,9112.0,0.52,425937454.0
0.6390753984451294,-0.01260562054812908,-0.07848385721445084,1.0,8.0,9113.0,0.644,425937457.0
4.113895416259766,-0.08186396211385727,0.6517059803009033,4.0,9.0,9114.0,4.166,425937459.0
0.9222937226295471,-0.01835307292640209,-0.08070621639490128,1.0,10.0,9114.0,0.926,425937461.0
4.214258193969727,-0.08459693938493729,0.8193338513374329,1.0,11.0,9115.0,4.294,425937464.0
1.801158428192139,-0.03647091239690781,-0.09441406279802322,2.0,12.0,9116.0,1.804,425937466.0
4.270747661590576,-0.08722230046987534,0.9861854314804077,1.0,13.0,9117.0,4.384,425937468.0
3.940563678741455,-0.08116693794727325,-0.06879738718271255,5.0,14.0,9118.0,3.942,425937471.0
20.1525936126709,-0.4186178147792816,5.401035785675049,6.0,15.0,9119.0,20.868,425937473.0
4.032394886016846,-0.0893954187631607,0.07040300965309143,1.0,1.0,9127.0,4.034,425937496.0
4.153262138366699,-0.09280020743608475,0.2177175730466843,9.0,3.0,9128.0,4.16,425937501.0
4.015623092651367,-0.09112723916769028,0.3514119684696198,21.0,5.0,9130.0,4.032,425937505.0
0.5278944373130798,-0.01216396689414978,0.06483449041843414,3.0,7.0,9132.0,0.532,425937510.0
0.5834599137306213,-0.01354621723294258,-0.07165917754173279,1.0,8.0,9133.0,0.588,425937512.0
4.151106357574463,-0.09710133820772171,0.6576504707336426,5.0,9.0,9134.0,4.204,425937514.0
0.8784034252166748,-0.02054733037948608,-0.0768713653087616,1.0,10.0,9134.0,0.882,425937517.0
4.22571325302124,-0.09958445280790329,0.8216235637664795,1.0,11.0,9135.0,4.306,425937519.0
1.75309944152832,-0.04162022471427917,-0.09190193563699722,2.0,12.0,9136.0,1.756,425937521.0
4.250935554504395,-0.1016635373234749,0.9816864132881165,1.0,13.0,9137.0,4.364,425937524.0
3.97224235534668,-0.09569212049245834,-0.06935586035251617,5.0,14.0,9138.0,3.974,425937526.0
20.19937515258789,-0.4866070449352264,5.413976669311523,8.0,15.0,9138.0,20.918,425937528.0
4.020063877105713,-0.1031627655029297,0.0701935812830925,1.0,1.0,9147.0,4.022,425937551.0
4.138936996459961,-0.1069361343979836,0.2169848680496216,9.0,3.0,9148.0,4.146,425937556.0
4.031214237213135,-0.1055610626935959,0.3528064489364624,17.0,5.0,9150.0,4.048,425937560.0
0.5179267525672913,-0.01374330651015043,0.06361579895019531,3.0,7.0,9152.0,0.522,425937565.0
0.6072216629981995,-0.01621882244944572,-0.07458403706550598,1.0,8.0,9153.0,0.612,425937567.0
4.196159362792969,-0.1128118336200714,0.6648464798927307,5.0,9.0,9154.0,4.25,425937570.0
0.8823096752166748,-0.02372049540281296,-0.07721998542547226,1.0,10.0,9154.0,0.886,425937572.0
4.211602210998535,-0.1139626055955887,0.818952202796936,1.0,11.0,9155.0,4.292,425937574.0
1.709020137786865,-0.04654322564601898,-0.08959915488958359,2.0,12.0,9156.0,1.712,425937577.0
4.301202774047852,-0.1178896501660347,0.9933838844299316,1.0,13.0,9157.0,4.416,425937579.0
3.987875461578369,-0.109998345375061,-0.06963510066270828,5.0,14.0,9158.0,3.99,425937581.0
20.39066696166992,-0.5624396800994873,5.46574068069458,2.0,15.0,9158.0,21.118,425937583.0
4.043665409088135,-0.1178940981626511,0.07061243802309036,1.0,1.0,9167.0,4.046,425937606.0
4.116556644439697,-0.1214574500918388,0.2158334851264954,9.0,3.0,9169.0,4.124,425937611.0
4.060693740844727,-0.1205185800790787,0.3554211258888245,5.0,5.0,9170.0,4.078,425937616.0
0.51192307472229,-0.01537237595766783,0.06288458406925201,3.0,7.0,9172.0,0.516,425937620.0
0.6587502360343933,-0.0198964811861515,-0.0809212476015091,1.0,8.0,9173.0,0.664,425937623.0
4.217481136322021,-0.1273821741342545,0.6682880520820618,5.0,9.0,9173.0,4.272,425937625.0
0.8443835973739624,-0.02565074153244495,-0.07390806823968887,1.0,10.0,9174.0,0.848,425937627.0
4.252388000488281,-0.1299221962690353,0.8269661664962769,1.0,11.0,9175.0,4.334000000000001,425937630.0
1.664928197860718,-0.05115901678800583,-0.08729637414216995,2.0,12.0,9176.0,1.668,425937632.0
4.289078235626221,-0.1325417757034302,0.990684449672699,1.0,13.0,9177.0,4.404,425937634.0
3.999459743499756,-0.1242906451225281,-0.06984452903270721,5.0,14.0,9178.0,4.002,425937636.0
5.860308647155762,-0.1831437945365906,1.57103157043457,1.0,15.0,9179.0,6.07,425937639.0
4.079204559326172,-0.1331829726696014,0.07124072313308716,1.0,1.0,9187.0,4.082,425937662.0
4.122119903564453,-0.1353043466806412,0.2161474972963333,9.0,3.0,9188.0,4.13,425937666.0
4.074187755584717,-0.1351547241210938,0.3566412925720215,4.0,5.0,9190.0,4.092000000000001,425937671.0
0.5098823308944702,-0.01709271781146526,0.06264084577560425,3.0,7.0,9192.0,0.514,425937676.0
0.5832860469818115,-0.01965534128248692,-0.07165917754173279,1.0,8.0,9193.0,0.588,425937678.0
4.23080587387085,-0.1433072686195374,0.670478105545044,5.0,9.0,9194.0,4.286,425937680.0
0.8582276105880737,-0.0290701724588871,-0.07512824982404709,1.0,10.0,9194.0,0.862,425937683.0
4.304885864257812,-0.1465687304735184,0.8372698426246643,1.0,11.0,9195.0,4.388,425937685.0
1.640786409378052,-0.05615067109465599,-0.08604031056165695,2.0,12.0,9196.0,1.644,425937687.0
4.319750785827637,-0.1485844999551773,0.9978829026222229,1.0,13.0,9197.0,4.436,425937689.0
5.88280200958252,-0.2044039815664291,1.577243208885193,2.0,15.0,9199.0,6.094,425937694.0
4.190624713897705,-0.151466116309166,0.07319539040327072,1.0,1.0,9207.0,4.194,425937717.0
4.137589931488037,-0.150272324681282,0.2169848680496216,9.0,3.0,9208.0,4.146,425937722.0
4.087628364562988,-0.1498865187168121,0.3578614890575409,5.0,5.0,9210.0,4.106,425937726.0
0.509819507598877,-0.01887243613600731,0.06264084577560425,3.0,7.0,9212.0,0.514,425937731.0
0.6228883266448975,-0.02316686511039734,-0.07653395086526871,1.0,8.0,9213.0,0.628,425937733.0
4.25004768371582,-0.1580705195665359,0.673606812953949,5.0,9.0,9213.0,4.306,425937736.0
0.8501569032669067,-0.03176817297935486,-0.07443100214004517,1.0,10.0,9214.0,0.854,425937738.0
4.323966503143311,-0.162331223487854,0.8410860300064087,1.0,11.0,9215.0,4.408,425937740.0
1.600663661956787,-0.06037219986319542,-0.08394687622785568,2.0,12.0,9216.0,1.604,425937742.0
4.334784507751465,-0.1642526388168335,1.001482129096985,1.0,13.0,9217.0,4.452,425937745.0
5.655042171478271,-0.2152679413557053,-0.09878061711788177,5.0,14.0,9218.0,5.66,425937747.0
5.851165771484375,-0.2237563878297806,1.568961024284363,2.0,15.0,9219.0,6.062,425937749.0
4.182077884674072,-0.1657763868570328,0.07305577397346497,1.0,1.0,9227.0,4.186,425937772.0
4.139036178588867,-0.1647937595844269,0.2170895487070084,5.0,3.0,9228.0,4.148,425937777.0
4.091061592102051,-0.164314016699791,0.3582101166248322,5.0,5.0,9230.0,4.11,425937782.0
0.5077670812606812,-0.02057156525552273,0.06239710375666618,3.0,7.0,9232.0,0.512,425937786.0
0.6228036284446716,-0.02534101158380508,-0.07653395086526871,1.0,8.0,9233.0,0.628,425937789.0
4.261312484741211,-0.1733868420124054,0.6754840016365051,5.0,9.0,9233.0,4.318000000000001,425937791.0
0.8241614103317261,-0.03367805853486061,-0.07216495275497437,2.0,10.0,9234.0,0.8280000000000001,425937793.0
4.354759216308594,-0.1787117123603821,0.8471919298171997,1.0,11.0,9235.0,4.44,425937795.0
1.572505235671997,-0.06480778753757477,-0.08248146623373032,2.0,12.0,9236.0,1.576,425937798.0
4.361443996429443,-0.1805110573768616,1.00778067111969,1.0,13.0,9237.0,4.48,425937800.0
5.658252239227295,-0.2351724952459335,-0.09885042905807495,5.0,14.0,9238.0,5.664,425937802.0
5.846488475799561,-0.2440182864665985,1.567925810813904,1.0,15.0,9239.0,6.058,425937805.0
4.151537418365479,-0.1783562898635864,0.07253219932317734,1.0,1.0,9246.0,4.156,425937828.0
4.120508193969727,-0.1777437180280685,0.2161474972963333,5.0,3.0,9247.0,4.13,425937832.0
4.118361473083496,-0.1790913939476013,0.3606504499912262,5.0,5.0,9249.0,4.138,425937837.0
4.172626972198486,-0.1829104870557785,0.5128262042999268,5.0,7.0,9251.0,4.208,425937841.0
0.5830527544021606,-0.02566054649651051,-0.07165917754173279,1.0,8.0,9252.0,0.588,425937844.0
4.286368846893311,-0.1886460036039352,0.6795513033866882,5.0,9.0,9252.0,4.344,425937846.0
0.8220547437667847,-0.0363229438662529,-0.07199064642190933,2.0,10.0,9253.0,0.8260000000000001,425937848.0
4.338451862335205,-0.1924555897712708,0.8441389799118042,1.0,11.0,9254.0,4.424,425937851.0
1.490475177764893,-0.06637876480817795,-0.078189916908741,2.0,12.0,9255.0,1.494,425937853.0
4.39586353302002,-0.1965398788452148,1.015878915786743,1.0,13.0,9256.0,4.516,425937855.0
5.645455360412598,-0.2533966302871704,-0.09864100068807602,5.0,14.0,9257.0,5.652,425937858.0
5.82060432434082,-0.2612582147121429,1.561196446418762,5.0,15.0,9257.0,6.032,425937860.0
4.118928909301758,-0.1913619041442871,0.07197372615337372,3.0,1.0,9266.0,4.124,425937883.0
4.07796573638916,-0.1901720613241196,0.2139493823051453,5.0,3.0,9267.0,4.088,425937888.0
4.139603614807129,-0.1944946497678757,0.3625679016113281,6.0,5.0,9269.0,4.16,425937892.0
0.4996837973594666,-0.02365189604461193,0.06142215058207512,3.0,7.0,9271.0,0.504,425937897.0
0.5829595923423767,-0.02769562415778637,-0.07165917754173279,1.0,8.0,9272.0,0.588,425937899.0
4.303442478179932,-0.2044507563114166,0.6823671460151672,4.0,9.0,9272.0,4.362,425937901.0
0.7940611243247986,-0.03786367923021317,-0.0695502832531929,2.0,10.0,9273.0,0.798,425937904.0
4.355402946472168,-0.2084430903196335,0.8475735783576965,1.0,11.0,9274.0,4.442,425937906.0
1.470284819602966,-0.07062283903360367,-0.07714319974184036,2.0,12.0,9275.0,1.474,425937908.0
4.406829833984375,-0.2124461382627487,1.018578410148621,1.0,13.0,9276.0,4.528,425937911.0
5.650528430938721,-0.2733913362026215,-0.09874571859836578,5.0,14.0,9277.0,5.658,425937913.0
5.806100368499756,-0.2819341719150543,1.557572960853577,1.0,15.0,9278.0,6.018,425937915.0
4.102258205413818,-0.2049402743577957,0.07169448584318161,7.0,1.0,9286.0,4.108,425937938.0
4.099183559417725,-0.2062211483716965,0.2151007801294327,11.0,3.0,9288.0,4.11,425937943.0
4.154818058013916,-0.2097470015287399,0.3639623820781708,5.0,5.0,9289.0,4.176,425937947.0
0.4976156651973724,-0.02529519610106945,0.06117840856313705,3.0,7.0,9291.0,0.502,425937952.0
0.5828593969345093,-0.02973036468029022,-0.07165917754173279,1.0,8.0,9292.0,0.588,425937954.0
4.326376438140869,-0.2206788808107376,0.6861215829849243,4.0,9.0,9292.0,4.386,425937957.0
0.8018832802772522,-0.04104260727763176,-0.07024753093719482,2.0,10.0,9293.0,0.806,425937959.0
4.374255657196045,-0.2246519774198532,0.8513897657394409,1.0,11.0,9294.0,4.462,425937961.0
1.43213164806366,-0.07380169630050659,-0.07515443116426468,2.0,12.0,9295.0,1.436,425937964.0
4.417738437652588,-0.2284313291311264,1.021277785301208,1.0,13.0,9296.0,4.54,425937966.0
5.639554500579834,-0.2925956249237061,-0.09857118874788284,5.0,14.0,9297.0,5.648,425937968.0
5.812850475311279,-0.3015867173671722,1.559643507003784,7.0,15.0,9297.0,6.026,425937971.0
4.089536666870117,-0.2186180949211121,0.07148505747318268,7.0,1.0,9306.0,4.096,425937994.0
4.108410358428955,-0.2210652679204941,0.215624138712883,16.0,3.0,9308.0,4.12,425937998.0
4.154060840606689,-0.2242487370967865,0.3639623820781708,5.0,5.0,9309.0,4.176,425938003.0
4.331456184387207,-0.2368579357862473,0.6870601773262024,5.0,9.0,9313.0,4.392,425938012.0
0.7798515558242798,-0.04264478757977486,-0.06833010166883469,1.0,10.0,9313.0,0.784,425938014.0
4.404809474945068,-0.2416402250528336,0.8574956059455872,1.0,11.0,9314.0,4.494,425938017.0
1.419899821281433,-0.07814181596040726,-0.07452639937400818,2.0,12.0,9315.0,1.424,425938019.0
4.432480335235596,-0.2447101026773453,1.024876952171326,1.0,13.0,9316.0,4.556,425938021.0
5.654471874237061,-0.3131642043590546,-0.09885042905807495,5.0,14.0,9317.0,5.664,425938024.0
5.82520866394043,-0.3236400187015533,1.56326699256897,2.0,15.0,9318.0,6.04,425938026.0
4.070780754089355,-0.2318684607744217,0.07117091119289398,4.0,1.0,9326.0,4.078,425938049.0
4.129547595977783,-0.236661970615387,0.2167755365371704,22.0,3.0,9328.0,4.142,425938053.0
4.185078144073486,-0.2405772358179092,0.3667513728141785,5.0,5.0,9329.0,4.208,425938058.0
0.4974269568920135,-0.02876856364309788,0.06117840856313705,3.0,7.0,9331.0,0.502,425938063.0
0.5826376080513,-0.03379873186349869,-0.07165917754173279,1.0,8.0,9332.0,0.588,425938065.0
4.344450950622559,-0.2520210444927216,0.6892502307891846,4.0,9.0,9332.0,4.406,425938067.0
0.7538406252861023,-0.04386220872402191,-0.06606405228376389,1.0,10.0,9333.0,0.758,425938070.0
4.423538208007812,-0.2581582367420197,0.8613117933273315,1.0,11.0,9334.0,4.514,425938072.0
1.411643028259277,-0.08263088017702103,-0.07410771399736404,2.0,12.0,9335.0,1.416,425938074.0
4.439380645751953,-0.2606377303600311,1.026676654815674,1.0,13.0,9336.0,4.564,425938077.0
5.643362998962402,-0.3323123455047607,-0.09867590665817261,5.0,14.0,9337.0,5.654,425938079.0
5.802889347076416,-0.3417061567306519,1.557572960853577,2.0,15.0,9337.0,6.018,425938081.0
4.081923007965088,-0.2468008399009705,0.07138033956289291,11.0,1.0,9346.0,4.09,425938104.0
4.152619361877441,-0.2525301575660706,0.2180316001176834,22.0,3.0,9348.0,4.166,425938109.0
4.19216775894165,-0.2556695640087128,0.3674485981464386,5.0,5.0,9349.0,4.216,425938113.0
0.4973235130310059,-0.0305047333240509,0.06117840856313705,3.0,7.0,9351.0,0.502,425938118.0
0.582516074180603,-0.03583231195807457,-0.07165917754173279,1.0,8.0,9352.0,0.588,425938120.0
4.369129180908203,-0.2695237100124359,0.6933175325393677,4.0,9.0,9353.0,4.432,425938123.0
0.721865177154541,-0.04453055933117867,-0.06327506899833679,1.0,10.0,9353.0,0.726,425938125.0
4.444164752960205,-0.2749311327934265,0.8655096292495728,3.0,11.0,9354.0,4.536,425938127.0
1.335595846176147,-0.08285848796367645,-0.07013018429279327,2.0,12.0,9355.0,1.34,425938129.0
4.477343082427979,-0.2785525619983673,1.035674691200256,1.0,13.0,9356.0,4.604,425938132.0
5.632189750671387,-0.3513867557048798,-0.09850138425827026,5.0,14.0,9357.0,5.644,425938134.0
5.859440803527832,-0.3665913641452789,1.573102116584778,3.0,15.0,9358.0,6.078,425938136.0
4.104983806610107,-0.2625797390937805,0.07179920375347137,19.0,1.0,9366.0,4.114,425938159.0
4.163671493530273,-0.2677931189537048,0.2186596244573593,22.0,3.0,9368.0,4.178,425938164.0
4.22504997253418,-0.2724812626838684,0.3704119026660919,5.0,5.0,9369.0,4.25,425938169.0
0.5823874473571777,-0.03786545619368553,-0.07165917754173279,1.0,8.0,9372.0,0.588,425938176.0
4.403693675994873,-0.2863177359104156,0.6989492177963257,4.0,9.0,9372.0,4.468,425938178.0
0.733634352684021,-0.04782775416970253,-0.06432093679904938,1.0,10.0,9373.0,0.738,425938180.0
1.303410768508911,-0.08543005585670471,-0.06845542788505554,2.0,12.0,9375.0,1.308,425938185.0
4.519123554229736,-0.2969911396503448,1.045572519302368,1.0,13.0,9376.0,4.648,425938187.0
5.571067810058594,-0.3671001493930817,-0.09745423495769501,2.0,14.0,9377.0,5.584000000000001,425938189.0
5.900601387023926,-0.3888144493103027,1.584490180015564,4.0,15.0,9377.0,6.122,425938192.0
4.125988960266113,-0.2783879935741425,0.07218315452337265,21.0,1.0,9386.0,4.136,425938215.0
4.174667358398438,-0.2831362783908844,0.2192876636981964,22.0,3.0,9388.0,4.19,425938219.0
4.237987995147705,-0.2881739437580109,0.3716320991516113,4.0,5.0,9389.0,4.264,425938224.0
4.299604415893555,-0.2938715219497681,0.5291566848754883,3.0,7.0,9391.0,4.342000000000001,425938229.0
0.5822517275810242,-0.03989813476800919,-0.07165917754173279,1.0,8.0,9392.0,0.588,425938231.0
4.398673057556152,-0.3021853566169739,0.6983234286308289,4.0,9.0,9393.0,4.464,425938233.0
0.7493645548820496,-0.05148075148463249,-0.06571543216705322,1.0,10.0,9393.0,0.754,425938235.0
4.45780611038208,-0.3070294857025146,0.8685625195503235,12.0,11.0,9394.0,4.552,425938238.0
1.27122437953949,-0.08777795732021332,-0.06678067892789841,1.0,12.0,9395.0,1.276,425938240.0
4.502506732940674,-0.3116873800754547,1.041973233222961,1.0,13.0,9396.0,4.632,425938242.0
4.530411243438721,-0.3144135773181915,-0.07926882803440094,4.0,14.0,9397.0,4.542,425938245.0
5.889500617980957,-0.4097681939601898,1.581902027130127,3.0,15.0,9398.0,6.112,425938247.0
4.148928165435791,-0.2944876551628113,0.07260201126337051,17.0,1.0,9406.0,4.16,425938270.0
4.195567607879639,-0.2992700040340424,0.2204390466213226,19.0,3.0,9408.0,4.212,425938275.0
4.260804176330566,-0.3046707510948181,0.3737238347530365,4.0,5.0,9409.0,4.288,425938279.0
4.3302321434021,-0.3111545443534851,0.5330564975738525,3.0,7.0,9411.0,4.374,425938284.0
0.5821089148521423,-0.04193032905459404,-0.07165917754173279,1.0,8.0,9412.0,0.588,425938286.0
4.427200794219971,-0.3188990652561188,0.703016459941864,2.0,9.0,9412.0,4.494,425938288.0
0.7432186007499695,-0.05366573482751846,-0.06519249826669693,1.0,10.0,9413.0,0.748,425938291.0
4.495870113372803,-0.3254229724407196,0.8761948943138123,11.0,11.0,9414.0,4.592000000000001,425938293.0
1.256966114044189,-0.09120306372642517,-0.06604797393083572,1.0,12.0,9415.0,1.262,425938295.0
4.571361064910889,-0.3324913084506989,1.058169722557068,1.0,13.0,9416.0,4.704,425938298.0
20.74132919311523,-1.512229681015015,5.572373867034912,4.0,15.0,9417.0,21.53,425938302.0
4.159840106964111,-0.309859573841095,0.07281143963336945,14.0,1.0,9426.0,4.172,425938325.0
4.216405868530273,-0.3155530691146851,0.22159044444561,22.0,3.0,9428.0,4.234,425938330.0
4.267661571502686,-0.3201380372047424,0.3744210600852966,4.0,5.0,9429.0,4.296,425938335.0
4.337037563323975,-0.3268647193908691,0.5340314507484436,3.0,7.0,9431.0,4.382,425938339.0
0.5819590091705322,-0.043962012976408,-0.07165917754173279,1.0,8.0,9432.0,0.588,425938341.0
4.459487915039062,-0.3376588523387909,0.708335280418396,1.0,9.0,9433.0,4.528,425938344.0
0.7311065793037415,-0.05535716563463211,-0.06414662301540375,1.0,10.0,9433.0,0.736,425938346.0
4.541689395904541,-0.3446801602840424,0.8853537440299988,4.0,11.0,9434.0,4.64,425938348.0
1.246682524681091,-0.09483268857002258,-0.0655246153473854,1.0,12.0,9435.0,1.252,425938351.0
4.539083003997803,-0.3460759222507477,1.050971269607544,1.0,13.0,9436.0,4.672,425938353.0
20.83003044128418,-1.59546959400177,5.597738265991211,6.0,15.0,9438.0,21.628,425938358.0
4.160726547241211,-0.3245337307453156,0.07284634560346603,8.0,1.0,9446.0,4.174,425938381.0
4.251119613647461,-0.3330773115158081,0.223474532365799,22.0,3.0,9448.0,4.27,425938385.0
4.286380767822266,-0.3365927636623383,0.3761641979217529,4.0,5.0,9449.0,4.316,425938390.0
4.371490955352783,-0.3448115289211273,0.5384187698364258,3.0,7.0,9451.0,4.418,425938394.0
0.5818020105361938,-0.04599316418170929,-0.07165917754173279,1.0,8.0,9452.0,0.588,425938397.0
4.50166654586792,-0.3558700084686279,0.7152183651924133,1.0,9.0,9452.0,4.572,425938399.0
0.7070748805999756,-0.05602053180336952,-0.06205488741397858,1.0,10.0,9453.0,0.712,425938401.0
4.516973495483398,-0.3586666882038116,0.8807743191719055,9.0,11.0,9454.0,4.616,425938404.0
1.200551748275757,-0.09553971141576767,-0.06311716139316559,2.0,12.0,9455.0,1.206,425938406.0
4.553388118743896,-0.3631576299667358,1.054570555686951,2.0,13.0,9456.0,4.688,425938408.0
3.729535102844238,-0.298105925321579,-0.0653069019317627,4.0,14.0,9457.0,3.742,425938411.0
20.9132080078125,-1.671616196632385,5.621549606323242,6.0,15.0,9457.0,21.72,425938413.0
4.195444107055664,-0.3419796824455261,0.07347463071346283,7.0,1.0,9466.0,4.21,425938436.0
4.259884357452393,-0.3487292528152466,0.2239978909492493,23.0,3.0,9468.0,4.28,425938441.0
4.301065444946289,-0.3528562188148499,0.3775586783885956,4.0,5.0,9469.0,4.332,425938445.0
3.491856098175049,-0.2876964211463928,0.4301987886428833,6.0,7.0,9471.0,3.53,425938450.0
0.5816379189491272,-0.04802374914288521,-0.07165917754173279,1.0,8.0,9472.0,0.588,425938452.0
4.488584995269775,-0.3706063032150269,0.7133411765098572,1.0,9.0,9472.0,4.56,425938454.0
0.7068750262260437,-0.05848834291100502,-0.06205488741397858,1.0,10.0,9473.0,0.712,425938457.0
4.558738231658936,-0.378000795841217,0.8891699314117432,4.0,11.0,9474.0,4.66,425938459.0
1.192249298095703,-0.09906827658414841,-0.06269847601652145,2.0,12.0,9475.0,1.198,425938461.0
4.575396537780762,-0.3809902369976044,1.059969425201416,1.0,13.0,9476.0,4.712,425938464.0
3.323939561843872,-0.2773663997650146,-0.05822122842073441,2.0,14.0,9477.0,3.336,425938466.0
21.00350379943848,-1.752639055252075,5.647431373596191,6.0,15.0,9477.0,21.82,425938468.0
4.218134880065918,-0.3586554527282715,0.0738934874534607,5.0,1.0,9486.0,4.234,425938491.0
4.250680923461914,-0.3629172742366791,0.2235791981220245,16.0,3.0,9488.0,4.272,425938496.0
4.32958459854126,-0.3704151511192322,0.3801733553409576,3.0,5.0,9489.0,4.362,425938500.0
0.5814667344093323,-0.05005375295877457,-0.07165917754173279,1.0,8.0,9492.0,0.588,425938507.0
4.510813236236572,-0.3890924453735352,0.7170956134796143,1.0,9.0,9493.0,4.584000000000001,425938510.0
0.720561683177948,-0.06215400248765945,-0.06327506899833679,1.0,10.0,9493.0,0.726,425938512.0
4.592597961425781,-0.3969545364379883,0.8960390686988831,6.0,11.0,9494.0,4.696,425938514.0
1.164038896560669,-0.1008166894316673,-0.06123306974768639,2.0,12.0,9495.0,1.17,425938517.0
4.601219177246094,-0.3993178606033325,1.066267967224121,1.0,13.0,9496.0,4.74,425938519.0
3.165569067001343,-0.2752813100814819,-0.05546374619007111,3.0,14.0,9497.0,3.178,425938521.0
21.1011848449707,-1.834981918334961,5.675384044647217,4.0,15.0,9497.0,21.928,425938523.0
4.224824905395508,-0.3740827739238739,0.07403311133384705,7.0,1.0,9506.0,4.242,425938547.0
4.277239799499512,-0.3802286088466644,0.2250446081161499,4.0,3.0,9508.0,4.3,425938551.0
4.348110675811768,-0.3872936367988586,0.3819164633750916,3.0,5.0,9509.0,4.382,425938556.0
3.503602981567383,-0.313304603099823,0.4319049417972565,21.0,7.0,9511.0,3.544,425938560.0
0.5812885165214539,-0.05208314582705498,-0.07165917754173279,1.0,8.0,9512.0,0.588,425938563.0
4.505492687225342,-0.4044824838638306,0.7164698243141174,1.0,9.0,9513.0,4.58,425938565.0
0.6985118389129639,-0.06270918995141983,-0.06135764345526695,1.0,10.0,9513.0,0.704,425938567.0
4.60487174987793,-0.4142144918441772,0.8987103700637817,8.0,11.0,9514.0,4.71,425938570.0
1.115939140319824,-0.1005765870213509,-0.05872094258666039,2.0,12.0,9515.0,1.122,425938572.0
4.623087406158447,-0.4174798727035522,1.071666836738586,1.0,13.0,9516.0,4.764,425938574.0
2.951492071151733,-0.2670486867427826,-0.05172893404960632,3.0,14.0,9517.0,2.964,425938576.0
21.18282127380371,-1.920332551002502,5.699195384979248,6.0,15.0,9518.0,22.02,425938579.0
4.249380111694336,-0.3912110924720764,0.0744868740439415,7.0,1.0,9526.0,4.268,425938602.0
4.30372953414917,-0.397729754447937,0.2265100181102753,4.0,3.0,9528.0,4.328,425938606.0
3.519444704055786,-0.3258694708347321,0.3092285692691803,1.0,5.0,9529.0,3.548,425938611.0
3.504464626312256,-0.3257162868976593,0.4321486949920654,26.0,7.0,9531.0,3.546,425938616.0
0.5811031460762024,-0.05411190539598465,-0.07165917754173279,1.0,8.0,9532.0,0.588,425938618.0
4.535522937774658,-0.423143059015274,0.7214757800102234,1.0,9.0,9533.0,4.612,425938620.0
0.6645645499229431,-0.06200076267123222,-0.05839434638619423,1.0,10.0,9533.0,0.67,425938623.0
4.615126609802246,-0.4313822388648987,0.9010000824928284,8.0,11.0,9534.0,4.722,425938625.0
1.113592743873596,-0.1042851060628891,-0.0586162693798542,2.0,12.0,9535.0,1.12,425938627.0
4.660406112670898,-0.4372556805610657,1.080664873123169,1.0,13.0,9536.0,4.804,425938629.0
2.761404514312744,-0.2595708668231964,-0.04841297492384911,4.0,14.0,9537.0,2.774,425938632.0
21.14748573303223,-1.987854719161987,5.691430568695068,6.0,15.0,9537.0,21.99,425938634.0
4.257941722869873,-0.406993180513382,0.07466139644384384,6.0,1.0,9546.0,4.278,425938657.0
4.338101387023926,-0.4161833822727203,0.2283941060304642,4.0,3.0,9548.0,4.364,425938662.0
3.516302585601807,-0.3379620313644409,0.3090542554855347,7.0,5.0,9549.0,3.546,425938666.0
3.495402574539185,-0.337184727191925,0.4311737418174744,29.0,7.0,9551.0,3.538,425938671.0
0.5809107422828674,-0.0561400018632412,-0.07165917754173279,1.0,8.0,9552.0,0.588,425938673.0
4.561544418334961,-0.4416374862194061,0.7258559465408325,1.0,9.0,9553.0,4.64,425938676.0
0.6782258749008179,-0.0656641498208046,-0.05961452797055244,1.0,10.0,9553.0,0.684,425938678.0
4.623363018035889,-0.4484370946884155,0.9029081463813782,5.0,11.0,9554.0,4.732,425938680.0
1.107258200645447,-0.1075921431183815,-0.05830225348472595,2.0,12.0,9555.0,1.114,425938682.0
4.705401420593262,-0.4580522775650024,1.09146249294281,1.0,13.0,9556.0,4.852,425938685.0
2.621163845062256,-0.2556218206882477,-0.0459696389734745,5.0,14.0,9557.0,2.634,425938687.0
21.08850479125977,-2.056598424911499,5.677454471588135,6.0,15.0,9557.0,21.936,425938689.0
4.272414684295654,-0.4234314560890198,0.07494063675403595,6.0,1.0,9566.0,4.294,425938712.0
4.34862232208252,-0.4317507147789001,0.2290221452713013,5.0,3.0,9567.0,4.376,425938717.0
3.513118743896484,-0.35003662109375,0.308879941701889,12.0,5.0,9569.0,3.544,425938722.0
3.490253925323486,-0.3489888906478882,0.4306862652301788,34.0,7.0,9571.0,3.534,425938726.0
4.599365711212158,-0.4606992900371552,0.7321133017539978,1.0,9.0,9572.0,4.68,425938731.0
0.6859222650527954,-0.06882689148187637,-0.06031177565455437,1.0,10.0,9573.0,0.6920000000000001,425938733.0
4.643257141113281,-0.4667328000068665,0.9071059823036194,5.0,11.0,9574.0,4.754,425938735.0
1.088991045951843,-0.1096556335687637,-0.0573602095246315,1.0,12.0,9575.0,1.096,425938738.0
4.696018218994141,-0.4736920893192291,1.089662909507751,1.0,13.0,9576.0,4.844,425938740.0
2.413341045379639,-0.2438616454601288,-0.04233953729271889,4.0,14.0,9577.0,2.426,425938742.0
21.01584625244141,-2.123594999313354,5.659854888916016,4.0,15.0,9577.0,21.868,425938745.0
4.296770572662354,-0.440996527671814,0.0753943994641304,6.0,1.0,9586.0,4.32,425938768.0
4.354957580566406,-0.4485047459602356,0.229440838098526,5.0,3.0,9588.0,4.384,425938772.0
3.529712438583374,-0.3641376793384552,0.3104487657546997,10.0,5.0,9589.0,3.562,425938777.0
3.489014387130737,-0.3611700236797333,0.4306862652301788,35.0,7.0,9591.0,3.534,425938781.0
0.5805046558380127,-0.06019412353634834,-0.07165917754173279,1.0,8.0,9592.0,0.588,425938784.0
4.534772396087646,-0.4710230529308319,0.7221015095710754,1.0,9.0,9593.0,4.616,425938786.0
0.6856778264045715,-0.07122078537940979,-0.06031177565455437,1.0,10.0,9593.0,0.6920000000000001,425938788.0
4.670890331268311,-0.4859855175018311,0.9128302335739136,2.0,11.0,9594.0,4.784,425938791.0
1.080655574798584,-0.1126281023025513,-0.05694152042269707,1.0,12.0,9595.0,1.088,425938793.0
4.717594623565674,-0.492509514093399,1.095061779022217,1.0,13.0,9596.0,4.868,425938795.0
2.269277811050415,-0.2373094707727432,-0.03982639312744141,3.0,14.0,9597.0,2.282,425938798.0
21.31341552734375,-2.232608556747437,5.742159366607666,2.0,15.0,9598.0,22.186,425938800.0
4.325032711029053,-0.4591589868068695,0.07591796666383743,4.0,1.0,9606.0,4.350000000000001,425938823.0
4.381251335144043,-0.4659005999565125,0.2309062331914902,5.0,3.0,9607.0,4.412,425938828.0
3.51257061958313,-0.3747654557228088,0.3090542554855347,6.0,5.0,9609.0,3.546,425938832.0
3.48970627784729,-0.3735580444335938,0.4309299886226654,37.0,7.0,9611.0,3.536,425938837.0
3.462676286697388,-0.37188720703125,0.5515879392623901,3.0,9.0,9613.0,3.526,425938841.0
0.6497671008110046,-0.06978419423103333,-0.05717416852712631,1.0,10.0,9613.0,0.656,425938844.0
4.702349185943604,-0.5058567523956299,0.9193177223205566,1.0,11.0,9614.0,4.818000000000001,425938846.0
1.062384009361267,-0.1144738793373108,-0.05599947273731232,1.0,12.0,9615.0,1.07,425938848.0
3.07866907119751,-0.3322759568691254,0.7148944735527039,2.0,13.0,9616.0,3.178,425938851.0
2.202827930450439,-0.2381367534399033,-0.03867453336715698,3.0,14.0,9617.0,2.216,425938853.0
2.980866193771362,-0.3222465813159943,0.8033742904663086,5.0,15.0,9617.0,3.104,425938855.0
4.339305877685547,-0.4759977459907532,0.07619720697402954,2.0,1.0,9626.0,4.366,425938878.0
4.403421878814697,-0.4838087260723114,0.2321622967720032,4.0,3.0,9627.0,4.436,425938883.0
3.509260654449463,-0.3868060410022736,0.308879941701889,6.0,5.0,9629.0,3.544,425938887.0
3.498246431350708,-0.3868280053138733,0.4321486949920654,41.0,7.0,9631.0,3.546,425938892.0
3.480990409851074,-0.3861498832702637,0.5547165870666504,3.0,9.0,9633.0,3.546,425938897.0
0.6415985822677612,-0.07117319852113724,-0.05647692084312439,1.0,10.0,9633.0,0.648,425938899.0
4.70445728302002,-0.5227015614509583,0.9200809597969055,2.0,11.0,9634.0,4.822,425938901.0
1.038157939910889,-0.115530788898468,-0.05474340915679932,1.0,12.0,9635.0,1.046,425938904.0
2.102615833282471,-0.2347314357757568,-0.03692929074168205,2.0,14.0,9637.0,2.116,425938908.0
4.365349769592285,-0.4950535297393799,0.07668587565422058,2.0,1.0,9647.0,4.394,425938933.0
4.425345420837402,-0.5034220218658447,0.2334183603525162,5.0,3.0,9649.0,4.46,425938938.0
3.511778593063354,-0.4001166224479675,0.3092285692691803,4.0,5.0,9650.0,3.548,425938943.0
3.488916158676147,-0.3987455070018768,0.4311737418174744,42.0,7.0,9652.0,3.538,425938947.0
3.497284173965454,-0.4003202617168427,0.5575324296951294,9.0,9.0,9653.0,3.564,425938952.0
0.6373745799064636,-0.07307044416666031,-0.05612829700112343,1.0,10.0,9654.0,0.644,425938954.0
4.731766223907471,-0.5432999730110168,0.9258052706718445,1.0,11.0,9655.0,4.852,425938957.0
1.019869804382324,-0.1172814890742302,-0.05380136147141457,1.0,12.0,9656.0,1.028,425938959.0
2.044132232666016,-0.2357911020517349,-0.03591705113649368,1.0,14.0,9658.0,2.058,425938963.0
2.986100196838379,-0.3449754416942596,0.8054448962211609,14.0,15.0,9659.0,3.112,425938966.0
5.948551177978516,-0.6956366896629333,0.1045399159193039,4.0,1.0,9667.0,5.99,425938989.0
4.423651695251465,-0.5180942416191101,0.2334183603525162,5.0,3.0,9668.0,4.46,425938993.0
3.510360479354858,-0.4123725891113281,0.3092285692691803,5.0,5.0,9670.0,3.548,425938998.0
3.485531568527222,-0.4106893539428711,0.4309299886226654,50.0,7.0,9672.0,3.536,425939003.0
3.485984802246094,-0.4119765758514404,0.5559681057929993,24.0,9.0,9674.0,3.554,425939007.0
0.6311797499656677,-0.07459334284067154,-0.05560536310076714,1.0,10.0,9674.0,0.638,425939010.0
3.090188980102539,-0.3657479584217072,0.6048645377159119,4.0,11.0,9675.0,3.17,425939012.0
0.991686999797821,-0.1175493970513344,-0.0523359552025795,1.0,12.0,9676.0,1.0,425939014.0
3.042059421539307,-0.3611282408237457,0.7072461247444153,38.0,13.0,9677.0,3.144,425939016.0
2.045282363891602,-0.2431610971689224,-0.03595195710659027,1.0,14.0,9678.0,2.06,425939019.0
3.243848562240601,-0.3862313330173492,0.8753260374069214,14.0,15.0,9679.0,3.382,425939021.0
6.02972412109375,-0.7243383526802063,0.1060059145092964,4.0,1.0,9685.0,6.074,425939044.0
4.449763774871826,-0.5353288054466248,0.2348837703466415,4.0,3.0,9686.0,4.488,425939049.0
3.51695990562439,-0.4243533313274384,0.3099258244037628,6.0,5.0,9688.0,3.556,425939053.0
3.486194849014282,-0.421875923871994,0.4311737418174744,46.0,7.0,9690.0,3.538,425939058.0
3.474941968917847,-0.421129584312439,0.5544037222862244,30.0,9.0,9691.0,3.544,425939063.0
0.6546767950057983,-0.07945647835731506,-0.0576971024274826,1.0,10.0,9692.0,0.662,425939065.0
0.9675213098526001,-0.1177683472633362,-0.0510798916220665,1.0,12.0,9694.0,0.976,425939069.0
2.940320014953613,-0.3584215641021729,0.6838511824607849,14.0,13.0,9695.0,3.04,425939072.0
2.052448272705078,-0.2505545914173126,-0.03609157726168633,1.0,14.0,9696.0,2.068,425939074.0
3.254124641418457,-0.3978268504142761,0.8784318566322327,14.0,15.0,9697.0,3.394,425939076.0
5.957698822021484,-0.7367914319038391,0.1047842502593994,8.0,1.0,9705.0,6.004,425939099.0
4.471653461456299,-0.5538039207458496,0.2361398339271545,6.0,3.0,9706.0,4.512,425939104.0
3.517434358596802,-0.4368727803230286,0.3101001381874084,7.0,5.0,9708.0,3.558,425939109.0
3.49849009513855,-0.435759961605072,0.4328798949718475,52.0,7.0,9710.0,3.552,425939113.0
0.5791293382644653,-0.07223701477050781,-0.07165917754173279,1.0,8.0,9711.0,0.588,425939116.0
3.479331493377686,-0.4339903295040131,0.5553423762321472,47.0,9.0,9711.0,3.55,425939118.0
0.6346251964569092,-0.07927171885967255,-0.0559539869427681,1.0,10.0,9712.0,0.642,425939120.0
3.070162534713745,-0.3840415477752686,0.6014299392700195,24.0,11.0,9713.0,3.152,425939122.0
0.9492684006690979,-0.1189106777310371,-0.05013784766197205,1.0,12.0,9714.0,0.9580000000000001,425939125.0
2.933250188827515,-0.367955356836319,0.682501494884491,17.0,13.0,9715.0,3.034,425939127.0
1.974181175231934,-0.2479969710111618,-0.03473028913140297,1.0,14.0,9716.0,1.99,425939129.0
3.233548641204834,-0.4067721962928772,0.8732554316520691,13.0,15.0,9717.0,3.374,425939132.0
6.040390014648438,-0.7684346437454224,0.1062851548194885,4.0,1.0,9725.0,6.09,425939155.0
4.497430324554443,-0.5729430913925171,0.2376052439212799,6.0,3.0,9726.0,4.54,425939159.0
3.506006240844727,-0.4478859007358551,0.3092285692691803,9.0,5.0,9728.0,3.548,425939164.0
3.494978666305542,-0.4477170705795288,0.432636171579361,52.0,7.0,9730.0,3.55,425939168.0
3.460161447525024,-0.4438707530498505,0.5525265336036682,36.0,9.0,9731.0,3.532,425939173.0
0.6027262210845947,-0.07742486149072647,-0.053165003657341,1.0,10.0,9732.0,0.61,425939175.0
0.9528092741966248,-0.1227338463068008,-0.05034719035029411,1.0,12.0,9734.0,0.962,425939180.0
2.997660636901855,-0.3866683542728424,0.6977981925010681,20.0,13.0,9735.0,3.102,425939182.0
1.943555235862732,-0.2510441243648529,-0.03420671820640564,2.0,14.0,9736.0,1.96,425939185.0
3.222602367401123,-0.4162554144859314,0.8706672787666321,17.0,15.0,9736.0,3.364,425939187.0
6.077327251434326,-0.7947005033493042,0.1069832518696785,4.0,1.0,9745.0,6.13,425939210.0
4.519167423248291,-0.5917503237724304,0.2388613075017929,4.0,3.0,9746.0,4.564,425939215.0
3.516274213790894,-0.4616776406764984,0.3102744519710541,13.0,5.0,9748.0,3.56,425939219.0
3.491426467895508,-0.4596549868583679,0.432392418384552,53.0,7.0,9750.0,3.548,425939224.0
3.084530353546143,-0.4066338241100311,0.4927685558795929,45.0,9.0,9751.0,3.15,425939228.0
0.6064027547836304,-0.0800497904419899,-0.05351362749934196,1.0,10.0,9752.0,0.614,425939231.0
2.997339010238647,-0.396203875541687,0.5876917243003845,12.0,11.0,9753.0,3.08,425939233.0
0.9305951595306396,-0.1231761798262596,-0.0491957999765873,0.0,12.0,9754.0,0.9400000000000001,425939235.0
3.013679265975952,-0.3994342386722565,0.7018473148345947,43.0,13.0,9755.0,3.12,425939238.0
1.843551397323608,-0.2446724325418472,-0.03246147558093071,2.0,14.0,9756.0,1.86,425939240.0
3.150199413299561,-0.4186476767063141,0.8515146374702454,13.0,15.0,9757.0,3.29,425939242.0
6.046627521514893,-0.8132380247116089,0.1064945831894875,4.0,1.0,9766.0,6.102,425939265.0
4.542593479156494,-0.6125681400299072,0.2402220368385315,4.0,3.0,9768.0,4.59,425939270.0
3.5145583152771,-0.4745623171329498,0.3102744519710541,13.0,5.0,9769.0,3.56,425939274.0
3.470046758651733,-0.4697854518890381,0.4299550354480743,44.0,7.0,9771.0,3.528,425939279.0
3.077147006988525,-0.417140394449234,0.4918299615383148,50.0,9.0,9772.0,3.144,425939284.0
0.6337453126907349,-0.08602364361286163,-0.0559539869427681,1.0,10.0,9773.0,0.642,425939286.0
2.953068494796753,-0.4013700485229492,0.5792961120605469,19.0,11.0,9774.0,3.036,425939288.0
0.9360744953155518,-0.1273941546678543,-0.04950981587171555,0.0,12.0,9775.0,0.9460000000000001,425939291.0
3.002540588378906,-0.4091615974903107,0.6995977759361267,46.0,13.0,9776.0,3.11,425939293.0
1.804996848106384,-0.2462910562753677,-0.03179828450083733,2.0,14.0,9777.0,1.822,425939295.0
3.016644954681396,-0.4116199314594269,0.8157976269721985,21.0,15.0,9777.0,3.152,425939298.0
6.075446605682373,-0.8387151956558228,0.1070530638098717,4.0,1.0,9786.0,6.134,425939321.0
4.55823278427124,-0.6308854222297668,0.2411640882492065,4.0,3.0,9788.0,4.608000000000001,425939325.0
3.510906934738159,-0.4865540266036987,0.3101001381874084,14.0,5.0,9789.0,3.558,425939330.0
3.077111005783081,-0.4275318384170532,0.3814510405063629,18.0,7.0,9791.0,3.13,425939334.0
3.063858509063721,-0.4267807304859161,0.4899527430534363,50.0,9.0,9793.0,3.132,425939339.0
0.6018677353858948,-0.08383727818727493,-0.053165003657341,1.0,10.0,9793.0,0.61,425939341.0
3.000260353088379,-0.4184556603431702,0.5888365507125854,16.0,11.0,9794.0,3.086,425939344.0
0.8584796190261841,-0.119887575507164,-0.04542760923504829,1.0,12.0,9795.0,0.868,425939346.0
2.993374109268188,-0.4185604751110077,0.6977981925010681,49.0,13.0,9796.0,3.102,425939348.0
1.742734313011169,-0.2439948916435242,-0.03071623481810093,2.0,14.0,9797.0,1.76,425939351.0
3.009376764297485,-0.4218691289424896,0.8142446875572205,35.0,15.0,9798.0,3.146,425939353.0
6.147871494293213,-0.8694986701011658,0.1083794459700584,4.0,1.0,9805.0,6.21,425939376.0
4.577867984771729,-0.6490817666053772,0.2423154711723328,4.0,3.0,9807.0,4.63,425939380.0
3.517164468765259,-0.4993140995502472,0.310797393321991,14.0,5.0,9808.0,3.566,425939385.0
3.067815065383911,-0.4366147518157959,0.3804760873317719,46.0,7.0,9810.0,3.122,425939390.0
3.037079572677612,-0.4327812492847443,0.4858854413032532,31.0,9.0,9811.0,3.106,425939394.0
0.6094760894775391,-0.08695835620164871,-0.05386224761605263,1.0,10.0,9812.0,0.618,425939397.0
3.043557167053223,-0.4347883462905884,0.5976137518882751,51.0,11.0,9813.0,3.132,425939399.0
0.8659859299659729,-0.1238649263978004,-0.04584629833698273,1.0,12.0,9814.0,0.876,425939401.0
2.99004054069519,-0.4282082915306091,0.6973482966423035,48.0,13.0,9815.0,3.1,425939404.0
1.668676018714905,-0.2392708659172058,-0.0294247567653656,2.0,14.0,9816.0,1.686,425939406.0
3.002299547195435,-0.4304986596107483,0.8126918077468872,51.0,15.0,9816.0,3.14,425939408.0
6.188337326049805,-0.897266149520874,0.109147347509861,4.0,1.0,9825.0,6.254,425939431.0
4.591386318206787,-0.6673558354377747,0.2431528568267822,4.0,3.0,9827.0,4.646,425939436.0
3.513428449630737,-0.5113013386726379,0.3106230795383453,13.0,5.0,9828.0,3.564,425939440.0
3.056450843811035,-0.445887953042984,0.3792574107646942,46.0,7.0,9830.0,3.112,425939445.0
2.955334901809692,-0.432190328836441,0.4730578362941742,16.0,9.0,9832.0,3.024,425939450.0
0.5657975673675537,-0.08274265378713608,-0.05002739652991295,1.0,10.0,9832.0,0.5740000000000001,425939452.0
3.030365705490112,-0.4437031447887421,0.5953240394592285,53.0,11.0,9833.0,3.12,425939454.0
0.8655482530593872,-0.1268870234489441,-0.04584629833698273,1.0,12.0,9834.0,0.876,425939456.0
2.975031137466431,-0.4366618990898132,0.6941989660263062,52.0,13.0,9835.0,3.086,425939459.0
1.630240201950073,-0.2395700961351395,-0.02876156568527222,3.0,14.0,9836.0,1.648,425939461.0
2.9643874168396,-0.4361567795276642,0.8028566837310791,54.0,15.0,9837.0,3.102,425939463.0
19.64735221862793,-2.918790102005005,0.3467095196247101,2.0,1.0,9845.0,19.866,425939486.0
4.616685390472412,-0.6874971985816956,0.2446182668209076,4.0,3.0,9847.0,4.674,425939491.0
3.507681131362915,-0.5229747891426086,0.3102744519710541,17.0,5.0,9848.0,3.56,425939496.0
3.039169549942017,-0.4542069137096405,0.3773074746131897,44.0,7.0,9850.0,3.096,425939500.0
2.977328777313232,-0.4454960525035858,0.4768122434616089,19.0,9.0,9851.0,3.048,425939505.0
0.6285581588745117,-0.0941629707813263,-0.05560536310076714,1.0,10.0,9852.0,0.638,425939507.0
3.005500078201294,-0.4507839381694794,0.59074467420578,50.0,11.0,9853.0,3.096,425939509.0
0.865100085735321,-0.1299075782299042,-0.04584629833698273,1.0,12.0,9854.0,0.876,425939512.0
2.981197118759155,-0.4482029378414154,0.6959985494613647,50.0,13.0,9855.0,3.094,425939514.0
1.595777869224548,-0.2401992827653885,-0.02816818468272686,3.0,14.0,9856.0,1.614,425939516.0
2.962924718856812,-0.4459846317768097,0.8028566837310791,48.0,15.0,9856.0,3.102,425939519.0
16.71511077880859,-2.542845249176025,0.2951201796531677,2.0,1.0,9865.0,16.91,425939542.0
4.635976314544678,-0.7069200277328491,0.2457696497440338,3.0,3.0,9867.0,4.696,425939546.0
3.505834341049194,-0.5352156758308411,0.3102744519710541,17.0,5.0,9868.0,3.56,425939551.0
3.021867513656616,-0.4624106884002686,0.3753575682640076,22.0,7.0,9870.0,3.08,425939556.0
3.022537231445312,-0.4635930061340332,0.484321117401123,29.0,9.0,9872.0,3.096,425939560.0
3.558632373809814,-0.5458186268806458,-0.3149808645248413,1.0,10.0,9872.0,3.614,425939562.0
3.003908157348633,-0.4612723588943481,0.59074467420578,52.0,11.0,9873.0,3.096,425939565.0
0.7935749292373657,-0.1220010817050934,-0.04207810759544373,1.0,12.0,9874.0,0.804,425939567.0
2.960353851318359,-0.45564204454422,0.6914995312690735,52.0,13.0,9875.0,3.074,425939569.0
1.567260503768921,-0.2415044903755188,-0.02767951600253582,3.0,14.0,9876.0,1.586,425939572.0
2.959360837936401,-0.4565467536449432,0.8023390173912048,28.0,15.0,9877.0,3.1,425939574.0
15.63322639465332,-2.434122562408447,0.2761668860912323,2.0,1.0,9885.0,15.824,425939597.0
4.655187606811523,-0.7264859080314636,0.2469210475683212,3.0,3.0,9887.0,4.718,425939602.0
3.519692659378052,-0.5499104857444763,0.3116689324378967,22.0,5.0,9888.0,3.576,425939606.0
2.947670936584473,-0.4615929424762726,0.366339236497879,23.0,7.0,9890.0,3.006,425939611.0
3.020983219146729,-0.4736135303974152,0.484321117401123,49.0,9.0,9891.0,3.096,425939615.0
3.548832416534424,-0.557001531124115,-0.3142836093902588,1.0,10.0,9892.0,3.606,425939618.0
2.996461391448975,-0.4708408713340759,0.5895997881889343,49.0,11.0,9893.0,3.09,425939620.0
2.960670232772827,-0.4662759900093079,0.6919494271278381,53.0,13.0,9895.0,3.076,425939625.0
1.526902079582214,-0.2407449334859848,-0.026981420814991,3.0,14.0,9896.0,1.546,425939627.0
2.971188545227051,-0.4684639573097229,0.8059625029563904,44.0,15.0,9896.0,3.114,425939629.0
12.66835498809814,-2.017804384231567,0.2239143699407578,2.0,1.0,9905.0,12.83,425939652.0
4.680235385894775,-0.747139036655426,0.2483864426612854,3.0,3.0,9907.0,4.746,425939657.0
2.946041584014893,-0.4718794226646423,0.366339236497879,18.0,7.0,9910.0,3.006,425939666.0
3.007524490356445,-0.4828042089939117,0.4824438989162445,57.0,9.0,9912.0,3.084,425939671.0
3.558669567108154,-0.5712806582450867,-0.3153294920921326,1.0,10.0,9912.0,3.618,425939673.0
2.994799613952637,-0.4812976121902466,0.5895997881889343,48.0,11.0,9913.0,3.09,425939675.0
2.949404954910278,-0.475058376789093,0.6896999478340149,50.0,13.0,9915.0,3.066,425939680.0
1.476697564125061,-0.2381149530410767,-0.02610879950225353,3.0,14.0,9916.0,1.496,425939682.0
2.952287197113037,-0.4765799641609192,0.8013037443161011,57.0,15.0,9917.0,3.096,425939685.0
4.707300662994385,-0.767475962638855,0.2499565333127975,3.0,3.0,9926.0,4.776,425939712.0
2.949553728103638,-0.4814223051071167,0.2614672183990479,4.0,5.0,9927.0,3.0,425939717.0
3.00323224067688,-0.4912599325180054,0.3736514151096344,46.0,7.0,9929.0,3.066,425939721.0
2.994296550750732,-0.4903348386287689,0.480566680431366,63.0,9.0,9930.0,3.072,425939726.0
3.509568214416504,-0.5753428339958191,-0.3111459910869598,1.0,10.0,9931.0,3.57,425939728.0
2.977688312530518,-0.4886825084686279,0.5865468382835388,48.0,11.0,9932.0,3.074,425939731.0
2.947813272476196,-0.4848363399505615,0.6896999478340149,52.0,13.0,9934.0,3.066,425939735.0
1.424598455429077,-0.2345636636018753,-0.02520127408206463,3.0,14.0,9935.0,1.444,425939738.0
2.914557933807373,-0.4798891842365265,0.791468620300293,36.0,15.0,9935.0,3.058,425939740.0
8.774192810058594,-1.458852410316467,0.1552566140890121,2.0,1.0,9944.0,8.896,425939763.0
4.7183837890625,-0.7862007021903992,0.2506892383098602,3.0,3.0,9946.0,4.79,425939768.0
2.945890188217163,-0.4913874268531799,0.2612929046154022,3.0,5.0,9947.0,2.998,425939772.0
2.981920003890991,-0.4984672665596008,0.3712140321731567,52.0,7.0,9949.0,3.046,425939777.0
0.5756132006645203,-0.0963246077299118,-0.07165917754173279,1.0,8.0,9950.0,0.588,425939779.0
2.965290546417236,-0.4962194859981537,0.4761865139007568,55.0,9.0,9950.0,3.044,425939781.0
3.542908668518066,-0.5935152769088745,-0.3142836093902588,1.0,10.0,9951.0,3.606,425939784.0
2.960474729537964,-0.4964759647846222,0.5834938883781433,46.0,11.0,9952.0,3.058,425939786.0
2.948024749755859,-0.4954461455345154,0.6901498436927795,53.0,13.0,9954.0,3.068,425939791.0
1.406023144721985,-0.2365491092205048,-0.02488713152706623,3.0,14.0,9955.0,1.426,425939793.0
2.949061632156372,-0.4961496591567993,0.8013037443161011,51.0,15.0,9955.0,3.096,425939795.0
8.000178337097168,-1.358874559402466,0.1416437327861786,2.0,1.0,9964.0,8.116,425939818.0
4.749082565307617,-0.8083635568618774,0.2524686455726624,3.0,3.0,9966.0,4.824,425939823.0
2.93630051612854,-0.5003288388252258,0.2605956792831421,3.0,5.0,9967.0,2.99,425939827.0
2.976248264312744,-0.5082048177719116,0.3707265555858612,52.0,7.0,9969.0,3.042,425939832.0
3.604264259338379,-0.6160881519317627,-0.4489666521549225,2.0,8.0,9970.0,3.684,425939834.0
2.986816883087158,-0.5110825300216675,0.4799409508705139,61.0,9.0,9971.0,3.068,425939837.0
3.548670768737793,-0.607222855091095,-0.3149808645248413,1.0,10.0,9971.0,3.614,425939839.0
2.954853534698486,-0.5061439871788025,0.5827306509017944,46.0,11.0,9972.0,3.054,425939841.0
2.923229694366455,-0.5017774701118469,0.684751033782959,55.0,13.0,9974.0,3.044,425939846.0
1.387451529502869,-0.2384077906608582,-0.02457298897206783,3.0,14.0,9975.0,1.408,425939848.0
2.922560453414917,-0.5021877288818359,0.7945744395256042,41.0,15.0,9975.0,3.07,425939850.0
7.469322204589844,-1.295546770095825,0.132324144244194,6.0,1.0,9984.0,7.582,425939874.0
4.773780345916748,-0.8297242522239685,0.2539340555667877,3.0,3.0,9986.0,4.852,425939878.0
2.938462018966675,-0.5112584233283997,0.2609443068504333,3.0,5.0,9987.0,2.994,425939883.0
2.974456071853638,-0.5185907483100891,0.3707265555858612,50.0,7.0,9989.0,3.042,425939887.0
2.955826282501221,-0.5164058804512024,0.4752479195594788,59.0,9.0,9991.0,3.038,425939892.0
3.530828237533569,-0.6168631911277771,-0.3135863542556763,1.0,10.0,9991.0,3.598,425939894.0
2.949200868606567,-0.5157788395881653,0.5819674134254456,46.0,11.0,9992.0,3.05,425939897.0
0.8302168250083923,-0.1453440189361572,-0.04417154565453529,1.0,12.0,9993.0,0.844,425939899.0
2.911862850189209,-0.5102964639663696,0.682501494884491,59.0,13.0,9994.0,3.034,425939901.0
1.353127479553223,-0.2373755276203156,-0.02397960610687733,3.0,14.0,9995.0,1.374,425939903.0
2.901672840118408,-0.5095547437667847,0.7893980741500854,48.0,15.0,9996.0,3.05,425939906.0
6.749980926513672,-1.195063233375549,0.1196537017822266,3.0,1.0,10004.0,6.856,425939929.0
4.788554191589355,-0.8495227098464966,0.2548761069774628,3.0,3.0,10006.0,4.87,425939933.0
2.911157369613647,-0.5169836282730103,0.2586782574653625,3.0,5.0,10007.0,2.968,425939938.0
2.968719005584717,-0.5282748341560364,0.3702390789985657,50.0,7.0,10009.0,3.038,425939943.0
2.942337274551392,-0.5246399641036987,0.4733707010746002,57.0,9.0,10011.0,3.026,425939947.0
3.536499261856079,-0.6305832862854004,-0.3142836093902588,1.0,10.0,10011.0,3.606,425939950.0
2.94738245010376,-0.5260703563690186,0.5819674134254456,41.0,11.0,10012.0,3.05,425939952.0
0.7707207202911377,-0.1377026587724686,-0.04103139042854309,1.0,12.0,10013.0,0.784,425939954.0
2.904309034347534,-0.5194283723831177,0.681151807308197,54.0,13.0,10014.0,3.028,425939956.0
1.316859364509583,-0.235754206776619,-0.02335131913423538,3.0,14.0,10015.0,1.338,425939959.0
2.896163702011108,-0.5184932947158813,0.7883628010749817,53.0,15.0,10015.0,3.046,425939961.0
6.480109214782715,-1.170626759529114,0.1149415522813797,7.0,1.0,10024.0,6.586,425939984.0
4.826831340789795,-0.8737033009529114,0.2570742070674896,7.0,3.0,10026.0,4.912,425939989.0
2.911295652389526,-0.5274975299835205,0.2588525414466858,3.0,5.0,10027.0,2.97,425939993.0
2.962950706481934,-0.5379251837730408,0.3697516024112701,52.0,7.0,10029.0,3.034,425939998.0
2.934657573699951,-0.5338467955589294,0.4724320769309998,53.0,9.0,10031.0,3.02,425940003.0
3.553878784179688,-0.6464899778366089,-0.3160267174243927,1.0,10.0,10031.0,3.626,425940005.0
2.937802314758301,-0.5349485874176025,0.5804409384727478,46.0,11.0,10032.0,3.042,425940007.0
0.7663055658340454,-0.1396758556365967,-0.04082204401493073,1.0,12.0,10033.0,0.78,425940009.0
2.887141466140747,-0.5267649292945862,0.6775525808334351,55.0,13.0,10034.0,3.012,425940012.0
1.296356916427612,-0.2367568016052246,-0.02300227247178555,3.0,14.0,10035.0,1.318,425940014.0
2.87343168258667,-0.5247818231582642,0.7826687693595886,51.0,15.0,10035.0,3.024,425940016.0
4.816051006317139,-0.888255774974823,0.2566555440425873,6.0,3.0,10045.0,4.904,425940044.0
2.907477378845215,-0.5372945666313171,0.2586782574653625,4.0,5.0,10047.0,2.968,425940049.0
2.951295375823975,-0.5464574694633484,0.3685328960418701,53.0,7.0,10049.0,3.024,425940053.0
2.936755895614624,-0.5442954897880554,0.4730578362941742,61.0,9.0,10050.0,3.024,425940058.0
3.516339063644409,-0.6523497104644775,-0.3128891289234161,1.0,10.0,10051.0,3.59,425940060.0
2.920475006103516,-0.5423325896263123,0.5773880481719971,48.0,11.0,10052.0,3.026,425940062.0
0.7226136326789856,-0.1343199163675308,-0.03851926326751709,1.0,12.0,10053.0,0.736,425940065.0
2.889116764068604,-0.5375526547431946,0.6784523725509644,57.0,13.0,10054.0,3.016,425940067.0
1.252272963523865,-0.2332255989313126,-0.02223436534404755,3.0,14.0,10055.0,1.274,425940069.0
2.869683265686035,-0.5344550609588623,0.7821511626243591,49.0,15.0,10055.0,3.022,425940072.0
5.005654811859131,-0.9404003024101257,0.0889025554060936,3.0,1.0,10064.0,5.094,425940095.0
4.81276273727417,-0.9059015512466431,0.2566555440425873,6.0,3.0,10066.0,4.904,425940099.0
2.891878366470337,-0.5448580384254456,0.2574580609798431,3.0,5.0,10067.0,2.954,425940104.0
2.929863452911377,-0.5530738234519958,0.3660955131053925,55.0,7.0,10069.0,3.004,425940108.0
2.923095226287842,-0.552852988243103,0.4711806178092957,55.0,9.0,10071.0,3.012,425940113.0
3.608009338378906,-0.6823926568031311,-0.3212560713291168,1.0,10.0,10071.0,3.686,425940115.0
2.916635274887085,-0.5521584749221802,0.5770063996315002,50.0,11.0,10072.0,3.024,425940118.0
0.6985923051834106,-0.1323792636394501,-0.03726319968700409,1.0,12.0,10073.0,0.712,425940120.0
2.864247560501099,-0.5432764887809753,0.6730535626411438,57.0,13.0,10074.0,2.992,425940122.0
1.251451134681702,-0.2375954240560532,-0.02223436534404755,3.0,14.0,10075.0,1.274,425940125.0
2.869602918624878,-0.5453300476074219,0.7826687693595886,56.0,15.0,10076.0,3.024,425940127.0
4.11853551864624,-0.7886329889297485,0.07319539040327072,1.0,1.0,10084.0,4.194,425940150.0
4.847002029418945,-0.9289995431900024,0.2586442828178406,3.0,3.0,10085.0,4.942,425940155.0
2.89582896232605,-0.5560764074325562,0.25798100233078,4.0,5.0,10087.0,2.96,425940159.0
2.925965547561646,-0.5629225373268127,0.3658517599105835,60.0,7.0,10089.0,3.002,425940164.0
3.493107318878174,-0.6726664304733276,-0.4367797374725342,1.0,8.0,10090.0,3.584,425940166.0
2.92114782333374,-0.5630531311035156,0.4711806178092957,53.0,9.0,10091.0,3.012,425940168.0
3.550826787948608,-0.6844241619110107,-0.316375344991684,1.0,10.0,10091.0,3.63,425940171.0
2.910834550857544,-0.5615922212600708,0.5762431621551514,50.0,11.0,10092.0,3.02,425940173.0
0.7138141393661499,-0.1378465890884399,-0.03810057789087296,1.0,12.0,10093.0,0.728,425940175.0
2.858506917953491,-0.5525315999984741,0.6721537709236145,55.0,13.0,10094.0,2.988,425940178.0
1.230981349945068,-0.2381638884544373,-0.02188531681895256,3.0,14.0,10095.0,1.254,425940180.0
2.865882158279419,-0.5544760227203369,0.7821511626243591,54.0,15.0,10095.0,3.022,425940182.0
3.990145683288574,-0.778497040271759,0.07096148282289505,3.0,1.0,10104.0,4.066,425940205.0
4.871172904968262,-0.9512723088264465,0.2601096928119659,1.0,3.0,10105.0,4.97,425940210.0
2.868451118469238,-0.5612081289291382,0.2557149529457092,4.0,5.0,10107.0,2.934,425940214.0
2.923982858657837,-0.5731326341629028,0.3658517599105835,60.0,7.0,10109.0,3.002,425940219.0
2.901719331741333,-0.5698206424713135,0.4683647751808167,57.0,9.0,10111.0,2.994,425940224.0
0.5493690967559814,-0.1078815087676048,-0.04898152872920036,1.0,10.0,10111.0,0.562,425940226.0
2.897298097610474,-0.5694776773452759,0.5739534497261047,52.0,11.0,10112.0,3.008,425940228.0
0.7250868082046509,-0.1426506787538528,-0.03872860595583916,1.0,12.0,10113.0,0.74,425940231.0
2.84700083732605,-0.5606237053871155,0.6699042320251465,61.0,13.0,10114.0,2.978,425940233.0
1.167360067367554,-0.2300850450992584,-0.02076836302876472,2.0,14.0,10115.0,1.19,425940235.0
2.850661516189575,-0.5618613958358765,0.7785276770591736,51.0,15.0,10115.0,3.008,425940237.0
3.657898902893066,-0.7269376516342163,0.06509747356176376,2.0,1.0,10124.0,3.73,425940260.0
4.895076751708984,-0.9745795130729675,0.2615751028060913,3.0,3.0,10126.0,4.998,425940265.0
2.858658790588379,-0.5696600079536438,0.2550176978111267,4.0,5.0,10127.0,2.926,425940270.0
2.910284280776978,-0.5810039639472961,0.3643893301486969,60.0,7.0,10129.0,2.99,425940274.0
2.892065525054932,-0.5778917074203491,0.4671133160591125,57.0,9.0,10130.0,2.986,425940279.0
2.887592315673828,-0.5780462026596069,0.572426974773407,52.0,11.0,10132.0,3.0,425940284.0
0.6952093839645386,-0.1392951309680939,-0.0371585302054882,1.0,12.0,10133.0,0.71,425940286.0
2.84693717956543,-0.5709413886070251,0.6703541278839111,57.0,13.0,10134.0,2.98,425940288.0
1.14890456199646,-0.2306165993213654,-0.02045422047376633,2.0,14.0,10135.0,1.172,425940290.0
2.835325002670288,-0.569642186164856,0.774904191493988,49.0,15.0,10136.0,2.994,425940293.0
3.367223978042603,-0.6813980937004089,0.05996646732091904,2.0,1.0,10144.0,3.436,425940316.0
3.646841526031494,-0.7386447191238403,0.1950037777423859,1.0,3.0,10145.0,3.726,425940320.0
2.852747678756714,-0.5788426995277405,0.2546690702438354,4.0,5.0,10147.0,2.922,425940325.0
2.89656662940979,-0.5887866616249084,0.3629269003868103,57.0,7.0,10149.0,2.978,425940330.0
2.893799304962158,-0.5892760753631592,0.4677390456199646,57.0,9.0,10151.0,2.99,425940334.0
2.875938653945923,-0.5861618518829346,0.5705189108848572,54.0,11.0,10152.0,2.99,425940339.0
0.6927619576454163,-0.1413218080997467,-0.03705385699868202,1.0,12.0,10153.0,0.708,425940341.0
2.837289571762085,-0.5793161392211914,0.6685545444488525,54.0,13.0,10154.0,2.972,425940343.0
1.150051712989807,-0.2350260019302368,-0.02048912458121777,2.0,14.0,10155.0,1.174,425940346.0
2.825748443603516,-0.5779873132705688,0.7728336453437805,53.0,15.0,10156.0,2.986,425940348.0
3.212171792984009,-0.6611171364784241,0.05724389478564262,3.0,1.0,10163.0,3.28,425940371.0
2.856666326522827,-0.5895075798034668,0.2551920115947723,5.0,5.0,10166.0,2.928,425940380.0
2.879046440124512,-0.5951738357543945,0.3609769940376282,60.0,7.0,10168.0,2.962,425940385.0
2.891933679580688,-0.5983642935752869,0.4677390456199646,59.0,9.0,10169.0,2.99,425940390.0
3.080618143081665,-0.6379653811454773,-0.2752378284931183,1.0,10.0,10170.0,3.158,425940392.0
2.872056484222412,-0.59529709815979,0.5701372623443604,61.0,11.0,10171.0,2.988,425940394.0
0.6746889352798462,-0.1399669945240021,-0.03611180931329727,1.0,12.0,10172.0,0.6900000000000001,425940396.0
2.821996450424194,-0.5859485268592834,0.6654052138328552,59.0,13.0,10173.0,2.958,425940399.0
1.133603096008301,-0.2355833798646927,-0.02020988613367081,2.0,14.0,10174.0,1.158,425940401.0
2.831381797790527,-0.5889282822608948,0.774904191493988,53.0,15.0,10175.0,2.994,425940403.0
2.95736289024353,-0.6194415092468262,0.05274117365479469,3.0,1.0,10183.0,3.022,425940426.0
2.844841718673706,-0.5974282026290894,0.2543204426765442,6.0,5.0,10186.0,2.918,425940436.0
2.869180917739868,-0.6035853028297424,0.3600020408630371,60.0,7.0,10188.0,2.954,425940440.0
2.882095336914062,-0.606827437877655,0.4664875864982605,51.0,9.0,10189.0,2.982,425940445.0
3.078372478485107,-0.6487148404121399,-0.2752378284931183,1.0,10.0,10190.0,3.158,425940447.0
2.869961023330688,-0.6053188443183899,0.5701372623443604,58.0,11.0,10191.0,2.988,425940449.0
0.6683337092399597,-0.1410836726427078,-0.03579779341816902,1.0,12.0,10192.0,0.684,425940452.0
2.80277419090271,-0.592170000076294,0.6613560914993286,57.0,13.0,10193.0,2.94,425940454.0
1.087775945663452,-0.230023592710495,-0.01940707676112652,2.0,14.0,10194.0,1.112,425940456.0
2.817968845367432,-0.5964080095291138,0.7717983722686768,53.0,15.0,10195.0,2.982,425940459.0
2.791000843048096,-0.5942638516426086,0.04980916902422905,3.0,1.0,10202.0,2.854,425940482.0
2.838948011398315,-0.6060268878936768,0.2539718449115753,5.0,5.0,10205.0,2.914,425940491.0
2.872987270355225,-0.6143418550491333,0.3607332706451416,65.0,7.0,10207.0,2.96,425940495.0
2.860750913619995,-0.6122474670410156,0.4633588790893555,59.0,9.0,10208.0,2.962,425940500.0
2.864098787307739,-0.6140095591545105,0.5693740248680115,57.0,11.0,10210.0,2.984,425940505.0
0.6600509285926819,-0.1416231542825699,-0.03537910804152489,1.0,12.0,10211.0,0.676,425940507.0
2.808416128158569,-0.6030977368354797,0.663155734539032,57.0,13.0,10212.0,2.948,425940509.0
1.059636473655701,-0.227746769785881,-0.01891840808093548,2.0,14.0,10213.0,1.084,425940512.0
2.816081285476685,-0.6052579879760742,0.7717983722686768,53.0,15.0,10213.0,2.982,425940514.0
2.61887788772583,-0.5671783685684204,0.04677245020866394,3.0,1.0,10222.0,2.68,425940537.0
2.906908273696899,-0.6311516165733337,0.2602470517158508,8.0,5.0,10225.0,2.986,425940546.0
2.865005970001221,-0.6231011152267456,0.3600020408630371,60.0,7.0,10227.0,2.954,425940551.0
3.087959766387939,-0.6721550226211548,-0.3880319893360138,1.0,8.0,10228.0,3.184,425940553.0
2.8663170337677,-0.6239101886749268,0.464610368013382,59.0,9.0,10228.0,2.97,425940555.0
2.846592426300049,-0.6206575036048889,0.566321074962616,57.0,11.0,10230.0,2.968,425940560.0
0.667357861995697,-0.1456295698881149,-0.03579779341816902,1.0,12.0,10231.0,0.684,425940562.0
2.798678398132324,-0.6112340092658997,0.6613560914993286,55.0,13.0,10232.0,2.94,425940565.0
1.023670792579651,-0.2237578630447388,-0.01829012110829353,2.0,14.0,10233.0,1.048,425940567.0
2.794971942901611,-0.611446738243103,0.766622006893158,54.0,15.0,10234.0,2.962,425940569.0
2.503613948822021,-0.5513714551925659,0.0447479709982872,3.0,1.0,10242.0,2.564,425940592.0
3.036983966827393,-0.6705031394958496,0.2721002399921417,16.0,5.0,10245.0,3.122,425940601.0
2.856998682022095,-0.6318120956420898,0.3592708110809326,61.0,7.0,10247.0,2.948,425940606.0
2.854478120803833,-0.631777286529541,0.4630460143089294,61.0,9.0,10248.0,2.96,425940611.0
2.821408033370972,-0.6254910826683044,0.5617417097091675,57.0,11.0,10250.0,2.944,425940615.0
0.6356480121612549,-0.1410361677408218,-0.03412304446101189,1.0,12.0,10251.0,0.652,425940618.0
2.798430204391479,-0.6214219927787781,0.6618059873580933,59.0,13.0,10252.0,2.942,425940620.0
1.007266998291016,-0.2238591015338898,-0.01801088266074657,2.0,14.0,10253.0,1.032,425940622.0
2.783499717712402,-0.6186162829399109,0.7640337944030762,58.0,15.0,10253.0,2.952,425940625.0
2.365077257156372,-0.5295242667198181,0.0423046350479126,2.0,1.0,10262.0,2.424,425940648.0
3.048233032226562,-0.6841543316841125,0.2733204066753387,9.0,5.0,10265.0,3.136,425940657.0
2.839281797409058,-0.6382978558540344,0.3573209047317505,61.0,7.0,10267.0,2.932,425940661.0
2.852143526077271,-0.6422352194786072,0.4630460143089294,61.0,9.0,10269.0,2.96,425940666.0
2.82303786277771,-0.6361990571022034,0.5625049471855164,60.0,11.0,10270.0,2.948,425940671.0
0.6468417644500732,-0.1458907127380371,-0.03475107625126839,1.0,12.0,10271.0,0.664,425940673.0
2.781036615371704,-0.6277538537979126,0.6582067608833313,59.0,13.0,10272.0,2.926,425940675.0
0.9791718125343323,-0.2212046980857849,-0.01752221584320068,2.0,14.0,10273.0,1.004,425940678.0
2.792519330978394,-0.6313703060150146,0.7671396732330322,58.0,15.0,10274.0,2.964,425940680.0
2.216887950897217,-0.5048853754997253,0.03968677297234535,2.0,1.0,10283.0,2.274,425940703.0
3.098150253295898,-0.7072951197624207,0.278026819229126,10.0,5.0,10286.0,3.19,425940712.0
2.833053112030029,-0.6478150486946106,0.356833428144455,51.0,7.0,10288.0,2.928,425940717.0
2.846033096313477,-0.6513058543205261,0.4624202847480774,61.0,9.0,10289.0,2.956,425940721.0
2.81685996055603,-0.6456644535064697,0.5617417097091675,63.0,11.0,10291.0,2.944,425940726.0
0.6307291388511658,-0.1446879953145981,-0.03391369804739952,1.0,12.0,10292.0,0.648,425940728.0
2.765421867370605,-0.6348902583122253,0.6550574898719788,55.0,13.0,10293.0,2.912,425940731.0
0.9744566679000854,-0.2238964736461639,-0.01745240576565266,2.0,14.0,10294.0,1.0,425940733.0
2.782767295837402,-0.6393837332725525,0.7650691270828247,56.0,15.0,10294.0,2.956,425940735.0
2.10796046257019,-0.4878237247467041,0.03776700794696808,2.0,1.0,10303.0,2.164,425940758.0
3.084017276763916,-0.7154040336608887,0.2769809365272522,11.0,5.0,10306.0,3.178,425940767.0
2.828840970993042,-0.6572510600090027,0.3565897047519684,50.0,7.0,10308.0,2.926,425940772.0
2.822463035583496,-0.6568077206611633,0.4589787125587463,65.0,9.0,10310.0,2.934,425940777.0
2.818413019180298,-0.6563838124275208,0.5625049471855164,61.0,11.0,10311.0,2.948,425940781.0
0.6457812190055847,-0.1505156457424164,-0.03475107625126839,1.0,12.0,10312.0,0.664,425940783.0
2.76318883895874,-0.6445395350456238,0.6550574898719788,55.0,13.0,10313.0,2.912,425940786.0
0.944459080696106,-0.2204777002334595,-0.01692883484065533,2.0,14.0,10314.0,0.97,425940788.0
2.769118070602417,-0.6469418406486511,0.7619632482528687,58.0,15.0,10315.0,2.944,425940790.0
2.008996248245239,-0.4719457030296326,0.03602176532149315,2.0,1.0,10322.0,2.064,425940813.0
3.194272041320801,-0.7515628337860107,0.1719759553670883,4.0,3.0,10324.0,3.286,425940818.0
3.064173698425293,-0.7215171456336975,0.2754121422767639,13.0,5.0,10325.0,3.16,425940823.0
2.83823823928833,-0.6693621873855591,0.358052134513855,37.0,7.0,10327.0,2.938,425940827.0
2.820385694503784,-0.6656715273857117,0.4589787125587463,68.0,9.0,10328.0,2.934,425940832.0
2.804757356643677,-0.6630165576934814,0.5602152347564697,61.0,11.0,10330.0,2.936,425940836.0
0.6647146344184875,-0.1572543829679489,-0.03579779341816902,1.0,12.0,10331.0,0.684,425940839.0
2.761036157608032,-0.6536990404129028,0.6550574898719788,55.0,13.0,10332.0,2.912,425940841.0
0.9553977251052856,-0.2263747155666351,-0.01713826321065426,2.0,14.0,10333.0,0.982,425940843.0
2.752033472061157,-0.6520748138427734,0.7578221559524536,61.0,15.0,10333.0,2.928,425940846.0
1.933423042297363,-0.4613195955753326,0.03469538316130638,2.0,1.0,10342.0,1.988,425940869.0
3.174145936965942,-0.7585303783416748,0.1710339039564133,4.0,3.0,10344.0,3.268,425940873.0
3.069387674331665,-0.7340624332427979,0.2761093974113464,16.0,5.0,10345.0,3.168,425940878.0
2.803066253662109,-0.6714046001434326,0.3539085686206818,22.0,7.0,10347.0,2.904,425940883.0
2.817927122116089,-0.6760042905807495,0.4589787125587463,68.0,9.0,10349.0,2.934,425940887.0
2.787153959274292,-0.6691364645957947,0.5571622848510742,61.0,11.0,10350.0,2.92,425940892.0
0.6408577561378479,-0.153974637389183,-0.03454172983765602,1.0,12.0,10351.0,0.66,425940894.0
2.758737564086914,-0.6633328795433044,0.6550574898719788,55.0,13.0,10352.0,2.912,425940896.0
0.9312713146209717,-0.2240942418575287,-0.01671940460801125,2.0,14.0,10353.0,0.9580000000000001,425940899.0
2.751503229141235,-0.6626093983650208,0.7583398222923279,65.0,15.0,10354.0,2.93,425940901.0
1.912285447120667,-0.4636905193328857,0.0343463346362114,2.0,1.0,10363.0,1.968,425940924.0
3.171344518661499,-0.770159125328064,0.1710339039564133,5.0,3.0,10365.0,3.268,425940929.0
3.060868263244629,-0.7438957691192627,0.2755864560604095,30.0,5.0,10366.0,3.162,425940933.0
2.775512456893921,-0.6755706667900085,0.3507399559020996,18.0,7.0,10368.0,2.878,425940938.0
3.07048511505127,-0.7479358911514282,-0.3880319893360138,1.0,8.0,10369.0,3.184,425940940.0
2.807873249053955,-0.6839665174484253,0.4577272534370422,65.0,9.0,10369.0,2.926,425940942.0
2.784682512283325,-0.6793473958969116,0.5571622848510742,61.0,11.0,10371.0,2.92,425940947.0
0.6247669458389282,-0.1525328308343887,-0.03370435535907745,1.0,12.0,10372.0,0.644,425940949.0
2.741143465042114,-0.6697394847869873,0.6514582633972168,57.0,13.0,10373.0,2.896,425940952.0
0.9343286156654358,-0.2284559309482574,-0.01678921468555927,2.0,14.0,10374.0,0.962,425940954.0
2.751049995422363,-0.6726687550544739,0.7588574290275574,56.0,15.0,10374.0,2.932,425940956.0
1.899004817008972,-0.4674947559833527,0.03413690626621246,1.0,1.0,10383.0,1.956,425940979.0
3.141488313674927,-0.7745310068130493,0.1695684939622879,4.0,3.0,10385.0,3.24,425940984.0
3.065990447998047,-0.7564848065376282,0.2762837111949921,15.0,5.0,10386.0,3.17,425940989.0
2.746157646179199,-0.6785880923271179,0.3473276197910309,15.0,7.0,10388.0,2.85,425940993.0
2.801512241363525,-0.6933042407035828,0.4571014940738678,71.0,9.0,10390.0,2.922,425940998.0
2.77467155456543,-0.6871757507324219,0.5556358098983765,55.0,11.0,10391.0,2.912,425941002.0
0.624230682849884,-0.1547127515077591,-0.03370435535907745,1.0,12.0,10392.0,0.644,425941005.0
2.735006093978882,-0.6783655285835266,0.6505584716796875,55.0,13.0,10393.0,2.892,425941007.0
0.9199398756027222,-0.2283437997102737,-0.0165448822081089,2.0,14.0,10394.0,0.9480000000000001,425941009.0
2.759815216064453,-0.6855416893959045,0.7619632482528687,69.0,15.0,10395.0,2.944,425941012.0
1.848940968513489,-0.4616783261299133,0.03326428681612015,1.0,1.0,10402.0,1.906,425941035.0
3.138902425765991,-0.7849442958831787,0.1695684939622879,4.0,3.0,10404.0,3.24,425941039.0
3.078927278518677,-0.7705173492431641,0.2776781916618347,8.0,5.0,10405.0,3.186,425941044.0
2.734264612197876,-0.6852779984474182,0.3461089432239532,16.0,7.0,10407.0,2.84,425941048.0
2.780160188674927,-0.6972963809967041,0.4539728164672852,68.0,9.0,10408.0,2.902,425941053.0
2.768569469451904,-0.6954165697097778,0.5548725724220276,55.0,11.0,10410.0,2.908,425941058.0
0.6353362202644348,-0.1597033143043518,-0.03433238714933395,1.0,12.0,10411.0,0.656,425941060.0
2.721402168273926,-0.6845789551734924,0.6478590369224548,54.0,13.0,10412.0,2.88,425941062.0
0.8862113356590271,-0.223094254732132,-0.0159514993429184,2.0,14.0,10413.0,0.914,425941065.0
2.737040519714355,-0.6890208125114441,0.7562692761421204,65.0,15.0,10413.0,2.922,425941067.0
1.793042302131653,-0.4543754756450653,0.03228695318102837,1.0,1.0,10422.0,1.85,425941090.0
3.140015125274658,-0.7968789339065552,0.1697778403759003,4.0,3.0,10424.0,3.244,425941095.0
3.097460985183716,-0.7866548895835876,0.2795956134796143,7.0,5.0,10425.0,3.208,425941099.0
2.729932069778442,-0.6943289041519165,0.3458651900291443,12.0,7.0,10427.0,2.838,425941104.0
3.062620639801025,-0.7795138359069824,-0.3880319893360138,1.0,8.0,10428.0,3.184,425941106.0
2.773880481719971,-0.7060222029685974,0.4533470869064331,68.0,9.0,10428.0,2.898,425941108.0
2.758515357971191,-0.7031367421150208,0.5533460974693298,55.0,11.0,10430.0,2.9,425941113.0
0.6231631636619568,-0.1589581370353699,-0.03370435535907745,1.0,12.0,10431.0,0.644,425941115.0
2.722772359848022,-0.6950382590293884,0.6487588286399841,53.0,13.0,10432.0,2.884,425941118.0
0.8660523891448975,-0.2212369740009308,-0.01560245174914598,2.0,14.0,10433.0,0.894,425941120.0
2.715901374816895,-0.6937891840934753,0.7510928511619568,65.0,15.0,10433.0,2.902,425941122.0
1.80492115020752,-0.4644324779510498,0.03253128379583359,1.0,1.0,10443.0,1.864,425941145.0
3.158348321914673,-0.813864529132843,0.1709292382001877,4.0,3.0,10445.0,3.266,425941150.0
3.144718170166016,-0.8109375238418579,0.2841277122497559,4.0,5.0,10446.0,3.26,425941154.0
2.717758655548096,-0.7018481492996216,0.3446465134620667,11.0,7.0,10448.0,2.828,425941159.0
3.05974292755127,-0.7907336354255676,-0.3880319893360138,1.0,8.0,10449.0,3.184,425941161.0
2.76349925994873,-0.7146894931793213,0.4520955979824066,71.0,9.0,10450.0,2.89,425941164.0
0.5420284867286682,-0.1401780992746353,-0.04898152872920036,1.0,10.0,10450.0,0.562,425941166.0
2.748317241668701,-0.7112749218940735,0.5518196225166321,57.0,11.0,10451.0,2.892,425941168.0
0.6187094449996948,-0.160239577293396,-0.03349501267075539,1.0,12.0,10452.0,0.64,425941171.0
2.720206737518311,-0.7050130367279053,0.6487588286399841,54.0,13.0,10453.0,2.884,425941173.0
0.8807209134101868,-0.2284260094165802,-0.01588168926537037,2.0,14.0,10454.0,0.91,425941175.0
2.726430177688599,-0.7071338295936584,0.7547163367271423,69.0,15.0,10454.0,2.916,425941177.0
5.570895195007324,-1.456302165985107,0.3017691373825073,1.0,3.0,10465.0,5.766,425941205.0
2.701850175857544,-0.7078091502189636,0.3429403305053711,11.0,7.0,10468.0,2.814,425941214.0
2.914869070053101,-0.7641578912734985,-0.3699953258037567,1.0,8.0,10469.0,3.036,425941217.0
2.762898445129395,-0.7248328328132629,0.4524084627628326,74.0,9.0,10470.0,2.892,425941219.0
2.742019891738892,-0.719866931438446,0.5510563850402832,55.0,11.0,10471.0,2.888,425941224.0
0.577580451965332,-0.1517409086227417,-0.03129690140485764,1.0,12.0,10472.0,0.598,425941226.0
2.702651739120483,-0.7105401158332825,0.6451596021652222,57.0,13.0,10473.0,2.868,425941228.0
0.8547776937484741,-0.2248846590518951,-0.01542792748659849,2.0,14.0,10474.0,0.884,425941230.0
2.705138206481934,-0.7122034430503845,0.7495399713516235,69.0,15.0,10475.0,2.896,425941233.0
5.575430870056152,-1.478298664093018,0.3022924959659576,3.0,3.0,10485.0,5.776,425941260.0
3.882321357727051,-1.030104160308838,0.3514119684696198,19.0,5.0,10486.0,4.032,425941265.0
2.701281547546387,-0.717745840549469,0.3431840837001801,12.0,7.0,10488.0,2.816,425941270.0
2.958226442337036,-0.7865703701972961,-0.3758450448513031,1.0,8.0,10489.0,3.084,425941272.0
2.758442640304565,-0.7339648008346558,0.4520955979824066,71.0,9.0,10490.0,2.89,425941274.0
2.739490270614624,-0.7294340133666992,0.5510563850402832,58.0,11.0,10491.0,2.888,425941279.0
0.5866969227790833,-0.1563272923231125,-0.03182025998830795,1.0,12.0,10492.0,0.608,425941281.0
2.696388959884644,-0.7189656496047974,0.6442598104476929,55.0,13.0,10493.0,2.864,425941283.0
0.8269380927085876,-0.2206495106220245,-0.01493925973773003,2.0,14.0,10494.0,0.856,425941286.0
2.70276141166687,-0.7211700677871704,0.7495399713516235,69.0,15.0,10494.0,2.896,425941288.0
5.62617015838623,-1.512791275978088,0.305327981710434,3.0,3.0,10505.0,5.834000000000001,425941316.0
3.917181253433228,-1.054003357887268,0.3548981845378876,14.0,5.0,10506.0,4.072,425941320.0
2.693009376525879,-0.7256213426589966,0.3424528539180756,13.0,7.0,10508.0,2.81,425941325.0
2.982295751571655,-0.8041267991065979,-0.3792574107646942,1.0,8.0,10509.0,3.112,425941327.0
2.740606307983398,-0.7394723296165466,0.449592649936676,77.0,9.0,10510.0,2.874,425941330.0
2.736927270889282,-0.7389921545982361,0.5510563850402832,58.0,11.0,10511.0,2.888,425941334.0
0.5977163314819336,-0.161500096321106,-0.03244829177856445,1.0,12.0,10512.0,0.62,425941336.0
2.688219308853149,-0.7268474698066711,0.6429101228713989,61.0,13.0,10513.0,2.858,425941339.0
0.7991388440132141,-0.2162228375673294,-0.01445059292018414,2.0,14.0,10514.0,0.8280000000000001,425941341.0
2.690903663635254,-0.7280772924423218,0.7469517588615417,73.0,15.0,10514.0,2.886,425941343.0
5.706454277038574,-1.552548408508301,0.3099335432052612,3.0,3.0,10522.0,5.922,425941371.0
3.90808367729187,-1.064733147621155,0.3543752431869507,3.0,5.0,10524.0,4.066,425941376.0
2.700292110443115,-0.7366904616355896,0.3436715602874756,11.0,7.0,10526.0,2.82,425941380.0
2.975924730300903,-0.8124463558197021,-0.3787699341773987,1.0,8.0,10527.0,3.108,425941382.0
2.726966381072998,-0.7444791197776794,0.4477154314517975,68.0,9.0,10527.0,2.862,425941385.0
0.5400699973106384,-0.1475438326597214,-0.04898152872920036,1.0,10.0,10528.0,0.562,425941387.0
2.723229646682739,-0.7444804906845093,0.5487666726112366,58.0,11.0,10529.0,2.876,425941389.0
0.6126177906990051,-0.1675932705402374,-0.03328566998243332,1.0,12.0,10530.0,0.636,425941392.0
2.685922622680664,-0.7352891564369202,0.6429101228713989,59.0,13.0,10531.0,2.858,425941394.0
0.7830265164375305,-0.2145056277513504,-0.01417135447263718,2.0,14.0,10532.0,0.812,425941396.0
2.66065502166748,-0.7288711667060852,0.7391871809959412,58.0,15.0,10532.0,2.856,425941399.0
5.82009220123291,-1.606399536132812,0.3164231777191162,3.0,3.0,10543.0,6.046,425941426.0
7.153801441192627,-1.975859522819519,0.649310290813446,3.0,5.0,10544.0,7.45,425941431.0
2.676658153533936,-0.7402909994125366,0.340990424156189,10.0,7.0,10546.0,2.798,425941435.0
2.885064840316772,-0.7984727025032043,-0.3675579428672791,1.0,8.0,10547.0,3.016,425941438.0
2.720412015914917,-0.7534144520759583,0.4470897018909454,68.0,9.0,10548.0,2.858,425941440.0
2.713046550750732,-0.7518845200538635,0.5472401976585388,57.0,11.0,10549.0,2.868,425941445.0
0.5542904734611511,-0.1537183523178101,-0.03014551103115082,1.0,12.0,10550.0,0.5760000000000001,425941447.0
2.67958402633667,-0.7436181306838989,0.6420103311538696,59.0,13.0,10551.0,2.854,425941449.0
0.7938336730003357,-0.2204480022192001,-0.01438078284263611,2.0,14.0,10552.0,0.8240000000000001,425941452.0
2.66913366317749,-0.741721510887146,0.7422930002212524,77.0,15.0,10553.0,2.868,425941454.0
14.15501880645752,-3.957479000091553,0.7702805995941162,2.0,3.0,10562.0,14.718,425941482.0
15.10913562774658,-4.229918956756592,1.372702956199646,5.0,5.0,10564.0,15.75,425941486.0
2.675969123840332,-0.7501656413078308,0.3412341475486755,11.0,7.0,10566.0,2.8,425941491.0
2.882260084152222,-0.8085386157035828,-0.3675579428672791,1.0,8.0,10567.0,3.016,425941493.0
2.727274894714355,-0.7655752897262573,0.4486540555953979,74.0,9.0,10568.0,2.868,425941495.0
0.5390267968177795,-0.151310607790947,-0.04898152872920036,1.0,10.0,10568.0,0.562,425941498.0
2.70662522315979,-0.7602883577346802,0.5464769601821899,58.0,11.0,10569.0,2.864,425941500.0
0.5537505149841309,-0.15565225481987,-0.03014551103115082,1.0,12.0,10570.0,0.5760000000000001,425941502.0
2.66946816444397,-0.7508564591407776,0.6402106881141663,63.0,13.0,10571.0,2.846,425941505.0
0.7911344170570374,-0.2226758599281311,-0.01434587780386209,1.0,14.0,10572.0,0.8220000000000001,425941507.0
2.672238111495972,-0.7521388530731201,0.7438459396362305,65.0,15.0,10572.0,2.874,425941509.0
13.11882209777832,-3.717199087142944,0.7145951390266418,2.0,3.0,10582.0,13.654,425941537.0
15.0712776184082,-4.276108264923096,1.370611190795898,5.0,5.0,10584.0,15.726,425941541.0
2.665696144104004,-0.757331907749176,0.3402591943740845,11.0,7.0,10586.0,2.792,425941546.0
2.871782302856445,-0.8164232969284058,-0.366582989692688,1.0,8.0,10587.0,3.008,425941548.0
2.711285829544067,-0.7713069915771484,0.4464639723300934,68.0,9.0,10588.0,2.854,425941551.0
0.5384953618049622,-0.1531912386417389,-0.04898152872920036,1.0,10.0,10588.0,0.562,425941553.0
2.700178384780884,-0.7686565518379211,0.5457137227058411,58.0,11.0,10589.0,2.86,425941555.0
0.5647289156913757,-0.1608672589063644,-0.03077354282140732,1.0,12.0,10590.0,0.588,425941558.0
2.651838302612305,-0.7558964490890503,0.6366114616394043,66.0,13.0,10591.0,2.83,425941560.0
0.7691993117332458,-0.2194025069475174,-0.01396192517131567,1.0,14.0,10592.0,0.8,425941562.0
2.662165403366089,-0.7593424916267395,0.741775393486023,65.0,15.0,10592.0,2.866,425941564.0
10.44262504577637,-3.000292539596558,0.5694152116775513,2.0,3.0,10603.0,10.88,425941592.0
15.02562236785889,-4.319882392883301,1.367822170257568,7.0,5.0,10604.0,15.694,425941597.0
2.645867824554443,-0.7616898417472839,0.3380655646324158,10.0,7.0,10606.0,2.774,425941601.0
2.89943528175354,-0.8352346420288086,-0.3704828023910522,1.0,8.0,10607.0,3.04,425941604.0
2.699222326278687,-0.7775596976280212,0.4448996186256409,80.0,9.0,10607.0,2.844,425941606.0
2.70125150680542,-0.779165506362915,0.5464769601821899,58.0,11.0,10609.0,2.864,425941611.0
0.5833531618118286,-0.168376237154007,-0.03182025998830795,1.0,12.0,10610.0,0.608,425941613.0
2.645439147949219,-0.7640669941902161,0.635711669921875,66.0,13.0,10611.0,2.826,425941615.0
0.7472969889640808,-0.215978816151619,-0.01357797253876925,1.0,14.0,10612.0,0.778,425941617.0
2.650085210800171,-0.7664112448692322,0.7391871809959412,69.0,15.0,10613.0,2.856,425941620.0
8.432394027709961,-2.453028917312622,0.4602423906326294,1.0,3.0,10622.0,8.794,425941647.0
14.96645450592041,-4.359489917755127,1.363813042640686,3.0,5.0,10624.0,15.648,425941652.0
2.650815725326538,-0.7731443047523499,0.3390405178070068,10.0,7.0,10626.0,2.782,425941657.0
2.873635053634644,-0.8386766910552979,-0.3675579428672791,1.0,8.0,10627.0,3.016,425941659.0
2.688769578933716,-0.7852325439453125,0.4436481297016144,74.0,9.0,10628.0,2.836,425941661.0
2.6834397315979,-0.7841843366622925,0.5434240102767944,60.0,11.0,10629.0,2.848,425941666.0
0.5214185118675232,-0.1524734497070312,-0.02847076021134853,1.0,12.0,10630.0,0.544,425941668.0
2.646496534347534,-0.7743911743164062,0.6366114616394043,63.0,13.0,10631.0,2.83,425941670.0
0.7158325910568237,-0.2095953673124313,-0.01301949564367533,1.0,14.0,10632.0,0.746,425941673.0
2.632562637329102,-0.7713116407394409,0.7350460886955261,69.0,15.0,10633.0,2.84,425941675.0
8.236030578613281,-2.427119970321655,0.4499845504760742,3.0,3.0,10642.0,8.598,425941703.0
12.66758060455322,-3.737883329391479,1.155510783195496,5.0,5.0,10644.0,13.258,425941707.0
2.642389535903931,-0.7807052135467529,0.3383092880249023,14.0,7.0,10646.0,2.776,425941712.0
2.885919094085693,-0.8532047867774963,-0.3695078492164612,1.0,8.0,10647.0,3.032,425941714.0
2.695622444152832,-0.7969447374343872,0.4452124834060669,77.0,9.0,10647.0,2.846,425941717.0
2.673156023025513,-0.7913174629211426,0.5418975353240967,61.0,11.0,10649.0,2.84,425941721.0
0.5515232682228088,-0.1633686423301697,-0.03014551103115082,1.0,12.0,10650.0,0.5760000000000001,425941723.0
2.640040636062622,-0.7825168371200562,0.635711669921875,63.0,13.0,10651.0,2.826,425941726.0
0.7285166382789612,-0.2160730957984924,-0.01326382905244827,3.0,14.0,10652.0,0.76,425941728.0
2.629854202270508,-0.7804962992668152,0.7350460886955261,69.0,15.0,10653.0,2.84,425941730.0
7.905986785888672,-2.359882354736328,0.4323996603488922,5.0,3.0,10662.0,8.262,425941758.0
12.71935939788818,-3.801476716995239,1.161437392234802,5.0,5.0,10664.0,13.326,425941763.0
2.628237724304199,-0.7865095138549805,0.3368468582630157,15.0,7.0,10666.0,2.764,425941767.0
2.837283372879028,-0.8496067523956299,-0.3636581301689148,1.0,8.0,10667.0,2.984,425941770.0
2.689039468765259,-0.8052160739898682,0.4445867538452148,77.0,9.0,10667.0,2.842,425941772.0
2.670377731323242,-0.8006436824798584,0.5418975353240967,61.0,11.0,10669.0,2.84,425941776.0
0.5509496927261353,-0.16529281437397,-0.03014551103115082,1.0,12.0,10670.0,0.5760000000000001,425941779.0
2.626094341278076,-0.7883656620979309,0.6330122947692871,66.0,13.0,10671.0,2.814,425941781.0
0.7315882444381714,-0.21976538002491,-0.01333363819867373,3.0,14.0,10672.0,0.764,425941783.0
2.62156343460083,-0.788003146648407,0.7334931492805481,65.0,15.0,10673.0,2.834,425941786.0
6.291445732116699,-1.903094530105591,0.344475269317627,1.0,3.0,10683.0,6.582,425941813.0
14.80478286743164,-4.483928680419922,1.353354334831238,7.0,5.0,10685.0,15.528,425941818.0
2.615839004516602,-0.7932568192481995,0.3356281816959381,17.0,7.0,10687.0,2.754,425941822.0
2.864543437957764,-0.8692227602005005,-0.3675579428672791,1.0,8.0,10688.0,3.016,425941825.0
2.672838449478149,-0.8110513687133789,0.4423966705799103,74.0,9.0,10688.0,2.828,425941827.0
2.663668155670166,-0.8092842698097229,0.5411342978477478,63.0,11.0,10690.0,2.836,425941832.0
2.83960223197937,-0.8632785081863403,-0.1555424630641937,1.0,12.0,10691.0,2.972,425941834.0
2.612000703811646,-0.7945825457572937,0.6303128600120544,68.0,13.0,10692.0,2.802,425941836.0
0.7192996740341187,-0.218951404094696,-0.01312420982867479,3.0,14.0,10693.0,0.752,425941839.0
2.626189231872559,-0.7993995547294617,0.7355637550354004,65.0,15.0,10693.0,2.842,425941841.0
5.82262134552002,-1.783488273620605,0.3191446661949158,3.0,3.0,10703.0,6.098,425941869.0
18.83678817749023,-5.776963710784912,1.723766326904297,26.0,5.0,10705.0,19.778,425941873.0
2.62633752822876,-0.8064618706703186,0.3373343348503113,15.0,7.0,10707.0,2.768,425941878.0
2.831131219863892,-0.8698880076408386,-0.3636581301689148,1.0,8.0,10708.0,2.984,425941880.0
2.654885053634644,-0.8157349228858948,0.4398937225341797,74.0,9.0,10708.0,2.812,425941882.0
2.660827159881592,-0.8185772895812988,0.5411342978477478,61.0,11.0,10710.0,2.836,425941887.0
2.741128444671631,-0.8438048958778381,-0.1503088623285294,1.0,12.0,10711.0,2.872,425941889.0
2.605486392974854,-0.8025479912757874,0.6294130682945251,63.0,13.0,10712.0,2.798,425941892.0
0.6764892935752869,-0.2085030823945999,-0.01235630363225937,3.0,14.0,10713.0,0.708,425941894.0
2.606627225875854,-0.8038956522941589,0.7309049963951111,61.0,15.0,10714.0,2.824,425941896.0
5.312458992004395,-1.648545742034912,0.2915112674236298,3.0,3.0,10724.0,5.57,425941924.0
18.78416061401367,-5.832637310028076,1.720803022384644,18.0,5.0,10725.0,19.744,425941928.0
2.614028453826904,-0.8126779794692993,0.3361156582832336,12.0,7.0,10727.0,2.758,425941933.0
2.82807731628418,-0.8797652125358582,-0.3636581301689148,1.0,8.0,10728.0,2.984,425941935.0
2.657680034637451,-0.826757550239563,0.4408323168754578,77.0,9.0,10728.0,2.818,425941938.0
2.650455713272095,-0.8255250453948975,0.53960782289505,64.0,11.0,10730.0,2.828,425941942.0
2.783929347991943,-0.8676304817199707,-0.1528209894895554,1.0,12.0,10731.0,2.92,425941945.0
2.59894847869873,-0.810477614402771,0.6285132169723511,66.0,13.0,10732.0,2.794,425941947.0
0.6872109174728394,-0.2144371569156647,-0.01256573293358088,3.0,14.0,10733.0,0.72,425941949.0
2.59288215637207,-0.8090824484825134,0.7277991771697998,58.0,15.0,10733.0,2.812,425941952.0
4.656914234161377,-1.46295964717865,0.2558181583881378,3.0,3.0,10744.0,4.888,425941979.0
12.00480651855469,-3.773586511611938,1.100951313972473,5.0,5.0,10745.0,12.632,425941984.0
2.613069295883179,-0.8223935961723328,0.3363593816757202,14.0,7.0,10747.0,2.76,425941988.0
2.824989318847656,-0.8896316885948181,-0.3636581301689148,1.0,8.0,10748.0,2.984,425941991.0
2.648979663848877,-0.8347118496894836,0.4398937225341797,80.0,9.0,10749.0,2.812,425941993.0
2.63257884979248,-0.8300489187240601,0.5365548729896545,64.0,11.0,10750.0,2.812,425941998.0
2.784693241119385,-0.878544807434082,-0.1530303359031677,1.0,12.0,10751.0,2.924,425942000.0
2.599820137023926,-0.820717990398407,0.6294130682945251,70.0,13.0,10752.0,2.798,425942002.0
0.6712035536766052,-0.2120161056518555,-0.01228649448603392,3.0,14.0,10753.0,0.704,425942005.0
2.595425367355347,-0.8203269839286804,0.7293520569801331,73.0,15.0,10754.0,2.818,425942007.0
4.335823535919189,-1.378736615180969,0.2384426146745682,3.0,3.0,10764.0,4.556,425942034.0
11.97067642211914,-3.808822870254517,1.099033951759338,5.0,5.0,10765.0,12.61,425942039.0
2.585593938827515,-0.8236768245697021,0.3331907987594604,13.0,7.0,10767.0,2.734,425942044.0
2.859693288803101,-0.9115447998046875,-0.3685328960418701,1.0,8.0,10768.0,3.024,425942046.0
2.636786699295044,-0.8404919505119324,0.4383293688297272,68.0,9.0,10768.0,2.802,425942048.0
2.807405710220337,-0.8954176306724548,-0.2578066885471344,1.0,10.0,10769.0,2.958,425942051.0
2.625924825668335,-0.8380395174026489,0.5357916355133057,66.0,11.0,10770.0,2.808,425942053.0
2.770194053649902,-0.8846144676208496,-0.1524023115634918,1.0,12.0,10771.0,2.912,425942055.0
2.585801839828491,-0.8262292742729187,0.6267136335372925,70.0,13.0,10772.0,2.786,425942058.0
0.6514122486114502,-0.2082680463790894,-0.01193744596093893,3.0,14.0,10773.0,0.684,425942060.0
2.587170600891113,-0.8271642923355103,0.7277991771697998,61.0,15.0,10773.0,2.812,425942062.0
3.889900922775269,-1.251906871795654,0.2141587287187576,2.0,3.0,10784.0,4.092000000000001,425942090.0
11.96110153198242,-3.851806640625,1.099382519721985,5.0,5.0,10785.0,12.614,425942094.0
2.59026026725769,-0.8351337909698486,0.3341657519340515,14.0,7.0,10787.0,2.742,425942099.0
2.8187096118927,-0.9093319773674011,-0.3636581301689148,1.0,8.0,10788.0,2.984,425942101.0
2.641207933425903,-0.8525778651237488,0.4395808577537537,83.0,9.0,10789.0,2.81,425942104.0
2.842184066772461,-0.9174526929855347,-0.2612929046154022,1.0,10.0,10789.0,2.998,425942106.0
2.622983455657959,-0.8472005724906921,0.5357916355133057,61.0,11.0,10790.0,2.808,425942108.0
2.767089128494263,-0.8942788243293762,-0.1524023115634918,1.0,12.0,10791.0,2.912,425942110.0
2.571776866912842,-0.8316527605056763,0.6240141987800598,70.0,13.0,10792.0,2.774,425942113.0
0.6563889980316162,-0.2123874723911285,-0.0120421601459384,3.0,14.0,10793.0,0.6900000000000001,425942115.0
2.587797403335571,-0.8378313183784485,0.7288344502449036,56.0,15.0,10794.0,2.816,425942117.0
3.680825471878052,-1.197393298149109,0.2028541713953018,2.0,3.0,10802.0,3.876,425942145.0
11.89968299865723,-3.873331069946289,1.094850420951843,5.0,5.0,10803.0,12.562,425942150.0
2.572524785995483,-0.8383466005325317,0.332215815782547,13.0,7.0,10805.0,2.726,425942154.0
2.815839052200317,-0.9181827306747437,-0.3636581301689148,1.0,8.0,10806.0,2.984,425942157.0
2.623642206192017,-0.8555116057395935,0.4370779097080231,77.0,9.0,10806.0,2.794,425942159.0
2.801405429840088,-0.9140172004699707,-0.2578066885471344,1.0,10.0,10807.0,2.958,425942161.0
2.624041557312012,-0.8566552996635437,0.5365548729896545,66.0,11.0,10808.0,2.812,425942163.0
2.821222066879272,-0.9215725660324097,-0.1555424630641937,1.0,12.0,10809.0,2.972,425942166.0
2.572855949401855,-0.8409389853477478,0.6249140501022339,70.0,13.0,10810.0,2.778,425942168.0
0.6215071678161621,-0.2032599151134491,-0.01141387410461903,1.0,14.0,10811.0,0.654,425942170.0
2.566938638687134,-0.8395007252693176,0.72365802526474,58.0,15.0,10811.0,2.796,425942173.0
3.485013961791992,-1.147162437438965,0.1922823041677475,3.0,3.0,10822.0,3.674,425942200.0
6.907216548919678,-2.274985551834106,0.6362369060516357,1.0,5.0,10823.0,7.3,425942205.0
2.584664583206177,-0.8522945642471313,0.3341657519340515,10.0,7.0,10825.0,2.742,425942210.0
2.81261682510376,-0.9280062317848206,-0.3636581301689148,1.0,8.0,10826.0,2.984,425942212.0
2.618613243103027,-0.8645027279853821,0.4367650151252747,80.0,9.0,10827.0,2.792,425942214.0
2.798197746276855,-0.9237903356552124,-0.2578066885471344,1.0,10.0,10827.0,2.958,425942216.0
2.609850406646729,-0.8621149063110352,0.5342651605606079,64.0,11.0,10828.0,2.8,425942219.0
2.817988157272339,-0.9314148426055908,-0.1555424630641937,1.0,12.0,10829.0,2.972,425942221.0
2.553253173828125,-0.8444077968597412,0.6208649277687073,68.0,13.0,10830.0,2.76,425942223.0
0.5980124473571777,-0.1978894919157028,-0.01099501643329859,1.0,14.0,10831.0,0.63,425942226.0
2.554674625396729,-0.8458672761917114,0.721069872379303,54.0,15.0,10832.0,2.786,425942228.0
3.206223249435425,-1.067811727523804,0.1771048754453659,3.0,3.0,10842.0,3.384,425942256.0
13.15012836456299,-4.382113933563232,1.212684988975525,3.0,5.0,10843.0,13.914,425942260.0
2.6343994140625,-0.8789021372795105,0.340990424156189,8.0,7.0,10845.0,2.798,425942265.0
2.608237028121948,-0.8706796765327454,0.4355135560035706,74.0,9.0,10846.0,2.784,425942269.0
0.5310227870941162,-0.1773686110973358,-0.04898152872920036,1.0,10.0,10847.0,0.562,425942272.0
2.599376916885376,-0.8687305450439453,0.5327386856079102,63.0,11.0,10848.0,2.792,425942274.0
2.814719676971436,-0.9412457942962646,-0.1555424630641937,1.0,12.0,10849.0,2.972,425942276.0
2.557682275772095,-0.85578852891922,0.6226645112037659,76.0,13.0,10850.0,2.768,425942279.0
0.5556005835533142,-0.1860091835260391,-0.01022711023688316,1.0,14.0,10851.0,0.586,425942281.0
2.555519580841064,-0.855560839176178,0.7221051454544067,54.0,15.0,10851.0,2.79,425942283.0
3.047273635864258,-1.026705145835876,0.1685217767953873,4.0,3.0,10862.0,3.22,425942311.0
8.57903003692627,-2.89216423034668,0.7920714020729065,5.0,5.0,10863.0,9.088000000000001,425942316.0
2.764856100082397,-0.9331637620925903,0.3582958579063416,9.0,7.0,10865.0,2.94,425942320.0
2.610642671585083,-0.88213050365448,0.4364521503448486,77.0,9.0,10867.0,2.79,425942325.0
2.791680335998535,-0.9433028101921082,-0.2578066885471344,1.0,10.0,10867.0,2.958,425942327.0
2.587029457092285,-0.8746548295021057,0.5308306217193604,68.0,11.0,10868.0,2.782,425942329.0
2.762226581573486,-0.9344248175621033,-0.1528209894895554,1.0,12.0,10869.0,2.92,425942332.0
2.543604373931885,-0.8609625697135925,0.6199650764465332,64.0,13.0,10870.0,2.756,425942334.0
0.5625239610671997,-0.1905132979154587,-0.01036672946065664,1.0,14.0,10871.0,0.594,425942336.0
2.548707246780396,-0.8636814951896667,0.721069872379303,54.0,15.0,10872.0,2.786,425942339.0
1.041155576705933,-0.3544382750988007,0.01919764652848244,2.0,1.0,10880.0,1.1,425942362.0
2.89621376991272,-0.987079918384552,0.1603573709726334,4.0,3.0,10882.0,3.064,425942366.0
6.877357482910156,-2.34526252746582,0.6357139945030212,3.0,5.0,10883.0,7.294,425942371.0
2.878056764602661,-0.982573926448822,0.3734076619148254,10.0,7.0,10885.0,3.064,425942375.0
2.802744626998901,-0.9574084877967834,-0.3636581301689148,1.0,8.0,10886.0,2.984,425942378.0
2.589009761810303,-0.8843973278999329,0.433323472738266,65.0,9.0,10886.0,2.77,425942380.0
2.58210301399231,-0.8830446004867554,0.5304490327835083,66.0,11.0,10888.0,2.78,425942385.0
2.808079957962036,-0.9608731269836426,-0.1555424630641937,1.0,12.0,10889.0,2.972,425942387.0
2.535052537918091,-0.8679424524307251,0.6186153888702393,68.0,13.0,10890.0,2.75,425942389.0
0.5542884469032288,-0.1898834407329559,-0.01022711023688316,1.0,14.0,10891.0,0.586,425942392.0
2.553139448165894,-0.8746328949928284,0.7231404185295105,36.0,15.0,10891.0,2.794,425942394.0
1.011550784111023,-0.3483048677444458,0.01867407560348511,2.0,1.0,10900.0,1.07,425942417.0
2.726587533950806,-0.9399040937423706,0.1511462479829788,4.0,3.0,10902.0,2.888,425942422.0
17.61262130737305,-6.074828624725342,1.629986643791199,15.0,5.0,10903.0,18.702,425942426.0
2.908384323120117,-1.004276871681213,0.3777949512004852,11.0,7.0,10905.0,3.1,425942431.0
2.799385547637939,-0.9671860337257385,-0.3636581301689148,1.0,8.0,10906.0,2.984,425942433.0
2.57470440864563,-0.8895588517189026,0.4314462542533875,59.0,9.0,10906.0,2.758,425942435.0
2.579005002975464,-0.8920524716377258,0.5304490327835083,64.0,11.0,10908.0,2.78,425942440.0
2.80470871925354,-0.9706693291664124,-0.1555424630641937,1.0,12.0,10909.0,2.972,425942442.0
2.528324365615845,-0.8755108118057251,0.61771559715271,68.0,13.0,10910.0,2.746,425942445.0
0.5007163882255554,-0.1734864711761475,-0.009249775670468807,1.0,14.0,10911.0,0.53,425942447.0
2.542769432067871,-0.8810098767280579,0.721069872379303,39.0,15.0,10911.0,2.786,425942449.0
1.004602313041687,-0.3500361740589142,0.01856935955584049,2.0,1.0,10921.0,1.064,425942472.0
2.568486928939819,-0.8959500193595886,0.1425631493330002,4.0,3.0,10923.0,2.724,425942477.0
17.54508972167969,-6.123584270477295,1.625803232192993,25.0,5.0,10924.0,18.654,425942481.0
2.910305738449097,-1.016894221305847,0.3785261809825897,14.0,7.0,10926.0,3.106,425942486.0
2.573134422302246,-0.9000906348228455,0.4317591190338135,42.0,9.0,10928.0,2.76,425942491.0
2.564599752426147,-0.8976076245307922,0.5281593203544617,64.0,11.0,10929.0,2.768,425942495.0
2.752121925354004,-0.9637793898582458,-0.1528209894895554,1.0,12.0,10930.0,2.92,425942498.0
2.521420240402222,-0.8834828734397888,0.6168158054351807,70.0,13.0,10931.0,2.742,425942500.0
2.524938821792603,-0.8852105140686035,0.7169287800788879,61.0,15.0,10932.0,2.77,425942504.0
0.9958301782608032,-0.3508825302124023,0.01842974126338959,2.0,1.0,10941.0,1.056,425942528.0
2.446682691574097,-0.8630531430244446,0.1359688192605972,5.0,3.0,10943.0,2.598,425942532.0
2.899251699447632,-1.024401545524597,0.3775512278079987,12.0,7.0,10946.0,3.098,425942541.0
2.560665369033813,-0.9057733416557312,0.430194765329361,27.0,9.0,10948.0,2.75,425942546.0
2.548495769500732,-0.9019690752029419,0.5254879593849182,68.0,11.0,10949.0,2.754,425942551.0
2.72614860534668,-0.9653798341751099,-0.1515649259090424,1.0,12.0,10950.0,2.896,425942553.0
2.51832103729248,-0.8922789096832275,0.6168158054351807,70.0,13.0,10951.0,2.742,425942555.0
2.519856691360474,-0.8938131332397461,0.7164111137390137,58.0,15.0,10953.0,2.768,425942560.0
0.9682875871658325,-0.3447916805744171,0.0179410744458437,2.0,1.0,10960.0,1.028,425942583.0
2.334691762924194,-0.83226478099823,0.1298978477716446,4.0,3.0,10962.0,2.482,425942587.0
6.774507999420166,-2.416291475296021,0.6292644739151001,4.0,5.0,10963.0,7.22,425942592.0
2.918272495269775,-1.042020559310913,0.3804760873317719,12.0,7.0,10965.0,3.122,425942597.0
2.544626951217651,-0.9096054434776306,0.4280046820640564,28.0,9.0,10967.0,2.736,425942601.0
2.539944887161255,-0.9084317684173584,0.5243431329727173,66.0,11.0,10968.0,2.748,425942606.0
2.7229323387146,-0.9744147658348083,-0.1515649259090424,1.0,12.0,10969.0,2.896,425942608.0
2.504340171813965,-0.8966835737228394,0.614116370677948,72.0,13.0,10970.0,2.73,425942610.0
2.520673513412476,-0.903028130531311,0.7174463868141174,58.0,15.0,10971.0,2.772,425942615.0
0.9557892680168152,-0.3441053032875061,0.01773164421319962,2.0,1.0,10980.0,1.016,425942638.0
2.239704132080078,-0.8072263598442078,0.1247689202427864,4.0,3.0,10982.0,2.384,425942643.0
6.771655082702637,-2.441951751708984,0.6297873854637146,4.0,5.0,10983.0,7.226,425942647.0
3.007974863052368,-1.085903763771057,0.3926630318164825,17.0,7.0,10985.0,3.222,425942652.0
2.521000623703003,-0.9110968708992004,0.4245631396770477,18.0,9.0,10987.0,2.714,425942657.0
2.544143438339233,-0.9199627637863159,0.525869607925415,66.0,11.0,10988.0,2.756,425942661.0
2.681951999664307,-0.9703236818313599,-0.1494714915752411,1.0,12.0,10989.0,2.856,425942663.0
2.499362468719482,-0.9047566056251526,0.6136664748191833,66.0,13.0,10990.0,2.728,425942666.0
2.517505884170532,-0.9118214249610901,0.7174463868141174,56.0,15.0,10991.0,2.772,425942670.0
0.9319738745689392,-0.3393949866294861,0.01731278747320175,3.0,1.0,11001.0,0.992,425942693.0
2.146797180175781,-0.7822190523147583,0.1197446659207344,5.0,3.0,11002.0,2.288,425942698.0
6.777633666992188,-2.472216844558716,0.6311818957328796,2.0,5.0,11004.0,7.242,425942703.0
2.990921974182129,-1.092154979705811,0.390956848859787,6.0,7.0,11006.0,3.208,425942707.0
2.499250888824463,-0.9131123423576355,0.4214344620704651,19.0,9.0,11007.0,2.694,425942712.0
2.529691696166992,-0.9252350926399231,0.5235798954963684,63.0,11.0,11009.0,2.744,425942716.0
2.652118921279907,-0.9705377221107483,-0.1480060815811157,1.0,12.0,11010.0,2.828,425942719.0
2.496029615402222,-0.9139111638069153,0.6136664748191833,64.0,13.0,11011.0,2.728,425942721.0
2.49782133102417,-0.9150616526603699,0.7127876281738281,65.0,15.0,11012.0,2.754,425942726.0
0.9195240139961243,-0.3385011851787567,0.01710335910320282,3.0,1.0,11021.0,0.98,425942749.0
2.067079782485962,-0.7617663145065308,0.1154531165957451,5.0,3.0,11023.0,2.206,425942753.0
6.770832061767578,-2.496549367904663,0.6313561797142029,3.0,5.0,11024.0,7.244,425942758.0
3.165869951248169,-1.168578863143921,0.4143557548522949,4.0,7.0,11026.0,3.4,425942762.0
2.507004976272583,-0.9263745546340942,0.4233116507530212,21.0,9.0,11028.0,2.706,425942767.0
0.5251556038856506,-0.194052591919899,-0.04898152872920036,1.0,10.0,11028.0,0.562,425942769.0
2.530129432678223,-0.935421347618103,0.5243431329727173,74.0,11.0,11029.0,2.748,425942772.0
2.6899254322052,-0.9950336813926697,-0.1503088623285294,1.0,12.0,11030.0,2.872,425942774.0
2.487341403961182,-0.9205891489982605,0.6123167872428894,59.0,13.0,11031.0,2.722,425942776.0
2.496262311935425,-0.924881637096405,0.7133052945137024,69.0,15.0,11033.0,2.756,425942781.0
0.8809108734130859,-0.3276078104972839,0.01640526205301285,3.0,1.0,11040.0,0.9400000000000001,425942804.0
1.972954630851746,-0.7341272234916687,0.1103241965174675,4.0,3.0,11041.0,2.108,425942809.0
6.740111351013184,-2.510642766952515,0.6292644739151001,4.0,5.0,11043.0,7.22,425942813.0
3.288456439971924,-1.226233720779419,0.4309299886226654,4.0,7.0,11045.0,3.536,425942818.0
2.479860782623291,-0.9257022738456726,0.4192443788051605,17.0,9.0,11047.0,2.68,425942822.0
2.50862193107605,-0.9369373321533203,0.5205269455909729,64.0,11.0,11048.0,2.728,425942827.0
2.645451307296753,-0.9885674715042114,-0.1480060815811157,1.0,12.0,11049.0,2.828,425942829.0
2.480624437332153,-0.9274674654006958,0.6114169359207153,59.0,13.0,11050.0,2.718,425942832.0
2.496963262557983,-0.9340730309486389,0.7143405675888062,61.0,15.0,11051.0,2.76,425942836.0
0.8666591048240662,-0.3257557451725006,0.01616092771291733,3.0,1.0,11060.0,0.926,425942859.0
1.895602703094482,-0.7128878235816956,0.1061373203992844,5.0,3.0,11061.0,2.028,425942864.0
6.695878505706787,-2.520817279815674,0.6259525418281555,4.0,5.0,11063.0,7.182,425942868.0
3.312019348144531,-1.24820601940155,0.4345860779285431,4.0,7.0,11065.0,3.566,425942873.0
0.4792174994945526,-0.1806989759206772,-0.06288458406925201,1.0,8.0,11066.0,0.516,425942875.0
2.487703561782837,-0.9385366439819336,0.4211215674877167,19.0,9.0,11067.0,2.692,425942878.0
2.505336046218872,-0.9456883668899536,0.5205269455909729,63.0,11.0,11068.0,2.728,425942882.0
2.653195142745972,-1.002029776573181,-0.1486341208219528,1.0,12.0,11069.0,2.84,425942885.0
2.473726034164429,-0.9347431659698486,0.610517144203186,63.0,13.0,11070.0,2.714,425942887.0
2.481038331985474,-0.9380011558532715,0.7107170820236206,65.0,15.0,11071.0,2.746,425942891.0
0.8579823970794678,-0.3260882794857025,0.01602130942046642,3.0,1.0,11081.0,0.918,425942914.0
1.814449310302734,-0.6903319954872131,0.1017410978674889,4.0,3.0,11083.0,1.944,425942919.0
6.667973518371582,-2.538253784179688,0.6242094039916992,5.0,5.0,11084.0,7.162,425942924.0
3.342666864395142,-1.273767113685608,0.4392171204090118,4.0,7.0,11086.0,3.604,425942928.0
2.484412431716919,-0.9472146034240723,0.4211215674877167,18.0,9.0,11087.0,2.692,425942933.0
2.501853227615356,-0.9548645615577698,0.5205269455909729,63.0,11.0,11089.0,2.728,425942938.0
2.634577989578247,-1.006047487258911,-0.1477967351675034,1.0,12.0,11090.0,2.824,425942940.0
2.459360837936401,-0.9396304488182068,0.6078177690505981,61.0,13.0,11091.0,2.702,425942942.0
2.488244771957397,-0.9516613483428955,0.7138229012489319,65.0,15.0,11093.0,2.758,425942947.0
0.8325710892677307,-0.3197608292102814,0.01556754671037197,3.0,1.0,11101.0,0.892,425942970.0
1.786049246788025,-0.6863154768943787,0.1002756953239441,4.0,3.0,11102.0,1.916,425942974.0
6.65721321105957,-2.560798645019531,0.624035120010376,6.0,5.0,11104.0,7.16,425942979.0
3.371545076370239,-1.298267483711243,0.4436044096946716,5.0,7.0,11106.0,3.64,425942984.0
2.455119371414185,-0.9463672637939453,0.4167414009571075,15.0,9.0,11108.0,2.664,425942988.0
2.498504877090454,-0.9635918140411377,0.5205269455909729,61.0,11.0,11109.0,2.728,425942993.0
2.612416505813599,-1.008047699928284,-0.1467500180006027,1.0,12.0,11110.0,2.804,425942995.0
2.456066131591797,-0.9482095241546631,0.6078177690505981,61.0,13.0,11111.0,2.702,425942997.0
2.470491886138916,-0.9547699093818665,0.7096818089485168,65.0,15.0,11113.0,2.742,425943002.0
0.8389636278152466,-0.3254125416278839,0.01570716500282288,3.0,1.0,11120.0,0.9,425943025.0
1.739076375961304,-0.6748924851417542,0.09776356816291809,4.0,3.0,11121.0,1.868,425943030.0
6.624541759490967,-2.573481559753418,0.6217690706253052,5.0,5.0,11123.0,7.134,425943034.0
3.396823406219482,-1.320952296257019,0.4475042223930359,9.0,7.0,11125.0,3.672,425943039.0
2.452134132385254,-0.9540755748748779,0.4167414009571075,15.0,9.0,11126.0,2.664,425943044.0
2.487978219985962,-0.9690217971801758,0.5190004706382751,64.0,11.0,11128.0,2.72,425943048.0
2.638834714889526,-1.028308153152466,-0.1484247744083405,1.0,12.0,11129.0,2.836,425943050.0
2.449276924133301,-0.9549331665039062,0.6069179177284241,63.0,13.0,11130.0,2.698,425943053.0
2.458313941955566,-0.9594452381134033,0.7070936560630798,69.0,15.0,11132.0,2.732,425943057.0
0.815480649471283,-0.319583386182785,0.01528830826282501,3.0,1.0,11140.0,0.876,425943080.0
1.695802450180054,-0.6649191379547119,0.09546078741550446,3.0,3.0,11141.0,1.824,425943085.0
6.617372989654541,-2.597317934036255,0.6219433546066284,5.0,5.0,11143.0,7.136,425943090.0
3.392191648483276,-1.332801461219788,0.4475042223930359,8.0,7.0,11145.0,3.672,425943094.0
0.476647824048996,-0.1873722821474075,-0.06288458406925201,1.0,8.0,11146.0,0.516,425943097.0
2.44143533706665,-0.959738552570343,0.4154899418354034,15.0,9.0,11146.0,2.656,425943099.0
2.477272987365723,-0.9748249650001526,0.5174739956855774,77.0,11.0,11148.0,2.712,425943103.0
2.601777791976929,-1.024343013763428,-0.1465406715869904,1.0,12.0,11149.0,2.8,425943106.0
2.449554920196533,-0.964905321598053,0.6078177690505981,66.0,13.0,11150.0,2.702,425943108.0
2.449558258056641,-0.9658945798873901,0.7055407166481018,65.0,15.0,11152.0,2.726,425943113.0
0.8032600283622742,-0.3178709745407104,0.01507887896150351,3.0,1.0,11159.0,0.864,425943136.0
1.647163033485413,-0.6521579623222351,0.09284398704767227,3.0,3.0,11160.0,1.774,425943140.0
6.610575675964355,-2.61998176574707,0.6221176981925964,5.0,5.0,11162.0,7.138,425943145.0
3.420966625213623,-1.357219934463501,0.4518915116786957,6.0,7.0,11164.0,3.708,425943149.0
2.454763412475586,-0.9743884205818176,0.4183057546615601,17.0,9.0,11165.0,2.674,425943154.0
2.738675832748413,-1.087637305259705,-0.2578066885471344,1.0,10.0,11166.0,2.958,425943156.0
2.470377683639526,-0.9815846681594849,0.5167107582092285,64.0,11.0,11167.0,2.708,425943159.0
2.616926431655884,-1.040343523025513,-0.1475874036550522,1.0,12.0,11168.0,2.82,425943161.0
2.439098596572876,-0.970142126083374,0.6060181260108948,59.0,13.0,11169.0,2.694,425943163.0
2.448306798934937,-0.9742996096611023,0.7060583829879761,61.0,15.0,11170.0,2.728,425943168.0
0.7891478538513184,-0.3154768645763397,0.01483454555273056,3.0,1.0,11179.0,0.85,425943191.0
1.583680391311646,-0.6334269642829895,0.08938981592655182,4.0,3.0,11180.0,1.708,425943196.0
6.588442325592041,-2.637856960296631,0.6208975315093994,5.0,5.0,11182.0,7.124000000000001,425943200.0
3.591256618499756,-1.439309239387512,0.475046694278717,8.0,7.0,11184.0,3.898,425943205.0
2.445846796035767,-0.9807456731796265,0.417367160320282,17.0,9.0,11185.0,2.668,425943209.0
2.686785221099854,-1.077902436256409,-0.2532745897769928,1.0,10.0,11186.0,2.906,425943212.0
2.463292360305786,-0.9887392520904541,0.5159475207328796,64.0,11.0,11187.0,2.704,425943214.0
2.624399185180664,-1.053937792778015,-0.1482154279947281,1.0,12.0,11188.0,2.832,425943216.0
2.424847841262817,-0.9742910265922546,0.6033187508583069,59.0,13.0,11189.0,2.682,425943219.0
2.435757637023926,-0.9796621799468994,0.7034701704978943,45.0,15.0,11191.0,2.718,425943223.0
0.8010213375091553,-0.3234710097312927,0.01507887896150351,3.0,1.0,11199.0,0.864,425943246.0
1.540610909461975,-0.622759997844696,0.08708702772855759,3.0,3.0,11201.0,1.664,425943251.0
6.57550048828125,-2.659344911575317,0.6205489039421082,5.0,5.0,11202.0,7.12,425943255.0
3.827254056930542,-1.54941987991333,0.5069764852523804,9.0,7.0,11204.0,4.16,425943260.0
2.436915874481201,-0.9870525002479553,0.4164285361766815,18.0,9.0,11205.0,2.662,425943265.0
2.660847902297974,-1.078294992446899,-0.2511828541755676,1.0,10.0,11206.0,2.882,425943267.0
2.463464736938477,-0.9988070726394653,0.5167107582092285,64.0,11.0,11207.0,2.708,425943269.0
2.624405860900879,-1.06459379196167,-0.1484247744083405,1.0,12.0,11208.0,2.836,425943272.0
2.423238039016724,-0.9834822416305542,0.6037686467170715,55.0,13.0,11209.0,2.684,425943274.0
2.418176412582397,-0.9819195866584778,0.6993290781974792,26.0,15.0,11210.0,2.702,425943279.0
0.7776682376861572,-0.3172022104263306,0.01466002129018307,3.0,1.0,11219.0,0.84,425943302.0
1.503295302391052,-0.6137895584106445,0.0850982666015625,3.0,3.0,11221.0,1.626,425943306.0
6.569866180419922,-2.683788299560547,0.6208975315093994,4.0,5.0,11222.0,7.124000000000001,425943311.0
3.86408257484436,-1.580050706863403,0.5125824809074402,10.0,7.0,11224.0,4.206,425943315.0
2.418656349182129,-0.989991307258606,0.4139255881309509,16.0,9.0,11226.0,2.646,425943320.0
2.660755395889282,-1.089085936546326,-0.2515314817428589,1.0,10.0,11226.0,2.886,425943322.0
2.45451283454895,-1.005168080329895,0.5155659317970276,68.0,11.0,11227.0,2.702,425943325.0
2.616977453231812,-1.0722336769104,-0.1482154279947281,1.0,12.0,11228.0,2.832,425943327.0
2.417987108230591,-0.991195797920227,0.6033187508583069,63.0,13.0,11229.0,2.682,425943329.0
2.402050495147705,-0.9856424927711487,0.6957055926322937,17.0,15.0,11231.0,2.688,425943334.0
0.7580122947692871,-0.3124301135540009,0.01431097369641066,3.0,1.0,11240.0,0.8200000000000001,425943357.0
1.467802286148071,-0.605583906173706,0.083214171230793,3.0,3.0,11242.0,1.59,425943361.0
6.670485019683838,-2.753462314605713,0.6313561797142029,4.0,5.0,11243.0,7.244,425943366.0
3.878446578979492,-1.602541327476501,0.515263557434082,9.0,7.0,11245.0,4.228,425943371.0
2.415185928344727,-0.9984279274940491,0.4139255881309509,16.0,9.0,11246.0,2.646,425943375.0
2.441741704940796,-1.010404109954834,0.513657808303833,64.0,11.0,11248.0,2.692,425943380.0
2.590885639190674,-1.072650194168091,-0.1469593644142151,1.0,12.0,11249.0,2.808,425943382.0
2.414337873458862,-1.000051498413086,0.6033187508583069,61.0,13.0,11250.0,2.682,425943385.0
2.353978633880615,-0.9755312204360962,0.6827646493911743,8.0,15.0,11251.0,2.638,425943389.0
0.7347633838653564,-0.305852472782135,0.01389211509376764,3.0,1.0,11260.0,0.796,425943412.0
1.436181545257568,-0.5984129309654236,0.08153942227363586,3.0,3.0,11262.0,1.558,425943417.0
6.750943660736084,-2.814294815063477,0.6398974657058716,4.0,5.0,11263.0,7.342000000000001,425943421.0
3.898477077484131,-1.626772403717041,0.5186759233474731,6.0,7.0,11265.0,4.256,425943426.0
2.733131647109985,-1.14105236530304,-0.3636581301689148,1.0,8.0,11266.0,2.984,425943428.0
2.418801307678223,-1.010318756103516,0.4151770770549774,18.0,9.0,11267.0,2.654,425943431.0
2.627155780792236,-1.097347140312195,-0.2490911185741425,1.0,10.0,11267.0,2.858,425943433.0
2.438199996948242,-1.018921256065369,0.513657808303833,66.0,11.0,11268.0,2.692,425943435.0
2.609237909317017,-1.090932726860046,-0.1482154279947281,1.0,12.0,11269.0,2.832,425943437.0
2.40004563331604,-1.003960847854614,0.6006193161010742,61.0,13.0,11270.0,2.67,425943440.0
2.38602614402771,-0.999075174331665,0.6931173801422119,33.0,15.0,11272.0,2.678,425943444.0
0.7263708114624023,-0.3051890134811401,0.01375249586999416,1.0,1.0,11279.0,0.788,425943467.0
1.402891039848328,-0.5900092720985413,0.07976000010967255,3.0,3.0,11281.0,1.524,425943472.0
6.802176475524902,-2.862166166305542,0.6456497311592102,4.0,5.0,11282.0,7.408,425943477.0
3.984533309936523,-1.678217768669128,0.5308628678321838,4.0,7.0,11284.0,4.356,425943481.0
2.415615320205688,-1.017912626266479,0.4151770770549774,20.0,9.0,11285.0,2.654,425943486.0
2.427572011947632,-1.023949027061462,0.5121313333511353,64.0,11.0,11287.0,2.684,425943490.0
2.59824538230896,-1.096473217010498,-0.1477967351675034,1.0,12.0,11288.0,2.824,425943493.0
2.389522075653076,-1.008882164955139,0.5988197326660156,61.0,13.0,11289.0,2.662,425943495.0
2.352622747421265,-0.9937867522239685,0.6843175292015076,17.0,15.0,11290.0,2.644,425943500.0
0.7105741500854492,-0.3014744818210602,0.0134732574224472,1.0,1.0,11299.0,0.772,425943523.0
1.364055991172791,-0.5792884230613708,0.07766655832529068,3.0,3.0,11301.0,1.484,425943527.0
6.856324672698975,-2.913162231445312,0.6517506241798401,3.0,5.0,11302.0,7.478,425943532.0
4.219781398773193,-1.794668674468994,0.5630363821983337,4.0,7.0,11304.0,4.62,425943537.0
2.39551043510437,-1.019795775413513,0.4123612642288208,17.0,9.0,11306.0,2.636,425943541.0
2.427595376968384,-1.033955216407776,0.5128945708274841,61.0,11.0,11307.0,2.688,425943546.0
2.594402074813843,-1.105536103248596,-0.1477967351675034,1.0,12.0,11308.0,2.824,425943548.0
2.366266965866089,-1.00881028175354,0.5938707590103149,18.0,13.0,11309.0,2.64,425943550.0
2.400492429733276,-1.024392008781433,0.6993290781974792,41.0,15.0,11311.0,2.702,425943555.0
0.698488712310791,-0.2992283403873444,0.01326382905244827,1.0,1.0,11319.0,0.76,425943578.0
1.347340703010559,-0.5777493119239807,0.07682918012142181,3.0,3.0,11321.0,1.468,425943583.0
6.904706478118896,-2.962214231491089,0.6573286056518555,3.0,5.0,11322.0,7.542,425943587.0
4.29010009765625,-1.842285513877869,0.5732734203338623,4.0,7.0,11324.0,4.704,425943592.0
2.630042791366577,-1.129955530166626,-0.3514711856842041,1.0,8.0,11325.0,2.884,425943594.0
2.390300750732422,-1.026954174041748,0.4120483696460724,17.0,9.0,11325.0,2.634,425943596.0
2.416757345199585,-1.039320349693298,0.5113680958747864,64.0,11.0,11327.0,2.68,425943601.0
2.594196557998657,-1.116164207458496,-0.1480060815811157,1.0,12.0,11328.0,2.828,425943603.0
2.335881948471069,-1.00550639629364,0.5871222615242004,24.0,13.0,11329.0,2.61,425943606.0
2.389985084533691,-1.029290199279785,0.6972585320472717,52.0,15.0,11330.0,2.694,425943610.0
0.6864277124404907,-0.2969015836715698,0.01305439975112677,2.0,1.0,11339.0,0.748,425943633.0
1.304992914199829,-0.564991295337677,0.07452639937400818,2.0,3.0,11341.0,1.424,425943638.0
6.974767208099365,-3.021142244338989,0.6649982929229736,3.0,5.0,11342.0,7.63,425943643.0
13.44466495513916,-5.829173564910889,1.799278974533081,5.0,7.0,11344.0,14.764,425943647.0
2.71713924407959,-1.178627371788025,-0.3636581301689148,1.0,8.0,11345.0,2.984,425943649.0
2.388332605361938,-1.036494612693787,0.4123612642288208,19.0,9.0,11346.0,2.636,425943652.0
2.402309656143188,-1.043058633804321,0.5090783834457397,61.0,11.0,11347.0,2.668,425943656.0
2.615931034088135,-1.136353611946106,-0.1494714915752411,1.0,12.0,11348.0,2.856,425943659.0
2.344868421554565,-1.019091248512268,0.5902715921401978,26.0,13.0,11349.0,2.624,425943661.0
2.453512907028198,-1.06732702255249,0.7169287800788879,31.0,15.0,11351.0,2.77,425943666.0
0.7055456042289734,-0.3080986738204956,0.01343835331499577,1.0,1.0,11359.0,0.77,425943689.0
1.281051874160767,-0.5599440932273865,0.07327033579349518,3.0,3.0,11361.0,1.4,425943693.0
7.04267406463623,-3.07979679107666,0.6724936962127686,3.0,5.0,11362.0,7.716,425943698.0
4.358966827392578,-1.908010840415955,0.5842416286468506,2.0,7.0,11364.0,4.794,425943702.0
2.647547245025635,-1.159437417984009,-0.3548835217952728,1.0,8.0,11365.0,2.912,425943705.0
2.383072853088379,-1.043616533279419,0.4120483696460724,18.0,9.0,11365.0,2.634,425943707.0
2.387865543365479,-1.046708822250366,0.5067886710166931,14.0,11.0,11367.0,2.656,425943712.0
2.34665060043335,-1.029619097709656,0.5916212797164917,36.0,13.0,11369.0,2.63,425943716.0
2.45172905921936,-1.076233863830566,0.7174463868141174,35.0,15.0,11370.0,2.772,425943721.0
0.669700026512146,-0.295233279466629,0.01277516130357981,2.0,1.0,11379.0,0.732,425943744.0
1.246198654174805,-0.5498989224433899,0.07138624787330627,2.0,3.0,11381.0,1.364,425943749.0
7.073802471160889,-3.122868537902832,0.6765028834342957,4.0,5.0,11382.0,7.762,425943753.0
2.592647790908813,-1.146197557449341,-0.3480588495731354,1.0,8.0,11385.0,2.856,425943760.0
2.381222248077393,-1.052727341651917,0.4123612642288208,19.0,9.0,11385.0,2.636,425943762.0
2.34470009803772,-1.037559628486633,0.4983930885791779,25.0,11.0,11387.0,2.612,425943767.0
0.4638762176036835,-0.2053679525852203,-0.02658666484057903,1.0,12.0,11388.0,0.508,425943769.0
2.346605777740479,-1.039382576942444,0.592521071434021,57.0,13.0,11389.0,2.634,425943772.0
2.455022096633911,-1.087916135787964,0.719516932964325,35.0,15.0,11390.0,2.78,425943776.0
0.6668384075164795,-0.2967561483383179,0.01274025626480579,2.0,1.0,11399.0,0.73,425943799.0
1.242447137832642,-0.5534329414367676,0.07128157466650009,2.0,3.0,11401.0,1.362,425943804.0
5.852654457092285,-2.60821795463562,0.5605857372283936,4.0,5.0,11402.0,6.432,425943808.0
16.27810096740723,-7.261098384857178,2.18852972984314,22.0,7.0,11404.0,17.958,425943813.0
2.6393883228302,-1.177892446517944,-0.3548835217952728,1.0,8.0,11405.0,2.912,425943815.0
2.357506513595581,-1.052589058876038,0.4089196920394897,17.0,9.0,11406.0,2.614,425943818.0
0.4639185965061188,-0.2071322649717331,-0.04444942995905876,1.0,10.0,11406.0,0.51,425943820.0
2.376914978027344,-1.061752200126648,0.5060254335403442,18.0,11.0,11407.0,2.652,425943822.0
0.4668034315109253,-0.2086157500743866,-0.02679600939154625,1.0,12.0,11408.0,0.512,425943825.0
2.350079298019409,-1.050749063491821,0.5943207144737244,66.0,13.0,11409.0,2.642,425943827.0
2.449446201324463,-1.095690250396729,0.7189993262290955,37.0,15.0,11410.0,2.778,425943831.0
0.6621502637863159,-0.2974432408809662,0.01267044711858034,2.0,1.0,11419.0,0.726,425943855.0
1.218648552894592,-0.5479380488395691,0.07002551108598709,2.0,3.0,11421.0,1.338,425943859.0
5.629106998443604,-2.532183170318604,0.5400170087814331,2.0,5.0,11422.0,6.196,425943864.0
11.30753326416016,-5.09129810333252,1.522635579109192,9.0,7.0,11424.0,12.494,425943868.0
2.635260820388794,-1.187098383903503,-0.3548835217952728,1.0,8.0,11425.0,2.912,425943871.0
2.353817939758301,-1.060811877250671,0.4089196920394897,16.0,9.0,11426.0,2.614,425943873.0
2.382143020629883,-1.074077606201172,0.5079335570335388,44.0,11.0,11427.0,2.662,425943878.0
2.35350227355957,-1.062152504920959,0.596120297908783,66.0,13.0,11429.0,2.65,425943882.0
2.441892862319946,-1.103070020675659,0.7179640531539917,39.0,15.0,11431.0,2.774,425943887.0
0.6611079573631287,-0.2997527718544006,0.01267044711858034,2.0,1.0,11439.0,0.726,425943910.0
1.202178716659546,-0.5455854535102844,0.06918813288211823,2.0,3.0,11441.0,1.322,425943914.0
4.896388530731201,-2.223161458969116,0.4704667031764984,2.0,5.0,11442.0,5.398,425943919.0
16.18725395202637,-7.356494426727295,2.183167457580566,5.0,7.0,11444.0,17.914,425943924.0
2.63110089302063,-1.196289896965027,-0.3548835217952728,1.0,8.0,11445.0,2.912,425943926.0
2.35909104347229,-1.073111414909363,0.4104840457439423,19.0,9.0,11446.0,2.624,425943928.0
2.37659215927124,-1.081573009490967,0.507551908493042,76.0,11.0,11447.0,2.66,425943933.0
2.342686653137207,-1.067130088806152,0.5943207144737244,68.0,13.0,11449.0,2.642,425943937.0
2.427674055099487,-1.106354713439941,0.7148581743240356,39.0,15.0,11450.0,2.762,425943942.0
0.6527842283248901,-0.2987301647663116,0.01253082789480686,2.0,1.0,11459.0,0.718,425943965.0
1.17302930355072,-0.5373024344444275,0.06761805713176727,3.0,3.0,11461.0,1.292,425943970.0
4.439404964447021,-2.034393072128296,0.4272374510765076,2.0,5.0,11462.0,4.902,425943974.0
16.13801956176758,-7.402194499969482,2.179998874664307,5.0,7.0,11464.0,17.888,425943979.0
2.623300552368164,-1.203811049461365,-0.3543960452079773,1.0,8.0,11465.0,2.908,425943981.0
2.355330944061279,-1.081339597702026,0.4104840457439423,16.0,9.0,11466.0,2.624,425943984.0
2.572980403900146,-1.181263089179993,-0.2476966232061386,1.0,10.0,11466.0,2.842,425943986.0
2.372802495956421,-1.08986234664917,0.507551908493042,64.0,11.0,11467.0,2.66,425943988.0
2.331865072250366,-1.072044968605042,0.592521071434021,70.0,13.0,11469.0,2.634,425943993.0
2.432572841644287,-1.118858456611633,0.7174463868141174,35.0,15.0,11470.0,2.772,425943997.0
0.659052312374115,-0.304245799779892,0.01267044711858034,2.0,1.0,11478.0,0.726,425944020.0
1.145950555801392,-0.5292608141899109,0.0661526471376419,2.0,3.0,11479.0,1.264,425944025.0
3.958807229995728,-1.830064296722412,0.3815678358078003,2.0,5.0,11481.0,4.378,425944030.0
6.292939186096191,-2.91174578666687,0.8513792157173157,2.0,7.0,11483.0,6.986,425944034.0
2.554442405700684,-1.182482838630676,-0.3456214666366577,1.0,8.0,11484.0,2.836,425944036.0
2.332203149795532,-1.07960569858551,0.4070424735546112,11.0,9.0,11484.0,2.602,425944039.0
2.543738126754761,-1.178066849708557,-0.2452562600374222,1.0,10.0,11485.0,2.814,425944041.0
2.36917519569397,-1.097724795341492,0.507551908493042,63.0,11.0,11486.0,2.66,425944043.0
2.321225643157959,-1.076492309570312,0.5907214879989624,70.0,13.0,11488.0,2.626,425944048.0
2.427096843719482,-1.126105904579163,0.7169287800788879,36.0,15.0,11489.0,2.77,425944053.0
0.6471104621887207,-0.3014776110649109,0.01246101781725883,2.0,1.0,11498.0,0.714,425944076.0
1.116851091384888,-0.5207962393760681,0.06458257138729095,2.0,3.0,11500.0,1.234,425944080.0
3.674337148666382,-1.714152336120605,0.3547238707542419,2.0,5.0,11501.0,4.07,425944085.0
6.28633451461792,-2.93537425994873,0.8518667221069336,1.0,7.0,11503.0,6.99,425944089.0
2.550299167633057,-1.191392302513123,-0.3456214666366577,1.0,8.0,11504.0,2.836,425944092.0
2.367601156234741,-1.106546998023987,0.4139255881309509,12.0,9.0,11505.0,2.646,425944094.0
2.507120847702026,-1.171754240989685,-0.2421186566352844,1.0,10.0,11505.0,2.778,425944096.0
2.36888599395752,-1.107651233673096,0.5083151459693909,61.0,11.0,11506.0,2.664,425944099.0
2.32098388671875,-1.086240530014038,0.5916212797164917,68.0,13.0,11508.0,2.63,425944103.0
2.410706996917725,-1.129257678985596,0.7133052945137024,35.0,15.0,11510.0,2.756,425944108.0
0.6496735215187073,-0.3054362237453461,0.01253082789480686,2.0,1.0,11518.0,0.718,425944131.0
1.088008046150208,-0.511745810508728,0.0630124881863594,2.0,3.0,11519.0,1.204,425944136.0
3.464635133743286,-1.631072163581848,0.3350266814231873,3.0,5.0,11521.0,3.844,425944140.0
11.75659465789795,-5.539754390716553,1.595757126808167,1.0,7.0,11523.0,13.094,425944145.0
2.49943995475769,-1.178279161453247,-0.3392842411994934,1.0,8.0,11524.0,2.784,425944147.0
2.478069067001343,-1.168733239173889,0.433949202299118,13.0,9.0,11525.0,2.774,425944149.0
2.510223388671875,-1.183898210525513,-0.2428158968687057,1.0,10.0,11525.0,2.786,425944152.0
2.350800752639771,-1.109211206436157,0.5052621960639954,60.0,11.0,11526.0,2.648,425944154.0
2.313653707504272,-1.092671155929565,0.5907214879989624,68.0,13.0,11528.0,2.626,425944159.0
2.391228675842285,-1.129818081855774,0.7086465358734131,36.0,15.0,11529.0,2.738,425944163.0
0.6160829067230225,-0.2922741770744324,0.01190254092216492,2.0,1.0,11538.0,0.682,425944186.0
1.073584794998169,-0.5095459222793579,0.06227978691458702,2.0,3.0,11539.0,1.19,425944191.0
3.26275897026062,-1.549969792366028,0.3160267174243927,3.0,5.0,11541.0,3.626,425944195.0
6.294373035430908,-2.992827892303467,0.8557665348052979,1.0,7.0,11543.0,7.022,425944200.0
2.495311737060547,-1.186996698379517,-0.3392842411994934,1.0,8.0,11544.0,2.784,425944202.0
2.582779407501221,-1.229156970977783,0.4530342221260071,16.0,9.0,11545.0,2.896,425944205.0
2.466496467590332,-1.17381739616394,-0.2389810532331467,1.0,10.0,11545.0,2.742,425944207.0
2.343369483947754,-1.115722417831421,0.5044989585876465,60.0,11.0,11546.0,2.644,425944209.0
2.316862344741821,-1.1040940284729,0.592521071434021,63.0,13.0,11548.0,2.634,425944214.0
2.333212375640869,-1.112385392189026,0.6925997734069824,75.0,15.0,11549.0,2.676,425944218.0
0.593464195728302,-0.2839584350585938,0.01148368325084448,2.0,1.0,11557.0,0.658,425944241.0
1.050183415412903,-0.5029382705688477,0.06102372333407402,2.0,3.0,11559.0,1.166,425944246.0
3.015033006668091,-1.444561839103699,0.2924946844577789,4.0,5.0,11560.0,3.356,425944251.0
12.02469158172607,-5.766428470611572,1.637436509132385,5.0,7.0,11562.0,13.436,425944255.0
2.562952756881714,-1.22961163520813,-0.3490338027477264,1.0,8.0,11563.0,2.864,425944258.0
2.637678384780884,-1.265462279319763,0.4633588790893555,16.0,9.0,11563.0,2.962,425944260.0
2.480552434921265,-1.190611600875854,-0.2407241612672806,1.0,10.0,11564.0,2.762,425944262.0
2.343196153640747,-1.125186800956726,0.5052621960639954,53.0,11.0,11565.0,2.648,425944265.0
2.302649736404419,-1.106706023216248,0.5898216366767883,68.0,13.0,11567.0,2.622,425944269.0
2.303201913833618,-1.107961177825928,0.6848351955413818,65.0,15.0,11569.0,2.646,425944274.0
0.5996726155281067,-0.289505809545517,0.01162330247461796,2.0,1.0,11577.0,0.666,425944297.0
1.019734263420105,-0.492519736289978,0.05934897437691689,2.0,3.0,11578.0,1.134,425944301.0
2.853912830352783,-1.379635334014893,0.2773295640945435,4.0,5.0,11580.0,3.182,425944306.0
6.211313724517822,-3.005341529846191,0.8472356796264648,3.0,7.0,11582.0,6.952,425944311.0
2.544350862503052,-1.231631278991699,-0.3470838963985443,1.0,8.0,11583.0,2.848,425944313.0
2.64191198348999,-1.279426336288452,0.464923232793808,17.0,9.0,11584.0,2.972,425944315.0
2.483553886413574,-1.202736616134644,-0.2414214015007019,1.0,10.0,11584.0,2.77,425944318.0
2.328653573989868,-1.128223180770874,0.5029724836349487,44.0,11.0,11585.0,2.636,425944320.0
2.288251876831055,-1.109635233879089,0.5871222615242004,72.0,13.0,11587.0,2.61,425944324.0
2.294106483459473,-1.113463521003723,0.6832822561264038,58.0,15.0,11589.0,2.64,425944329.0
0.6129884719848633,-0.2987096309661865,0.01190254092216492,2.0,1.0,11598.0,0.682,425944352.0
0.9927883744239807,-0.4840007722377777,0.05788356810808182,2.0,3.0,11599.0,1.106,425944357.0
2.728867292404175,-1.331547021865845,0.2656506896018982,4.0,5.0,11601.0,3.048,425944361.0
4.816079616546631,-2.352081537246704,0.6580944657325745,4.0,7.0,11603.0,5.4,425944366.0
2.5184166431427,-1.230491042137146,-0.3441590368747711,1.0,8.0,11604.0,2.824,425944368.0
2.625005960464478,-1.282570242881775,0.4627331495285034,18.0,9.0,11604.0,2.958,425944371.0
2.46480917930603,-1.204831480979919,-0.2400269210338593,1.0,10.0,11605.0,2.754,425944373.0
2.322739124298096,-1.13588809967041,0.5025908946990967,35.0,11.0,11606.0,2.634,425944375.0
2.294671535491943,-1.123154878616333,0.5898216366767883,78.0,13.0,11608.0,2.622,425944380.0
2.284805536270142,-1.119314670562744,0.6817293763160706,48.0,15.0,11610.0,2.634,425944384.0
0.6262984871864319,-0.3079055547714233,0.01218177936971188,2.0,1.0,11618.0,0.6980000000000001,425944407.0
0.9893006086349487,-0.4865818023681641,0.05777889490127563,2.0,3.0,11619.0,1.104,425944412.0
2.568687200546265,-1.264507651329041,0.2504855990409851,5.0,5.0,11621.0,2.874,425944417.0
4.827427864074707,-2.37852931022644,0.6607756018638611,5.0,7.0,11623.0,5.422,425944421.0
2.514106035232544,-1.239274501800537,-0.3441590368747711,1.0,8.0,11624.0,2.824,425944424.0
2.624056577682495,-1.293472170829773,0.4633588790893555,18.0,9.0,11624.0,2.962,425944426.0
2.448080062866211,-1.2072594165802,-0.238806739449501,1.0,10.0,11625.0,2.74,425944428.0
2.292350292205811,-1.130959510803223,0.4968666136264801,30.0,11.0,11626.0,2.604,425944430.0
2.287242412567139,-1.129432320594788,0.588921844959259,82.0,13.0,11628.0,2.618,425944435.0
2.280884265899658,-1.127283215522766,0.6817293763160706,33.0,15.0,11630.0,2.634,425944440.0
0.5786418914794922,-0.2869886159896851,0.01127425488084555,2.0,1.0,11638.0,0.646,425944463.0
0.9714940190315247,-0.4820424914360046,0.05683684721589088,2.0,3.0,11639.0,1.086,425944467.0
2.460759162902832,-1.222066879272461,0.2403755336999893,5.0,5.0,11641.0,2.758,425944472.0
4.79954195022583,-2.385646343231201,0.6580944657325745,4.0,7.0,11643.0,5.4,425944476.0
2.474215745925903,-1.23036515712738,-0.3392842411994934,1.0,8.0,11644.0,2.784,425944479.0
2.621294260025024,-1.303503513336182,0.4636717438697815,15.0,9.0,11644.0,2.964,425944481.0
2.477743864059448,-1.232658982276917,-0.2421186566352844,1.0,10.0,11645.0,2.778,425944483.0
2.269055128097534,-1.129331946372986,0.4926688373088837,19.0,11.0,11646.0,2.582,425944486.0
2.288518905639648,-1.140016198158264,0.5902715921401978,70.0,13.0,11648.0,2.624,425944490.0
2.292694807052612,-1.142595887184143,0.6863881349563599,68.0,15.0,11649.0,2.652,425944495.0
0.6098268628120422,-0.3051123321056366,0.01190254092216492,2.0,1.0,11658.0,0.682,425944518.0
0.9733774662017822,-0.4872186481952667,0.05704619362950325,2.0,3.0,11659.0,1.09,425944523.0
2.337128162384033,-1.170856833457947,0.2286966741085052,4.0,5.0,11661.0,2.624,425944527.0
4.776988983154297,-2.395267248153687,0.6561445593833923,6.0,7.0,11663.0,5.384,425944532.0
2.469905853271484,-1.238994240760803,-0.3392842411994934,1.0,8.0,11664.0,2.784,425944534.0
2.618493795394897,-1.313531279563904,0.4639846086502075,9.0,9.0,11664.0,2.966,425944536.0
2.464522361755371,-1.236832022666931,-0.2412471026182175,1.0,10.0,11665.0,2.768,425944539.0
2.26685357093811,-1.138126373291016,0.4930504560470581,18.0,11.0,11666.0,2.584,425944541.0
2.272336721420288,-1.141872644424438,0.5871222615242004,80.0,13.0,11668.0,2.61,425944546.0
2.271233081817627,-1.142311215400696,0.6812117099761963,69.0,15.0,11670.0,2.632,425944550.0
0.5873355269432068,-0.2964272499084473,0.01148368325084448,2.0,1.0,11678.0,0.658,425944573.0
0.941278874874115,-0.4754741787910461,0.05526677146553993,2.0,3.0,11680.0,1.056,425944578.0
2.237002849578857,-1.130481600761414,0.2192838490009308,5.0,5.0,11681.0,2.516,425944582.0
4.811112403869629,-2.433430433273315,0.6619942784309387,7.0,7.0,11683.0,5.432,425944587.0
2.529330730438232,-1.279873967170715,-0.3480588495731354,1.0,8.0,11684.0,2.856,425944589.0
2.724934816360474,-1.378852248191833,0.4836953580379486,12.0,9.0,11684.0,3.092,425944592.0
2.433526039123535,-1.231929183006287,-0.2386324256658554,1.0,10.0,11685.0,2.738,425944594.0
2.252358436584473,-1.140710115432739,0.4907607436180115,18.0,11.0,11686.0,2.572,425944596.0
2.254431486129761,-1.142749071121216,0.5835230350494385,80.0,13.0,11688.0,2.594,425944601.0
2.272601366043091,-1.1524578332901,0.6827646493911743,73.0,15.0,11689.0,2.638,425944606.0
0.5684766173362732,-0.2894034087657928,0.01113463565707207,2.0,1.0,11698.0,0.638,425944629.0
0.9271564483642578,-0.4724097847938538,0.05453406646847725,2.0,3.0,11700.0,1.042,425944633.0
2.107012987136841,-1.074039936065674,0.2069077342748642,5.0,5.0,11701.0,2.374,425944638.0
4.791979312896729,-2.444796800613403,0.6605318188667297,5.0,7.0,11703.0,5.42,425944642.0
2.461195945739746,-1.25620710849762,-0.3392842411994934,1.0,8.0,11704.0,2.784,425944645.0
3.06116509437561,-1.563107848167419,0.544391930103302,18.0,9.0,11705.0,3.48,425944647.0
2.418564319610596,-1.234979867935181,-0.2375865578651428,1.0,10.0,11705.0,2.726,425944649.0
2.250111103057861,-1.149458527565002,0.4911423623561859,17.0,11.0,11706.0,2.574,425944652.0
2.259104251861572,-1.155047178268433,0.5857725739479065,74.0,13.0,11708.0,2.604,425944656.0
2.259763479232788,-1.156379342079163,0.6801764369010925,61.0,15.0,11710.0,2.628,425944661.0
0.5674629807472229,-0.2913860082626343,0.01113463565707207,2.0,1.0,11718.0,0.638,425944684.0
0.9237253665924072,-0.4747303426265717,0.05442939326167107,2.0,3.0,11720.0,1.04,425944688.0
2.032374858856201,-1.044947147369385,0.1999352723360062,7.0,5.0,11721.0,2.294,425944693.0
2.502684593200684,-1.288414597511292,-0.3456214666366577,1.0,8.0,11724.0,2.836,425944700.0
3.106897354125977,-1.5994713306427,0.5534651279449463,20.0,9.0,11724.0,3.538,425944702.0
2.442579030990601,-1.258010864257812,-0.2403755336999893,1.0,10.0,11725.0,2.758,425944705.0
2.246085166931152,-1.157305836677551,0.4911423623561859,14.0,11.0,11726.0,2.574,425944707.0
2.253326654434204,-1.162032723426819,0.5853226184844971,85.0,13.0,11728.0,2.602,425944712.0
2.237031221389771,-1.154123425483704,0.6744824051856995,54.0,15.0,11729.0,2.606,425944716.0
0.5309287309646606,-0.2749722301959991,0.0104365386068821,2.0,1.0,11738.0,0.598,425944739.0
0.9096502065658569,-0.4715178906917572,0.05369669198989868,2.0,3.0,11740.0,1.026,425944744.0
1.924360752105713,-0.9979199767112732,0.1896508932113647,4.0,5.0,11741.0,2.176,425944748.0
6.096232414245605,-3.164037466049194,0.8433358669281006,3.0,7.0,11743.0,6.92,425944753.0
2.51578950881958,-1.3062903881073,-0.3480588495731354,1.0,8.0,11744.0,2.856,425944755.0
3.101014137268066,-1.610847949981689,0.5534651279449463,20.0,9.0,11745.0,3.538,425944758.0
2.402811288833618,-1.248160600662231,-0.2368893027305603,1.0,10.0,11745.0,2.718,425944760.0
2.22983717918396,-1.158801913261414,0.4884710311889648,15.0,11.0,11746.0,2.56,425944762.0
0.4465624094009399,-0.2321685701608658,-0.02637732215225697,1.0,12.0,11747.0,0.504,425944764.0
2.250985622406006,-1.170790433883667,0.5857725739479065,74.0,13.0,11748.0,2.604,425944767.0
2.246494770050049,-1.169451117515564,0.6786235570907593,65.0,15.0,11750.0,2.622,425944771.0
0.5300139784812927,-0.2767313420772552,0.0104365386068821,2.0,1.0,11757.0,0.598,425944794.0
0.892150342464447,-0.4662066996097565,0.05275464430451393,2.0,3.0,11759.0,1.008,425944799.0
1.850414395332336,-0.967373251914978,0.1826784312725067,5.0,5.0,11760.0,2.096,425944804.0
6.057564735412598,-3.169511079788208,0.8394360542297363,5.0,7.0,11762.0,6.888,425944808.0
2.536065816879272,-1.327514410018921,-0.3514711856842041,1.0,8.0,11763.0,2.884,425944811.0
3.092438220977783,-1.618749856948853,0.5528393983840942,20.0,9.0,11763.0,3.534,425944813.0
2.433959484100342,-1.27460765838623,-0.2403755336999893,1.0,10.0,11764.0,2.758,425944815.0
2.231199502944946,-1.168923258781433,0.4896158874034882,14.0,11.0,11765.0,2.566,425944817.0
2.22465443611145,-1.166484117507935,0.5799238085746765,82.0,13.0,11767.0,2.578,425944822.0
2.244520425796509,-1.177400350570679,0.6791411638259888,69.0,15.0,11768.0,2.624,425944827.0
0.5750486850738525,-0.3028040826320648,0.011344064027071,2.0,1.0,11777.0,0.65,425944850.0
0.8481119871139526,-0.4469695687294006,0.05024251714348793,2.0,3.0,11779.0,0.96,425944854.0
1.787103772163391,-0.9422329068183899,0.1767518520355225,4.0,5.0,11780.0,2.028,425944859.0
6.032418727874756,-3.183225154876709,0.8374861478805542,7.0,7.0,11782.0,6.872,425944864.0
2.443641901016235,-1.290021896362305,-0.3392842411994934,1.0,8.0,11783.0,2.784,425944866.0
3.084737539291382,-1.629150867462158,0.5525265336036682,21.0,9.0,11784.0,3.532,425944868.0
2.401306867599487,-1.268208742141724,-0.2375865578651428,1.0,10.0,11784.0,2.726,425944870.0
2.223633766174316,-1.174870133399963,0.4888526499271393,17.0,11.0,11785.0,2.562,425944873.0
2.218846321105957,-1.173331618309021,0.5794739127159119,74.0,13.0,11787.0,2.576,425944877.0
2.250434637069702,-1.191040992736816,0.6822469830513,85.0,15.0,11789.0,2.636,425944882.0
0.5634437203407288,-0.299083948135376,0.01113463565707207,2.0,1.0,11796.0,0.638,425944905.0
0.8307508826255798,-0.4413461685180664,0.04930046945810318,2.0,3.0,11798.0,0.9420000000000001,425944910.0
1.69952118396759,-0.903270959854126,0.1683848947286606,4.0,5.0,11799.0,1.932,425944914.0
6.030592441558838,-3.207873106002808,0.8387048244476318,7.0,7.0,11801.0,6.882000000000001,425944919.0
3.063909769058228,-1.630481839179993,0.5497106909751892,21.0,9.0,11802.0,3.514,425944923.0
2.425227165222168,-1.291145443916321,-0.2403755336999893,1.0,10.0,11803.0,2.758,425944926.0
2.228389501571655,-1.186851978302002,0.4907607436180115,18.0,11.0,11804.0,2.572,425944928.0
2.216662883758545,-1.181599736213684,0.5799238085746765,80.0,13.0,11806.0,2.578,425944933.0
2.227931022644043,-1.188105702400208,0.6765530109405518,60.0,15.0,11807.0,2.614,425944937.0
0.5271363258361816,-0.2821743786334991,0.0104365386068821,2.0,1.0,11816.0,0.598,425944960.0
0.815121054649353,-0.4366978108882904,0.04846309497952461,2.0,3.0,11818.0,0.926,425944965.0
1.629627346992493,-0.8734323382377625,0.1617610603570938,4.0,5.0,11819.0,1.856,425944970.0
6.019358158111572,-3.228904485702515,0.8387048244476318,7.0,7.0,11821.0,6.882000000000001,425944974.0
3.064874887466431,-1.645438194274902,0.5509622097015381,18.0,9.0,11823.0,3.522,425944979.0
2.420705556869507,-1.299603223800659,-0.2403755336999893,1.0,10.0,11823.0,2.758,425944981.0
2.210396528244019,-1.187191724777222,0.487707793712616,19.0,11.0,11824.0,2.556,425944983.0
0.5066977143287659,-0.2722584903240204,-0.03014551103115082,1.0,12.0,11825.0,0.5760000000000001,425944986.0
2.212524890899658,-1.189330220222473,0.5799238085746765,78.0,13.0,11826.0,2.578,425944988.0
2.213353872299194,-1.190771818161011,0.6734471321105957,65.0,15.0,11828.0,2.602,425944993.0
0.5260985493659973,-0.2841045260429382,0.0104365386068821,2.0,1.0,11837.0,0.598,425945016.0
0.8082438707351685,-0.436833530664444,0.04814907908439636,2.0,3.0,11839.0,0.92,425945020.0
1.600126028060913,-0.8651849627494812,0.1591463834047318,4.0,5.0,11840.0,1.826,425945025.0
5.995262622833252,-3.244331359863281,0.8369986414909363,7.0,7.0,11842.0,6.868,425945029.0
3.059112548828125,-1.656126618385315,0.5509622097015381,11.0,9.0,11843.0,3.522,425945034.0
2.415925979614258,-1.308466792106628,-0.2403755336999893,1.0,10.0,11844.0,2.758,425945036.0
2.19567346572876,-1.189673662185669,0.4854180812835693,19.0,11.0,11845.0,2.544,425945039.0
2.433664083480835,-1.319172739982605,-0.1450752764940262,1.0,12.0,11846.0,2.772,425945041.0
2.206437826156616,-1.196502566337585,0.5794739127159119,76.0,13.0,11847.0,2.576,425945043.0
2.207485675811768,-1.197569489479065,0.6729295253753662,58.0,15.0,11848.0,2.6,425945048.0
0.5532028079032898,-0.3012403249740601,0.01099501643329859,2.0,1.0,11857.0,0.63,425945071.0
0.7979454398155212,-0.4348733425140381,0.04762572050094604,2.0,3.0,11859.0,0.91,425945076.0
1.555113434791565,-0.8478753566741943,0.1549629122018814,4.0,5.0,11860.0,1.778,425945080.0
5.980415821075439,-3.263337373733521,0.8365111947059631,7.0,7.0,11862.0,6.864,425945085.0
3.188553333282471,-1.740622162818909,0.5753659605979919,10.0,9.0,11863.0,3.678,425945089.0
2.411343812942505,-1.316892027854919,-0.2403755336999893,1.0,10.0,11864.0,2.758,425945092.0
2.200121641159058,-1.202037215232849,0.4873261749744415,19.0,11.0,11865.0,2.554,425945094.0
2.429044485092163,-1.327659726142883,-0.1450752764940262,1.0,12.0,11866.0,2.772,425945096.0
2.191988945007324,-1.198587536811829,0.5767744779586792,76.0,13.0,11867.0,2.564,425945099.0
2.208376407623291,-1.208049058914185,0.6744824051856995,65.0,15.0,11868.0,2.606,425945103.0
0.5241525769233704,-0.2876789569854736,0.0104365386068821,2.0,1.0,11876.0,0.598,425945126.0
0.7719913125038147,-0.4240549802780151,0.04616031423211098,1.0,3.0,11878.0,0.882,425945131.0
1.50864040851593,-0.8290392756462097,0.1506051272153854,4.0,5.0,11879.0,1.728,425945135.0
5.95912504196167,-3.277411222457886,0.8350487351417542,8.0,7.0,11881.0,6.852,425945140.0
3.495685338973999,-1.924153447151184,0.6319952607154846,15.0,9.0,11883.0,4.04,425945145.0
2.434890747070312,-1.340253114700317,-0.243164524435997,1.0,10.0,11883.0,2.79,425945147.0
2.192684173583984,-1.207432508468628,0.4865629374980927,20.0,11.0,11884.0,2.55,425945149.0
2.337159872055054,-1.287521719932556,-0.1398416757583618,1.0,12.0,11885.0,2.672,425945152.0
2.188002109527588,-1.205849885940552,0.5767744779586792,76.0,13.0,11886.0,2.564,425945154.0
2.202666521072388,-1.214432954788208,0.67396479845047,61.0,15.0,11887.0,2.604,425945158.0
0.5231451392173767,-0.2895068526268005,0.0104365386068821,2.0,1.0,11896.0,0.598,425945182.0
0.7879781723022461,-0.4364239573478699,0.04720703139901161,1.0,3.0,11898.0,0.902,425945186.0
1.47436785697937,-0.8169190883636475,0.1474675238132477,4.0,5.0,11899.0,1.692,425945191.0
5.952856540679932,-3.301080703735352,0.8357799649238586,7.0,7.0,11901.0,6.858000000000001,425945195.0
3.520037174224854,-1.953598499298096,0.6376268863677979,19.0,9.0,11903.0,4.076000000000001,425945200.0
2.475491523742676,-1.373882293701172,-0.2476966232061386,1.0,10.0,11903.0,2.842,425945202.0
2.185023069381714,-1.213173031806946,0.4857997000217438,21.0,11.0,11904.0,2.546,425945205.0
2.374555110931396,-1.318947672843933,-0.1423538029193878,1.0,12.0,11905.0,2.72,425945207.0
2.185482978820801,-1.214426636695862,0.5772244334220886,80.0,13.0,11906.0,2.566,425945209.0
2.198200702667236,-1.222497940063477,0.67396479845047,61.0,15.0,11908.0,2.604,425945214.0
0.5220805406570435,-0.2914223074913025,0.0104365386068821,2.0,1.0,11917.0,0.598,425945237.0
0.7549881339073181,-0.4217756986618042,0.04532293975353241,1.0,3.0,11919.0,0.866,425945241.0
1.4174485206604,-0.7921852469444275,0.1420638561248779,4.0,5.0,11920.0,1.63,425945246.0
5.938985347747803,-3.321907758712769,0.8355362415313721,7.0,7.0,11922.0,6.856,425945251.0
3.523195266723633,-1.972276449203491,0.639504075050354,20.0,9.0,11924.0,4.088,425945255.0
2.460008144378662,-1.377106785774231,-0.246650755405426,1.0,10.0,11924.0,2.83,425945258.0
2.180562019348145,-1.221173405647278,0.4857997000217438,22.0,11.0,11925.0,2.546,425945260.0
2.394098997116089,-1.341308832168579,-0.1438192129135132,1.0,12.0,11926.0,2.748,425945262.0
2.175917387008667,-1.219570279121399,0.5758746862411499,68.0,13.0,11927.0,2.56,425945264.0
2.183809757232666,-1.224494695663452,0.6708589792251587,61.0,15.0,11928.0,2.592,425945269.0
0.5001479983329773,-0.2814739942550659,0.01001768093556166,2.0,1.0,11937.0,0.5740000000000001,425945292.0
0.7743937969207764,-0.4361704289913177,0.04657899960875511,1.0,3.0,11939.0,0.89,425945297.0
1.374751329421997,-0.7746325731277466,0.1380546987056732,4.0,5.0,11940.0,1.584,425945301.0
5.930811405181885,-3.344568729400635,0.8360236883163452,5.0,7.0,11942.0,6.86,425945306.0
3.50768780708313,-1.979708075523376,0.6379397511482239,20.0,9.0,11944.0,4.078,425945311.0
2.448245763778687,-1.381768345832825,-0.2459535002708435,1.0,10.0,11944.0,2.822,425945313.0
2.172866821289062,-1.226846933364868,0.4850364625453949,21.0,11.0,11945.0,2.542,425945315.0
2.347666263580322,-1.326082825660706,-0.1413070857524872,1.0,12.0,11946.0,2.7,425945317.0
2.171647071838379,-1.227158188819885,0.5758746862411499,76.0,13.0,11947.0,2.56,425945320.0
2.179522037506104,-1.232110142707825,0.6708589792251587,58.0,15.0,11948.0,2.592,425945324.0
0.4923029243946075,-0.2790990173816681,0.009878061711788177,2.0,1.0,11955.0,0.5660000000000001,425945347.0
0.7418249249458313,-0.4207304716110229,0.04469490796327591,3.0,3.0,11956.0,0.854,425945352.0
1.360181927680969,-0.7720630168914795,0.136834517121315,4.0,5.0,11958.0,1.57,425945357.0
5.903014659881592,-3.353379011154175,0.8335863351821899,2.0,7.0,11960.0,6.84,425945361.0
3.505233287811279,-1.992058873176575,0.6385654807090759,13.0,9.0,11961.0,4.082,425945366.0
2.423108339309692,-1.377636194229126,-0.2438617646694183,1.0,10.0,11962.0,2.798,425945368.0
2.165588855743408,-1.231725931167603,0.484273225069046,19.0,11.0,11963.0,2.538,425945370.0
2.340016841888428,-1.331476211547852,-0.1410977393388748,1.0,12.0,11964.0,2.696,425945373.0
2.164393901824951,-1.232046484947205,0.5749748945236206,70.0,13.0,11965.0,2.556,425945375.0
2.17564058303833,-1.238951206207275,0.6708589792251587,58.0,15.0,11966.0,2.592,425945380.0
0.4843811392784119,-0.2768466472625732,0.009738442488014698,2.0,1.0,11975.0,0.558,425945403.0
0.7212074995040894,-0.4125381112098694,0.04354351386427879,3.0,3.0,11977.0,0.8320000000000001,425945407.0
1.331539630889893,-0.7619628310203552,0.1342198401689529,4.0,5.0,11978.0,1.54,425945412.0
5.965344905853271,-3.416385173797607,0.8440670967102051,5.0,7.0,11980.0,6.926,425945416.0
3.527043342590332,-2.021592140197754,0.6438842415809631,9.0,9.0,11982.0,4.116,425945421.0
2.428656339645386,-1.392030596733093,-0.2449076324701309,1.0,10.0,11982.0,2.81,425945423.0
2.16127610206604,-1.239277720451355,0.484273225069046,23.0,11.0,11983.0,2.538,425945426.0
2.32842493057251,-1.335661172866821,-0.1406790465116501,1.0,12.0,11984.0,2.688,425945428.0
2.158390045166016,-1.238624215126038,0.574524998664856,78.0,13.0,11985.0,2.554,425945430.0
2.184486865997314,-1.254614114761353,0.6750000715255737,69.0,15.0,11987.0,2.608,425945435.0
0.4729683101177216,-0.2726283073425293,0.009529014118015766,2.0,1.0,11996.0,0.546,425945458.0
0.7266839146614075,-0.4190439581871033,0.04396220296621323,3.0,3.0,11997.0,0.84,425945463.0
1.290773987770081,-0.7449283599853516,0.1303849965333939,4.0,5.0,11999.0,1.496,425945467.0
6.736631870269775,-3.890964269638062,0.9552119374275208,5.0,7.0,12001.0,7.838,425945472.0
3.887305021286011,-2.247051239013672,0.7111510634422302,15.0,9.0,12003.0,4.546,425945476.0
2.413188219070435,-1.394940137863159,-0.2438617646694183,1.0,10.0,12003.0,2.798,425945479.0
2.156719446182251,-1.247190833091736,0.484273225069046,20.0,11.0,12004.0,2.538,425945481.0
2.323513984680176,-1.344186305999756,-0.1406790465116501,1.0,12.0,12005.0,2.688,425945483.0
2.15046238899231,-1.244574427604675,0.5736252069473267,78.0,13.0,12006.0,2.55,425945486.0
2.166719198226929,-1.254487991333008,0.6708589792251587,61.0,15.0,12007.0,2.592,425945490.0
0.4650978147983551,-0.2702588737010956,0.009389394894242287,2.0,1.0,12016.0,0.538,425945513.0
0.7200366258621216,-0.4185667335987091,0.04364818707108498,3.0,3.0,12017.0,0.834,425945518.0
1.264055728912354,-0.7354027032852173,0.1279446333646774,4.0,5.0,12019.0,1.468,425945522.0
6.783051013946533,-3.94941520690918,0.9637427926063538,5.0,7.0,12021.0,7.908,425945527.0
3.949414253234863,-2.301383256912231,0.7239786982536316,15.0,9.0,12023.0,4.628,425945532.0
2.373875379562378,-1.38329291343689,-0.2403755336999893,1.0,10.0,12023.0,2.758,425945534.0
2.142176151275635,-1.24877917766571,0.4819835126399994,26.0,11.0,12024.0,2.526,425945536.0
2.339511156082153,-1.364362597465515,-0.1419351100921631,1.0,12.0,12025.0,2.712,425945539.0
2.144421815872192,-1.251091361045837,0.573175311088562,74.0,13.0,12026.0,2.548,425945541.0
2.152316331863403,-1.256200790405273,0.6677531599998474,61.0,15.0,12027.0,2.58,425945545.0
0.446896880865097,-0.2617736458778381,0.0090403463691473,2.0,1.0,12036.0,0.518,425945568.0
0.7219436764717102,-0.4232231676578522,0.04385752975940704,1.0,3.0,12038.0,0.838,425945573.0
1.251169204711914,-0.7337630987167358,0.1268987655639648,4.0,5.0,12039.0,1.456,425945578.0
6.851399421691895,-4.021299839019775,0.9754422307014465,3.0,7.0,12041.0,8.004,425945582.0
3.943464517593384,-2.315467596054077,0.7242915630340576,15.0,9.0,12042.0,4.63,425945587.0
2.369032382965088,-1.391570925712585,-0.2403755336999893,1.0,10.0,12043.0,2.758,425945589.0
2.141189336776733,-1.258238434791565,0.4827467501163483,21.0,11.0,12044.0,2.53,425945592.0
2.314073085784912,-1.360374569892883,-0.1406790465116501,1.0,12.0,12045.0,2.688,425945594.0
2.148440361022949,-1.263508677482605,0.5754247903823853,82.0,13.0,12046.0,2.558,425945596.0
2.15102744102478,-1.266040802001953,0.6687884330749512,61.0,15.0,12048.0,2.584,425945601.0
0.4390926957130432,-0.2592650949954987,0.008900727145373821,2.0,1.0,12056.0,0.51,425945624.0
0.703339695930481,-0.415457010269165,0.04281081259250641,1.0,3.0,12057.0,0.8180000000000001,425945628.0
1.241739869117737,-0.7340704202651978,0.1262015104293823,4.0,5.0,12059.0,1.448,425945633.0
7.074799060821533,-4.185691356658936,1.009321928024292,3.0,7.0,12061.0,8.282,425945638.0
3.931551694869995,-2.327892541885376,0.7236658334732056,9.0,9.0,12063.0,4.626,425945642.0
2.419021129608154,-1.432315349578857,-0.2459535002708435,1.0,10.0,12063.0,2.822,425945645.0
2.136784076690674,-1.265704989433289,0.4827467501163483,20.0,11.0,12064.0,2.53,425945647.0
2.31961989402771,-1.374552965164185,-0.1413070857524872,1.0,12.0,12065.0,2.7,425945649.0
2.130606174468994,-1.263050436973572,0.5718255639076233,80.0,13.0,12066.0,2.542,425945651.0
2.146595001220703,-1.273541569709778,0.6687884330749512,61.0,15.0,12068.0,2.584,425945656.0
0.6778597831726074,-0.4036046266555786,0.04134540632367134,1.0,3.0,12077.0,0.79,425945684.0
1.220342755317688,-0.727181613445282,0.1242840886116028,3.0,5.0,12079.0,1.426,425945688.0
7.189720153808594,-4.287634372711182,1.027846097946167,4.0,7.0,12081.0,8.434000000000001,425945693.0
4.190147876739502,-2.499812364578247,0.7727862596511841,12.0,9.0,12082.0,4.94,425945698.0
2.335307836532593,-1.393780589103699,-0.2379351705312729,1.0,10.0,12083.0,2.73,425945700.0
2.128981590270996,-1.271143078804016,0.4819835126399994,25.0,11.0,12084.0,2.526,425945702.0
2.277084827423096,-1.360109686851501,-0.1390043050050735,1.0,12.0,12085.0,2.656,425945704.0
2.124511480331421,-1.269480347633362,0.5713756680488586,66.0,13.0,12086.0,2.54,425945707.0
2.142136335372925,-1.281026840209961,0.6687884330749512,56.0,15.0,12088.0,2.584,425945711.0
0.686721920967102,-0.4121349453926086,0.04197343811392784,1.0,3.0,12097.0,0.802,425945739.0
1.183637142181396,-0.7109197974205017,0.1207978576421738,3.0,5.0,12099.0,1.386,425945744.0
7.167904376983643,-4.308614253997803,1.026871085166931,1.0,7.0,12101.0,8.426,425945748.0
4.382848262786865,-2.635563611984253,0.8100176453590393,14.0,9.0,12102.0,5.178,425945753.0
2.296282768249512,-1.381382822990417,-0.2344489544630051,1.0,10.0,12103.0,2.69,425945755.0
2.127895832061768,-1.280591607093811,0.4827467501163483,28.0,11.0,12104.0,2.53,425945757.0
2.272323369979858,-1.36804986000061,-0.1390043050050735,1.0,12.0,12105.0,2.656,425945760.0
2.123405933380127,-1.278899431228638,0.5722754597663879,74.0,13.0,12106.0,2.544,425945762.0
2.132688045501709,-1.285504579544067,0.6672354936599731,65.0,15.0,12108.0,2.578,425945767.0
0.4329312443733215,-0.2617795765399933,0.008830917999148369,2.0,1.0,12116.0,0.506,425945790.0
0.6750255823135376,-0.4083271026611328,0.04134540632367134,1.0,3.0,12117.0,0.79,425945794.0
1.152173638343811,-0.697506308555603,0.117834560573101,3.0,5.0,12119.0,1.352,425945799.0
6.17488956451416,-3.741119146347046,0.8864775896072388,1.0,7.0,12121.0,7.274,425945803.0
4.407407760620117,-2.671324253082275,0.8162750601768494,14.0,9.0,12122.0,5.218,425945808.0
2.264188051223755,-1.372861981391907,-0.2316599637269974,1.0,10.0,12123.0,2.658,425945810.0
2.116698503494263,-1.283938765525818,0.4812202751636505,25.0,11.0,12124.0,2.522,425945813.0
2.281193971633911,-1.384262442588806,-0.1398416757583618,1.0,12.0,12125.0,2.672,425945815.0
2.122260570526123,-1.288326144218445,0.573175311088562,76.0,13.0,12126.0,2.548,425945817.0
2.125111103057861,-1.290564298629761,0.6662002205848694,65.0,15.0,12127.0,2.574,425945822.0
0.6463112235069275,-0.3940457105636597,0.03967065364122391,1.0,3.0,12137.0,0.758,425945850.0
1.131023168563843,-0.6901085376739502,0.1159171387553215,3.0,5.0,12139.0,1.33,425945854.0
5.335024833679199,-3.25779128074646,0.7675331234931946,2.0,7.0,12141.0,6.298,425945859.0
4.494143009185791,-2.745390176773071,0.8341085910797119,14.0,9.0,12142.0,5.332,425945863.0
2.259382247924805,-1.380757093429565,-0.2316599637269974,1.0,10.0,12143.0,2.658,425945866.0
2.11220383644104,-1.291319608688354,0.4812202751636505,23.0,11.0,12144.0,2.522,425945868.0
2.289978981018066,-1.400553464889526,-0.1406790465116501,1.0,12.0,12145.0,2.688,425945870.0
2.114425897598267,-1.293692231178284,0.5722754597663879,70.0,13.0,12146.0,2.544,425945873.0
2.115424156188965,-1.295318007469177,0.6646472811698914,58.0,15.0,12148.0,2.568,425945877.0
0.6483351588249207,-0.3983906507492065,0.03988000005483627,1.0,3.0,12157.0,0.762,425945905.0
1.094781756401062,-0.6729875206947327,0.1124309077858925,2.0,5.0,12158.0,1.29,425945909.0
4.837254524230957,-2.97589898109436,0.6973363757133484,2.0,7.0,12160.0,5.722,425945914.0
2.353280305862427,-1.44831395149231,-0.3392842411994934,1.0,8.0,12161.0,2.784,425945916.0
4.60109281539917,-2.83171820640564,0.8556964993476868,9.0,9.0,12161.0,5.47,425945919.0
2.295509576797485,-1.413311719894409,-0.2358434349298477,1.0,10.0,12162.0,2.706,425945921.0
2.102895021438599,-1.295228004455566,0.4800754189491272,18.0,11.0,12163.0,2.516,425945923.0
2.234310150146484,-1.376707911491394,-0.1375388950109482,1.0,12.0,12164.0,2.628,425945926.0
2.110124349594116,-1.300696849822998,0.5722754597663879,87.0,13.0,12165.0,2.544,425945928.0
2.333573818206787,-1.438995003700256,-0.04785449802875519,1.0,14.0,12166.0,2.742,425945930.0
2.117921590805054,-1.306013345718384,0.6667178869247437,61.0,15.0,12166.0,2.576,425945933.0
0.6197724342346191,-0.3838260769844055,0.03820524737238884,1.0,3.0,12177.0,0.73,425945960.0
1.075489044189453,-0.6663118600845337,0.110687792301178,2.0,5.0,12178.0,1.27,425945965.0
4.41855525970459,-2.739620447158813,0.6383516192436218,2.0,7.0,12180.0,5.238,425945969.0
4.619217395782471,-2.866268873214722,0.8610153198242188,5.0,9.0,12182.0,5.504,425945974.0
2.300719976425171,-1.427618861198425,-0.2368893027305603,1.0,10.0,12182.0,2.718,425945976.0
2.101697206497192,-1.304631471633911,0.4808386564254761,18.0,11.0,12183.0,2.52,425945979.0
2.253245115280151,-1.399249911308289,-0.1390043050050735,1.0,12.0,12184.0,2.656,425945981.0
2.085707187652588,-1.295714497566223,0.5668766498565674,74.0,13.0,12185.0,2.52,425945983.0
2.243615627288818,-1.394355416297913,-0.04610925912857056,1.0,14.0,12186.0,2.642,425945986.0
2.119683265686035,-1.31784725189209,0.6687884330749512,61.0,15.0,12187.0,2.584,425945988.0
0.6489267349243164,-0.405022144317627,0.04008934274315834,1.0,3.0,12197.0,0.766,425946015.0
1.054566502571106,-0.6584545969963074,0.1087703704833984,3.0,5.0,12198.0,1.248,425946020.0
3.974634408950806,-2.483627080917358,0.575467050075531,2.0,7.0,12200.0,4.722,425946025.0
9.847511291503906,-6.155797958374023,1.839356422424316,9.0,9.0,12201.0,11.758,425946029.0
2.23153018951416,-1.395498156547546,-0.2302654683589935,1.0,10.0,12202.0,2.642,425946032.0
2.118767499923706,-1.325495839118958,0.4857997000217438,19.0,11.0,12203.0,2.546,425946034.0
2.27543568611145,-1.424059748649597,-0.1406790465116501,1.0,12.0,12204.0,2.688,425946036.0
2.084475040435791,-1.305055260658264,0.5677764415740967,74.0,13.0,12205.0,2.524,425946039.0
2.259071350097656,-1.414916038513184,-0.04652811586856842,1.0,14.0,12206.0,2.666,425946041.0
2.105478048324585,-1.318716406822205,0.6656825542449951,61.0,15.0,12206.0,2.572,425946043.0
0.6238402724266052,-0.3923971652984619,0.03862393647432327,1.0,3.0,12217.0,0.738,425946071.0
1.016849040985107,-0.6398484110832214,0.1051098257303238,2.0,5.0,12218.0,1.206,425946075.0
3.749250173568726,-2.361028671264648,0.5440247654914856,2.0,7.0,12220.0,4.464,425946080.0
9.81318473815918,-6.18447732925415,1.837166309356689,19.0,9.0,12222.0,11.744,425946085.0
2.263727903366089,-1.426649451255798,-0.2341003268957138,1.0,10.0,12222.0,2.686,425946087.0
2.1606285572052,-1.362200856208801,0.4964849948883057,19.0,11.0,12223.0,2.602,425946089.0
2.24342155456543,-1.414946317672729,-0.1390043050050735,1.0,12.0,12224.0,2.656,425946091.0
2.088147401809692,-1.317522883415222,0.5700259804725647,59.0,13.0,12225.0,2.534,425946094.0
2.233826637268066,-1.409984707832336,-0.04610925912857056,1.0,14.0,12226.0,2.642,425946096.0
2.097363710403442,-1.324361681938171,0.6646472811698914,69.0,15.0,12227.0,2.568,425946098.0
0.6022239327430725,-0.3817407488822937,0.03736787289381027,1.0,3.0,12237.0,0.714,425946126.0
1.019657135009766,-0.6465949416160583,0.1056327596306801,3.0,5.0,12238.0,1.212,425946131.0
3.350461721420288,-2.126267671585083,0.4872336387634277,2.0,7.0,12240.0,3.998,425946135.0
9.785951614379883,-6.21274995803833,1.835914850234985,16.0,9.0,12241.0,11.736,425946140.0
2.268825531005859,-1.440951585769653,-0.2351461946964264,1.0,10.0,12242.0,2.698,425946142.0
2.316596984863281,-1.471859216690063,0.533501923084259,19.0,11.0,12243.0,2.796,425946144.0
2.238468885421753,-1.422768712043762,-0.1390043050050735,1.0,12.0,12244.0,2.656,425946147.0
2.073668956756592,-1.318530201911926,0.567326545715332,59.0,13.0,12245.0,2.522,425946149.0
2.17827296257019,-1.385575890541077,-0.0450621135532856,1.0,14.0,12246.0,2.582,425946151.0
2.091330289840698,-1.330272674560547,0.6641296744346619,73.0,15.0,12246.0,2.566,425946154.0
0.5537592768669128,-0.3537354469299316,0.03443706035614014,1.0,3.0,12257.0,0.658,425946181.0
0.9938897490501404,-0.6351302862167358,0.1031923964619637,3.0,5.0,12258.0,1.184,425946186.0
3.122269630432129,-1.996774673461914,0.4550601243972778,3.0,7.0,12260.0,3.734,425946191.0
9.763114929199219,-6.248575687408447,1.835914850234985,21.0,9.0,12262.0,11.736,425946195.0
2.263781785964966,-1.448862433433533,-0.2351461946964264,1.0,10.0,12262.0,2.698,425946197.0
2.352780103683472,-1.506402015686035,0.5430424213409424,24.0,11.0,12263.0,2.846,425946200.0
2.233488798141479,-1.430573701858521,-0.1390043050050735,1.0,12.0,12264.0,2.656,425946202.0
2.055927276611328,-1.317349672317505,0.5637273192405701,52.0,13.0,12265.0,2.506,425946204.0
2.183524131774902,-1.399645924568176,-0.04527154192328453,1.0,14.0,12266.0,2.594,425946207.0
2.088066816329956,-1.338971614837646,0.6646472811698914,69.0,15.0,12267.0,2.568,425946209.0
0.5626606941223145,-0.3620543777942657,0.03506509214639664,1.0,3.0,12276.0,0.67,425946237.0
0.9716745018959045,-0.6254816651344299,0.1011006608605385,3.0,5.0,12277.0,1.16,425946241.0
3.035528898239136,-1.955515146255493,0.4433606564998627,3.0,7.0,12279.0,3.638,425946246.0
9.720190048217773,-6.264235019683838,1.831534743309021,16.0,9.0,12280.0,11.708,425946250.0
2.309201240539551,-1.488749027252197,-0.2403755336999893,1.0,10.0,12281.0,2.758,425946253.0
2.357671022415161,-1.520580291748047,0.545332133769989,28.0,11.0,12282.0,2.858,425946255.0
2.218662977218628,-1.431475520133972,-0.1383762657642365,1.0,12.0,12283.0,2.644,425946257.0
2.053184747695923,-1.325217008590698,0.5641772150993347,40.0,13.0,12284.0,2.508,425946260.0
2.195670127868652,-1.417726159095764,-0.04562059044837952,1.0,14.0,12285.0,2.614,425946262.0
2.085472822189331,-1.346572756767273,0.6651649475097656,65.0,15.0,12285.0,2.57,425946264.0
0.5680966973304749,-0.368362694978714,0.03548377752304077,1.0,3.0,12296.0,0.678,425946292.0
0.9410693049430847,-0.6104372143745422,0.09813736379146576,2.0,5.0,12297.0,1.126,425946297.0
2.850526571273804,-1.850446343421936,0.4172806441783905,3.0,7.0,12299.0,3.424,425946301.0
9.705448150634766,-6.305200099945068,1.833099007606506,22.0,9.0,12301.0,11.718,425946306.0
2.220451831817627,-1.442529320716858,-0.2316599637269974,1.0,10.0,12301.0,2.658,425946308.0
2.370456457138062,-1.540569067001343,0.5495299100875854,34.0,11.0,12302.0,2.88,425946310.0
2.203605890274048,-1.432679414749146,-0.1377482414245605,1.0,12.0,12303.0,2.632,425946313.0
2.040378332138062,-1.327063322067261,0.5619277358055115,32.0,13.0,12304.0,2.498,425946315.0
2.153832912445068,-1.401389241218567,-0.04485268518328667,1.0,14.0,12305.0,2.57,425946317.0
2.072427988052368,-1.34893810749054,0.6625767350196838,69.0,15.0,12306.0,2.56,425946320.0
0.5550401210784912,-0.3627931475639343,0.03475107625126839,3.0,3.0,12317.0,0.664,425946347.0
0.9304879307746887,-0.6084304451942444,0.0972658097743988,3.0,5.0,12318.0,1.116,425946352.0
2.70087456703186,-1.767402768135071,0.3963190913200378,4.0,7.0,12320.0,3.252,425946356.0
9.663546562194824,-6.326056957244873,1.829344630241394,10.0,9.0,12321.0,11.694,425946361.0
2.298488855361938,-1.505235075950623,-0.2403755336999893,1.0,10.0,12322.0,2.758,425946363.0
2.361509561538696,-1.5470951795578,0.5487666726112366,31.0,11.0,12323.0,2.876,425946366.0
2.205022096633911,-1.445125579833984,-0.1381669193506241,1.0,12.0,12324.0,2.64,425946368.0
2.040390014648438,-1.337738275527954,0.5632774233818054,25.0,13.0,12325.0,2.504,425946370.0
2.172091960906982,-1.424628019332886,-0.04534135013818741,1.0,14.0,12326.0,2.598,425946373.0
2.062860488891602,-1.352985501289368,0.6610238552093506,73.0,15.0,12326.0,2.554,425946375.0
0.5854619741439819,-0.3856013715267181,0.03673984110355377,1.0,3.0,12337.0,0.7020000000000001,425946403.0
0.918376088142395,-0.6050975918769836,0.09621994197368622,3.0,5.0,12338.0,1.104,425946407.0
2.528963565826416,-1.66754424571991,0.3719452321529388,4.0,7.0,12340.0,3.052,425946412.0
9.651299476623535,-6.366276741027832,1.83122181892395,16.0,9.0,12341.0,11.706,425946416.0
2.293220520019531,-1.513249158859253,-0.2403755336999893,1.0,10.0,12342.0,2.758,425946419.0
2.352818012237549,-1.553165793418884,0.5480034351348877,32.0,11.0,12343.0,2.872,425946421.0
2.199964046478271,-1.452813744544983,-0.1381669193506241,1.0,12.0,12344.0,2.64,425946423.0
2.027578115463257,-1.339481592178345,0.5610279440879822,19.0,13.0,12345.0,2.494,425946426.0
2.153759479522705,-1.423380970954895,-0.0450621135532856,1.0,14.0,12346.0,2.582,425946428.0
2.062960147857666,-1.363373398780823,0.6625767350196838,69.0,15.0,12346.0,2.56,425946430.0
0.5309215188026428,-0.3522093892097473,0.0333903394639492,1.0,3.0,12356.0,0.638,425946458.0
0.9097241163253784,-0.6037328839302063,0.0955226942896843,3.0,5.0,12357.0,1.096,425946462.0
2.399398565292358,-1.593553066253662,0.3536648452281952,4.0,7.0,12359.0,2.902,425946467.0
9.60763168334961,-6.385712623596191,1.827154517173767,16.0,9.0,12361.0,11.68,425946472.0
2.288189888000488,-1.520845413208008,-0.2403755336999893,1.0,10.0,12361.0,2.758,425946474.0
2.352559089660645,-1.564220547676086,0.5491482615470886,28.0,11.0,12362.0,2.878,425946476.0
2.178504467010498,-1.449039697647095,-0.1371202021837234,1.0,12.0,12363.0,2.62,425946479.0
2.011768341064453,-1.338641047477722,0.5578786134719849,18.0,13.0,12364.0,2.48,425946481.0
2.15901517868042,-1.437163710594177,-0.04527154192328453,1.0,14.0,12365.0,2.594,425946483.0
2.053603410720825,-1.366995453834534,0.6610238552093506,73.0,15.0,12365.0,2.554,425946485.0
0.4306858777999878,-0.287666380405426,0.0090403463691473,2.0,1.0,12374.0,0.518,425946509.0
0.5230469703674316,-0.3496208786964417,0.03297165408730507,1.0,3.0,12376.0,0.63,425946513.0
0.8728304505348206,-0.5836474895477295,0.09186214953660965,2.0,5.0,12377.0,1.054,425946518.0
2.268438577651978,-1.518014073371887,0.3351407051086426,4.0,7.0,12379.0,2.75,425946522.0
9.5885648727417,-6.421408653259277,1.827780246734619,24.0,9.0,12381.0,11.684,425946527.0
2.282867193222046,-1.528823375701904,-0.2403755336999893,1.0,10.0,12381.0,2.758,425946529.0
2.345453500747681,-1.571330189704895,0.5487666726112366,18.0,11.0,12382.0,2.876,425946532.0
2.183387756347656,-1.463306903839111,-0.1377482414245605,1.0,12.0,12383.0,2.632,425946534.0
2.010320425033569,-1.347825646400452,0.5587784051895142,20.0,13.0,12384.0,2.484,425946536.0
2.163949966430664,-1.451374530792236,-0.04548097029328346,1.0,14.0,12385.0,2.606,425946538.0
2.059808731079102,-1.382047653198242,0.6646472811698914,69.0,15.0,12386.0,2.568,425946541.0
0.4296790957450867,-0.2891680002212524,0.0090403463691473,2.0,1.0,12394.0,0.518,425946564.0
0.5185102224349976,-0.3492131233215332,0.0327623076736927,1.0,3.0,12396.0,0.626,425946568.0
0.8526119589805603,-0.5744447112083435,0.08994472771883011,3.0,5.0,12397.0,1.032,425946573.0
2.18247652053833,-1.471544742584229,0.3231974840164185,6.0,7.0,12399.0,2.652,425946578.0
9.536617279052734,-6.434951782226562,1.822148680686951,14.0,9.0,12401.0,11.648,425946582.0
2.277516603469849,-1.53678286075592,-0.2403755336999893,1.0,10.0,12401.0,2.758,425946585.0
2.392025709152222,-1.614656805992126,0.5609784722328186,21.0,11.0,12402.0,2.94,425946587.0
2.184887409210205,-1.475390315055847,-0.1381669193506241,1.0,12.0,12403.0,2.64,425946589.0
1.999144196510315,-1.350471377372742,0.5569788217544556,22.0,13.0,12404.0,2.476,425946591.0
2.138988494873047,-1.445483326911926,-0.0450621135532856,1.0,14.0,12405.0,2.582,425946594.0
2.042409420013428,-1.38021719455719,0.6605061888694763,69.0,15.0,12405.0,2.552,425946596.0
0.494870513677597,-0.3355566263198853,0.0104365386068821,2.0,1.0,12414.0,0.598,425946619.0
0.5139827132225037,-0.3487779796123505,0.03255296498537064,1.0,3.0,12416.0,0.622,425946624.0
0.848953127861023,-0.5762983560562134,0.08977041393518448,3.0,5.0,12417.0,1.03,425946628.0
2.103435277938843,-1.428956508636475,0.3122292459011078,6.0,7.0,12419.0,2.562,425946633.0
9.525532722473145,-6.47597599029541,1.824338674545288,23.0,9.0,12421.0,11.662,425946638.0
2.722415447235107,-1.85154116153717,0.6399733424186707,23.0,11.0,12422.0,3.354,425946642.0
2.183026790618896,-1.485255002975464,-0.1383762657642365,1.0,12.0,12423.0,2.644,425946644.0
1.997640013694763,-1.359634399414062,0.5578786134719849,21.0,13.0,12424.0,2.48,425946647.0
2.14715313911438,-1.461944460868835,-0.04534135013818741,1.0,14.0,12425.0,2.598,425946649.0
2.029594898223877,-1.381901860237122,0.6579180359840393,81.0,15.0,12425.0,2.542,425946651.0
0.4936961829662323,-0.3372820019721985,0.0104365386068821,2.0,1.0,12434.0,0.598,425946675.0
0.4765464067459106,-0.3256876468658447,0.03025018237531185,1.0,3.0,12435.0,0.578,425946680.0
0.8272019028663635,-0.5657609701156616,0.08767867833375931,3.0,5.0,12437.0,1.006,425946685.0
2.016528367996216,-1.380228877067566,0.3000423312187195,5.0,7.0,12439.0,2.462,425946689.0
9.515414237976074,-6.515340328216553,1.826528787612915,24.0,9.0,12440.0,11.676,425946694.0
2.769379854202271,-1.897654294967651,0.6525667905807495,30.0,11.0,12442.0,3.42,425946698.0
2.17453408241272,-1.490607619285583,-0.1381669193506241,1.0,12.0,12443.0,2.64,425946701.0
2.000917673110962,-1.372109651565552,0.5601281523704529,17.0,13.0,12444.0,2.49,425946703.0
2.148632764816284,-1.473955392837524,-0.04548097029328346,1.0,14.0,12445.0,2.606,425946705.0
2.032723903656006,-1.394442200660706,0.6605061888694763,77.0,15.0,12445.0,2.552,425946708.0
0.4332162737846375,-0.2981868088245392,0.00917996559292078,2.0,1.0,12454.0,0.526,425946731.0
0.5214041471481323,-0.3591556251049042,0.03318099677562714,1.0,3.0,12456.0,0.634,425946735.0
0.8219407796859741,-0.5663840174674988,0.08733005076646805,2.0,5.0,12457.0,1.002,425946740.0
1.938159227371216,-1.336547374725342,0.2890740931034088,6.0,7.0,12459.0,2.372,425946744.0
9.463831901550293,-6.531098365783691,1.821210026741028,16.0,9.0,12461.0,11.642,425946749.0
2.179308414459229,-1.503965616226196,-0.2316599637269974,1.0,10.0,12461.0,2.658,425946751.0
2.76758599281311,-1.910655736923218,0.6537116169929504,32.0,11.0,12462.0,3.426,425946754.0
2.143023014068604,-1.480029225349426,-0.1364921778440475,1.0,12.0,12463.0,2.608,425946756.0
1.988099336624146,-1.373547315597534,0.5578786134719849,18.0,13.0,12464.0,2.48,425946758.0
2.120444297790527,-1.465529203414917,-0.04499230533838272,1.0,14.0,12465.0,2.578,425946761.0
2.024421215057373,-1.399685859680176,0.6594709157943726,69.0,15.0,12466.0,2.548,425946763.0
0.4808252453804016,-0.3335603475570679,0.03066886961460114,1.0,3.0,12475.0,0.586,425946791.0
0.8166854381561279,-0.5669772028923035,0.08698143064975739,2.0,5.0,12477.0,0.998,425946795.0
1.878053426742554,-1.304795026779175,0.2807869613170624,6.0,7.0,12479.0,2.304,425946800.0
9.428001403808594,-6.55507230758667,1.81870710849762,13.0,9.0,12481.0,11.626,425946804.0
2.76412296295166,-1.922546863555908,0.6544748544692993,31.0,11.0,12482.0,3.43,425946809.0
2.164074897766113,-1.505752325057983,-0.1381669193506241,1.0,12.0,12483.0,2.64,425946811.0
1.976894974708557,-1.376025557518005,0.5560790300369263,22.0,13.0,12484.0,2.472,425946814.0
2.154700994491577,-1.500346422195435,-0.04583001881837845,1.0,14.0,12485.0,2.626,425946816.0
2.022939443588257,-1.408599257469177,0.6605061888694763,77.0,15.0,12485.0,2.552,425946818.0
0.4731097519397736,-0.3306601047515869,0.03025018237531185,1.0,3.0,12495.0,0.578,425946846.0
0.7869459986686707,-0.5504116415977478,0.08401813358068466,3.0,5.0,12497.0,0.964,425946850.0
1.788920283317566,-1.252150177955627,0.2681125700473785,6.0,7.0,12499.0,2.2,425946855.0
9.39697265625,-6.582275390625,1.817142724990845,6.0,9.0,12501.0,11.616,425946860.0
2.757395267486572,-1.932183742523193,0.6544748544692993,32.0,11.0,12502.0,3.43,425946864.0
2.162076473236084,-1.515589952468872,-0.1383762657642365,1.0,12.0,12503.0,2.644,425946867.0
1.956124305725098,-1.371729254722595,0.551580011844635,28.0,13.0,12504.0,2.452,425946869.0
2.116709470748901,-1.484890460968018,-0.04513192176818848,1.0,14.0,12505.0,2.586,425946871.0
2.010102510452271,-1.410104751586914,0.6579180359840393,73.0,15.0,12505.0,2.542,425946873.0
0.4703773856163025,-0.3310775756835938,0.03014551103115082,1.0,3.0,12514.0,0.5760000000000001,425946901.0
0.7591477632522583,-0.5345283150672913,0.08122915029525757,2.0,5.0,12515.0,0.932,425946906.0
1.702219605445862,-1.19944953918457,0.2556818723678589,5.0,7.0,12517.0,2.098,425946910.0
5.450776100158691,-3.84225058555603,1.056245565414429,4.0,9.0,12518.0,6.752,425946915.0
2.744894504547119,-1.936310052871704,0.6529483795166016,33.0,11.0,12520.0,3.422,425946920.0
2.170359373092651,-1.531587481498718,-0.1392136365175247,1.0,12.0,12521.0,2.66,425946922.0
1.958173394203186,-1.382363319396973,0.5533795952796936,31.0,13.0,12522.0,2.46,425946924.0
2.134902238845825,-1.50768256187439,-0.04562059044837952,1.0,14.0,12523.0,2.614,425946926.0
2.00068187713623,-1.413418650627136,0.6563650965690613,77.0,15.0,12524.0,2.536,425946929.0
0.4878553152084351,-0.3456765413284302,0.0104365386068821,2.0,1.0,12532.0,0.598,425946952.0
0.4790534973144531,-0.3395655155181885,0.03077354282140732,1.0,3.0,12533.0,0.588,425946956.0
0.739401638507843,-0.5244948863983154,0.07931172847747803,2.0,5.0,12535.0,0.91,425946961.0
1.639748930931091,-1.164017200469971,0.2469072937965393,5.0,7.0,12537.0,2.026,425946966.0
5.428605079650879,-3.856482982635498,1.054681181907654,9.0,9.0,12539.0,6.742,425946970.0
2.725316286087036,-1.936781525611877,0.649895429611206,33.0,11.0,12540.0,3.406,425946975.0
2.132443428039551,-1.516008853912354,-0.1371202021837234,1.0,12.0,12541.0,2.62,425946977.0
1.967628717422485,-1.399354934692383,0.5574287176132202,32.0,13.0,12542.0,2.478,425946979.0
2.123108863830566,-1.510488629341125,-0.04548097029328346,1.0,14.0,12543.0,2.606,425946982.0
2.000457763671875,-1.423754334449768,0.6579180359840393,65.0,15.0,12544.0,2.542,425946984.0
0.4866456985473633,-0.3473773598670959,0.0104365386068821,2.0,1.0,12552.0,0.598,425947007.0
0.4778652787208557,-0.3412356376647949,0.03077354282140732,1.0,3.0,12553.0,0.588,425947012.0
0.7424293756484985,-0.5305478572845459,0.07983466237783432,2.0,5.0,12555.0,0.916,425947016.0
1.561400294303894,-1.116616725921631,0.2356953173875809,6.0,7.0,12557.0,1.934,425947021.0
5.423819541931152,-3.880210399627686,1.056245565414429,11.0,9.0,12558.0,6.752,425947026.0
2.724924325942993,-1.950854301452637,0.6514219045639038,28.0,11.0,12560.0,3.414,425947030.0
2.127138614654541,-1.523443222045898,-0.1371202021837234,1.0,12.0,12561.0,2.62,425947032.0
1.953227400779724,-1.399405002593994,0.5547292828559875,37.0,13.0,12562.0,2.466,425947035.0
2.108071327209473,-1.510900974273682,-0.04527154192328453,1.0,14.0,12563.0,2.594,425947037.0
1.992335796356201,-1.428477168083191,0.6568827629089355,73.0,15.0,12564.0,2.538,425947039.0
0.4854301512241364,-0.3490739762783051,0.0104365386068821,2.0,1.0,12572.0,0.598,425947062.0
0.4799138903617859,-0.3452343046665192,0.03098288550972939,1.0,3.0,12573.0,0.592,425947067.0
0.7373389601707458,-0.5308080911636353,0.07948603481054306,2.0,5.0,12575.0,0.912,425947072.0
1.512395024299622,-1.08957040309906,0.2288706302642822,5.0,7.0,12577.0,1.878,425947076.0
5.39902400970459,-3.891034603118896,1.054055452346802,14.0,9.0,12578.0,6.738,425947081.0
2.735613584518433,-1.972986817359924,0.6556196808815002,19.0,11.0,12580.0,3.436,425947085.0
2.138004779815674,-1.542545080184937,-0.1381669193506241,1.0,12.0,12581.0,2.64,425947088.0
1.948330640792847,-1.406214475631714,0.5547292828559875,32.0,13.0,12582.0,2.466,425947090.0
2.104405641555786,-1.519420862197876,-0.04530644789338112,1.0,14.0,12583.0,2.596,425947092.0
1.988903403282166,-1.436554193496704,0.657400369644165,77.0,15.0,12584.0,2.54,425947095.0
0.4721771478652954,-0.3423018753528595,0.0305641982704401,3.0,3.0,12594.0,0.584,425947122.0
0.7160361409187317,-0.5194673538208008,0.07739429920911789,2.0,5.0,12596.0,0.888,425947127.0
1.484295725822449,-1.077612519264221,0.2252145409584045,4.0,7.0,12598.0,1.848,425947131.0
5.379931449890137,-3.907314538955688,1.053116798400879,14.0,9.0,12599.0,6.732,425947136.0
2.2227783203125,-1.614942908287048,-0.2403755336999893,1.0,10.0,12600.0,2.758,425947138.0
2.764890193939209,-2.009547710418701,0.6643969416618347,18.0,11.0,12601.0,3.482,425947141.0
2.109721183776855,-1.5339275598526,-0.1367015242576599,1.0,12.0,12602.0,2.612,425947143.0
1.941587567329407,-1.412199735641479,0.5542793869972229,35.0,13.0,12603.0,2.464,425947145.0
2.08103609085083,-1.514181971549988,-0.04492249339818954,1.0,14.0,12604.0,2.574,425947148.0
1.98075258731842,-1.441214799880981,0.6563650965690613,77.0,15.0,12604.0,2.536,425947150.0
0.4548499882221222,-0.3321689665317535,0.02951747924089432,4.0,3.0,12614.0,0.5640000000000001,425947178.0
0.6949152946472168,-0.5078564882278442,0.07530256360769272,2.0,5.0,12616.0,0.864,425947182.0
1.446876764297485,-1.058178305625916,0.2200960367918015,4.0,7.0,12618.0,1.806,425947187.0
5.364665508270264,-3.924903869628906,1.052803993225098,16.0,9.0,12619.0,6.73,425947191.0
3.055663347244263,-2.237226486206055,0.7361410856246948,35.0,11.0,12621.0,3.858,425947196.0
2.101131200790405,-1.538922190666199,-0.1364921778440475,1.0,12.0,12622.0,2.608,425947198.0
1.93979012966156,-1.421272039413452,0.5551791787147522,35.0,13.0,12623.0,2.468,425947201.0
2.098317623138428,-1.537987112998962,-0.04541116207838058,1.0,14.0,12624.0,2.602,425947203.0
1.969225168228149,-1.443895697593689,0.6542945504188538,77.0,15.0,12625.0,2.528,425947205.0
0.4311642050743103,-0.3171852827072144,0.02805207297205925,2.0,3.0,12634.0,0.536,425947233.0
0.6948320865631104,-0.5113390684127808,0.07547686994075775,2.0,5.0,12635.0,0.866,425947237.0
1.398604393005371,-1.030010223388672,0.2132713496685028,4.0,7.0,12637.0,1.75,425947242.0
5.354801177978516,-3.945015430450439,1.05342972278595,16.0,9.0,12638.0,6.734,425947247.0
3.131978750228882,-2.309093952178955,0.7563668489456177,35.0,11.0,12640.0,3.964,425947251.0
2.11851954460144,-1.562478184700012,-0.1379575878381729,1.0,12.0,12641.0,2.636,425947254.0
1.941338896751404,-1.432324767112732,0.5569788217544556,34.0,13.0,12642.0,2.476,425947256.0
2.080334663391113,-1.535436987876892,-0.04513192176818848,1.0,14.0,12643.0,2.586,425947258.0
1.966233730316162,-1.45122230052948,0.6548121571540833,81.0,15.0,12643.0,2.53,425947261.0
0.4300543963909149,-0.3186883926391602,0.02805207297205925,2.0,3.0,12654.0,0.536,425947288.0
0.6738362312316895,-0.4995231628417969,0.07338513433933258,2.0,5.0,12655.0,0.842,425947293.0
1.356737613677979,-1.006500482559204,0.2074216157197952,4.0,7.0,12657.0,1.702,425947297.0
5.340305805206299,-3.964615345001221,1.05342972278595,16.0,9.0,12659.0,6.734,425947302.0
3.128627777099609,-2.323523998260498,0.7575117349624634,38.0,11.0,12660.0,3.97,425947307.0
2.093813896179199,-1.555570602416992,-0.1367015242576599,1.0,12.0,12661.0,2.612,425947309.0
1.925378680229187,-1.430955529212952,0.5538294911384583,37.0,13.0,12662.0,2.462,425947311.0
2.066938400268555,-1.536723852157593,-0.04495739936828613,1.0,14.0,12663.0,2.576,425947314.0
1.959351420402527,-1.457266211509705,0.6542945504188538,77.0,15.0,12664.0,2.528,425947316.0
0.4129341542720795,-0.3082403242588043,0.02700535394251347,4.0,3.0,12674.0,0.516,425947343.0
0.667299211025238,-0.4982959628105164,0.07286220043897629,2.0,5.0,12675.0,0.836,425947348.0
1.327773690223694,-0.9922177195549011,0.203521803021431,4.0,7.0,12677.0,1.67,425947353.0
5.322382926940918,-3.978754281997681,1.052491068840027,19.0,9.0,12678.0,6.728,425947357.0
3.120498180389404,-2.334430932998657,0.7575117349624634,39.0,11.0,12680.0,3.97,425947362.0
2.088371276855469,-1.562869906425476,-0.1367015242576599,1.0,12.0,12681.0,2.612,425947364.0
1.914131999015808,-1.432996034622192,0.5520299077033997,39.0,13.0,12682.0,2.454,425947367.0
2.072765827178955,-1.55232036113739,-0.04520173370838165,1.0,14.0,12683.0,2.59,425947369.0
1.966878414154053,-1.473019957542419,0.6584356427192688,85.0,15.0,12683.0,2.544,425947371.0
0.4166446924209595,-0.3132807910442352,0.02731936983764172,4.0,3.0,12694.0,0.522,425947399.0
0.6798859238624573,-0.5114011764526367,0.07443100214004517,2.0,5.0,12695.0,0.854,425947403.0
1.2989262342453,-0.9777452349662781,0.1996219903230667,4.0,7.0,12697.0,1.638,425947408.0
5.296719551086426,-3.989915370941162,1.0503009557724,16.0,9.0,12699.0,6.714,425947413.0
3.115466356277466,-2.3476722240448,0.7582749724388123,38.0,11.0,12700.0,3.974,425947417.0
2.102041482925415,-1.584577202796936,-0.1379575878381729,1.0,12.0,12701.0,2.636,425947419.0
1.909118294715881,-1.439668893814087,0.5520299077033997,39.0,13.0,12702.0,2.454,425947422.0
2.051370620727539,-1.547503352165222,-0.04485268518328667,1.0,14.0,12703.0,2.57,425947424.0
1.942961931228638,-1.466254711151123,0.6522240042686462,80.0,15.0,12704.0,2.52,425947426.0
2.068344593048096,-1.564844250679016,0.04527154192328453,1.0,1.0,12711.0,2.594,425947449.0
0.4394887983798981,-0.3327446579933167,0.02888944745063782,4.0,3.0,12713.0,0.552,425947454.0
0.6527741551399231,-0.49440598487854,0.07164201885461807,2.0,5.0,12714.0,0.8220000000000001,425947459.0
1.268782377243042,-0.9616628885269165,0.1954784244298935,3.0,7.0,12716.0,1.604,425947463.0
5.282584667205811,-4.005342483520508,1.049988150596619,9.0,9.0,12717.0,6.712,425947468.0
3.106100082397461,-2.356803894042969,0.7578933238983154,30.0,11.0,12719.0,3.972,425947472.0
2.077684879302979,-1.577048659324646,-0.1367015242576599,1.0,12.0,12720.0,2.612,425947475.0
1.907437682151794,-1.448348760604858,0.552929699420929,38.0,13.0,12721.0,2.458,425947477.0
2.038265705108643,-1.54824960231781,-0.04467815905809402,1.0,14.0,12722.0,2.56,425947479.0
1.922962307929993,-1.460666060447693,0.6470476388931274,75.0,15.0,12722.0,2.5,425947482.0
2.062869548797607,-1.572054505348206,0.04527154192328453,1.0,1.0,12731.0,2.594,425947505.0
0.4430890083312988,-0.3379101753234863,0.02920346334576607,4.0,3.0,12733.0,0.558,425947509.0
0.6462922692298889,-0.4930561780929565,0.07111908495426178,2.0,5.0,12734.0,0.8160000000000001,425947514.0
1.213349461555481,-0.9263342022895813,0.187435045838356,4.0,7.0,12736.0,1.538,425947519.0
13.86661338806152,-10.59415912628174,2.7638840675354,27.0,9.0,12738.0,17.668,425947523.0
3.105653524398804,-2.373592615127563,0.75980144739151,19.0,11.0,12739.0,3.982,425947528.0
2.040434122085571,-1.560029745101929,-0.1346080750226974,1.0,12.0,12740.0,2.572,425947530.0
1.899274587631226,-1.452630400657654,0.5520299077033997,41.0,13.0,12741.0,2.454,425947532.0
2.034436941146851,-1.556570172309875,-0.04471306502819061,1.0,14.0,12742.0,2.562,425947535.0
1.923732042312622,-1.472400903701782,0.649118185043335,68.0,15.0,12743.0,2.508,425947537.0
2.057369470596313,-1.579245686531067,0.04527154192328453,1.0,1.0,12751.0,2.594,425947560.0
0.4276517331600189,-0.3285046219825745,0.02826141566038132,4.0,3.0,12753.0,0.54,425947565.0
0.6461470723152161,-0.4965231418609619,0.07129339873790741,2.0,5.0,12754.0,0.8180000000000001,425947569.0
1.189651608467102,-0.9148327112197876,0.1842664480209351,3.0,7.0,12756.0,1.512,425947574.0
6.812366485595703,-5.240548610687256,1.361292719841003,12.0,9.0,12757.0,8.702,425947578.0
3.388260364532471,-2.608369827270508,0.8311640024185181,30.0,11.0,12759.0,4.356,425947583.0
2.06029486656189,-1.586640596389771,-0.1362828314304352,1.0,12.0,12760.0,2.604,425947585.0
1.894192337989807,-1.459251284599304,0.5520299077033997,41.0,13.0,12761.0,2.454,425947588.0
2.03849458694458,-1.570986151695251,-0.04492249339818954,1.0,14.0,12762.0,2.574,425947590.0
1.917308688163757,-1.477592945098877,0.6486005187034607,64.0,15.0,12762.0,2.506,425947592.0
2.051844358444214,-1.586417675018311,0.04527154192328453,1.0,1.0,12771.0,2.594,425947615.0
0.4249227941036224,-0.3287732005119324,0.02815674431622028,4.0,3.0,12773.0,0.538,425947620.0
0.6412587761878967,-0.4963366091251373,0.07094477117061615,2.0,5.0,12774.0,0.8140000000000001,425947625.0
1.153494000434875,-0.8934525847434998,0.1791479289531708,3.0,7.0,12776.0,1.47,425947629.0
3.493944883346558,-2.709204912185669,0.8594037294387817,30.0,11.0,12779.0,4.504,425947638.0
2.029493570327759,-1.574236512184143,-0.1346080750226974,1.0,12.0,12780.0,2.572,425947641.0
1.879849553108215,-1.458686351776123,0.549330472946167,41.0,13.0,12781.0,2.442,425947643.0
2.03931713104248,-1.582996964454651,-0.0450621135532856,1.0,14.0,12782.0,2.582,425947645.0
1.922561049461365,-1.492904186248779,0.6522240042686462,69.0,15.0,12783.0,2.52,425947648.0
0.4331068694591522,-0.3377719223499298,0.02878477610647678,4.0,3.0,12795.0,0.55,425947675.0
0.6283521056175232,-0.4902164041996002,0.06972459703683853,2.0,5.0,12796.0,0.8,425947680.0
1.128149151802063,-0.8807727098464966,0.1757355928421021,4.0,7.0,12798.0,1.442,425947684.0
6.748859405517578,-5.270890235900879,1.356286764144897,38.0,9.0,12799.0,8.67,425947689.0
3.50826621055603,-2.741944074630737,0.8655096292495728,40.0,11.0,12801.0,4.536,425947694.0
2.05490255355835,-1.606621265411377,-0.1367015242576599,1.0,12.0,12802.0,2.612,425947696.0
1.874234676361084,-1.465893626213074,0.549330472946167,42.0,13.0,12803.0,2.442,425947698.0
2.006450176239014,-1.569867610931396,-0.04446873068809509,1.0,14.0,12804.0,2.548,425947701.0
1.921640872955322,-1.503512024879456,0.6537768840789795,73.0,15.0,12804.0,2.526,425947703.0
2.040160417556763,-1.601415753364563,0.04527154192328453,1.0,1.0,12813.0,2.594,425947726.0
0.4256426393985748,-0.3343466818332672,0.0283660888671875,4.0,3.0,12815.0,0.542,425947731.0
0.6094045639038086,-0.4788655936717987,0.0678071677684784,2.0,5.0,12816.0,0.778,425947735.0
1.106342673301697,-0.8699806928634644,0.1728107333183289,4.0,7.0,12818.0,1.418,425947740.0
6.730419635772705,-5.294415950775146,1.356286764144897,50.0,9.0,12819.0,8.67,425947744.0
3.494045734405518,-2.750530481338501,0.864364743232727,34.0,11.0,12821.0,4.53,425947749.0
2.061835050582886,-1.623669862747192,-0.1375388950109482,1.0,12.0,12822.0,2.628,425947751.0
1.872167944908142,-1.474838852882385,0.5502302646636963,42.0,13.0,12823.0,2.446,425947754.0
2.024517297744751,-1.595427751541138,-0.04499230533838272,1.0,14.0,12824.0,2.578,425947756.0
1.910311579704285,-1.505427718162537,0.651706337928772,73.0,15.0,12824.0,2.518,425947758.0
2.035119295120239,-1.60781717300415,0.04527154192328453,1.0,1.0,12831.0,2.594,425947781.0
0.4261569082736969,-0.3369209170341492,0.02847076021134853,4.0,3.0,12833.0,0.544,425947786.0
0.6047717332839966,-0.478305846452713,0.06745854765176773,2.0,5.0,12834.0,0.774,425947790.0
1.088038444519043,-0.8611325621604919,0.17037333548069,4.0,7.0,12836.0,1.398,425947795.0
6.697340488433838,-5.304440975189209,1.353158116340637,35.0,9.0,12838.0,8.65,425947800.0
3.480771064758301,-2.757836103439331,0.8632199168205261,19.0,11.0,12839.0,4.524,425947804.0
2.012897253036499,-1.595402598381042,-0.1346080750226974,1.0,12.0,12840.0,2.572,425947807.0
1.870579361915588,-1.483134627342224,0.5511300563812256,41.0,13.0,12841.0,2.45,425947809.0
2.016361474990845,-1.599294781684875,-0.04492249339818954,1.0,14.0,12842.0,2.574,425947811.0
1.89800488948822,-1.505419135093689,0.649118185043335,61.0,15.0,12842.0,2.508,425947813.0
2.029494524002075,-1.614911317825317,0.04527154192328453,1.0,1.0,12851.0,2.594,425947837.0
0.4187285602092743,-0.3334298431873322,0.02805207297205925,4.0,3.0,12853.0,0.536,425947841.0
0.6171240210533142,-0.4915864169597626,0.06902734935283661,2.0,5.0,12854.0,0.792,425947846.0
1.04466724395752,-0.8327535390853882,0.1640361398458481,4.0,7.0,12856.0,1.346,425947850.0
6.708123683929443,-5.351191997528076,1.359102606773376,13.0,9.0,12858.0,8.688,425947855.0
3.590817213058472,-2.865485668182373,0.8929861187934875,62.0,11.0,12859.0,4.68,425947860.0
2.063508272171021,-1.647276997566223,-0.1383762657642365,1.0,12.0,12860.0,2.644,425947862.0
1.86539089679718,-1.489655137062073,0.5511300563812256,42.0,13.0,12861.0,2.45,425947864.0
2.010766744613647,-1.606323480606079,-0.04492249339818954,1.0,14.0,12862.0,2.574,425947866.0
1.890965342521667,-1.511159539222717,0.6486005187034607,54.0,15.0,12863.0,2.506,425947869.0
2.023845195770264,-1.621985673904419,0.04527154192328453,1.0,1.0,12871.0,2.594,425947892.0
0.4097718000411987,-0.3286415338516235,0.02752871252596378,4.0,3.0,12873.0,0.526,425947896.0
0.6091880798339844,-0.4887503385543823,0.06833010166883469,2.0,5.0,12874.0,0.784,425947901.0
1.030918598175049,-0.8276954889297485,0.1623299717903137,4.0,7.0,12876.0,1.332,425947906.0
6.965049266815186,-5.596041679382324,1.415106177330017,12.0,9.0,12878.0,9.046,425947910.0
3.862359523773193,-3.104306936264038,0.9632037878036499,35.0,11.0,12879.0,5.048,425947915.0
2.001710176467896,-1.609416365623474,-0.1346080750226974,1.0,12.0,12880.0,2.572,425947917.0
1.848031520843506,-1.486386656761169,0.5475308895111084,43.0,13.0,12881.0,2.434,425947919.0
1.989567399024963,-1.600796937942505,-0.04457344487309456,1.0,14.0,12882.0,2.554,425947922.0
1.90250039100647,-1.53074324131012,0.6542945504188538,69.0,15.0,12882.0,2.528,425947924.0
2.061739921569824,-1.6642085313797,0.04624887555837631,1.0,1.0,12891.0,2.65,425947947.0
0.4210516810417175,-0.3401100337505341,0.0283660888671875,4.0,3.0,12893.0,0.542,425947952.0
0.5764845013618469,-0.4658292233943939,0.06484387069940567,2.0,5.0,12894.0,0.744,425947956.0
1.00486946105957,-0.812566339969635,0.158673882484436,4.0,7.0,12896.0,1.302,425947961.0
7.082140445709229,-5.730912208557129,1.442951560020447,15.0,9.0,12898.0,9.224,425947966.0
3.877440929412842,-3.138769388198853,0.9696913361549377,40.0,11.0,12899.0,5.082,425947970.0
1.851917266845703,-1.50018835067749,0.5502302646636963,42.0,13.0,12901.0,2.446,425947975.0
1.974645733833313,-1.600178122520447,-0.04436401650309563,1.0,14.0,12902.0,2.542,425947977.0
1.892642736434937,-1.533726096153259,0.6527416110038757,65.0,15.0,12902.0,2.522,425947979.0
2.012472152709961,-1.636075139045715,0.04527154192328453,1.0,1.0,12911.0,2.594,425948002.0
0.4090748429298401,-0.332683265209198,0.02763338573276997,4.0,3.0,12912.0,0.528,425948007.0
0.5532206296920776,-0.4502318799495697,0.06240351125597954,2.0,5.0,12914.0,0.716,425948012.0
1.006644606590271,-0.8198297023773193,0.1594050973653793,4.0,7.0,12916.0,1.308,425948016.0
7.254529476165771,-5.910327434539795,1.482060074806213,6.0,9.0,12917.0,9.474,425948021.0
3.88472056388855,-3.167171955108643,0.9742707014083862,37.0,11.0,12919.0,5.106,425948025.0
2.067813873291016,-1.686467885971069,-0.1398416757583618,1.0,12.0,12920.0,2.672,425948028.0
1.843649506568909,-1.504179716110229,0.549330472946167,41.0,13.0,12921.0,2.442,425948030.0
1.97834324836731,-1.614647626876831,-0.04457344487309456,1.0,14.0,12922.0,2.554,425948032.0
1.879794239997864,-1.534215807914734,0.6501534581184387,69.0,15.0,12922.0,2.512,425948035.0
2.006748914718628,-1.643090009689331,0.04527154192328453,1.0,1.0,12931.0,2.594,425948058.0
0.410942554473877,-0.3367120623588562,0.02784272842109203,2.0,3.0,12933.0,0.532,425948062.0
0.5377774834632874,-0.4407930672168732,0.06083470955491066,3.0,5.0,12934.0,0.6980000000000001,425948067.0
0.9868935942649841,-0.8094903230667114,0.1567239761352539,4.0,7.0,12936.0,1.286,425948071.0
5.570048809051514,-4.572034358978271,1.141345858573914,3.0,9.0,12938.0,7.296,425948076.0
3.958609580993652,-3.250481843948364,0.9956413507461548,37.0,11.0,12939.0,5.218,425948081.0
1.847421526908875,-1.51802921295166,0.5520299077033997,38.0,13.0,12941.0,2.454,425948085.0
1.992777347564697,-1.63805103302002,-0.04502720758318901,1.0,14.0,12942.0,2.58,425948088.0
1.88012707233429,-1.546003222465515,0.6522240042686462,85.0,15.0,12943.0,2.52,425948090.0
1.976032257080078,-1.630074024200439,0.04471306502819061,1.0,1.0,12952.0,2.562,425948113.0
0.4190075099468231,-0.3457717597484589,0.02847076021134853,2.0,3.0,12953.0,0.544,425948118.0
0.5161867737770081,-0.4262686371803284,0.05856866016983986,3.0,5.0,12955.0,0.672,425948122.0
0.9624971747398376,-0.7953984141349792,0.1533116400241852,4.0,7.0,12957.0,1.258,425948127.0
4.714481353759766,-3.898772478103638,0.9689550995826721,3.0,9.0,12959.0,6.194,425948131.0
4.078275680541992,-3.37384295463562,1.028842091560364,19.0,11.0,12960.0,5.392,425948136.0
1.838843107223511,-1.522304773330688,0.5511300563812256,37.0,13.0,12962.0,2.45,425948141.0
1.96673858165741,-1.62876296043396,-0.04457344487309456,1.0,14.0,12963.0,2.554,425948143.0
1.868767619132996,-1.547627925872803,0.6501534581184387,75.0,15.0,12963.0,2.512,425948145.0
1.9364914894104,-1.608848452568054,0.04394515976309776,1.0,1.0,12972.0,2.518,425948168.0
0.4116539061069489,-0.3421259224414825,0.02805207297205925,2.0,3.0,12973.0,0.536,425948173.0
0.4963136613368988,-0.4127797186374664,0.05647692084312439,4.0,5.0,12975.0,0.648,425948177.0
0.9566633105278015,-0.7962135672569275,0.1528241634368896,4.0,7.0,12977.0,1.254,425948182.0
4.155928134918213,-3.461359977722168,0.8566351532936096,3.0,9.0,12979.0,5.476,425948187.0
4.098148822784424,-3.414448976516724,1.036856055259705,14.0,11.0,12980.0,5.434,425948191.0
2.028262853622437,-1.690484642982483,-0.1383762657642365,1.0,12.0,12981.0,2.644,425948194.0
1.839505076408386,-1.533705949783325,0.552929699420929,32.0,13.0,12982.0,2.458,425948196.0
1.974862098693848,-1.647145628929138,-0.04488759115338326,1.0,14.0,12983.0,2.572,425948198.0
1.854452610015869,-1.546717405319214,0.6470476388931274,73.0,15.0,12983.0,2.5,425948200.0
1.967958688735962,-1.646052598953247,0.04478287324309349,1.0,1.0,12991.0,2.566,425948223.0
0.4073940515518188,-0.3409968912601471,0.02784272842109203,2.0,3.0,12993.0,0.532,425948228.0
0.46897292137146,-0.3926788568496704,0.05351362749934196,6.0,5.0,12994.0,0.614,425948233.0
0.9342374801635742,-0.7828075289726257,0.1496555507183075,4.0,7.0,12996.0,1.228,425948237.0
3.901297092437744,-3.270097494125366,0.8062632083892822,3.0,9.0,12997.0,5.154,425948242.0
8.22174072265625,-6.896414279937744,2.085923910140991,31.0,11.0,12999.0,10.932,425948247.0
1.846349835395813,-1.5498206615448,0.5565289258956909,27.0,13.0,13001.0,2.474,425948251.0
1.95407497882843,-1.640826344490051,-0.04453854262828827,1.0,14.0,13002.0,2.552,425948253.0
1.846083879470825,-1.550696134567261,0.6460123658180237,80.0,15.0,13003.0,2.496,425948256.0
1.946907043457031,-1.640028834342957,0.0444338284432888,1.0,1.0,13011.0,2.546,425948279.0
0.4062610268592834,-0.3423459827899933,0.02784272842109203,2.0,3.0,13012.0,0.532,425948283.0
0.4523681104183197,-0.3814693987369537,0.05177051201462746,6.0,5.0,13014.0,0.594,425948288.0
0.9163282513618469,-0.7732614874839783,0.1472181677818298,4.0,7.0,13016.0,1.208,425948293.0
3.667428493499756,-3.097023725509644,0.7602714896202087,3.0,9.0,13018.0,4.86,425948297.0
8.194618225097656,-6.922537803649902,2.085160732269287,49.0,11.0,13019.0,10.928,425948302.0
1.961791157722473,-1.657842040061951,-0.1346080750226974,1.0,12.0,13020.0,2.572,425948304.0
1.939151167869568,-1.63929009437561,0.5862224698066711,41.0,13.0,13021.0,2.606,425948306.0
1.963604688644409,-1.660549879074097,-0.04488759115338326,1.0,14.0,13022.0,2.572,425948309.0
1.840659618377686,-1.557130694389343,0.6460123658180237,73.0,15.0,13023.0,2.496,425948311.0
1.922587156295776,-1.631626605987549,0.04401496797800064,1.0,1.0,13032.0,2.522,425948334.0
0.4110938012599945,-0.3490031063556671,0.02826141566038132,2.0,3.0,13033.0,0.54,425948339.0
0.4464116990566254,-0.3792549073696136,0.05124757811427116,6.0,5.0,13035.0,0.588,425948343.0
0.8953391909599304,-0.7611854076385498,0.1442933082580566,4.0,7.0,13037.0,1.184,425948348.0
3.462480068206787,-2.944717884063721,0.7199113965034485,3.0,9.0,13038.0,4.602,425948353.0
8.148259162902832,-6.934711933135986,2.0798180103302,39.0,11.0,13040.0,10.9,425948357.0
1.95570170879364,-1.665021181106567,-0.1346080750226974,1.0,12.0,13041.0,2.572,425948359.0
2.022145748138428,-1.722198486328125,0.6132165789604187,62.0,13.0,13042.0,2.726,425948362.0
1.952938795089722,-1.663845181465149,-0.04478287324309349,1.0,14.0,13043.0,2.566,425948364.0
1.854054093360901,-1.580156922340393,0.6527416110038757,56.0,15.0,13044.0,2.522,425948366.0
1.941202044487,-1.659115433692932,0.04457344487309456,1.0,1.0,13052.0,2.554,425948389.0
0.4159452319145203,-0.3556276261806488,0.02868010476231575,2.0,3.0,13053.0,0.548,425948394.0
0.4375156462192535,-0.3743344843387604,0.05037602037191391,6.0,5.0,13055.0,0.578,425948399.0
0.8700581789016724,-0.7449402213096619,0.140637218952179,3.0,7.0,13057.0,1.154,425948403.0
3.275145053863525,-2.805156230926514,0.6829928755760193,4.0,9.0,13058.0,4.366,425948408.0
8.126983642578125,-6.965667724609375,2.080581188201904,29.0,11.0,13060.0,10.904,425948412.0
1.949877738952637,-1.67183780670166,-0.1346080750226974,1.0,12.0,13061.0,2.572,425948415.0
2.061976432800293,-1.768576502799988,0.6271635293960571,54.0,13.0,13062.0,2.788,425948417.0
1.954707145690918,-1.677162766456604,-0.04495739936828613,1.0,14.0,13063.0,2.576,425948419.0
1.844129204750061,-1.582844495773315,0.6511887311935425,58.0,15.0,13064.0,2.516,425948422.0
1.935398817062378,-1.665881395339966,0.04457344487309456,1.0,1.0,13072.0,2.554,425948445.0
0.4207553863525391,-0.3622901737689972,0.02909879200160503,2.0,3.0,13073.0,0.556,425948449.0
0.4377156794071198,-0.3771599531173706,0.05055033043026924,8.0,5.0,13075.0,0.58,425948454.0
0.8569288849830627,-0.738898515701294,0.1389310508966446,3.0,7.0,13077.0,1.14,425948458.0
3.076862335205078,-2.654002666473389,0.6435713768005371,4.0,9.0,13078.0,4.114,425948463.0
8.105591773986816,-6.996559619903564,2.081344604492188,10.0,11.0,13080.0,10.908,425948468.0
2.049891471862793,-1.770667910575867,0.6253639459609985,78.0,13.0,13082.0,2.78,425948472.0
1.941275477409363,-1.677438616752625,-0.04478287324309349,1.0,14.0,13083.0,2.566,425948475.0
1.849102377891541,-1.597792625427246,0.6548121571540833,44.0,15.0,13083.0,2.53,425948477.0
1.914461851119995,-1.659528851509094,0.04422439634799957,1.0,1.0,13092.0,2.534,425948500.0
0.4134523868560791,-0.3585227727890015,0.02868010476231575,2.0,3.0,13093.0,0.548,425948505.0
0.4333868622779846,-0.376073956489563,0.05020170658826828,8.0,5.0,13095.0,0.5760000000000001,425948509.0
0.8453513383865356,-0.7340759634971619,0.137468621134758,3.0,7.0,13097.0,1.128,425948514.0
2.845377445220947,-2.471705675125122,0.5969539284706116,3.0,9.0,13098.0,3.816,425948518.0
1.938158631324768,-1.685409665107727,-0.1346080750226974,1.0,12.0,13101.0,2.572,425948525.0
2.055460453033447,-1.788044571876526,0.6289631724357605,89.0,13.0,13102.0,2.796,425948528.0
1.938425302505493,-1.686830043792725,-0.04485268518328667,1.0,14.0,13103.0,2.57,425948530.0
1.821377277374268,-1.585532903671265,0.6470476388931274,29.0,15.0,13104.0,2.5,425948532.0
1.910745739936829,-1.666849732398987,0.04425930231809616,1.0,1.0,13110.0,2.536,425948555.0
0.3942059576511383,-0.3441301882266998,0.02742404118180275,2.0,3.0,13112.0,0.524,425948560.0
0.4216983020305634,-0.3682598769664764,0.04898152872920036,8.0,5.0,13113.0,0.562,425948564.0
0.8251039385795593,-0.7210530042648315,0.1345437616109848,2.0,7.0,13115.0,1.104,425948569.0
2.705236673355103,-2.364921569824219,0.5691086053848267,3.0,9.0,13116.0,3.638,425948574.0
1.986962199211121,-1.738841414451599,-0.1383762657642365,1.0,12.0,13119.0,2.644,425948581.0
2.055698156356812,-1.799627661705017,0.6307627558708191,89.0,13.0,13120.0,2.804,425948583.0
1.92108142375946,-1.682371973991394,-0.04457344487309456,1.0,14.0,13121.0,2.554,425948585.0
1.802131533622742,-1.578202605247498,0.6418712139129639,32.0,15.0,13121.0,2.48,425948588.0
1.88989269733429,-1.660311341285706,0.04391025379300117,1.0,1.0,13130.0,2.516,425948611.0
0.3990023732185364,-0.3507789969444275,0.02784272842109203,2.0,3.0,13132.0,0.532,425948615.0
0.4278908967971802,-0.3763084709644318,0.04985308647155762,6.0,5.0,13133.0,0.5720000000000001,425948620.0
0.8032096028327942,-0.706879734992981,0.1313751488924026,2.0,7.0,13135.0,1.078,425948624.0
2.533482551574707,-2.231208801269531,0.5346930027008057,4.0,9.0,13137.0,3.418,425948629.0
9.100885391235352,-8.017866134643555,2.357635974884033,10.0,11.0,13138.0,12.356,425948634.0
1.926938056945801,-1.698226809501648,-0.1346080750226974,1.0,12.0,13139.0,2.572,425948636.0
2.056712627410889,-1.813235998153687,0.6330122947692871,80.0,13.0,13140.0,2.814,425948638.0
1.915197134017944,-1.689067602157593,-0.04457344487309456,1.0,14.0,13141.0,2.554,425948641.0
1.786194443702698,-1.575850605964661,0.6382477879524231,16.0,15.0,13142.0,2.466,425948643.0
1.885583281517029,-1.668223142623901,0.04394515976309776,2.0,1.0,13150.0,2.518,425948666.0
0.4172156453132629,-0.369380921125412,0.02920346334576607,2.0,3.0,13152.0,0.558,425948670.0
0.4191171228885651,-0.3711948990821838,0.04898152872920036,6.0,5.0,13153.0,0.562,425948675.0
0.7665684819221497,-0.6793959736824036,0.125769168138504,2.0,7.0,13155.0,1.032,425948680.0
2.393040895462036,-2.121655464172363,0.5065348148345947,4.0,9.0,13156.0,3.238,425948684.0
10.15077495574951,-9.005945205688477,2.637743473052979,30.0,11.0,13158.0,13.824,425948689.0
1.995687365531921,-1.771231293678284,-0.1398416757583618,1.0,12.0,13159.0,2.672,425948691.0
2.034340858459473,-1.806172251701355,0.6280633211135864,72.0,13.0,13160.0,2.792,425948694.0
1.924240827560425,-1.709021687507629,-0.04492249339818954,1.0,14.0,13161.0,2.574,425948696.0
1.799736261367798,-1.598442435264587,0.6449770331382751,28.0,15.0,13161.0,2.492,425948698.0
1.903637409210205,-1.696079015731812,0.04450363665819168,2.0,1.0,13170.0,2.55,425948721.0
0.374182254076004,-0.3336186110973358,0.02627265080809593,2.0,3.0,13172.0,0.502,425948726.0
0.435661643743515,-0.3885697424411774,0.05107326433062553,6.0,5.0,13173.0,0.586,425948730.0
0.7434583902359009,-0.6635619401931763,0.1223568171262741,2.0,7.0,13175.0,1.004,425948735.0
2.255599498748779,-2.014614582061768,0.4790023267269135,4.0,9.0,13177.0,3.062,425948740.0
12.84966564178467,-11.48085880279541,3.349461078643799,23.0,11.0,13178.0,17.554,425948744.0
1.95673131942749,-1.748905301094055,-0.1375388950109482,1.0,12.0,13179.0,2.628,425948746.0
2.025118112564087,-1.810664653778076,0.6271635293960571,55.0,13.0,13180.0,2.788,425948749.0
1.895906209945679,-1.695731282234192,-0.04439892247319221,1.0,14.0,13181.0,2.544,425948751.0
1.780908226966858,-1.593434691429138,0.6403183341026306,23.0,15.0,13182.0,2.474,425948753.0
1.897408127784729,-1.703044772148132,0.04450363665819168,1.0,1.0,13191.0,2.55,425948776.0
0.3907876014709473,-0.3510031700134277,0.02752871252596378,2.0,3.0,13193.0,0.526,425948781.0
0.4253423511981964,-0.3821742236614227,0.05002739652991295,4.0,5.0,13194.0,0.5740000000000001,425948786.0
0.7439735531806946,-0.6689369082450867,0.1228443011641502,2.0,7.0,13196.0,1.008,425948790.0
2.144276857376099,-1.928683638572693,0.4567886292934418,4.0,9.0,13197.0,2.92,425948795.0
12.80895900726318,-11.52919101715088,3.34984278678894,62.0,11.0,13199.0,17.556,425948799.0
1.908748984336853,-1.718645334243774,-0.1346080750226974,1.0,12.0,13200.0,2.572,425948802.0
2.028604030609131,-1.827204346656799,0.6303128600120544,37.0,13.0,13201.0,2.802,425948804.0
1.901563048362732,-1.713377356529236,-0.04467815905809402,1.0,14.0,13202.0,2.56,425948806.0
1.775335311889648,-1.599641561508179,0.6403183341026306,29.0,15.0,13202.0,2.474,425948809.0
1.866232514381409,-1.686862230300903,0.04391025379300117,1.0,1.0,13211.0,2.516,425948832.0
0.4014097154140472,-0.3630834817886353,0.0283660888671875,2.0,3.0,13213.0,0.542,425948836.0
0.4328699707984924,-0.3916773200035095,0.05107326433062553,3.0,5.0,13214.0,0.586,425948841.0
0.7092611193656921,-0.6422169804573059,0.1174820438027382,2.0,7.0,13216.0,0.964,425948846.0
2.062538146972656,-1.868883967399597,0.4408323168754578,6.0,9.0,13218.0,2.818,425948850.0
6.183581352233887,-5.604962825775146,1.622258067131042,7.0,11.0,13219.0,8.502,425948855.0
1.932329773902893,-1.752129673957825,-0.1367015242576599,1.0,12.0,13220.0,2.612,425948857.0
2.111704587936401,-1.915448546409607,0.6582067608833313,74.0,13.0,13221.0,2.926,425948859.0
1.895570635795593,-1.720004558563232,-0.04467815905809402,1.0,14.0,13222.0,2.56,425948862.0
1.746573209762573,-1.585363149642944,0.6320360898971558,23.0,15.0,13223.0,2.442,425948864.0
1.868023633956909,-1.69977068901062,0.04408477991819382,2.0,1.0,13230.0,2.526,425948887.0
0.4090640842914581,-0.3724807798862457,0.028994120657444,2.0,3.0,13232.0,0.554,425948892.0
0.4433521926403046,-0.4038439989089966,0.05246775597333908,3.0,5.0,13233.0,0.602,425948896.0
0.6601812839508057,-0.6017727255821228,0.1096824109554291,3.0,7.0,13235.0,0.9,425948901.0
1.950101733207703,-1.778192639350891,0.417992889881134,4.0,9.0,13236.0,2.672,425948905.0
6.108401298522949,-5.573827743530273,1.607375025749207,22.0,11.0,13238.0,8.424,425948910.0
1.920608401298523,-1.7531418800354,-0.1362828314304352,1.0,12.0,13239.0,2.604,425948912.0
2.374444961547852,-2.168166160583496,0.7423384785652161,42.0,13.0,13240.0,3.3,425948915.0
1.898715138435364,-1.734372973442078,-0.04488759115338326,1.0,14.0,13241.0,2.572,425948917.0
1.750142216682434,-1.598659753799438,0.635141909122467,14.0,15.0,13241.0,2.454,425948919.0
1.866501927375793,-1.710333824157715,0.04418949410319328,2.0,1.0,13250.0,2.532,425948942.0
0.3694877624511719,-0.3388105034828186,0.02627265080809593,2.0,3.0,13252.0,0.502,425948947.0
0.4610269069671631,-0.4228976368904114,0.05473380535840988,3.0,5.0,13253.0,0.628,425948952.0
0.6156673431396484,-0.5651443600654602,0.1026139855384827,6.0,7.0,13255.0,0.842,425948956.0
1.917385458946228,-1.761274337768555,0.4123612642288208,5.0,9.0,13257.0,2.636,425948961.0
1.920358777046204,-1.765241861343384,-0.1367015242576599,1.0,12.0,13259.0,2.612,425948968.0
2.389813661575317,-2.197546243667603,0.74953693151474,42.0,13.0,13260.0,3.332,425948970.0
1.885290861129761,-1.734221220016479,-0.04471306502819061,1.0,14.0,13261.0,2.562,425948972.0
1.76843786239624,-1.627301573753357,0.6439417600631714,21.0,15.0,13262.0,2.488,425948975.0
1.85494065284729,-1.711090564727783,0.04404987394809723,1.0,1.0,13269.0,2.524,425948998.0
0.3683621883392334,-0.3400338888168335,0.02627265080809593,2.0,3.0,13271.0,0.502,425949002.0
0.4684045910835266,-0.4325341284275055,0.05577967688441277,1.0,5.0,13272.0,0.64,425949007.0
0.6123319268226624,-0.5658356547355652,0.1023702472448349,16.0,7.0,13274.0,0.84,425949011.0
0.6672592163085938,-0.6168081164360046,0.1439197063446045,2.0,9.0,13275.0,0.92,425949016.0
1.885175943374634,-1.744470119476318,-0.1346080750226974,1.0,12.0,13278.0,2.572,425949023.0
2.190882444381714,-2.028069257736206,0.6892500519752502,10.0,13.0,13279.0,3.064,425949025.0
1.872193455696106,-1.733670115470886,-0.04453854262828827,1.0,14.0,13280.0,2.552,425949028.0
1.759064435958862,-1.62891149520874,0.6423888802528381,37.0,15.0,13280.0,2.482,425949030.0
1.84895646572113,-1.717555165290833,0.04404987394809723,1.0,1.0,13289.0,2.524,425949053.0
0.3671729862689972,-0.3413176536560059,0.02627265080809593,2.0,3.0,13291.0,0.502,425949058.0
0.4698099792003632,-0.4368800818920135,0.05612829700112343,1.0,5.0,13292.0,0.644,425949062.0
0.5929144024848938,-0.551741898059845,0.0994453877210617,20.0,7.0,13294.0,0.8160000000000001,425949067.0
0.6477516293525696,-0.602982223033905,0.1401652842760086,2.0,9.0,13295.0,0.896,425949071.0
6.123945236206055,-5.704679489135742,1.626837491989136,91.0,11.0,13297.0,8.526,425949076.0
1.879075169563293,-1.751039981842041,-0.1346080750226974,1.0,12.0,13298.0,2.572,425949078.0
2.172386169433594,-2.025074243545532,0.6856508255004883,27.0,13.0,13299.0,3.048,425949081.0
1.882217764854431,-1.755196452140808,-0.04492249339818954,1.0,14.0,13300.0,2.574,425949083.0
1.735000491142273,-1.617914199829102,0.6356595754623413,32.0,15.0,13300.0,2.456,425949085.0
1.851409554481506,-1.732518434524536,0.04425930231809616,1.0,1.0,13310.0,2.536,425949108.0
0.3659195303916931,-0.3426611125469208,0.02627265080809593,2.0,3.0,13312.0,0.502,425949113.0
0.5060110092163086,-0.4740139245986938,0.06066039577126503,3.0,5.0,13313.0,0.6960000000000001,425949117.0
0.5720608234405518,-0.5362622141838074,0.09627678245306015,18.0,7.0,13315.0,0.79,425949122.0
0.6526350378990173,-0.6122223734855652,0.1417296230792999,3.0,9.0,13317.0,0.906,425949127.0
6.091542720794678,-5.716339111328125,1.62378454208374,56.0,11.0,13318.0,8.51,425949131.0
1.930891752243042,-1.812593936920166,-0.1387949585914612,1.0,12.0,13319.0,2.652,425949134.0
2.206145763397217,-2.071708917617798,0.6986979842185974,15.0,13.0,13320.0,3.106,425949136.0
1.867027044296265,-1.753868460655212,-0.04471306502819061,1.0,14.0,13321.0,2.562,425949138.0
1.727650880813599,-1.622939705848694,0.635141909122467,37.0,15.0,13321.0,2.454,425949140.0
1.861359119415283,-1.754056096076965,0.04464325681328773,1.0,1.0,13330.0,2.558,425949164.0
0.3647212088108063,-0.3439363241195679,0.02627265080809593,2.0,3.0,13332.0,0.502,425949168.0
0.5144983530044556,-0.4853475689888,0.06188057735562325,2.0,5.0,13333.0,0.71,425949173.0
0.5644114017486572,-0.5328051447868347,0.09530182927846909,18.0,7.0,13335.0,0.782,425949177.0
0.6318264007568359,-0.5968621969223022,0.137662336230278,4.0,9.0,13337.0,0.88,425949182.0
6.080113410949707,-5.745658397674561,1.626074314117432,15.0,11.0,13338.0,8.522,425949187.0
1.904233336448669,-1.800114512443542,-0.1373295485973358,1.0,12.0,13339.0,2.624,425949189.0
2.188989400863647,-2.070024490356445,0.6955486536026001,7.0,13.0,13340.0,3.092,425949191.0
1.860893607139587,-1.760374903678894,-0.04471306502819061,1.0,14.0,13341.0,2.562,425949193.0
1.717481374740601,-1.625277400016785,0.6335890293121338,33.0,15.0,13342.0,2.448,425949196.0
1.858433842658997,-1.762971520423889,0.04471306502819061,1.0,1.0,13349.0,2.562,425949219.0
0.53022301197052,-0.5035147070884705,0.06397231668233871,2.0,5.0,13352.0,0.734,425949228.0
0.525227963924408,-0.4991200864315033,0.08896461874246597,20.0,7.0,13354.0,0.73,425949233.0
0.639863908290863,-0.6084829568862915,0.1398524045944214,5.0,9.0,13356.0,0.894,425949237.0
1.889572381973267,-1.798158168792725,-0.1367015242576599,1.0,12.0,13358.0,2.612,425949244.0
2.203284740447998,-2.097426652908325,0.7022972106933594,10.0,13.0,13359.0,3.122,425949246.0
1.860838174819946,-1.77205228805542,-0.04485268518328667,1.0,14.0,13360.0,2.57,425949249.0
1.731952905654907,-1.649316430091858,0.6408359408378601,51.0,15.0,13360.0,2.476,425949251.0
1.84070098400116,-1.758397459983826,0.0444338284432888,1.0,1.0,13369.0,2.546,425949274.0
0.3623716831207275,-0.3464109003543854,0.02627265080809593,2.0,3.0,13371.0,0.502,425949279.0
0.5054229497909546,-0.4833303391933441,0.06118332967162132,2.0,5.0,13372.0,0.7020000000000001,425949283.0
0.5048379302024841,-0.4831083714962006,0.08579602092504501,15.0,7.0,13374.0,0.704,425949288.0
0.6448695063591003,-0.6175439953804016,0.1414167582988739,7.0,9.0,13376.0,0.904,425949293.0
1.854443669319153,-1.777105331420898,-0.1346080750226974,1.0,12.0,13378.0,2.572,425949299.0
2.226898670196533,-2.134773015975952,0.7121950387954712,9.0,13.0,13379.0,3.166,425949302.0
1.857527852058411,-1.781305193901062,-0.04492249339818954,1.0,14.0,13380.0,2.574,425949304.0
1.713636159896851,-1.643317937850952,0.6361772418022156,45.0,15.0,13380.0,2.458,425949306.0
1.840007305145264,-1.770678520202637,0.04457344487309456,1.0,1.0,13390.0,2.554,425949329.0
0.3611602485179901,-0.3476737141609192,0.02627265080809593,2.0,3.0,13391.0,0.502,425949334.0
0.4821246564388275,-0.4644453823566437,0.05856866016983986,3.0,5.0,13393.0,0.672,425949339.0
0.4830556511878967,-0.4656674563884735,0.08238367736339569,14.0,7.0,13395.0,0.676,425949343.0
0.627068817615509,-0.6047078371047974,0.137975201010704,7.0,9.0,13396.0,0.882,425949348.0
1.888152360916138,-1.822730779647827,-0.1375388950109482,1.0,12.0,13399.0,2.628,425949355.0
2.277935266494751,-2.199776649475098,0.7310909032821655,10.0,13.0,13400.0,3.25,425949357.0
1.865368723869324,-1.801994919776917,-0.04527154192328453,1.0,14.0,13401.0,2.594,425949359.0
1.702043890953064,-1.644218802452087,0.6341066360473633,54.0,15.0,13401.0,2.45,425949362.0
1.836687326431274,-1.779873847961426,0.04464325681328773,1.0,1.0,13410.0,2.558,425949385.0
0.3598835468292236,-0.3489950895309448,0.02627265080809593,2.0,3.0,13412.0,0.502,425949389.0
0.4776403903961182,-0.463350921869278,0.0582200363278389,3.0,5.0,13413.0,0.668,425949394.0
0.4743055105209351,-0.4604373276233673,0.08116498589515686,10.0,7.0,13415.0,0.666,425949398.0
0.6135131120681763,-0.5959907174110413,0.1354722529649734,9.0,9.0,13417.0,0.866,425949403.0
1.864593148231506,-1.812604546546936,-0.1362828314304352,1.0,12.0,13419.0,2.604,425949410.0
1.841866970062256,-1.791762948036194,-0.04485268518328667,1.0,14.0,13421.0,2.57,425949415.0
1.693237066268921,-1.647751450538635,0.6330713629722595,48.0,15.0,13422.0,2.446,425949417.0
1.809303760528564,-1.765009164810181,0.04411968216300011,1.0,1.0,13429.0,2.528,425949440.0
0.4761012196540833,-0.4649322926998138,0.0582200363278389,3.0,5.0,13432.0,0.668,425949449.0
0.4585785567760468,-0.4481335282325745,0.0787275955080986,10.0,7.0,13434.0,0.646,425949454.0
0.6129456758499146,-0.5994030237197876,0.1357851177453995,10.0,9.0,13436.0,0.868,425949458.0
1.875701785087585,-1.835540771484375,-0.1375388950109482,1.0,12.0,13438.0,2.628,425949465.0
1.827342748641968,-1.789466261863708,-0.04464325681328773,1.0,14.0,13440.0,2.558,425949470.0
1.682531118392944,-1.647656202316284,0.631000816822052,40.0,15.0,13440.0,2.438,425949472.0
1.815970420837402,-1.783926248550415,0.0444338284432888,1.0,1.0,13449.0,2.546,425949495.0
0.3575610220432281,-0.3513742387294769,0.02627265080809593,2.0,3.0,13450.0,0.502,425949500.0
0.460269570350647,-0.4526215791702271,0.05647692084312439,3.0,5.0,13452.0,0.648,425949504.0
0.4584263861179352,-0.4511238932609558,0.07897133380174637,10.0,7.0,13454.0,0.648,425949509.0
0.6136646270751953,-0.6043110489845276,0.1364108473062515,12.0,9.0,13456.0,0.872,425949514.0
7.426618099212646,-7.315974235534668,2.026391506195068,61.0,11.0,13457.0,10.62,425949518.0
1.829450607299805,-1.802824139595032,-0.1346080750226974,1.0,12.0,13458.0,2.572,425949521.0
2.58684515953064,-2.550085544586182,0.8386175036430359,100.0,13.0,13459.0,3.728,425949523.0
1.838171243667603,-1.81268310546875,-0.0450621135532856,1.0,14.0,13460.0,2.582,425949525.0
1.685022592544556,-1.661658048629761,0.6341066360473633,38.0,15.0,13460.0,2.45,425949527.0
1.805467486381531,-1.786035299301147,0.04432911053299904,1.0,1.0,13469.0,2.54,425949550.0
0.3562707901000977,-0.3526824116706848,0.02627265080809593,2.0,3.0,13471.0,0.502,425949555.0
0.4756752252578735,-0.4710486233234406,0.05856866016983986,3.0,5.0,13472.0,0.672,425949560.0
0.4794093072414398,-0.4750779569149017,0.08287115395069122,7.0,7.0,13474.0,0.68,425949564.0
0.6018370985984802,-0.5966078639030457,0.134220764040947,18.0,9.0,13475.0,0.858,425949569.0
7.438667774200439,-7.379184722900391,2.036695241928101,92.0,11.0,13477.0,10.674,425949574.0
1.823146462440491,-1.809199213981628,-0.1346080750226974,1.0,12.0,13478.0,2.572,425949576.0
2.692717790603638,-2.673051118850708,0.8759593963623047,90.0,13.0,13479.0,3.894,425949578.0
1.831832647323608,-1.819088459014893,-0.0450621135532856,1.0,14.0,13480.0,2.582,425949580.0
1.698108673095703,-1.686883568763733,0.6413536071777344,49.0,15.0,13481.0,2.478,425949583.0
1.804888844490051,-1.797971844673157,0.04446873068809509,1.0,1.0,13489.0,2.548,425949606.0
0.4853144288063049,-0.4839610755443573,0.05996315181255341,3.0,5.0,13492.0,0.6880000000000001,425949615.0
0.5128766298294067,-0.5118035674095154,0.08896461874246597,10.0,7.0,13494.0,0.73,425949620.0
0.5912597179412842,-0.590434730052948,0.1323435604572296,24.0,9.0,13496.0,0.846,425949624.0
7.412864208221436,-7.405105590820312,2.036695241928101,24.0,11.0,13497.0,10.674,425949629.0
1.816820025444031,-1.815552115440369,-0.1346080750226974,1.0,12.0,13498.0,2.572,425949631.0
2.690261602401733,-2.689322710037231,0.8782089352607727,100.0,13.0,13499.0,3.904,425949633.0
1.79153573513031,-1.79153573513031,-0.04422439634799957,1.0,14.0,13500.0,2.534,425949636.0
1.684015274047852,-1.684603214263916,0.6382477879524231,54.0,15.0,13501.0,2.466,425949638.0
1.785108804702759,-1.789475917816162,0.04411968216300011,1.0,1.0,13507.0,2.528,425949661.0
0.4514451026916504,-0.4530237019062042,0.0559539869427681,3.0,5.0,13510.0,0.642,425949670.0
0.5574902892112732,-0.559830367565155,0.09700799733400345,10.0,7.0,13512.0,0.796,425949675.0
0.5755689740180969,-0.5781867504119873,0.1292148679494858,32.0,9.0,13513.0,0.8260000000000001,425949680.0
12.15809631347656,-12.221923828125,3.350987672805786,11.0,11.0,13515.0,17.562,425949684.0
1.901240229606628,-1.911888599395752,-0.1413070857524872,1.0,12.0,13516.0,2.7,425949686.0
2.687295198440552,-2.70328950881958,0.8800085186958313,100.0,13.0,13517.0,3.912,425949689.0
1.80563223361969,-1.817013144493103,-0.04471306502819061,1.0,14.0,13518.0,2.562,425949691.0
1.665099859237671,-1.676180005073547,0.6330713629722595,41.0,15.0,13519.0,2.446,425949693.0
1.777444124221802,-1.794275641441345,0.04408477991819382,1.0,1.0,13527.0,2.526,425949716.0
0.4484595656394958,-0.4531805813312531,0.05577967688441277,1.0,5.0,13530.0,0.64,425949726.0
0.5639075636863708,-0.5702419281005859,0.09847042709589005,15.0,7.0,13532.0,0.808,425949730.0
0.5832683444023132,-0.5900260806083679,0.1314049512147903,34.0,9.0,13533.0,0.84,425949735.0
2.679211616516113,-2.714040279388428,0.880458414554596,100.0,13.0,13537.0,3.914,425949744.0
1.813324570655823,-1.837538361549377,-0.0450621135532856,1.0,14.0,13538.0,2.582,425949746.0
1.656525373458862,-1.679231405258179,0.6320360898971558,44.0,15.0,13539.0,2.442,425949749.0
1.776148915290833,-1.806791424751282,0.04422439634799957,1.0,1.0,13549.0,2.534,425949772.0
0.471843957901001,-0.4804872870445251,0.05891728028655052,1.0,5.0,13552.0,0.676,425949781.0
0.5658850073814392,-0.5766534805297852,0.09920164197683334,16.0,7.0,13554.0,0.8140000000000001,425949785.0
0.5837651491165161,-0.595081627368927,0.1320306956768036,34.0,9.0,13555.0,0.844,425949790.0
7.425620555877686,-7.574855804443359,2.061882019042969,30.0,11.0,13557.0,10.806,425949795.0
2.667407035827637,-2.722915410995483,0.8800085186958313,100.0,13.0,13559.0,3.912,425949799.0
1.814650297164917,-1.853059887886047,-0.04527154192328453,1.0,14.0,13560.0,2.594,425949802.0
1.655766129493713,-1.690812706947327,0.6341066360473633,44.0,15.0,13560.0,2.45,425949804.0
1.761450052261353,-1.804394721984863,0.04401496797800064,1.0,1.0,13569.0,2.522,425949827.0
0.4715549051761627,-0.4835578203201294,0.05909159407019615,3.0,5.0,13572.0,0.678,425949836.0
0.5666394829750061,-0.5814686417579651,0.09968912601470947,17.0,7.0,13574.0,0.8180000000000001,425949841.0
0.5747923851013184,-0.5900408625602722,0.1304663419723511,36.0,9.0,13575.0,0.834,425949845.0
7.397764682769775,-7.599323272705078,2.061500310897827,33.0,11.0,13577.0,10.804,425949850.0
1.791293859481812,-1.840741872787476,-0.1346080750226974,1.0,12.0,13578.0,2.572,425949852.0
2.655168294906616,-2.729416131973267,0.879108726978302,72.0,13.0,13579.0,3.908,425949855.0
1.799806118011475,-1.850781321525574,-0.0450621135532856,1.0,14.0,13580.0,2.582,425949857.0
1.653597593307495,-1.701025605201721,0.6356595754623413,51.0,15.0,13581.0,2.456,425949859.0
1.805897831916809,-1.861590623855591,0.04527154192328453,1.0,1.0,13587.0,2.594,425949882.0
0.4714199602603912,-0.4864676594734192,0.05926590412855148,1.0,5.0,13590.0,0.68,425949891.0
0.5703337788581848,-0.5889500379562378,0.1006640791893005,15.0,7.0,13592.0,0.8260000000000001,425949896.0
0.5743098258972168,-0.5932630300521851,0.1307792067527771,38.0,9.0,13593.0,0.836,425949901.0
7.384774208068848,-7.633814811706543,2.064553260803223,41.0,11.0,13595.0,10.82,425949905.0
2.653352737426758,-2.744749784469604,0.8813582062721252,43.0,13.0,13597.0,3.918,425949910.0
1.766190767288208,-1.827666878700256,-0.04436401650309563,1.0,14.0,13598.0,2.542,425949912.0
1.639145970344543,-1.696200132369995,0.6320360898971558,44.0,15.0,13598.0,2.442,425949915.0
1.782740473747253,-1.850601077079773,0.04485268518328667,1.0,1.0,13607.0,2.57,425949938.0
0.4683374762535095,-0.4866746366024017,0.05909159407019615,3.0,5.0,13610.0,0.678,425949947.0
0.5696504712104797,-0.5923681259155273,0.1009078174829483,11.0,7.0,13612.0,0.8280000000000001,425949951.0
0.5652878880500793,-0.5882424116134644,0.1292148679494858,37.0,9.0,13614.0,0.8260000000000001,425949956.0
7.364882946014404,-7.666625022888184,2.066461324691772,30.0,11.0,13615.0,10.83,425949961.0
2.641056537628174,-2.751183271408081,0.880458414554596,10.0,13.0,13617.0,3.914,425949965.0
1.75980019569397,-1.833820939064026,-0.04436401650309563,1.0,14.0,13618.0,2.542,425949968.0
1.632918119430542,-1.702196478843689,0.6320360898971558,49.0,15.0,13619.0,2.442,425949970.0
1.765211343765259,-1.845252871513367,0.04457344487309456,1.0,1.0,13627.0,2.554,425949993.0
0.4680123031139374,-0.4897468984127045,0.05926590412855148,1.0,5.0,13630.0,0.68,425950002.0
0.5648372769355774,-0.5914816856384277,0.1004203408956528,9.0,7.0,13632.0,0.8240000000000001,425950007.0
0.5578780770301819,-0.5843983292579651,0.1279633939266205,31.0,9.0,13633.0,0.8180000000000001,425950011.0
7.344851970672607,-7.699389457702637,2.068369626998901,14.0,11.0,13635.0,10.84,425950016.0
1.928196549415588,-2.022684097290039,0.6451596021652222,3.0,13.0,13637.0,2.868,425950021.0
1.753388285636902,-1.83995258808136,-0.04436401650309563,1.0,14.0,13638.0,2.542,425950023.0
1.63126266002655,-1.711797595024109,0.6335890293121338,30.0,15.0,13638.0,2.448,425950025.0
1.756004929542542,-1.848503708839417,0.04450363665819168,1.0,1.0,13647.0,2.55,425950048.0
0.4690428674221039,-0.4942680597305298,0.05961452797055244,1.0,5.0,13650.0,0.684,425950057.0
0.5600373148918152,-0.5905689001083374,0.09993286430835724,11.0,7.0,13652.0,0.8200000000000001,425950062.0
0.5652437210083008,-0.5964760184288025,0.130153477191925,34.0,9.0,13654.0,0.8320000000000001,425950067.0
1.898349523544312,-2.005343914031982,0.6375113129615784,3.0,13.0,13657.0,2.834,425950076.0
1.796435952186584,-1.89835000038147,-0.04562059044837952,1.0,14.0,13658.0,2.614,425950078.0
1.752286195755005,-1.857531309127808,0.04457344487309456,1.0,1.0,13667.0,2.554,425950103.0
0.4481848478317261,-0.4756022095680237,0.05717416852712631,1.0,5.0,13670.0,0.656,425950113.0
0.5525287985801697,-0.5867395401000977,0.09895790368318558,9.0,7.0,13672.0,0.812,425950117.0
0.5510766506195068,-0.5854021310806274,0.1273376494646072,32.0,9.0,13673.0,0.8140000000000001,425950122.0
3.447718143463135,-3.665032386779785,0.9780868887901306,1.0,11.0,13675.0,5.126,425950126.0
1.877990484237671,-1.997759580612183,0.6330122947692871,4.0,13.0,13677.0,2.814,425950131.0
1.754194259643555,-1.866720914840698,-0.04471306502819061,1.0,14.0,13678.0,2.562,425950133.0
0.8599077463150024,-0.9150683879852295,0.3364647626876831,4.0,15.0,13678.0,1.3,425950136.0
1.743057250976562,-1.8607177734375,0.04450363665819168,1.0,1.0,13687.0,2.55,425950159.0
0.3425972461700439,-0.3659793436527252,0.02627265080809593,2.0,3.0,13689.0,0.502,425950163.0
0.4465219676494598,-0.4771637618541718,0.05717416852712631,1.0,5.0,13690.0,0.656,425950168.0
0.5599682927131653,-0.5988140106201172,0.1006640791893005,8.0,7.0,13692.0,0.8260000000000001,425950173.0
0.528696596622467,-0.5657686591148376,0.1226446181535721,23.0,9.0,13694.0,0.784,425950177.0
1.945954084396362,-2.083132743835449,0.5541093349456787,5.0,11.0,13695.0,2.904,425950182.0
1.860367298126221,-1.99290657043457,0.6294130682945251,4.0,13.0,13697.0,2.798,425950186.0
1.758581876754761,-1.884528994560242,-0.04499230533838272,1.0,14.0,13698.0,2.578,425950189.0
1.728379487991333,-1.858006000518799,0.04429420828819275,1.0,1.0,13707.0,2.538,425950214.0
0.4177283942699432,-0.4495292901992798,0.0536879375576973,1.0,5.0,13710.0,0.616,425950223.0
0.5605762004852295,-0.6036742925643921,0.1011515557765961,9.0,7.0,13712.0,0.8300000000000001,425950228.0
0.5174100995063782,-0.5573845505714417,0.1204545348882675,21.0,9.0,13713.0,0.77,425950232.0
1.903956174850464,-2.052489995956421,0.5441872477531433,14.0,11.0,13715.0,2.852,425950237.0
1.850749850273132,-1.996530055999756,0.6285132169723511,2.0,13.0,13717.0,2.794,425950242.0
1.75199294090271,-1.890655994415283,-0.04499230533838272,1.0,14.0,13718.0,2.578,425950244.0
1.719169616699219,-1.861090064048767,0.04422439634799957,1.0,1.0,13727.0,2.534,425950269.0
0.4323706030845642,-0.4685555398464203,0.05577967688441277,1.0,5.0,13730.0,0.64,425950279.0
0.5503913760185242,-0.5968713164329529,0.09968912601470947,9.0,7.0,13732.0,0.8180000000000001,425950283.0
0.514025092124939,-0.5578245520591736,0.1201416701078415,21.0,9.0,13734.0,0.768,425950288.0
1.899440407752991,-2.062011480331421,0.5449504852294922,19.0,11.0,13735.0,2.856,425950292.0
0.8446760177612305,-0.9176135063171387,0.287937343120575,1.0,13.0,13737.0,1.28,425950297.0
1.748090744018555,-1.899703145027161,-0.0450621135532856,1.0,14.0,13738.0,2.582,425950299.0
0.8605798482894897,-0.935545802116394,0.3406058549880981,98.0,15.0,13739.0,1.316,425950302.0
1.731916546821594,-1.887408256530762,0.04471306502819061,1.0,1.0,13746.0,2.562,425950325.0
0.4361996054649353,-0.4758615791797638,0.05647692084312439,1.0,5.0,13749.0,0.648,425950334.0
0.5484090447425842,-0.5986932516098022,0.09968912601470947,9.0,7.0,13751.0,0.8180000000000001,425950338.0
0.5109360218048096,-0.5579797625541687,0.1198287978768349,19.0,9.0,13752.0,0.766,425950343.0
1.885965347290039,-2.061056852340698,0.5430424213409424,15.0,11.0,13754.0,2.846,425950348.0
0.8311080932617188,-0.9089043736457825,0.2843381464481354,3.0,13.0,13756.0,1.264,425950352.0
1.714798092842102,-1.875970005989075,-0.04436401650309563,1.0,14.0,13757.0,2.542,425950355.0
0.8419957160949707,-0.9211339354515076,0.3343942165374756,54.0,15.0,13757.0,1.292,425950357.0
1.714542865753174,-1.881617426872253,0.0444338284432888,1.0,1.0,13766.0,2.546,425950380.0
0.4479475021362305,-0.4921152889728546,0.0582200363278389,1.0,5.0,13769.0,0.668,425950389.0
0.5463159084320068,-0.6006038784980774,0.09968912601470947,9.0,7.0,13771.0,0.8180000000000001,425950394.0
0.5063273310661316,-0.5568368434906006,0.1192030608654022,20.0,9.0,13772.0,0.762,425950398.0
1.868197202682495,-2.056003570556641,0.5399894714355469,27.0,11.0,13774.0,2.83,425950403.0
0.8082801103591919,-0.8901591300964355,0.2775895893573761,12.0,13.0,13776.0,1.234,425950408.0
1.743183612823486,-1.92044198513031,-0.04527154192328453,1.0,14.0,13777.0,2.594,425950410.0
0.8465657234191895,-0.932650089263916,0.3375000357627869,57.0,15.0,13777.0,1.304,425950412.0
1.740164875984192,-1.9231778383255,0.04527154192328453,1.0,1.0,13786.0,2.594,425950435.0
0.4595870673656464,-0.5084566473960876,0.05996315181255341,1.0,5.0,13789.0,0.6880000000000001,425950444.0
0.55219966173172,-0.6113459467887878,0.1011515557765961,9.0,7.0,13791.0,0.8300000000000001,425950449.0
0.5082537531852722,-0.5630879998207092,0.1201416701078415,25.0,9.0,13793.0,0.768,425950454.0
1.882052183151245,-2.08583402633667,0.5460953712463379,23.0,11.0,13794.0,2.862,425950458.0
0.7855933904647827,-0.8712658286094666,0.2708410620689392,20.0,13.0,13796.0,1.204,425950463.0
1.747180104255676,-1.938398003578186,-0.04555078223347664,1.0,14.0,13797.0,2.61,425950465.0
0.8109697103500366,-0.8997252583503723,0.3245590925216675,27.0,15.0,13797.0,1.254,425950467.0
1.706711053848267,-1.89949107170105,0.04457344487309456,1.0,1.0,13806.0,2.554,425950491.0
0.4764411747455597,-0.5308159589767456,0.06240351125597954,1.0,5.0,13809.0,0.716,425950500.0
0.5513877868652344,-0.6147475242614746,0.1013952940702438,8.0,7.0,13811.0,0.8320000000000001,425950504.0
0.504966676235199,-0.5633876919746399,0.1198287978768349,21.0,9.0,13813.0,0.766,425950509.0
1.862968921661377,-2.079231262207031,0.5426607728004456,6.0,11.0,13814.0,2.844,425950514.0
0.7929465770721436,-0.8856174349784851,0.2744402885437012,27.0,13.0,13816.0,1.22,425950518.0
1.7270667552948,-1.929584741592407,-0.04520173370838165,1.0,14.0,13817.0,2.59,425950520.0
0.7922088503837585,-0.8854151964187622,0.3183474242687225,16.0,15.0,13818.0,1.23,425950523.0
1.726696252822876,-1.935279488563538,0.04527154192328453,1.0,1.0,13826.0,2.594,425950546.0
0.3336186110973358,-0.374182254076004,0.02627265080809593,2.0,3.0,13828.0,0.502,425950550.0
0.408302515745163,-0.4581077098846436,0.0536879375576973,1.0,5.0,13829.0,0.616,425950555.0
0.5479182600975037,-0.6151860952377319,0.1011515557765961,9.0,7.0,13831.0,0.8300000000000001,425950560.0
0.5056236386299133,-0.5680981278419495,0.1204545348882675,25.0,9.0,13833.0,0.77,425950564.0
1.830904841423035,-2.057853221893311,0.5354100465774536,3.0,11.0,13834.0,2.806,425950569.0
0.8170419335365295,-0.9189634919166565,0.2838882207870483,43.0,13.0,13836.0,1.262,425950573.0
1.715006947517395,-1.929622888565063,-0.0450621135532856,1.0,14.0,13837.0,2.582,425950576.0
0.7905517220497131,-0.8894813060760498,0.3188650608062744,14.0,15.0,13837.0,1.232,425950578.0
1.719930291175842,-1.941295027732849,0.04527154192328453,1.0,1.0,13846.0,2.594,425950601.0
0.3591644465923309,-0.4058188199996948,0.04741272330284119,1.0,5.0,13849.0,0.544,425950610.0
0.5378769040107727,-0.6081730723381042,0.09968912601470947,8.0,7.0,13851.0,0.8180000000000001,425950615.0
0.51017826795578,-0.5772603750228882,0.1220188811421394,20.0,9.0,13853.0,0.78,425950620.0
0.8306136727333069,-0.9401596784591675,0.243853896856308,1.0,11.0,13854.0,1.278,425950624.0
0.799642026424408,-0.9057403206825256,0.2789393067359924,30.0,13.0,13856.0,1.24,425950629.0
1.702968001365662,-1.929600477218628,-0.04492249339818954,1.0,14.0,13857.0,2.574,425950631.0
0.7836070656776428,-0.8878901600837708,0.3173121511936188,5.0,15.0,13857.0,1.226,425950633.0
1.713143467903137,-1.94728684425354,0.04527154192328453,1.0,1.0,13866.0,2.594,425950656.0
0.3524847328662872,-0.4010837376117706,0.04671547934412956,1.0,5.0,13869.0,0.536,425950666.0
0.534440815448761,-0.6085553765296936,0.0994453877210617,7.0,7.0,13871.0,0.8160000000000001,425950670.0
0.5199902653694153,-0.5923093557357788,0.1248347014188766,20.0,9.0,13872.0,0.798,425950675.0
0.82991623878479,-0.9460049867630005,0.2446171343326569,5.0,11.0,13874.0,1.282,425950679.0
0.7913369536399841,-0.9026646018028259,0.2771396934986115,20.0,13.0,13876.0,1.232,425950684.0
1.717309594154358,-1.959595680236816,-0.04548097029328346,1.0,14.0,13877.0,2.606,425950686.0
0.4034829139709473,-0.4623582363128662,0.0536879375576973,1.0,5.0,13889.0,0.616,425950721.0
0.5297039151191711,-0.6074249744415283,0.09895790368318558,5.0,7.0,13891.0,0.812,425950725.0
0.5139225125312805,-0.5897434949874878,0.123896099627018,23.0,9.0,13893.0,0.792,425950730.0
0.8046864867210388,-0.9237304329872131,0.2381296306848526,14.0,11.0,13894.0,1.248,425950735.0
0.7728270888328552,-0.8877833485603333,0.2717408835887909,10.0,13.0,13896.0,1.208,425950739.0
0.659317135810852,-0.7579231262207031,0.269171804189682,1.0,15.0,13898.0,1.04,425950744.0
0.5327782034873962,-0.6152729392051697,0.09993286430835724,5.0,7.0,13911.0,0.8200000000000001,425950781.0
0.522201418876648,-0.603484034538269,0.1263990551233292,25.0,9.0,13913.0,0.808,425950785.0
0.7963196039199829,-0.9205943942070007,0.2366031557321548,19.0,11.0,13914.0,1.24,425950790.0
0.7582540512084961,-0.8772069215774536,0.2676917612552643,4.0,13.0,13916.0,1.19,425950795.0
1.661749362945557,-1.923118472099304,-0.04436401650309563,1.0,14.0,13917.0,2.542,425950797.0
0.5734370350837708,-0.6636304259300232,0.2350076884031296,1.0,15.0,13917.0,0.908,425950799.0
0.5241562128067017,-0.6096029877662659,0.09871416538953781,4.0,7.0,13931.0,0.81,425950836.0
0.52910315990448,-0.6157910823822021,0.1285891234874725,24.0,9.0,13933.0,0.8220000000000001,425950841.0
0.8084516525268555,-0.9412400722503662,0.2411825656890869,10.0,11.0,13934.0,1.264,425950845.0
0.7742257118225098,-0.9020293951034546,0.2744402885437012,2.0,13.0,13936.0,1.22,425950850.0
0.5711170434951782,-0.6656280159950256,0.2350076884031296,1.0,15.0,13937.0,0.908,425950854.0
0.5142914056777954,-0.6023706793785095,0.09725173562765121,4.0,7.0,13951.0,0.798,425950891.0
0.5475763082504272,-0.6415828466415405,0.1335950344800949,15.0,9.0,13952.0,0.854,425950896.0
0.792421281337738,-0.929118812084198,0.2373663932085037,4.0,11.0,13954.0,1.244,425950901.0
0.6370826959609985,-0.7475116848945618,0.2267506569623947,1.0,13.0,13956.0,1.008,425950905.0
0.5411167144775391,-0.6353604793548584,0.2236196547746658,1.0,15.0,13958.0,0.864,425950910.0
0.3969880640506744,-0.4679466784000397,0.0536879375576973,1.0,5.0,13969.0,0.616,425950942.0
0.4865121245384216,-0.5738784074783325,0.0923769623041153,4.0,7.0,13971.0,0.758,425950947.0
0.5464980006217957,-0.6450927257537842,0.1339078992605209,11.0,9.0,13973.0,0.856,425950951.0
0.7879044413566589,-0.9303810000419617,0.2369847744703293,2.0,11.0,13974.0,1.242,425950956.0
0.5715261101722717,-0.675352931022644,0.2042555510997772,1.0,13.0,13976.0,0.908,425950960.0
0.5426379442214966,-0.6416707634925842,0.2251725643873215,1.0,15.0,13978.0,0.87,425950965.0
0.3492145538330078,-0.4144119024276733,0.04741272330284119,1.0,5.0,13988.0,0.544,425950997.0
0.4846064150333405,-0.5754886269569397,0.0923769623041153,3.0,7.0,13990.0,0.758,425951002.0
0.5444686412811279,-0.6468064188957214,0.1339078992605209,10.0,9.0,13991.0,0.856,425951007.0
0.715306282043457,-0.8503568172454834,0.2159957885742188,1.0,11.0,13993.0,1.132,425951011.0
0.5517284274101257,-0.6563602685928345,0.1979569345712662,1.0,13.0,13995.0,0.88,425951016.0
0.5342943668365479,-0.6360705494880676,0.2225843816995621,1.0,15.0,13997.0,0.86,425951020.0
0.8333433270454407,-0.9949018359184265,0.02265322394669056,1.0,1.0,14005.0,1.298,425951043.0
0.4775012731552124,-0.5710850954055786,0.09140200912952423,3.0,7.0,14010.0,0.75,425951057.0
0.539673924446106,-0.6456717252731323,0.1332821696996689,9.0,9.0,14011.0,0.852,425951062.0
0.5462063550949097,-0.6539509892463684,0.16562220454216,1.0,11.0,14013.0,0.868,425951066.0
0.5519313812255859,-0.6612743139266968,0.1988567262887955,1.0,13.0,14015.0,0.884,425951071.0
0.545681893825531,-0.6542509198188782,0.2282783985137939,1.0,15.0,14017.0,0.882,425951076.0
0.8170785903930664,-0.9824302196502686,0.02230417542159557,1.0,1.0,14025.0,1.278,425951099.0
0.3463129103183746,-0.4168397784233093,0.04741272330284119,1.0,5.0,14028.0,0.544,425951108.0
0.4666288197040558,-0.5620571374893188,0.08969583362340927,3.0,7.0,14030.0,0.736,425951112.0
0.5374168157577515,-0.6475515961647034,0.1332821696996689,10.0,9.0,14031.0,0.852,425951117.0
0.5714923143386841,-0.6890996694564819,0.1740178018808365,1.0,11.0,14033.0,0.912,425951122.0
0.5570806264877319,-0.6721996068954468,0.2015561461448669,1.0,13.0,14035.0,0.896,425951126.0
0.5447418093681335,-0.6575444936752319,0.2287960350513458,1.0,15.0,14036.0,0.884,425951131.0
0.8442037105560303,-1.022282004356384,0.02314189076423645,1.0,1.0,14045.0,1.326,425951154.0
0.4684520363807678,-0.5682777762413025,0.09042705595493317,3.0,7.0,14050.0,0.742,425951168.0
0.5401780605316162,-0.6555214524269104,0.1345336437225342,7.0,9.0,14051.0,0.86,425951172.0
0.5690834522247314,-0.6910903453826904,0.1740178018808365,1.0,11.0,14053.0,0.912,425951177.0
0.5423484444618225,-0.6590923070907593,0.1970571279525757,1.0,13.0,14055.0,0.876,425951182.0
0.5361931920051575,-0.6520758271217346,0.2262078523635864,2.0,15.0,14057.0,0.874,425951186.0
0.8000566959381104,-0.9757397770881653,0.02202493697404861,1.0,1.0,14065.0,1.262,425951209.0
0.463950902223587,-0.5668372511863708,0.08993957191705704,3.0,7.0,14070.0,0.738,425951223.0
0.542890191078186,-0.6635184288024902,0.1357851177453995,7.0,9.0,14071.0,0.868,425951228.0
0.5318722128868103,-0.6505154967308044,0.1633325070142746,1.0,11.0,14073.0,0.856,425951232.0
0.5400444865226746,-0.6609814167022705,0.1970571279525757,1.0,13.0,14075.0,0.876,425951237.0
0.5340278744697571,-0.6538503170013428,0.2262078523635864,2.0,15.0,14076.0,0.874,425951242.0
0.3218154013156891,-0.3957114815711975,0.04462374001741409,1.0,5.0,14088.0,0.512,425951274.0
0.458213597536087,-0.5638316869735718,0.08920835703611374,3.0,7.0,14090.0,0.732,425951278.0
0.5230205655097961,-0.6440358757972717,0.1314049512147903,4.0,9.0,14092.0,0.84,425951283.0
0.5506337285041809,-0.6782799363136292,0.1698200106620789,1.0,11.0,14093.0,0.89,425951288.0
0.5254569053649902,-0.647728681564331,0.1925581097602844,1.0,13.0,14095.0,0.856,425951292.0
0.5255451202392578,-0.6482997536659241,0.2236196547746658,2.0,15.0,14097.0,0.864,425951297.0
0.8787075877189636,-1.087051868438721,0.02439846470952034,1.0,1.0,14105.0,1.398,425951320.0
0.4699548780918121,-0.5824214220046997,0.09188948571681976,3.0,7.0,14110.0,0.754,425951334.0
0.5419653058052063,-0.6719049215316772,0.1367237269878387,3.0,9.0,14111.0,0.874,425951338.0
0.5322460532188416,-0.6603269577026367,0.1648589670658112,1.0,11.0,14113.0,0.864,425951343.0
0.5207479000091553,-0.6465235948562622,0.1916583031415939,2.0,13.0,14115.0,0.852,425951348.0
0.5294501185417175,-0.6575626134872437,0.2262078523635864,2.0,15.0,14116.0,0.874,425951352.0
0.3290151655673981,-0.4103843867778778,0.04601823166012764,1.0,5.0,14128.0,0.528,425951384.0
0.445578008890152,-0.556172251701355,0.08750218898057938,3.0,7.0,14130.0,0.718,425951389.0
0.5506100058555603,-0.6877654790878296,0.1395395398139954,3.0,9.0,14132.0,0.892,425951394.0
0.5336179733276367,-0.6667792797088623,0.1660038232803345,1.0,11.0,14133.0,0.87,425951398.0
0.5245734453201294,-0.6559469699859619,0.1939078122377396,2.0,13.0,14135.0,0.862,425951403.0
0.5234184265136719,-0.6549712419509888,0.2246549278497696,3.0,15.0,14137.0,0.868,425951407.0
0.320135623216629,-0.4021773934364319,0.04497236385941505,1.0,5.0,14148.0,0.516,425951440.0
0.4337479174137115,-0.5452958345413208,0.08555228263139725,2.0,7.0,14150.0,0.7020000000000001,425951444.0
0.5618500113487244,-0.7065953612327576,0.1429810971021652,3.0,9.0,14151.0,0.914,425951449.0
0.5288445353507996,-0.665563702583313,0.1652405858039856,1.0,11.0,14153.0,0.866,425951453.0
0.5234923958778381,-0.6593002676963806,0.1943577080965042,2.0,13.0,14155.0,0.864,425951458.0
0.532052755355835,-0.6703216433525085,0.2293136715888977,4.0,15.0,14156.0,0.886,425951463.0
0.3409667909145355,-0.4314291179180145,0.04810997098684311,1.0,5.0,14168.0,0.552,425951495.0
0.4232296049594879,-0.5359016060829163,0.08384610712528229,2.0,7.0,14170.0,0.6880000000000001,425951500.0
0.5568088889122009,-0.7055485844612122,0.1423553675413132,3.0,9.0,14172.0,0.91,425951504.0
0.5253020524978638,-0.6658642888069153,0.1648589670658112,1.0,11.0,14173.0,0.864,425951509.0
0.511536180973053,-0.6488805413246155,0.1907584965229034,3.0,13.0,14175.0,0.848,425951513.0
0.5403515696525574,-0.6859250068664551,0.2339724153280258,3.0,15.0,14177.0,0.904,425951518.0
0.3271594941616058,-0.4169421792030334,0.0463668555021286,1.0,5.0,14188.0,0.532,425951550.0
0.4213563799858093,-0.5373756885528564,0.08384610712528229,2.0,7.0,14190.0,0.6880000000000001,425951555.0
0.5483731031417847,-0.6996176242828369,0.1407910138368607,3.0,9.0,14191.0,0.9,425951559.0
0.5326592922210693,-0.6800585985183716,0.1679119169712067,1.0,11.0,14193.0,0.88,425951564.0
0.5284857153892517,-0.675215482711792,0.1979569345712662,3.0,13.0,14195.0,0.88,425951569.0
0.5273600816726685,-0.6740196943283081,0.2293136715888977,3.0,15.0,14196.0,0.886,425951573.0
0.4182586073875427,-0.5372768044471741,0.08360236883163452,2.0,7.0,14210.0,0.686,425951610.0
0.5361019968986511,-0.6891494989395142,0.1382880657911301,3.0,9.0,14212.0,0.884,425951615.0
0.5254614353179932,-0.6757145524024963,0.1663854420185089,1.0,11.0,14213.0,0.872,425951619.0
0.5201468467712402,-0.6693623065948486,0.1957074105739594,3.0,13.0,14215.0,0.87,425951624.0
0.507113516330719,-0.6530604362487793,0.2215491086244583,2.0,15.0,14217.0,0.856,425951629.0
0.3364302515983582,-0.4349759817123413,0.04810997098684311,1.0,5.0,14228.0,0.552,425951661.0
0.428519994020462,-0.5544400811195374,0.08603975921869278,1.0,7.0,14230.0,0.706,425951665.0
0.5386446714401245,-0.6971762180328369,0.1395395398139954,3.0,9.0,14231.0,0.892,425951670.0
0.496704638004303,-0.6433566212654114,0.1579898446798325,1.0,11.0,14233.0,0.8280000000000001,425951675.0
0.5225685834884644,-0.6773455739021301,0.1975070238113403,3.0,13.0,14235.0,0.878,425951679.0
0.5226417183876038,-0.6776849031448364,0.2293136715888977,2.0,15.0,14236.0,0.886,425951684.0
0.3421905040740967,-0.4456291794776917,0.04915583878755569,1.0,5.0,14248.0,0.5640000000000001,425951716.0
0.3963708281517029,-0.5165604948997498,0.07994628697633743,1.0,7.0,14250.0,0.656,425951721.0
0.5434213280677795,-0.7084564566612244,0.1414167582988739,3.0,9.0,14251.0,0.904,425951725.0
0.4980388879776001,-0.6497610211372375,0.1591347008943558,1.0,11.0,14253.0,0.834,425951730.0
0.5142762064933777,-0.6714301705360413,0.1952575147151947,2.0,13.0,14255.0,0.868,425951735.0
0.5155752897262573,-0.6733696460723877,0.2272431254386902,1.0,15.0,14256.0,0.878,425951739.0
0.3600419759750366,-0.4721096456050873,0.05194482207298279,1.0,5.0,14267.0,0.596,425951771.0
0.3898427784442902,-0.5115565657615662,0.07897133380174637,1.0,7.0,14269.0,0.648,425951776.0
0.5361579060554504,-0.7040627598762512,0.1401652842760086,3.0,9.0,14271.0,0.896,425951781.0
0.5030164122581482,-0.6607818007469177,0.1614244133234024,1.0,11.0,14272.0,0.846,425951785.0
0.5085073113441467,-0.6684789061546326,0.1939078122377396,2.0,13.0,14274.0,0.862,425951790.0
0.5063234567642212,-0.6658491492271423,0.2241372913122177,1.0,15.0,14275.0,0.866,425951794.0
0.3223120868206024,-0.4257094860076904,0.04671547934412956,1.0,5.0,14287.0,0.536,425951827.0
0.3952409625053406,-0.5224126577377319,0.08043376356363297,1.0,7.0,14289.0,0.66,425951831.0
0.5217841267585754,-0.6901726722717285,0.1370365917682648,3.0,9.0,14291.0,0.876,425951836.0
0.4912371933460236,-0.6500034928321838,0.1583714634180069,1.0,11.0,14292.0,0.8300000000000001,425951841.0
0.4979499280452728,-0.6593641042709351,0.1907584965229034,1.0,13.0,14294.0,0.848,425951845.0
0.4992248117923737,-0.6615322828292847,0.2220667451620102,1.0,15.0,14296.0,0.858,425951850.0
0.3398988544940948,-0.4523738324642181,0.04950446262955666,1.0,5.0,14308.0,0.5680000000000001,425951882.0
0.3718695342540741,-0.4952837228775024,0.07604646682739258,1.0,7.0,14310.0,0.624,425951887.0
0.5097669959068298,-0.6794397234916687,0.1345336437225342,3.0,9.0,14312.0,0.86,425951891.0
0.4900294542312622,-0.653370201587677,0.1587530821561813,1.0,11.0,14313.0,0.8320000000000001,425951896.0
0.5048795342445374,-0.6736599802970886,0.1943577080965042,1.0,13.0,14315.0,0.864,425951900.0
0.501545786857605,-0.6694552302360535,0.2241372913122177,1.0,15.0,14316.0,0.866,425951905.0
0.3478477895259857,-0.46633380651474,0.0508989542722702,1.0,5.0,14328.0,0.584,425951937.0
0.374883770942688,-0.5029451847076416,0.07702142745256424,1.0,7.0,14330.0,0.632,425951942.0
0.500312328338623,-0.6717096567153931,0.1326564252376556,3.0,9.0,14332.0,0.848,425951947.0
0.4666413962841034,-0.6267320513725281,0.1518839597702026,1.0,11.0,14333.0,0.796,425951951.0
0.5071779489517212,-0.6816720962524414,0.1961573213338852,1.0,13.0,14335.0,0.872,425951956.0
0.4842182099819183,-0.651050329208374,0.2174080014228821,1.0,15.0,14336.0,0.84,425951960.0
0.3367324471473694,-0.4547357261180878,0.04950446262955666,1.0,5.0,14348.0,0.5680000000000001,425951993.0
0.3802105486392975,-0.5138250589370728,0.07848385721445084,1.0,7.0,14350.0,0.644,425951997.0
0.4980820715427399,-0.67336505651474,0.1326564252376556,3.0,9.0,14351.0,0.848,425952002.0
0.4796213507652283,-0.6488813161849976,0.1568449884653091,1.0,11.0,14353.0,0.8220000000000001,425952006.0
0.5047953724861145,-0.6834383010864258,0.1961573213338852,1.0,13.0,14355.0,0.872,425952011.0
0.4853851199150085,-0.6573989987373352,0.2189609110355377,1.0,15.0,14356.0,0.846,425952016.0
0.3233422636985779,-0.4398552477359772,0.04776134714484215,1.0,5.0,14368.0,0.548,425952048.0
0.359611451625824,-0.4895516633987427,0.07458403706550598,1.0,7.0,14370.0,0.612,425952052.0
0.4932729601860046,-0.6720012426376343,0.1320306956768036,3.0,9.0,14372.0,0.844,425952057.0
0.4761919677257538,-0.6489687561988831,0.1564633697271347,1.0,11.0,14373.0,0.8200000000000001,425952062.0
0.497797429561615,-0.6789100170135498,0.1943577080965042,1.0,13.0,14375.0,0.864,425952066.0
0.4989572763442993,-0.6809902191162109,0.2262078523635864,1.0,15.0,14377.0,0.874,425952071.0
0.3383283913135529,-0.4634540975093842,0.05020170658826828,1.0,5.0,14387.0,0.5760000000000001,425952103.0
0.4047816097736359,-0.5548906922340393,0.08433358371257782,1.0,7.0,14389.0,0.6920000000000001,425952108.0
0.4980234503746033,-0.6832110285758972,0.1339078992605209,3.0,9.0,14391.0,0.856,425952112.0
0.4902239441871643,-0.6727579832077026,0.1618060320615768,1.0,11.0,14392.0,0.848,425952117.0
0.470307320356369,-0.6458990573883057,0.1844598650932312,1.0,13.0,14394.0,0.8200000000000001,425952122.0
0.487720400094986,-0.670059084892273,0.2220667451620102,1.0,15.0,14395.0,0.858,425952126.0
0.3329851925373077,-0.4598320126533508,0.06970926374197006,1.0,7.0,14409.0,0.5720000000000001,425952163.0
0.4910034537315369,-0.6785439252853394,0.1326564252376556,3.0,9.0,14411.0,0.848,425952168.0
0.4809687435626984,-0.6649207472801208,0.1595163196325302,1.0,11.0,14412.0,0.836,425952172.0
0.4748993813991547,-0.657012939453125,0.1871592700481415,1.0,13.0,14414.0,0.8320000000000001,425952177.0
0.4955612421035767,-0.6858502626419067,0.2267254889011383,1.0,15.0,14415.0,0.876,425952181.0
0.3118148744106293,-0.4334571957588196,0.04671547934412956,1.0,5.0,14427.0,0.536,425952214.0
0.3429647088050842,-0.4771101474761963,0.07214665412902832,1.0,7.0,14429.0,0.592,425952218.0
0.4841397404670715,-0.6737517714500427,0.1314049512147903,3.0,9.0,14430.0,0.84,425952223.0
0.4591783881187439,-0.639485239982605,0.153028815984726,1.0,11.0,14432.0,0.802,425952228.0
0.4839637279510498,-0.6744999885559082,0.1916583031415939,1.0,13.0,14434.0,0.852,425952232.0
0.4660280346870422,-0.6499819159507751,0.2143021672964096,1.0,15.0,14436.0,0.8280000000000001,425952237.0
0.3149312734603882,-0.4410287141799927,0.04741272330284119,1.0,5.0,14447.0,0.544,425952269.0
0.3459092974662781,-0.4847679734230042,0.07312160730361938,1.0,7.0,14449.0,0.6,425952274.0
0.4736392796039581,-0.6642630100250244,0.1292148679494858,3.0,9.0,14451.0,0.8260000000000001,425952278.0
0.4569433629512787,-0.6410841941833496,0.153028815984726,2.0,11.0,14452.0,0.802,425952283.0
0.4793452620506287,-0.6730106472969055,0.1907584965229034,1.0,13.0,14454.0,0.848,425952287.0
0.4839196503162384,-0.6799353361129761,0.2236196547746658,1.0,15.0,14456.0,0.864,425952292.0
0.3548679351806641,-0.500641942024231,0.0536879375576973,1.0,5.0,14467.0,0.616,425952324.0
0.3350359797477722,-0.4730131924152374,0.07117169350385666,1.0,7.0,14469.0,0.584,425952329.0
0.4543116092681885,-0.6416472792625427,0.1245218366384506,2.0,9.0,14470.0,0.796,425952334.0
0.4626402258872986,-0.6538940668106079,0.155700147151947,1.0,11.0,14472.0,0.8160000000000001,425952338.0
0.4837430119514465,-0.6842271089553833,0.1934579014778137,1.0,13.0,14474.0,0.86,425952343.0
0.461478978395462,-0.6532195210456848,0.2143021672964096,1.0,15.0,14476.0,0.8280000000000001,425952347.0
0.3151152431964874,-0.4481973648071289,0.0672718808054924,1.0,7.0,14489.0,0.552,425952384.0
0.4509332180023193,-0.6416130661964417,0.124208964407444,2.0,9.0,14490.0,0.794,425952389.0
0.4784080386161804,-0.6812111139297485,0.1618060320615768,1.0,11.0,14492.0,0.848,425952393.0
0.4880681931972504,-0.6954823732376099,0.1961573213338852,1.0,13.0,14494.0,0.872,425952398.0
0.5146544575691223,-0.7339116930961609,0.2401840686798096,1.0,15.0,14496.0,0.928,425952403.0
0.3237732648849487,-0.4639455080032349,0.0694655254483223,1.0,7.0,14509.0,0.5700000000000001,425952439.0
0.4509512484073639,-0.6464234590530396,0.1248347014188766,3.0,9.0,14510.0,0.798,425952444.0
0.4558185338973999,-0.6538868546485901,0.1549369096755981,1.0,11.0,14512.0,0.812,425952449.0
0.4611328840255737,-0.6620029211044312,0.1862594783306122,1.0,13.0,14514.0,0.8280000000000001,425952453.0
0.3108482360839844,-0.4487544894218445,0.06702814251184464,1.0,7.0,14529.0,0.55,425952495.0
0.4509411454200745,-0.6512417197227478,0.1254604458808899,3.0,9.0,14530.0,0.802,425952499.0
0.454650342464447,-0.6570884585380554,0.1553185284137726,1.0,11.0,14532.0,0.8140000000000001,425952504.0
0.4543862342834473,-0.6571968793869019,0.1844598650932312,1.0,13.0,14534.0,0.8200000000000001,425952509.0
0.3071863055229187,-0.4464578628540039,0.04741272330284119,1.0,5.0,14547.0,0.544,425952545.0
0.327274352312088,-0.4760091602802277,0.07092795521020889,1.0,7.0,14549.0,0.582,425952550.0
0.4397142231464386,-0.6397881507873535,0.1229574903845787,3.0,9.0,14550.0,0.786,425952555.0
0.4490196108818054,-0.6538164019584656,0.1541736721992493,1.0,11.0,14552.0,0.808,425952559.0
0.4675266146659851,-0.681273877620697,0.1907584965229034,1.0,13.0,14554.0,0.848,425952564.0
0.3977876007556915,-0.579867959022522,0.1884202659130096,1.0,15.0,14555.0,0.728,425952569.0
0.289895236492157,-0.4244929254055023,0.04497236385941505,1.0,5.0,14567.0,0.516,425952601.0
0.3166593015193939,-0.4640311598777771,0.06897804886102676,1.0,7.0,14569.0,0.5660000000000001,425952605.0
0.4284631907939911,-0.6283391118049622,0.1204545348882675,3.0,9.0,14571.0,0.77,425952610.0
0.4533692896366119,-0.6651131510734558,0.1564633697271347,1.0,11.0,14572.0,0.8200000000000001,425952615.0
0.4826983213424683,-0.7086715698242188,0.1979569345712662,1.0,13.0,14574.0,0.88,425952619.0
0.4500084519386292,-0.661173939704895,0.2143021672964096,1.0,15.0,14576.0,0.8280000000000001,425952624.0
0.2816413640975952,-0.4158262312412262,0.06166588887572289,1.0,7.0,14589.0,0.506,425952661.0
0.4252696931362152,-0.6281207203865051,0.1201416701078415,3.0,9.0,14590.0,0.768,425952665.0
0.4609458446502686,-0.6813263297080994,0.1598979383707047,1.0,11.0,14592.0,0.838,425952670.0
0.45621058344841,-0.6748345494270325,0.188059076666832,1.0,13.0,14594.0,0.836,425952675.0
0.2824030816555023,-0.4201017320156097,0.06215336546301842,1.0,7.0,14609.0,0.51,425952716.0
0.4163558483123779,-0.6198365092277527,0.1182644590735435,3.0,9.0,14611.0,0.756,425952721.0
0.4596591889858246,-0.6845610737800598,0.1602795571088791,1.0,11.0,14612.0,0.84,425952725.0
0.4321367740631104,-0.6440581679344177,0.1790610402822495,1.0,13.0,14614.0,0.796,425952730.0
0.2855087518692017,-0.4274555444717407,0.04497236385941505,1.0,5.0,14626.0,0.516,425952767.0
0.2876203954219818,-0.4309426248073578,0.06361579895019531,1.0,7.0,14628.0,0.522,425952771.0
0.4253696501255035,-0.637573778629303,0.1213931441307068,3.0,9.0,14629.0,0.776,425952776.0
0.4497634768486023,-0.6746469140052795,0.157608225941658,2.0,11.0,14631.0,0.8260000000000001,425952780.0
0.4299986362457275,-0.6454876661300659,0.1790610402822495,1.0,13.0,14633.0,0.796,425952785.0
0.286114364862442,-0.4319439828395844,0.06361579895019531,1.0,7.0,14648.0,0.522,425952827.0
0.4164882898330688,-0.6292451620101929,0.1195159330964088,3.0,9.0,14650.0,0.764,425952831.0
0.4517389833927155,-0.6827620267868042,0.1591347008943558,1.0,11.0,14651.0,0.834,425952836.0
0.4449385404586792,-0.6729941368103027,0.1862594783306122,1.0,13.0,14653.0,0.8280000000000001,425952840.0
0.2846048474311829,-0.4329400658607483,0.06361579895019531,1.0,7.0,14668.0,0.522,425952882.0
0.4100600779056549,-0.6240194439888,0.1182644590735435,3.0,9.0,14669.0,0.756,425952886.0
0.4482753872871399,-0.6826936602592468,0.1587530821561813,2.0,11.0,14671.0,0.8320000000000001,425952891.0
0.4233437180519104,-0.6452152132987976,0.178161233663559,1.0,13.0,14673.0,0.792,425952896.0
0.3856591284275055,-0.5880041122436523,0.1884202659130096,1.0,15.0,14674.0,0.728,425952900.0
0.306954026222229,-0.4705074429512024,0.06897804886102676,1.0,7.0,14688.0,0.5660000000000001,425952937.0
0.407770186662674,-0.6255182027816772,0.1182644590735435,3.0,9.0,14690.0,0.756,425952942.0
0.4405303597450256,-0.6760300993919373,0.1568449884653091,2.0,11.0,14691.0,0.8220000000000001,425952946.0
0.4359759092330933,-0.6695517897605896,0.1844598650932312,1.0,13.0,14693.0,0.8200000000000001,425952951.0
0.4151086807250977,-0.637991726398468,0.2039494067430496,1.0,15.0,14695.0,0.788,425952956.0
0.2924425899982452,-0.4515288472175598,0.06605318188667297,1.0,7.0,14707.0,0.542,425952992.0
0.3972146213054657,-0.6135306358337402,0.1157615035772324,3.0,9.0,14708.0,0.74,425952997.0
0.4500164091587067,-0.6956194639205933,0.161042794585228,2.0,11.0,14710.0,0.844,425953002.0
0.4062469005584717,-0.6284430027008057,0.1727624088525772,1.0,13.0,14712.0,0.768,425953006.0
0.4089083671569824,-0.6328023672103882,0.2018788605928421,1.0,15.0,14713.0,0.78,425953011.0
0.2876447737216949,-0.4475371837615967,0.06532196700572968,1.0,7.0,14727.0,0.536,425953048.0
0.3993416130542755,-0.6215611100196838,0.1170129776000977,3.0,9.0,14728.0,0.748,425953052.0
0.434857964515686,-0.6773608922958374,0.1564633697271347,2.0,11.0,14730.0,0.8200000000000001,425953057.0
0.4250950515270233,-0.6626623272895813,0.1817604452371597,1.0,13.0,14732.0,0.808,425953062.0
0.4233820140361786,-0.660245418548584,0.2101610600948334,1.0,15.0,14733.0,0.812,425953066.0
0.2947011590003967,-0.4618763029575348,0.0672718808054924,2.0,7.0,14746.0,0.552,425953103.0
0.3992934226989746,-0.6262825727462769,0.1176387146115303,3.0,9.0,14748.0,0.752,425953108.0
0.4410505294799805,-0.6920440793037415,0.1595163196325302,2.0,11.0,14749.0,0.836,425953112.0
0.4228952527046204,-0.664068341255188,0.1817604452371597,1.0,13.0,14751.0,0.808,425953117.0
0.3962922692298889,-0.6225336790084839,0.1977377533912659,1.0,15.0,14752.0,0.764,425953121.0
0.2888394892215729,-0.4561934471130371,0.06629692018032074,2.0,7.0,14766.0,0.544,425953158.0
0.3865435719490051,-0.6109791398048401,0.1145100295543671,3.0,9.0,14768.0,0.732,425953163.0
0.4428295791149139,-0.70021653175354,0.161042794585228,2.0,11.0,14769.0,0.844,425953168.0
0.3878193199634552,-0.6141812205314636,0.1946319192647934,1.0,15.0,14773.0,0.752,425953177.0
0.2893574237823486,-0.46056067943573,0.06678439676761627,2.0,7.0,14786.0,0.548,425953214.0
0.3770564198493958,-0.6006135940551758,0.1123199462890625,3.0,9.0,14788.0,0.718,425953218.0
0.4476875960826874,-0.7133985757827759,0.1637141108512878,1.0,11.0,14789.0,0.858,425953223.0
0.4114307761192322,-0.6563857197761536,0.207572877407074,1.0,15.0,14792.0,0.802,425953232.0
0.2971995770931244,-0.4767288863658905,0.06897804886102676,2.0,7.0,14806.0,0.5660000000000001,425953269.0
0.3624241948127747,-0.5818060040473938,0.108565516769886,3.0,9.0,14808.0,0.6940000000000001,425953274.0
0.4348171353340149,-0.6982912421226501,0.1598979383707047,1.0,11.0,14809.0,0.838,425953278.0
0.3958732485771179,-0.636492133140564,0.2008435726165771,1.0,15.0,14812.0,0.776,425953287.0
0.2955336570739746,-0.4777634143829346,0.06897804886102676,2.0,7.0,14826.0,0.5660000000000001,425953324.0
0.3719205856323242,-0.601486086845398,0.1120070740580559,2.0,9.0,14827.0,0.716,425953329.0
0.416898101568222,-0.6747521162033081,0.1541736721992493,1.0,11.0,14829.0,0.808,425953333.0
0.3936490714550018,-0.6378700733184814,0.2008435726165771,2.0,15.0,14832.0,0.776,425953343.0
0.2876338362693787,-0.4686410427093506,0.06751561909914017,2.0,7.0,14846.0,0.554,425953379.0
0.3593863248825073,-0.5860059261322021,0.1088783890008926,2.0,9.0,14848.0,0.6960000000000001,425953384.0
0.4165924191474915,-0.67955082654953,0.1549369096755981,1.0,11.0,14849.0,0.812,425953389.0
0.3943341076374054,-0.6442517042160034,0.202396497130394,2.0,15.0,14853.0,0.782,425953398.0
0.2889279127120972,-0.4748294651508331,0.06824683398008347,2.0,7.0,14868.0,0.56,425953435.0
0.3581598401069641,-0.5890694260597229,0.1091912537813187,2.0,9.0,14870.0,0.6980000000000001,425953439.0
0.4160193800926208,-0.6845008134841919,0.155700147151947,1.0,11.0,14871.0,0.8160000000000001,425953444.0
0.391970157623291,-0.6456927061080933,0.202396497130394,2.0,15.0,14874.0,0.782,425953453.0
0.2852167785167694,-0.4724363088607788,0.06775935739278793,2.0,7.0,14888.0,0.556,425953490.0
0.3367148041725159,-0.5581784844398499,0.1032467484474182,2.0,9.0,14890.0,0.66,425953495.0
0.4136275053024292,-0.6859487891197205,0.155700147151947,1.0,11.0,14891.0,0.8160000000000001,425953499.0
0.3902175724506378,-0.6476374864578247,0.1745620220899582,1.0,13.0,14893.0,0.776,425953504.0
0.397687554359436,-0.6602960228919983,0.2065376043319702,3.0,15.0,14894.0,0.798,425953508.0
0.2867930233478546,-0.4784379005432129,0.06849057227373123,2.0,7.0,14906.0,0.562,425953545.0
0.3431797623634338,-0.5727308392524719,0.1057496964931488,2.0,9.0,14907.0,0.676,425953550.0
0.4034024477005005,-0.673769474029541,0.1526471972465515,1.0,11.0,14909.0,0.8,425953555.0
0.3931833803653717,-0.657221794128418,0.1768115311861038,2.0,13.0,14911.0,0.786,425953559.0
0.3964869678020477,-0.6632693409919739,0.2070552408695221,3.0,15.0,14913.0,0.8,425953564.0
0.2851212024688721,-0.479436069726944,0.06849057227373123,2.0,7.0,14926.0,0.562,425953601.0
0.3208961486816406,-0.5400212407112122,0.09949231892824173,2.0,9.0,14928.0,0.636,425953605.0
0.3729747235774994,-0.627911388874054,0.1419618874788284,1.0,11.0,14929.0,0.744,425953610.0
0.3709943890571594,-0.6250742673873901,0.1678134799003601,2.0,13.0,14931.0,0.746,425953614.0
0.3754462599754333,-0.6330784559249878,0.197220116853714,3.0,15.0,14933.0,0.762,425953619.0
0.2662191689014435,-0.4514098167419434,0.06434701383113861,2.0,7.0,14947.0,0.528,425953656.0
0.3210155367851257,-0.5445414781570435,0.1001180559396744,2.0,9.0,14948.0,0.64,425953661.0
0.3288208842277527,-0.5582270622253418,0.1259339302778244,1.0,11.0,14950.0,0.66,425953665.0
0.3538737595081329,-0.6012382507324219,0.1610649526119232,2.0,13.0,14952.0,0.716,425953670.0
0.3672474324703217,-0.624458909034729,0.1941142827272415,3.0,15.0,14954.0,0.75,425953674.0
0.2716588377952576,-0.4643301069736481,0.06605318188667297,2.0,7.0,14967.0,0.542,425953711.0
0.3071460425853729,-0.5251964926719666,0.09636363387107849,2.0,9.0,14968.0,0.616,425953716.0
0.3248892724514008,-0.5559813380241394,0.1251707077026367,1.0,11.0,14970.0,0.656,425953720.0
0.3232773244380951,-0.5536664128303528,0.1480177938938141,4.0,13.0,14972.0,0.658,425953725.0
0.352409839630127,-0.6040448546409607,0.1873849928379059,4.0,15.0,14974.0,0.724,425953730.0
0.2740221619606018,-0.4721430838108063,0.06702814251184464,2.0,7.0,14987.0,0.55,425953766.0
0.3092759549617767,-0.5331000685691833,0.09761510789394379,2.0,9.0,14988.0,0.624,425953771.0
0.3367308676242828,-0.5808911919593811,0.1305133551359177,1.0,11.0,14990.0,0.684,425953776.0
0.307668536901474,-0.5311833620071411,0.1417191624641418,4.0,13.0,14992.0,0.63,425953780.0
0.3455649614334106,-0.5968508720397949,0.1847967952489853,3.0,15.0,14993.0,0.714,425953785.0
0.2664297223091125,-0.4627746045589447,0.06556570529937744,2.0,7.0,15007.0,0.538,425953822.0
0.2916484177112579,-0.5067827105522156,0.09260920435190201,2.0,9.0,15008.0,0.592,425953826.0
0.3229572176933289,-0.5616397857666016,0.1259339302778244,1.0,11.0,15010.0,0.66,425953831.0
0.3058124780654907,-0.5322540998458862,0.1417191624641418,2.0,13.0,15012.0,0.63,425953836.0
0.3654972910881042,-0.6366473436355591,0.1967024803161621,1.0,15.0,15014.0,0.76,425953840.0
0.2510306537151337,-0.4395686089992523,0.06215336546301842,1.0,7.0,15027.0,0.51,425953877.0
0.308484673500061,-0.5403928160667419,0.09855370968580246,2.0,9.0,15028.0,0.63,425953882.0
0.2937588393688202,-0.5150140523910522,0.1152486354112625,1.0,11.0,15030.0,0.604,425953886.0
0.3261460959911346,-0.5722590088844299,0.1520669162273407,1.0,13.0,15032.0,0.676,425953891.0
0.3729468286037445,-0.6546415686607361,0.2018788605928421,1.0,15.0,15033.0,0.78,425953896.0
0.2475379109382629,-0.4369877576828003,0.06166588887572289,1.0,7.0,15047.0,0.506,425953932.0
0.3016368448734283,-0.5329242944717407,0.09698937088251114,2.0,9.0,15049.0,0.62,425953937.0
0.303560346364975,-0.5365411043167114,0.1198280528187752,1.0,11.0,15050.0,0.628,425953942.0
0.3567529916763306,-0.6310727000236511,0.1673635840415955,1.0,13.0,15052.0,0.744,425953946.0
0.375295490026474,-0.6644144058227539,0.2044670432806015,1.0,15.0,15054.0,0.79,425953951.0
0.2518453001976013,-0.4482329487800598,0.06312832236289978,1.0,7.0,15067.0,0.518,425953988.0
0.2921294271945953,-0.5201429724693298,0.09448641538619995,2.0,9.0,15068.0,0.604,425953992.0
0.2959209382534027,-0.527324914932251,0.1175383403897285,2.0,11.0,15070.0,0.616,425953997.0
0.348829448223114,-0.6221154928207397,0.1646641790866852,1.0,13.0,15072.0,0.732,425954002.0
0.3768682777881622,-0.6723961234092712,0.2065376043319702,1.0,15.0,15073.0,0.798,425954006.0
0.2560771107673645,-0.459513396024704,0.06459075212478638,1.0,7.0,15087.0,0.53,425954043.0
0.2806110680103302,-0.5039516091346741,0.09135773032903671,2.0,9.0,15089.0,0.584,425954048.0
0.2969428300857544,-0.5335009694099426,0.1186831966042519,4.0,11.0,15090.0,0.622,425954052.0
0.3618100881576538,-0.6505787372589111,0.1718626022338867,1.0,13.0,15092.0,0.764,425954057.0
0.3715862631797791,-0.6687068939208984,0.2049846798181534,1.0,15.0,15094.0,0.792,425954061.0
0.2705117464065552,-0.4892235994338989,0.0885419100522995,2.0,9.0,15106.0,0.5660000000000001,425954103.0
0.2895688712596893,-0.5241206288337708,0.1163934841752052,4.0,11.0,15108.0,0.61,425954107.0
0.3691823780536652,-0.6687726974487305,0.176361620426178,1.0,13.0,15110.0,0.784,425954112.0
0.3602671921253204,-0.6528921723365784,0.1998082995414734,2.0,15.0,15111.0,0.772,425954117.0
0.2415661960840225,-0.4403170347213745,0.06166588887572289,1.0,7.0,15125.0,0.506,425954154.0
0.2668177485466003,-0.4867473840713501,0.08791617304086685,1.0,9.0,15127.0,0.562,425954158.0
0.2943414151668549,-0.5371803045272827,0.1190648153424263,4.0,11.0,15128.0,0.624,425954163.0
0.3556157052516937,-0.6495453715324402,0.1709627956151962,2.0,13.0,15130.0,0.76,425954167.0
0.3680702149868011,-0.6728515028953552,0.2055023163557053,4.0,15.0,15132.0,0.794,425954172.0
0.2652021944522858,-0.4876295328140259,0.08791617304086685,1.0,9.0,15146.0,0.562,425954213.0
0.3412085771560669,-0.6279052495956421,0.1389089524745941,3.0,11.0,15148.0,0.728,425954218.0
0.3626447916030884,-0.6679086089134216,0.1754618287086487,2.0,13.0,15150.0,0.78,425954223.0
0.3695229589939117,-0.6808599829673767,0.207572877407074,5.0,15.0,15151.0,0.802,425954227.0
0.2821614146232605,-0.5233739614486694,0.09417355060577393,1.0,9.0,15167.0,0.602,425954269.0
0.3716122806072235,-0.689582109451294,0.1522655785083771,4.0,11.0,15168.0,0.798,425954273.0
0.3566156327724457,-0.6623071432113647,0.1736622154712677,3.0,13.0,15170.0,0.772,425954278.0
0.3706860840320587,-0.6890148520469666,0.2096434235572815,7.0,15.0,15172.0,0.81,425954283.0
0.2794926464557648,-0.5225648283958435,0.0938606783747673,1.0,9.0,15186.0,0.6,425954324.0
0.366426944732666,-0.6856805682182312,0.1511207222938538,5.0,11.0,15188.0,0.792,425954329.0
0.3561373353004456,-0.6669859886169434,0.1745620220899582,5.0,13.0,15190.0,0.776,425954333.0
0.3565740287303925,-0.668084442615509,0.2029141336679459,4.0,15.0,15191.0,0.784,425954338.0
0.2610068619251251,-0.4921250343322754,0.08822903782129288,1.0,9.0,15206.0,0.5640000000000001,425954379.0
0.3621927201747894,-0.6834859848022461,0.1503574848175049,8.0,11.0,15208.0,0.788,425954384.0
0.3510713279247284,-0.6630584001541138,0.1732123047113419,7.0,13.0,15210.0,0.77,425954389.0
0.3560471534729004,-0.6727399826049805,0.2039494067430496,3.0,15.0,15211.0,0.788,425954393.0
0.2619588375091553,-0.4983238875865936,0.08916764706373215,2.0,9.0,15227.0,0.5700000000000001,425954435.0
0.3570650517940521,-0.6795322895050049,0.1492126286029816,10.0,11.0,15228.0,0.782,425954439.0
0.3415078520774841,-0.6504765748977661,0.1696130931377411,5.0,13.0,15230.0,0.754,425954444.0
0.3581852316856384,-0.6825317144393921,0.2065376043319702,2.0,15.0,15231.0,0.798,425954448.0
0.2757395207881927,-0.5290142297744751,0.09448641538619995,3.0,9.0,15247.0,0.604,425954490.0
0.3601337075233459,-0.6912211775779724,0.1515023410320282,13.0,11.0,15248.0,0.794,425954495.0
0.3383353352546692,-0.6499361395835876,0.1691631972789764,2.0,13.0,15250.0,0.752,425954499.0
0.3592469394207001,-0.6906955242156982,0.2086081504821777,1.0,15.0,15252.0,0.806,425954504.0
0.264911413192749,-0.512378454208374,0.09135773032903671,4.0,9.0,15266.0,0.584,425954545.0
0.3587409257888794,-0.694155752658844,0.1518839597702026,15.0,11.0,15267.0,0.796,425954550.0
0.346013218164444,-0.6701013445854187,0.1741121113300323,2.0,13.0,15269.0,0.774,425954554.0
0.3561892509460449,-0.6901040077209473,0.2080905139446259,1.0,15.0,15270.0,0.804,425954559.0
0.2374109774827957,-0.4627461433410645,0.06385953724384308,1.0,7.0,15284.0,0.524,425954596.0
0.262220174074173,-0.5115422010421753,0.09104485809803009,4.0,9.0,15286.0,0.582,425954601.0
0.3554204106330872,-0.6936565041542053,0.1515023410320282,17.0,11.0,15287.0,0.794,425954605.0
0.3587687313556671,-0.7007939219474792,0.1817604452371597,1.0,13.0,15289.0,0.808,425954610.0
0.3449777066707611,-0.6741455793380737,0.2029141336679459,1.0,15.0,15290.0,0.784,425954614.0
0.2357133328914642,-0.4636131823062897,0.06385953724384308,1.0,7.0,15305.0,0.524,425954651.0
0.2577480673789978,-0.5071713328361511,0.09010624885559082,4.0,9.0,15306.0,0.5760000000000001,425954656.0
0.3519867956638336,-0.6932040452957153,0.1511207222938538,18.0,11.0,15308.0,0.792,425954660.0
0.3561977744102478,-0.7021041512489319,0.1817604452371597,1.0,13.0,15310.0,0.808,425954665.0
0.3442519903182983,-0.6788513660430908,0.2039494067430496,1.0,15.0,15311.0,0.788,425954670.0
0.2612184584140778,-0.5186983346939087,0.09198346734046936,4.0,9.0,15327.0,0.588,425954711.0
0.346916675567627,-0.6891676783561707,0.1499758660793304,19.0,11.0,15328.0,0.786,425954716.0
0.3712569177150726,-0.7381622195243835,0.1907584965229034,1.0,13.0,15330.0,0.848,425954720.0
0.3591098785400391,-0.7146318554878235,0.2143021672964096,1.0,15.0,15332.0,0.8280000000000001,425954725.0
0.2612622380256653,-0.5230961441993713,0.09260920435190201,4.0,9.0,15346.0,0.592,425954766.0
0.3446294069290161,-0.6903142929077148,0.1499758660793304,19.0,11.0,15347.0,0.786,425954771.0
0.3740260303020477,-0.7498523592948914,0.1934579014778137,1.0,13.0,15349.0,0.86,425954776.0
0.3568630218505859,-0.7157564759254456,0.2143021672964096,1.0,15.0,15350.0,0.8280000000000001,425954780.0
0.2309268862009048,-0.4660158157348633,0.06385953724384308,1.0,7.0,15364.0,0.524,425954817.0
0.2559288442134857,-0.5169237852096558,0.09135773032903671,4.0,9.0,15366.0,0.584,425954822.0
0.3457008004188538,-0.69855135679245,0.1515023410320282,19.0,11.0,15367.0,0.794,425954826.0
0.348949134349823,-0.7057347893714905,0.1817604452371597,1.0,13.0,15369.0,0.808,425954831.0
0.373193234205246,-0.7550991773605347,0.2256902009248734,1.0,15.0,15370.0,0.872,425954835.0
0.2455073148012161,-0.5000377893447876,0.08822903782129288,4.0,9.0,15385.0,0.5640000000000001,425954877.0
0.3415310382843018,-0.6962286233901978,0.1507391035556793,20.0,11.0,15387.0,0.79,425954882.0
0.3464835584163666,-0.7069485783576965,0.1817604452371597,1.0,13.0,15389.0,0.808,425954886.0
0.3585288524627686,-0.7321718335151672,0.2184432744979858,1.0,15.0,15391.0,0.844,425954891.0
0.2454011142253876,-0.5044869780540466,0.08885477483272552,5.0,9.0,15406.0,0.5680000000000001,425954932.0
0.3390986621379852,-0.6974165439605713,0.1507391035556793,25.0,11.0,15407.0,0.79,425954937.0
0.3440137207508087,-0.7081537246704102,0.1817604452371597,1.0,13.0,15409.0,0.808,425954941.0
0.3407873213291168,-0.7021356225013733,0.2091257870197296,1.0,15.0,15411.0,0.808,425954946.0
0.2488759756088257,-0.5159733295440674,0.09073199331760406,4.0,9.0,15425.0,0.58,425954988.0
0.329843670129776,-0.684447169303894,0.147686168551445,28.0,11.0,15427.0,0.774,425954992.0
0.3635199964046478,-0.7550014853477478,0.1934579014778137,1.0,13.0,15429.0,0.86,425954997.0
0.338334321975708,-0.7033209204673767,0.2091257870197296,1.0,15.0,15431.0,0.808,425955001.0
0.2436654716730118,-0.5097100734710693,0.08948051184415817,5.0,9.0,15445.0,0.5720000000000001,425955043.0
0.3308370113372803,-0.6926806569099426,0.1492126286029816,25.0,11.0,15447.0,0.782,425955047.0
0.3390615284442902,-0.7105380892753601,0.1817604452371597,1.0,13.0,15449.0,0.808,425955052.0
0.3624813556671143,-0.7602994441986084,0.2256902009248734,1.0,15.0,15451.0,0.872,425955057.0
0.239347517490387,-0.505202054977417,0.0885419100522995,4.0,9.0,15465.0,0.5660000000000001,425955098.0
0.3300969898700714,-0.6973802447319031,0.1499758660793304,24.0,11.0,15467.0,0.786,425955103.0
0.3365792334079742,-0.7117173075675964,0.1817604452371597,1.0,13.0,15469.0,0.808,425955107.0
0.3517021834850311,-0.7440317273139954,0.2205138206481934,1.0,15.0,15470.0,0.852,425955112.0
0.2384220808744431,-0.507822573184967,0.08885477483272552,4.0,9.0,15485.0,0.5680000000000001,425955153.0
0.3326631188392639,-0.7091928124427795,0.1522655785083771,22.0,11.0,15487.0,0.798,425955158.0
0.3555938303470612,-0.758766770362854,0.1934579014778137,1.0,13.0,15489.0,0.86,425955163.0
0.3293123841285706,-0.7033261656761169,0.2080905139446259,1.0,15.0,15491.0,0.804,425955167.0
0.230815127491951,-0.4961145222187042,0.08666469156742096,4.0,9.0,15505.0,0.554,425955209.0
0.323565274477005,-0.6961070895195007,0.1492126286029816,19.0,11.0,15507.0,0.782,425955213.0
0.3611510694026947,-0.7776779532432556,0.1979569345712662,1.0,13.0,15509.0,0.88,425955218.0
0.336738795042038,-0.7254416346549988,0.2143021672964096,1.0,15.0,15510.0,0.8280000000000001,425955223.0
0.2314753234386444,-0.5023393630981445,0.08760330080986023,4.0,9.0,15526.0,0.56,425955264.0
0.3120990097522736,-0.677617073059082,0.1450148373842239,18.0,11.0,15527.0,0.76,425955269.0
0.3454003036022186,-0.7506089806556702,0.1907584965229034,1.0,13.0,15529.0,0.848,425955273.0
0.3340776562690735,-0.7266709804534912,0.2143021672964096,1.0,15.0,15531.0,0.8280000000000001,425955278.0
0.2363741844892502,-0.5174785852432251,0.09010624885559082,4.0,9.0,15545.0,0.5760000000000001,425955319.0
0.3138071894645691,-0.68763267993927,0.1469229310750961,18.0,11.0,15547.0,0.77,425955324.0
0.3508624732494354,-0.7695414423942566,0.1952575147151947,1.0,13.0,15549.0,0.868,425955329.0
0.3460863530635834,-0.7594171762466431,0.2236196547746658,1.0,15.0,15550.0,0.864,425955333.0
0.2279627174139023,-0.5039430856704712,0.08760330080986023,4.0,9.0,15566.0,0.56,425955375.0
0.3146403729915619,-0.6958794593811035,0.1484493911266327,16.0,11.0,15567.0,0.778,425955379.0
0.348174124956131,-0.7707614898681641,0.1952575147151947,1.0,13.0,15569.0,0.868,425955384.0
0.3401219248771667,-0.7536372542381287,0.2215491086244583,1.0,15.0,15571.0,0.856,425955388.0
0.2223359346389771,-0.4956450760364532,0.08603895455598831,3.0,9.0,15584.0,0.55,425955430.0
0.3083164691925049,-0.6879611611366272,0.1465413123369217,14.0,11.0,15586.0,0.768,425955434.0
0.3695068061351776,-0.8252698183059692,0.2087545841932297,1.0,13.0,15588.0,0.928,425955439.0
0.3330177664756775,-0.7441220879554749,0.2184432744979858,1.0,15.0,15589.0,0.844,425955444.0
0.2245272248983383,-0.505483090877533,0.08760330080986023,3.0,9.0,15605.0,0.56,425955485.0
0.3051165342330933,-0.687238872051239,0.1461596935987473,8.0,11.0,15606.0,0.766,425955490.0
0.3697843551635742,-0.8336800932884216,0.2105541825294495,1.0,13.0,15608.0,0.936,425955494.0
0.3584644496440887,-0.8089209794998169,0.2370782494544983,1.0,15.0,15610.0,0.916,425955499.0
0.2125874012708664,-0.4826844930648804,0.08353600651025772,3.0,9.0,15623.0,0.534,425955540.0
0.2957196235656738,-0.6720739603042603,0.1427251249551773,9.0,11.0,15625.0,0.748,425955545.0
0.3560385704040527,-0.8099260330200195,0.2042555510997772,1.0,13.0,15627.0,0.908,425955550.0
0.3388247191905975,-0.77113276720047,0.2256902009248734,1.0,15.0,15628.0,0.872,425955554.0
0.2155543118715286,-0.4943247139453888,0.08541321754455566,3.0,9.0,15644.0,0.546,425955596.0
0.2972939312458038,-0.6821008324623108,0.1446332186460495,7.0,11.0,15645.0,0.758,425955600.0
0.3407613337039948,-0.7825766205787659,0.1970571279525757,1.0,13.0,15647.0,0.876,425955605.0
0.3637388944625854,-0.8361430764198303,0.2443251758813858,1.0,15.0,15649.0,0.9440000000000001,425955610.0
0.2075614780187607,-0.4805664718151093,0.08291026949882507,3.0,9.0,15664.0,0.53,425955651.0
0.2940140962600708,-0.6813833117485046,0.1442515999078751,7.0,11.0,15666.0,0.756,425955656.0
0.3564053177833557,-0.8267694115638733,0.2078547775745392,1.0,13.0,15668.0,0.924,425955660.0
0.362346887588501,-0.8409559726715088,0.2453604489564896,1.0,15.0,15669.0,0.9480000000000001,425955665.0
0.2058827131986618,-0.4812880456447601,0.08291026949882507,2.0,9.0,15684.0,0.53,425955706.0
0.2908623218536377,-0.680600106716156,0.1438699811697006,6.0,11.0,15686.0,0.754,425955711.0
0.33515265583992,-0.7849950194358826,0.1970571279525757,1.0,13.0,15688.0,0.876,425955716.0
0.3351452648639679,-0.7853572368621826,0.2287960350513458,1.0,15.0,15689.0,0.884,425955720.0
0.1956445276737213,-0.4620302319526672,0.07946870476007462,2.0,9.0,15705.0,0.508,425955762.0
0.2846587598323822,-0.6725713610649109,0.1419618874788284,6.0,11.0,15706.0,0.744,425955766.0
0.3445533215999603,-0.8148783445358276,0.2042555510997772,1.0,13.0,15708.0,0.908,425955771.0
0.3218732476234436,-0.7616098523139954,0.2215491086244583,1.0,15.0,15709.0,0.856,425955775.0
0.1978500485420227,-0.4718188345432281,0.08103305101394653,2.0,9.0,15725.0,0.518,425955817.0
0.2754792273044586,-0.6572650671005249,0.1385273337364197,5.0,11.0,15726.0,0.726,425955822.0
0.341706782579422,-0.8160760402679443,0.2042555510997772,1.0,13.0,15728.0,0.908,425955826.0
0.3459181487560272,-0.8269439339637756,0.2401840686798096,1.0,15.0,15730.0,0.928,425955831.0
0.2037772536277771,-0.4907500743865967,0.08416174352169037,2.0,9.0,15745.0,0.538,425955872.0
0.2701729834079742,-0.6509695053100586,0.1370008587837219,5.0,11.0,15746.0,0.718,425955877.0
0.3194501996040344,-0.7704601883888245,0.1925581097602844,1.0,13.0,15748.0,0.856,425955881.0
0.3431739807128906,-0.8280864953994751,0.2401840686798096,1.0,15.0,15749.0,0.928,425955886.0
0.2723764479160309,-0.6628040671348572,0.1392905712127686,4.0,11.0,15766.0,0.73,425955932.0
0.3271201252937317,-0.7968088984489441,0.1988567262887955,1.0,13.0,15768.0,0.884,425955937.0
0.3432148098945618,-0.8364282846450806,0.2422546297311783,1.0,15.0,15769.0,0.936,425955941.0
0.191572979092598,-0.4701387584209442,0.08040731400251389,2.0,9.0,15783.0,0.514,425955983.0
0.2716574370861053,-0.6673403382301331,0.1400538086891174,4.0,11.0,15785.0,0.734,425955987.0
0.3332853019237518,-0.8195514678955078,0.2042555510997772,1.0,13.0,15787.0,0.908,425955992.0
4.687586307525635,-11.53258228302002,3.335659742355347,1.0,15.0,15788.0,12.888,425955997.0
0.1883711218833923,-0.4671736359596252,0.07978157699108124,2.0,9.0,15804.0,0.51,425956038.0
0.2634554803371429,-0.653717041015625,0.1370008587837219,5.0,11.0,15805.0,0.718,425956043.0
0.3304225206375122,-0.8207098245620728,0.2042555510997772,1.0,13.0,15807.0,0.908,425956047.0
4.602033615112305,-11.44214630126953,3.304601669311523,3.0,15.0,15809.0,12.768,425956052.0
0.247968465089798,-0.6218531727790833,0.1301317363977432,5.0,11.0,15826.0,0.682,425956098.0
4.538482666015625,-11.39891242980957,3.287519454956055,4.0,15.0,15829.0,12.702,425956107.0
0.1901023834943771,-0.4813706874847412,0.0819716602563858,2.0,9.0,15845.0,0.524,425956149.0
0.2429130375385284,-0.6154103875160217,0.1286052614450455,7.0,11.0,15846.0,0.674,425956153.0
0.6133400201797485,-1.555461883544922,0.3860160112380981,2.0,13.0,15848.0,1.716,425956158.0
4.507165431976318,-11.43625259399414,3.293731212615967,3.0,15.0,15849.0,12.726,425956162.0
0.1799515038728714,-0.4598907828330994,0.07821723073720932,2.0,9.0,15863.0,0.5,425956204.0
0.2387266755104065,-0.6107269525527954,0.1274604052305222,9.0,11.0,15865.0,0.668,425956209.0
0.5791164040565491,-1.483061909675598,0.3675700128078461,2.0,13.0,15867.0,1.634,425956213.0
4.54163646697998,-11.64269065856934,3.3486008644104,3.0,15.0,15869.0,12.938,425956218.0
0.1793030202388763,-0.4627498090267181,0.06093467026948929,1.0,7.0,15882.0,0.5,425956255.0
0.2351766526699066,-0.6078945398330688,0.1266971677541733,9.0,11.0,15885.0,0.664,425956264.0
0.5641011595726013,-1.459626317024231,0.3612713813781738,2.0,13.0,15887.0,1.606,425956268.0
4.508621692657471,-11.678297996521,3.354294776916504,4.0,15.0,15889.0,12.96,425956273.0
0.2219229191541672,-0.5793375372886658,0.1205912828445435,9.0,11.0,15904.0,0.632,425956319.0
0.5857232213020325,-1.53065025806427,0.3783676624298096,2.0,13.0,15906.0,1.682,425956324.0
4.476078510284424,-11.70942497253418,3.358953475952148,4.0,15.0,15908.0,12.978,425956328.0
0.217811644077301,-0.5746012926101685,0.1194464340806007,9.0,11.0,15924.0,0.626,425956374.0
0.5817568898200989,-1.536330342292786,0.3792674839496613,2.0,13.0,15926.0,1.686,425956379.0
4.455682754516602,-11.77918529510498,3.37448263168335,4.0,15.0,15928.0,13.038,425956384.0
0.2055581212043762,-0.5477491617202759,0.1137221604585648,7.0,11.0,15943.0,0.596,425956430.0
0.5752909183502197,-1.53460168838501,0.3783676624298096,2.0,13.0,15945.0,1.682,425956434.0
4.41119909286499,-11.77322578430176,3.368788719177246,2.0,15.0,15946.0,13.016,425956439.0
0.1961277723312378,-0.5282180309295654,0.1095243617892265,7.0,11.0,15963.0,0.5740000000000001,425956485.0
0.2737835943698883,-0.7381528615951538,0.1817604452371597,1.0,13.0,15965.0,0.808,425956490.0
6.53390645980835,-17.63506126403809,5.039206981658936,5.0,15.0,15967.0,19.47,425956494.0
0.1941904276609421,-0.5289333462715149,0.1095243617892265,7.0,11.0,15984.0,0.5740000000000001,425956540.0
4.364071369171143,-11.90606498718262,3.397776365280151,2.0,15.0,15987.0,13.128,425956550.0
0.1686616539955139,-0.4641501009464264,0.07821723073720932,2.0,9.0,16003.0,0.5,425956591.0
0.1930131167173386,-0.5314533114433289,0.109905980527401,7.0,11.0,16004.0,0.5760000000000001,425956596.0
0.2352649867534637,-0.648497462272644,0.1592653393745422,1.0,13.0,16006.0,0.708,425956600.0
4.307240009307861,-11.88565444946289,3.387423753738403,1.0,15.0,16008.0,13.088,425956605.0
0.1866012662649155,-0.5191577076911926,0.1072346568107605,7.0,11.0,16023.0,0.562,425956651.0
0.2436493933200836,-0.6786197423934937,0.166463777422905,1.0,13.0,16025.0,0.74,425956656.0
0.5924587845802307,-1.651040315628052,0.4700153768062592,1.0,15.0,16026.0,1.816,425956660.0
0.1654983907938004,-0.4652873873710632,0.07821723073720932,1.0,9.0,16042.0,0.5,425956702.0
0.1867607533931732,-0.5253553986549377,0.1083795130252838,7.0,11.0,16043.0,0.5680000000000001,425956706.0
0.2230201214551926,-0.6280470490455627,0.1538665145635605,1.0,13.0,16045.0,0.684,425956711.0
0.5883408784866333,-1.658662796020508,0.4715682864189148,1.0,15.0,16047.0,1.822,425956715.0
0.1704281568527222,-0.4844967424869537,0.08134592324495316,1.0,9.0,16062.0,0.52,425956757.0
0.1887389123439789,-0.5371498465538025,0.1106692180037498,9.0,11.0,16064.0,0.58,425956761.0
0.2265250533819199,-0.6454092264175415,0.1579156368970871,2.0,13.0,16066.0,0.7020000000000001,425956766.0
0.5838264226913452,-1.664352297782898,0.4726035892963409,1.0,15.0,16067.0,1.826,425956771.0
0.1868627667427063,-0.5378053784370422,0.1106692180037498,9.0,11.0,16084.0,0.58,425956817.0
0.207019180059433,-0.5964885950088501,0.1457682847976685,4.0,13.0,16086.0,0.648,425956821.0
0.5631685256958008,-1.624499559402466,0.4606978893280029,1.0,15.0,16088.0,1.78,425956826.0
0.160616934299469,-0.4669949412345886,0.07821723073720932,1.0,9.0,16102.0,0.5,425956867.0
0.1843464523553848,-0.5365976691246033,0.1102875992655754,9.0,11.0,16104.0,0.578,425956872.0
0.2017731964588165,-0.5879914164543152,0.1435187757015228,5.0,13.0,16106.0,0.638,425956877.0
0.5659257173538208,-1.650113940238953,0.4674271941184998,1.0,15.0,16107.0,1.806,425956881.0
0.1589042395353317,-0.4675804972648621,0.07821723073720932,1.0,9.0,16123.0,0.5,425956923.0
0.1862606108188629,-0.548391580581665,0.1125773042440414,7.0,11.0,16124.0,0.59,425956927.0
0.2059802860021591,-0.6071465015411377,0.1480177938938141,5.0,13.0,16126.0,0.658,425956932.0
0.5536738038063049,-1.633880496025085,0.462250828742981,1.0,15.0,16128.0,1.786,425956937.0
0.1611292660236359,-0.4793393611907959,0.08009444922208786,1.0,9.0,16142.0,0.512,425956978.0
0.1887195259332657,-0.5620664358139038,0.1152486354112625,6.0,11.0,16144.0,0.604,425956983.0
0.197663351893425,-0.5893857479095459,0.1435187757015228,5.0,13.0,16146.0,0.638,425956987.0
0.5562338829040527,-1.659519672393799,0.4689801037311554,1.0,15.0,16147.0,1.812,425956992.0
0.1954139769077301,-0.5888082385063171,0.1205912828445435,5.0,11.0,16164.0,0.632,425957038.0
0.1962179839611053,-0.591921865940094,0.1439686715602875,4.0,13.0,16166.0,0.64,425957043.0
0.5522603392601013,-1.666952610015869,0.470533013343811,2.0,15.0,16167.0,1.818,425957047.0
0.1617376506328583,-0.4922173917293549,0.06361579895019531,1.0,7.0,16181.0,0.522,425957084.0
0.1964169144630432,-0.598814070224762,0.1224993765354156,5.0,11.0,16184.0,0.642,425957093.0
0.1977909207344055,-0.6037145256996155,0.1466680914163589,5.0,13.0,16186.0,0.652,425957098.0
0.5416290760040283,-1.6541827917099,0.466391921043396,3.0,15.0,16187.0,1.802,425957102.0
0.1584547162055969,-0.488543689250946,0.08134592324495316,1.0,9.0,16203.0,0.52,425957144.0
0.2028007209300995,-0.6256422996520996,0.1278420239686966,4.0,11.0,16204.0,0.67,425957149.0
0.2004843801259995,-0.6192331910133362,0.1502673029899597,3.0,13.0,16206.0,0.668,425957153.0
0.5319961309432983,-1.645128011703491,0.4632861018180847,2.0,15.0,16208.0,1.79,425957158.0
0.2043199688196182,-0.6375288963317871,0.1301317363977432,4.0,11.0,16223.0,0.682,425957204.0
0.2019944339990616,-0.6310304403305054,0.1529667228460312,3.0,13.0,16225.0,0.68,425957208.0
0.5244706273078918,-1.639431238174438,0.4612155258655548,2.0,15.0,16226.0,1.782,425957213.0
0.1563189327716827,-0.4933771789073944,0.0819716602563858,1.0,9.0,16242.0,0.524,425957255.0
0.2092051208019257,-0.6606982350349426,0.1347111463546753,4.0,11.0,16243.0,0.706,425957259.0
0.1956771612167358,-0.6187254786491394,0.1498174071311951,5.0,13.0,16245.0,0.666,425957264.0
0.52223801612854,-1.652304172515869,0.4643213748931885,2.0,15.0,16246.0,1.794,425957268.0
0.1499588638544083,-0.4788121283054352,0.07946870476007462,1.0,9.0,16261.0,0.508,425957310.0
0.2057253569364548,-0.6576769948005676,0.1339479088783264,4.0,11.0,16263.0,0.7020000000000001,425957314.0
0.191191703081131,-0.6119644045829773,0.1480177938938141,5.0,13.0,16265.0,0.658,425957319.0
0.52337646484375,-1.67624568939209,0.470533013343811,2.0,15.0,16266.0,1.818,425957324.0
0.205746665596962,-0.6658941507339478,0.1354743838310242,4.0,11.0,16283.0,0.71,425957370.0
0.1890543848276138,-0.6126281023025513,0.1480177938938141,5.0,13.0,16285.0,0.658,425957374.0
0.5104010701179504,-1.655998945236206,0.4643213748931885,1.0,15.0,16287.0,1.794,425957379.0
0.2017019540071487,-0.6609749794006348,0.1343295276165009,4.0,11.0,16303.0,0.704,425957425.0
0.1880510151386261,-0.6170124411582947,0.1489176005125046,5.0,13.0,16305.0,0.662,425957430.0
0.5020923614501953,-1.648442268371582,0.4617331624031067,1.0,15.0,16306.0,1.784,425957434.0
0.1539773643016815,-0.5106417536735535,0.0844746083021164,2.0,9.0,16322.0,0.54,425957476.0
0.1976941078901291,-0.6560357213020325,0.1331846714019775,3.0,11.0,16323.0,0.6980000000000001,425957480.0
0.1802798956632614,-0.5990045070648193,0.1444185823202133,5.0,13.0,16325.0,0.642,425957485.0
0.1579232811927795,-0.530081033706665,0.08760330080986023,2.0,9.0,16341.0,0.56,425957531.0
0.1948430240154266,-0.6548401117324829,0.1328030675649643,2.0,11.0,16343.0,0.6960000000000001,425957536.0
0.1598695069551468,-0.5379859805107117,0.1295718103647232,4.0,13.0,16345.0,0.5760000000000001,425957540.0
0.2550354301929474,-0.8593326210975647,0.2401840686798096,1.0,15.0,16347.0,0.928,425957545.0
0.1515228301286697,-0.515494704246521,0.08510034531354904,2.0,9.0,16362.0,0.544,425957586.0
0.1969825923442841,-0.670585572719574,0.1358560025691986,3.0,11.0,16363.0,0.712,425957591.0
0.1404360979795456,-0.4787028729915619,0.1151749417185783,4.0,13.0,16365.0,0.512,425957595.0
0.2520342469215393,-0.8602176308631897,0.2401840686798096,1.0,15.0,16367.0,0.928,425957600.0
0.141000047326088,-0.4856417179107666,0.08009444922208786,2.0,9.0,16381.0,0.512,425957642.0
0.1880796849727631,-0.6486420035362244,0.1312765926122665,3.0,11.0,16383.0,0.6880000000000001,425957646.0
0.1382222175598145,-0.4773183166980743,0.1147250384092331,4.0,13.0,16385.0,0.51,425957651.0
0.2297086864709854,-0.7942832708358765,0.2215491086244583,1.0,15.0,16387.0,0.856,425957655.0
0.4981599748134613,-1.735004305839539,0.1579262018203735,1.0,5.0,16398.0,1.812,425957688.0
0.1406215578317642,-0.4904056489467621,0.06264084577560425,1.0,7.0,16400.0,0.514,425957692.0
0.1436572372913361,-0.5013225078582764,0.08259739726781845,2.0,9.0,16401.0,0.528,425957697.0
0.1858143657445908,-0.6492946147918701,0.1312765926122665,3.0,11.0,16403.0,0.6880000000000001,425957701.0
0.1376262307167053,-0.4815453290939331,0.1156248450279236,4.0,13.0,16405.0,0.514,425957706.0
0.5029637813568115,-1.775071144104004,0.1614124327898026,1.0,5.0,16418.0,1.852,425957743.0
0.1419064104557037,-0.5018209218978882,0.08259739726781845,2.0,9.0,16421.0,0.528,425957752.0
0.1819460690021515,-0.644271194934845,0.1301317363977432,4.0,11.0,16423.0,0.682,425957757.0
0.1338286250829697,-0.4745205044746399,0.1138252317905426,5.0,13.0,16425.0,0.506,425957761.0
0.5042750239372253,-1.803679227828979,0.163852795958519,1.0,5.0,16438.0,1.88,425957798.0
0.1350591629743576,-0.4837275445461273,0.06166588887572289,1.0,7.0,16440.0,0.506,425957803.0
0.1401538699865341,-0.5023131966590881,0.08259739726781845,2.0,9.0,16441.0,0.528,425957807.0
0.1802230030298233,-0.6467936038970947,0.1305133551359177,4.0,11.0,16443.0,0.684,425957812.0
0.1342610865831375,-0.4824944138526917,0.1156248450279236,5.0,13.0,16445.0,0.514,425957817.0
0.2017234265804291,-0.7259150147438049,0.2018788605928421,1.0,15.0,16447.0,0.78,425957821.0
0.4908697009086609,-1.778453588485718,0.1614124327898026,1.0,5.0,16457.0,1.852,425957853.0
0.1334543228149414,-0.4841727614402771,0.06166588887572289,1.0,7.0,16459.0,0.506,425957858.0
0.1311433464288712,-0.4761129021644592,0.07821723073720932,2.0,9.0,16460.0,0.5,425957863.0
0.1785978674888611,-0.6492806077003479,0.1308949738740921,4.0,11.0,16462.0,0.686,425957867.0
0.1605762988328934,-0.584962010383606,0.1625383645296097,1.0,15.0,16465.0,0.628,425957877.0
0.4741909503936768,-1.741707801818848,0.1579262018203735,1.0,5.0,16477.0,1.812,425957909.0
0.1356084942817688,-0.4994666874408722,0.0819716602563858,2.0,9.0,16481.0,0.524,425957918.0
0.176844447851181,-0.6517948508262634,0.1312765926122665,4.0,11.0,16482.0,0.6880000000000001,425957923.0
0.2028323411941528,-0.7496488094329834,0.2080905139446259,1.0,15.0,16486.0,0.804,425957932.0
0.4629416167736053,-1.724110126495361,0.1561830937862396,1.0,5.0,16497.0,1.792,425957964.0
0.1341838389635086,-0.5004315376281738,0.06361579895019531,1.0,7.0,16499.0,0.522,425957969.0
0.1319063901901245,-0.4922813773155212,0.08072018623352051,2.0,9.0,16500.0,0.516,425957973.0
0.17152339220047,-0.6410289406776428,0.1289868801832199,3.0,11.0,16502.0,0.676,425957978.0
0.1814071834087372,-0.6793918013572693,0.1884202659130096,1.0,15.0,16505.0,0.728,425957987.0
0.4548807144165039,-1.718011498451233,0.1554858386516571,1.0,5.0,16517.0,1.784,425958019.0
0.1341353505849838,-0.5080409646034241,0.0832231342792511,2.0,9.0,16521.0,0.532,425958029.0
0.1692847311496735,-0.6416237950325012,0.1289868801832199,3.0,11.0,16522.0,0.676,425958033.0
0.1251134425401688,-0.4748775064945221,0.1133753284811974,6.0,13.0,16524.0,0.504,425958038.0
0.178915873169899,-0.6800521612167358,0.1884202659130096,1.0,15.0,16526.0,0.728,425958042.0
0.4559261798858643,-1.746577978134155,0.1579262018203735,1.0,5.0,16537.0,1.812,425958075.0
0.1274705678224564,-0.4893670678138733,0.08009444922208786,2.0,9.0,16540.0,0.512,425958084.0
0.1660555899143219,-0.6384106874465942,0.128223642706871,3.0,11.0,16542.0,0.672,425958088.0
0.1224752515554428,-0.4715390503406525,0.1124755293130875,9.0,13.0,16544.0,0.5,425958093.0
0.1766597628593445,-0.6806417107582092,0.1884202659130096,1.0,15.0,16545.0,0.728,425958098.0
0.4438687264919281,-1.725004434585571,0.1558344662189484,1.0,5.0,16557.0,1.788,425958130.0
0.1276397854089737,-0.4974845945835114,0.08134592324495316,2.0,9.0,16561.0,0.52,425958139.0
0.1672391444444656,-0.6522986888885498,0.1308949738740921,3.0,11.0,16562.0,0.686,425958144.0
0.121795155107975,-0.4757393896579742,0.1133753284811974,8.0,13.0,16564.0,0.504,425958148.0
0.1588527858257294,-0.6213914752006531,0.1718558520078659,1.0,15.0,16566.0,0.664,425958153.0
0.450578361749649,-1.776755928993225,0.16036656498909,1.0,5.0,16577.0,1.84,425958185.0
0.1601518243551254,-0.6338441371917725,0.1270787864923477,2.0,11.0,16582.0,0.666,425958199.0
0.1215639337897301,-0.4818302392959595,0.1147250384092331,8.0,13.0,16584.0,0.51,425958204.0
0.1624584496021271,-0.6443936824798584,0.1780675053596497,1.0,15.0,16585.0,0.6880000000000001,425958208.0
0.4318152070045471,-1.728061079978943,0.1558344662189484,1.0,5.0,16597.0,1.788,425958241.0
0.1215850859880447,-0.4872888028621674,0.06166588887572289,1.0,7.0,16599.0,0.506,425958245.0
0.1569897383451462,-0.6305890679359436,0.1263155490159988,2.0,11.0,16602.0,0.662,425958254.0
0.1212916597723961,-0.4879251718521118,0.1160747408866882,8.0,13.0,16604.0,0.516,425958259.0
0.1545108109712601,-0.622485339641571,0.1718558520078659,1.0,15.0,16606.0,0.664,425958264.0
0.4187531769275665,-1.698457837104797,0.1530454903841019,1.0,5.0,16615.0,1.756,425958296.0
0.1200536265969276,-0.487668365240097,0.06166588887572289,1.0,7.0,16617.0,0.506,425958300.0
0.1550079137086868,-0.6310791969299316,0.1263155490159988,2.0,11.0,16620.0,0.662,425958310.0
0.1239358186721802,-0.505337655544281,0.1201238632202148,8.0,13.0,16622.0,0.534,425958314.0
0.1545024961233139,-0.6304463148117065,0.1739263981580734,1.0,15.0,16623.0,0.672,425958319.0
0.4231659770011902,-1.742503643035889,0.1568803340196609,1.0,5.0,16635.0,1.8,425958351.0
0.1181517615914345,-0.4876360297203064,0.07946870476007462,2.0,9.0,16638.0,0.508,425958360.0
0.1514191627502441,-0.6258918046951294,0.1251707077026367,2.0,11.0,16640.0,0.656,425958365.0
0.1175954043865204,-0.486824631690979,0.1156248450279236,6.0,13.0,16642.0,0.514,425958370.0
0.1495812386274338,-0.6197142601013184,0.170820564031601,1.0,15.0,16643.0,0.66,425958374.0
0.4170809090137482,-1.743970155715942,0.1568803340196609,1.0,5.0,16655.0,1.8,425958406.0
0.1203345730900764,-0.5039410591125488,0.06361579895019531,1.0,7.0,16657.0,0.522,425958411.0
0.1145311966538429,-0.4803797006607056,0.07821723073720932,2.0,9.0,16659.0,0.5,425958416.0
0.1496884524822235,-0.6283263564109802,0.12555231153965,2.0,11.0,16660.0,0.658,425958420.0
0.1172482222318649,-0.4929196834564209,0.1169745475053787,5.0,13.0,16662.0,0.52,425958425.0
0.1331221163272858,-0.5600888729095459,0.1542561501264572,1.0,15.0,16663.0,0.596,425958429.0
0.4073375463485718,-1.729900598526001,0.1554858386516571,1.0,5.0,16675.0,1.784,425958462.0
0.1533223092556,-0.6536930203437805,0.1305133551359177,2.0,11.0,16680.0,0.684,425958476.0
0.1177485659718513,-0.5028129816055298,0.1192240566015244,5.0,13.0,16682.0,0.53,425958480.0
0.1293090879917145,-0.5530485510826111,0.1521856039762497,1.0,15.0,16684.0,0.588,425958485.0
0.4027925729751587,-1.739145994186401,0.1561830937862396,1.0,5.0,16696.0,1.792,425958517.0
0.1140420585870743,-0.4931849241256714,0.06215336546301842,1.0,7.0,16698.0,0.51,425958522.0
0.1469536572694778,-0.6370334625244141,0.1270787864923477,2.0,11.0,16701.0,0.666,425958531.0
0.1198412626981735,-0.520332396030426,0.123273178935051,5.0,13.0,16703.0,0.548,425958535.0
0.1360429674386978,-0.5911493897438049,0.1625383645296097,1.0,15.0,16704.0,0.628,425958540.0
0.4064602553844452,-1.783277988433838,0.1600179374217987,1.0,5.0,16716.0,1.836,425958572.0
0.1412521153688431,-0.6222261786460876,0.1240258440375328,3.0,11.0,16721.0,0.65,425958586.0
0.1236239224672318,-0.5454545617103577,0.1291218996047974,5.0,13.0,16723.0,0.5740000000000001,425958591.0
0.166406586766243,-0.7348154783248901,0.2018788605928421,1.0,15.0,16724.0,0.78,425958595.0
0.3932572305202484,-1.753580331802368,0.1572289615869522,1.0,5.0,16736.0,1.804,425958628.0
0.1429307162761688,-0.6399598717689514,0.1274604052305222,3.0,11.0,16741.0,0.668,425958641.0
0.1217191815376282,-0.5458827614784241,0.1291218996047974,5.0,13.0,16743.0,0.5740000000000001,425958646.0
0.1319126784801483,-0.5920847058296204,0.1625383645296097,1.0,15.0,16744.0,0.628,425958651.0
0.3888504803180695,-1.762724757194519,0.1579262018203735,1.0,5.0,16756.0,1.812,425958683.0
0.1428021937608719,-0.6500425338745117,0.1293684989213943,2.0,11.0,16761.0,0.678,425958697.0
0.1219002902507782,-0.5558217763900757,0.131371408700943,5.0,13.0,16763.0,0.584,425958701.0
0.391457736492157,-1.802945017814636,0.1614124327898026,1.0,5.0,16775.0,1.852,425958738.0
0.1068108305335045,-0.4927703738212585,0.06190962716937065,1.0,7.0,16777.0,0.508,425958743.0
0.1406457871198654,-0.6505125164985657,0.1293684989213943,2.0,11.0,16780.0,0.678,425958752.0
0.1274571865797043,-0.5905106663703918,0.1394696533679962,8.0,13.0,16782.0,0.62,425958757.0
0.1319520622491837,-0.6118532419204712,0.1677147448062897,1.0,15.0,16783.0,0.648,425958761.0
0.380170613527298,-1.780918598175049,0.1593206971883774,1.0,5.0,16795.0,1.828,425958793.0
0.1050900891423225,-0.4931402206420898,0.06190962716937065,1.0,7.0,16797.0,0.508,425958798.0
0.1371496617794037,-0.64523845911026,0.128223642706871,2.0,11.0,16800.0,0.672,425958807.0
0.1257996410131454,-0.5928583145141602,0.1399195492267609,8.0,13.0,16802.0,0.622,425958812.0
0.1258088350296021,-0.5934116840362549,0.1625383645296097,1.0,15.0,16803.0,0.628,425958816.0
0.3709869682788849,-1.766570687294006,0.1579262018203735,1.0,5.0,16814.0,1.812,425958849.0
0.1026396006345749,-0.489600270986557,0.06142215058207512,1.0,7.0,16816.0,0.504,425958853.0
0.1285802125930786,-0.6149426102638245,0.1221177577972412,2.0,11.0,16819.0,0.64,425958863.0
0.1274165511131287,-0.6104408502578735,0.1439686715602875,9.0,13.0,16821.0,0.64,425958867.0
0.118219755589962,-0.5673699378967285,0.155291423201561,1.0,15.0,16823.0,0.6,425958872.0
0.1049351096153259,-0.5093982815742493,0.06385953724384308,1.0,7.0,16836.0,0.524,425958909.0
0.1276181936264038,-0.6211569309234619,0.1232626140117645,2.0,11.0,16839.0,0.646,425958918.0
0.1245019063353539,-0.607063889503479,0.143068864941597,11.0,13.0,16841.0,0.636,425958922.0
0.1332868635654449,-0.6510534286499023,0.1780675053596497,1.0,15.0,16843.0,0.6880000000000001,425958927.0
0.1226243153214455,-0.6081488728523254,0.1205912828445435,2.0,11.0,16860.0,0.632,425958973.0
0.1226605847477913,-0.6094265580177307,0.1435187757015228,11.0,13.0,16862.0,0.638,425958978.0
0.1293776482343674,-0.6439615488052368,0.1759969443082809,1.0,15.0,16864.0,0.68,425958982.0
0.1197380721569061,-0.6047214269638062,0.1198280528187752,2.0,11.0,16880.0,0.628,425959028.0
0.1239331513643265,-0.6270568370819092,0.1475678980350494,12.0,13.0,16882.0,0.656,425959033.0
0.1316159218549728,-0.6671531200408936,0.1822086125612259,3.0,15.0,16884.0,0.704,425959038.0
0.0965539738535881,-0.494882345199585,0.06190962716937065,1.0,7.0,16896.0,0.508,425959074.0
0.1151074841618538,-0.5916253328323364,0.1171567216515541,2.0,11.0,16899.0,0.614,425959084.0
0.1237105876207352,-0.6370294094085693,0.1498174071311951,11.0,13.0,16901.0,0.666,425959088.0
0.1236321032047272,-0.6372194886207581,0.1739263981580734,4.0,15.0,16902.0,0.672,425959093.0
0.09482593089342117,-0.4952163696289062,0.06190962716937065,1.0,7.0,16916.0,0.508,425959130.0
0.1126734092831612,-0.5900951623916626,0.1167751029133797,2.0,11.0,16919.0,0.612,425959139.0
0.1214861869812012,-0.6374573111534119,0.1498174071311951,11.0,13.0,16921.0,0.666,425959144.0
0.119851753115654,-0.630077064037323,0.1718558520078659,3.0,15.0,16923.0,0.664,425959148.0
0.09382976591587067,-0.4994462728500366,0.06239710375666618,1.0,7.0,16936.0,0.512,425959185.0
0.1106129065155983,-0.5904848575592041,0.1167751029133797,2.0,11.0,16939.0,0.612,425959194.0
0.118185892701149,-0.6321308612823486,0.1484676897525787,9.0,13.0,16941.0,0.66,425959199.0
0.1124411225318909,-0.6019859313964844,0.1640912741422653,1.0,15.0,16942.0,0.634,425959204.0
0.089927539229393,-0.4880573749542236,0.06093467026948929,1.0,7.0,16956.0,0.5,425959240.0
0.1042941510677338,-0.5676960945129395,0.1121956929564476,2.0,11.0,16959.0,0.588,425959250.0
0.1093010604381561,-0.5961205959320068,0.1399195492267609,6.0,13.0,16961.0,0.622,425959254.0
0.1112772077322006,-0.6080948710441589,0.165644183754921,1.0,15.0,16963.0,0.64,425959259.0
0.09254740178585052,-0.511793851852417,0.06385953724384308,1.0,7.0,16975.0,0.524,425959296.0
0.1058944016695023,-0.5873598456382751,0.1160118728876114,2.0,11.0,16978.0,0.608,425959305.0
0.1080138385295868,-0.6003156900405884,0.1408193558454514,5.0,13.0,16980.0,0.626,425959310.0
0.1100498139858246,-0.6122442483901978,0.1666794717311859,1.0,15.0,16981.0,0.644,425959314.0
0.09353165328502655,-0.5277508497238159,0.06580944359302521,1.0,7.0,16995.0,0.54,425959351.0
0.1011107638478279,-0.5722594857215881,0.1129589229822159,2.0,11.0,16998.0,0.592,425959360.0
0.108963243663311,-0.6179612874984741,0.144868478178978,4.0,13.0,17000.0,0.644,425959365.0
0.1158402487635612,-0.658306360244751,0.1791027784347534,2.0,15.0,17002.0,0.6920000000000001,425959369.0
0.3094189167022705,-1.778387784957886,0.1579262018203735,1.0,5.0,17013.0,1.812,425959402.0
0.08625547587871552,-0.4967808425426483,0.06190962716937065,1.0,7.0,17015.0,0.508,425959406.0
0.09475967288017273,-0.5474605560302734,0.1079978942871094,2.0,11.0,17018.0,0.5660000000000001,425959415.0
0.1104541271924973,-0.6394612193107605,0.1498174071311951,4.0,13.0,17020.0,0.666,425959420.0
0.1152990236878395,-0.6682054400444031,0.181690976023674,4.0,15.0,17021.0,0.7020000000000001,425959425.0
0.3032093048095703,-1.779457092285156,0.1579262018203735,1.0,5.0,17033.0,1.812,425959457.0
0.0845208615064621,-0.4970788955688477,0.06190962716937065,1.0,7.0,17035.0,0.508,425959462.0
0.09055150300264359,-0.5342384576797485,0.1053265631198883,2.0,11.0,17038.0,0.552,425959471.0
0.1052964180707932,-0.622549831867218,0.1457682847976685,5.0,13.0,17040.0,0.648,425959475.0
0.1144566908478737,-0.678148090839386,0.1842791587114334,5.0,15.0,17042.0,0.712,425959480.0
0.2966852486133575,-1.780556440353394,0.1579262018203735,1.0,5.0,17054.0,1.812,425959512.0
0.08530308306217194,-0.5130510330200195,0.06385953724384308,1.0,7.0,17056.0,0.524,425959517.0
0.08345700055360794,-0.5035774111747742,0.09922067821025848,2.0,11.0,17059.0,0.52,425959526.0
0.1020601168274879,-0.6171636581420898,0.1444185823202133,5.0,13.0,17061.0,0.642,425959531.0
0.1095699667930603,-0.663295328617096,0.1801380515098572,3.0,15.0,17062.0,0.6960000000000001,425959535.0
0.2859796583652496,-1.754051208496094,0.1554858386516571,1.0,5.0,17074.0,1.784,425959568.0
0.08669915050268173,-0.5329390168190002,0.06629692018032074,1.0,7.0,17076.0,0.544,425959572.0
0.08986854553222656,-0.5542522072792053,0.1091427430510521,2.0,11.0,17079.0,0.5720000000000001,425959581.0
0.09617041796445847,-0.594431459903717,0.1390197575092316,8.0,13.0,17081.0,0.618,425959586.0
0.1012886315584183,-0.6274563670158386,0.1703029274940491,2.0,15.0,17083.0,0.658,425959591.0
0.280161440372467,-1.754989981651306,0.1554858386516571,1.0,5.0,17093.0,1.784,425959623.0
0.081808902323246,-0.5136197805404663,0.06385953724384308,1.0,7.0,17095.0,0.524,425959627.0
0.08649109303951263,-0.5448523163795471,0.1072346568107605,2.0,11.0,17098.0,0.562,425959637.0
0.09450353682041168,-0.5966718792915344,0.1394696533679962,8.0,13.0,17100.0,0.62,425959641.0
0.1005244255065918,-0.6354039907455444,0.1723734885454178,1.0,15.0,17101.0,0.666,425959646.0
0.2709615528583527,-1.736271619796753,0.1537427306175232,1.0,5.0,17113.0,1.764,425959678.0
0.08368559926748276,-0.539330780506134,0.1060898005962372,2.0,11.0,17118.0,0.556,425959692.0
0.09212205559015274,-0.5950722694396973,0.1390197575092316,9.0,13.0,17120.0,0.618,425959697.0
0.1033244580030441,-0.6682067513465881,0.1811733245849609,1.0,15.0,17121.0,0.7000000000000001,425959701.0
0.2664051055908203,-1.745038866996765,0.1544399708509445,1.0,5.0,17132.0,1.772,425959733.0
0.07472417503595352,-0.49061518907547,0.06093467026948929,1.0,7.0,17134.0,0.5,425959738.0
0.08071828633546829,-0.5318412184715271,0.10456333309412,2.0,11.0,17137.0,0.548,425959747.0
0.09248215705156326,-0.6107887625694275,0.1426189690828323,11.0,13.0,17139.0,0.634,425959752.0
0.09417491406202316,-0.6227025985717773,0.1687500178813934,1.0,15.0,17140.0,0.652,425959756.0
0.257374107837677,-1.72625207901001,0.1526968628168106,1.0,5.0,17152.0,1.752,425959789.0
0.07914913445711136,-0.5340617895126343,0.1049449443817139,2.0,11.0,17157.0,0.55,425959803.0
0.0872143805027008,-0.5899022221565247,0.1376700401306152,11.0,13.0,17159.0,0.612,425959807.0
0.09809325635433197,-0.66508948802948,0.1801380515098572,1.0,15.0,17161.0,0.6960000000000001,425959812.0
0.2510453462600708,-1.727183818817139,0.1526968628168106,1.0,5.0,17173.0,1.752,425959844.0
0.07861752063035965,-0.5422156453132629,0.0672718808054924,1.0,7.0,17175.0,0.552,425959849.0
0.07831394672393799,-0.542120635509491,0.1064714193344116,3.0,11.0,17178.0,0.558,425959858.0
0.08560758829116821,-0.5940755605697632,0.1385698467493057,11.0,13.0,17180.0,0.616,425959862.0
0.09356943517923355,-0.6501306295394897,0.1759969443082809,1.0,15.0,17181.0,0.68,425959867.0
0.2422178387641907,-1.708323001861572,0.1509537398815155,1.0,5.0,17193.0,1.732,425959899.0
0.07283254712820053,-0.5149692893028259,0.06385953724384308,1.0,7.0,17195.0,0.524,425959904.0
0.07258636504411697,-0.5151739716529846,0.1011287644505501,4.0,11.0,17198.0,0.53,425959913.0
0.08326214551925659,-0.5924409627914429,0.1381199508905411,12.0,13.0,17200.0,0.614,425959918.0
0.0907624289393425,-0.6466270685195923,0.1749616712331772,1.0,15.0,17201.0,0.676,425959922.0
0.2398293614387512,-1.732799768447876,0.1530454903841019,1.0,5.0,17212.0,1.756,425959956.0
0.07112444192171097,-0.5152080059051514,0.06385953724384308,1.0,7.0,17214.0,0.524,425959960.0
0.0698077380657196,-0.5076320171356201,0.09960229694843292,4.0,11.0,17217.0,0.522,425959969.0
0.08315076678991318,-0.6062284708023071,0.1412692666053772,11.0,13.0,17219.0,0.628,425959974.0
0.08809327334165573,-0.6430965662002563,0.1739263981580734,1.0,15.0,17220.0,0.672,425959979.0
0.2266362011432648,-1.678443789482117,0.08876178413629532,1.0,3.0,17231.0,1.696,425960006.0
0.2316491901874542,-1.717830181121826,0.151650995016098,1.0,5.0,17232.0,1.74,425960011.0
0.06751400232315063,-0.5039808750152588,0.09883905947208405,4.0,11.0,17237.0,0.518,425960025.0
0.0800018459558487,-0.5987887382507324,0.1394696533679962,12.0,13.0,17239.0,0.62,425960029.0
0.08522528409957886,-0.6395852565765381,0.1728911250829697,1.0,15.0,17241.0,0.668,425960034.0
0.2266889065504074,-1.726530075073242,0.1523482352495193,1.0,5.0,17252.0,1.748,425960066.0
0.06494858115911484,-0.4960090816020966,0.06142215058207512,1.0,7.0,17254.0,0.504,425960071.0
0.06394683569669724,-0.4896864891052246,0.07821723073720932,1.0,9.0,17256.0,0.5,425960075.0
0.06524661183357239,-0.5003198981285095,0.09807582199573517,4.0,11.0,17257.0,0.514,425960080.0
0.07615190744400024,-0.5855370759963989,0.1363203376531601,12.0,13.0,17259.0,0.606,425960085.0
0.08061572909355164,-0.6207067370414734,0.1677147448062897,1.0,15.0,17260.0,0.648,425960089.0
0.2206608057022095,-1.7273108959198,0.1523482352495193,1.0,5.0,17272.0,1.748,425960121.0
0.06275853514671326,-0.4947016835212708,0.09693097323179245,4.0,11.0,17277.0,0.508,425960135.0
0.07679791003465652,-0.6070659756660461,0.1412692666053772,11.0,13.0,17279.0,0.628,425960140.0
0.2102097272872925,-1.69248104095459,0.1492106318473816,1.0,5.0,17292.0,1.712,425960177.0
0.06061219051480293,-0.4901104271411896,0.07821723073720932,1.0,9.0,17295.0,0.5,425960186.0
0.060550756752491,-0.4910207390785217,0.09616773575544357,4.0,11.0,17297.0,0.504,425960191.0
0.07277575135231018,-0.5918569564819336,0.1376700401306152,12.0,13.0,17299.0,0.612,425960195.0
0.205732598900795,-1.70507276058197,0.1502564996480942,1.0,5.0,17312.0,1.724,425960232.0
0.06212199106812477,-0.5163708329200745,0.06385953724384308,1.0,7.0,17314.0,0.524,425960237.0
0.07117149978876114,-0.5959773659706116,0.1385698467493057,11.0,13.0,17319.0,0.616,425960250.0
0.09455929696559906,-0.7941769957542419,0.2143021672964096,1.0,15.0,17321.0,0.8280000000000001,425960255.0
0.2002430558204651,-1.709738254547119,0.1506051272153854,1.0,5.0,17332.0,1.728,425960287.0
0.2000661641359329,-1.713404417037964,0.2118089199066162,1.0,7.0,17334.0,1.738,425960292.0
0.05718912556767464,-0.490521639585495,0.07821723073720932,1.0,9.0,17335.0,0.5,425960297.0
0.06684751063585281,-0.5768643021583557,0.1340708285570145,9.0,13.0,17339.0,0.596,425960306.0
0.09843772649765015,-0.8520748615264893,0.2298313081264496,1.0,15.0,17341.0,0.888,425960310.0
0.196971982717514,-1.734182715415955,0.1526968628168106,1.0,5.0,17352.0,1.752,425960343.0
0.1952007561922073,-1.723954677581787,0.213027611374855,1.0,7.0,17354.0,1.748,425960347.0
0.0637456625699997,-0.5674113631248474,0.1318213194608688,11.0,13.0,17359.0,0.586,425960361.0
0.09030267596244812,-0.8063368797302246,0.2174080014228821,1.0,15.0,17361.0,0.84,425960366.0
0.189609706401825,-1.722977161407471,0.151650995016098,1.0,5.0,17372.0,1.74,425960398.0
0.1913463920354843,-1.74435818195343,0.2154649943113327,1.0,7.0,17374.0,1.768,425960402.0
0.0594458281993866,-0.5463200211524963,0.1268723905086517,8.0,13.0,17379.0,0.5640000000000001,425960416.0
0.08888009935617447,-0.8181552290916443,0.2205138206481934,1.0,15.0,17380.0,0.852,425960421.0
0.1844383478164673,-1.731553196907043,0.1523482352495193,1.0,5.0,17392.0,1.748,425960453.0
0.1881902068853378,-1.772651433944702,0.2188773453235626,1.0,7.0,17394.0,1.796,425960458.0
0.05692633986473083,-0.5407101511955261,0.1255226880311966,5.0,13.0,17399.0,0.558,425960472.0
0.0864856094121933,-0.8242394328117371,0.2220667451620102,1.0,15.0,17401.0,0.858,425960476.0
0.1783929765224457,-1.732186436653137,0.1523482352495193,1.0,5.0,17412.0,1.748,425960508.0
0.1820013523101807,-1.773297548294067,0.2188773453235626,1.0,7.0,17414.0,1.796,425960513.0
0.05154283344745636,-0.5030628442764282,0.08009444922208786,1.0,9.0,17415.0,0.512,425960518.0
0.05622218921780586,-0.5525379180908203,0.1282221078872681,5.0,13.0,17419.0,0.5700000000000001,425960527.0
0.2649213671684265,-2.608102321624756,0.7024348974227905,2.0,15.0,17420.0,2.714,425960532.0
0.1786555647850037,-1.796241998672485,0.1579262018203735,1.0,5.0,17432.0,1.812,425960564.0
0.1758102774620056,-1.773922085762024,0.2188773453235626,1.0,7.0,17434.0,1.796,425960568.0
0.05276910960674286,-0.537215530872345,0.1246228814125061,4.0,13.0,17439.0,0.554,425960582.0
0.252537727355957,-2.580215930938721,0.6946703195571899,1.0,15.0,17441.0,2.684,425960587.0
0.04948738217353821,-0.5177344679832458,0.06385953724384308,1.0,7.0,17454.0,0.524,425960624.0
0.04878002777695656,-0.5112761855125427,0.08134592324495316,1.0,9.0,17455.0,0.52,425960628.0
0.04756017401814461,-0.5003377795219421,0.09769420325756073,3.0,11.0,17457.0,0.512,425960633.0
0.05199594423174858,-0.5490368604660034,0.1273223012685776,4.0,13.0,17459.0,0.5660000000000001,425960638.0
0.2316174060106277,-2.450256109237671,0.6594709157943726,1.0,15.0,17460.0,2.548,425960642.0
0.04767985269427299,-0.5179040431976318,0.06385953724384308,1.0,7.0,17474.0,0.524,425960679.0
0.04652921110391617,-0.5083210468292236,0.09922067821025848,3.0,11.0,17477.0,0.52,425960688.0
0.04954825714230537,-0.5433929562568665,0.1259725838899612,4.0,13.0,17479.0,0.56,425960693.0
0.2128490507602692,-2.343348503112793,0.6304832100868225,1.0,15.0,17481.0,2.436,425960697.0
0.04713376238942146,-0.5312649607658386,0.0844746083021164,1.0,9.0,17493.0,0.54,425960739.0
0.0449320487678051,-0.5084646940231323,0.09922067821025848,2.0,11.0,17495.0,0.52,425960743.0
0.05159982293844223,-0.5862531065940857,0.1358704417943954,2.0,13.0,17497.0,0.604,425960748.0
0.1994716078042984,-2.270840883255005,0.6108129620552063,1.0,15.0,17498.0,2.36,425960753.0
0.04183913022279739,-0.4920686483383179,0.07821723073720932,1.0,9.0,17514.0,0.5,425960794.0
0.04299091175198555,-0.5066622495651245,0.09883905947208405,2.0,11.0,17515.0,0.518,425960799.0
0.05398334935307503,-0.6388587951660156,0.1480177938938141,2.0,13.0,17517.0,0.658,425960803.0
0.1935770511627197,-2.300432443618774,0.6185775399208069,2.0,15.0,17519.0,2.39,425960808.0
0.0402071438729763,-0.4922046959400177,0.07821723073720932,1.0,9.0,17533.0,0.5,425960849.0
0.04265449568629265,-0.5244203209877014,0.1022736206650734,2.0,11.0,17535.0,0.536,425960854.0
0.05710132047533989,-0.7050842642784119,0.1633144617080688,2.0,13.0,17537.0,0.726,425960859.0
0.189526379108429,-2.345350027084351,0.6304832100868225,3.0,15.0,17538.0,2.436,425960863.0
0.03840285167098045,-0.4923487305641174,0.07821723073720932,1.0,9.0,17554.0,0.5,425960905.0
0.04219461232423782,-0.5421820878982544,0.1057081818580627,2.0,11.0,17555.0,0.554,425960909.0
0.05614499747753143,-0.7247084975242615,0.1678134799003601,2.0,13.0,17557.0,0.746,425960914.0
0.1827115267515182,-2.369142532348633,0.6366948485374451,3.0,15.0,17559.0,2.46,425960919.0
0.03676995262503624,-0.4924733936786652,0.07821723073720932,1.0,9.0,17573.0,0.5,425960960.0
0.04059277474880219,-0.5462417602539062,0.1064714193344116,2.0,11.0,17575.0,0.558,425960965.0
0.05131511390209198,-0.6938051581382751,0.1606150567531586,2.0,13.0,17577.0,0.714,425960969.0
0.1758492738008499,-2.383221626281738,0.6403183341026306,4.0,15.0,17578.0,2.474,425960974.0
0.03854712843894958,-0.5444217920303345,0.1060898005962372,2.0,11.0,17595.0,0.556,425961020.0
0.04642777517437935,-0.658989429473877,0.1525168120861053,2.0,13.0,17597.0,0.678,425961025.0
0.1654977202415466,-2.354914426803589,0.63255375623703,4.0,15.0,17598.0,2.444,425961029.0
0.03324497491121292,-0.4927238821983337,0.07821723073720932,1.0,9.0,17614.0,0.5,425961071.0
0.03585557639598846,-0.5328000783920288,0.1038000956177711,1.0,11.0,17615.0,0.544,425961075.0
0.03970145434141159,-0.5930383205413818,0.1372201442718506,2.0,13.0,17617.0,0.61,425961080.0
0.1554746627807617,-2.328491926193237,0.6253067851066589,4.0,15.0,17618.0,2.416,425961084.0
0.03462045639753342,-0.5427183508872986,0.1057081818580627,1.0,11.0,17635.0,0.554,425961131.0
0.03417646139860153,-0.538718044757843,0.1246228814125061,2.0,13.0,17637.0,0.554,425961135.0
0.1464527249336243,-2.32133412361145,0.6232362389564514,4.0,15.0,17639.0,2.408,425961140.0
0.03447934612631798,-0.5702656507492065,0.1110508367419243,1.0,11.0,17654.0,0.582,425961186.0
0.03086972236633301,-0.5135404467582703,0.1187741532921791,2.0,13.0,17656.0,0.528,425961190.0
0.1388125866651535,-2.31599760055542,0.6216833591461182,4.0,15.0,17657.0,2.402,425961195.0
0.03215360641479492,-0.5645022988319397,0.109905980527401,1.0,11.0,17674.0,0.5760000000000001,425961241.0
0.127679631114006,-2.262462139129639,0.6071894764900208,4.0,15.0,17677.0,2.346,425961250.0
0.02986852265894413,-0.5587297081947327,0.1087611243128777,1.0,11.0,17694.0,0.5700000000000001,425961296.0
0.1191686913371086,-2.251319169998169,0.6040836572647095,4.0,15.0,17697.0,2.334,425961306.0
0.02625272609293461,-0.5254968404769897,0.1022736206650734,1.0,11.0,17714.0,0.536,425961352.0
0.02481446415185928,-0.5002111196517944,0.1156248450279236,2.0,13.0,17716.0,0.514,425961356.0
0.109015516936779,-2.213150501251221,0.5937308669090271,5.0,15.0,17718.0,2.294,425961361.0
0.02569381892681122,-0.5530412197113037,0.1076162755489349,1.0,11.0,17734.0,0.5640000000000001,425961407.0
0.101409912109375,-2.20771050453186,0.5921779870986938,4.0,15.0,17737.0,2.288,425961416.0
0.02334185503423214,-0.5433202981948853,0.1057081818580627,1.0,11.0,17754.0,0.554,425961462.0
0.09296576678752899,-2.190680027008057,0.5875192284584045,4.0,15.0,17757.0,2.27,425961471.0
0.02152259089052677,-0.5453602075576782,0.1060898005962372,1.0,11.0,17774.0,0.556,425961518.0
0.0841875672340393,-2.171701908111572,0.5823428630828857,3.0,15.0,17778.0,2.25,425961527.0
0.01975993998348713,-0.5493559837341309,0.1068530380725861,1.0,11.0,17794.0,0.56,425961573.0
0.01733243279159069,-0.5337238311767578,0.1038000956177711,1.0,11.0,17814.0,0.544,425961628.0
0.01734607107937336,-0.598541259765625,0.1163934841752052,1.0,11.0,17834.0,0.61,425961683.0
0.01987969316542149,-0.7029129266738892,0.1884202659130096,1.0,15.0,17838.0,0.728,425961693.0
0.01356251444667578,-0.5179315209388733,0.06361579895019531,1.0,7.0,17850.0,0.522,425961729.0
0.01470640394836664,-0.5730816125869751,0.1114324554800987,2.0,11.0,17853.0,0.584,425961739.0
0.01801116578280926,-0.716490626335144,0.192043736577034,2.0,15.0,17856.0,0.742,425961748.0
0.01379371806979179,-0.622198760509491,0.1209729015827179,2.0,11.0,17873.0,0.634,425961794.0
0.01563378982245922,-0.7281402349472046,0.1951495558023453,4.0,15.0,17877.0,0.754,425961803.0
0.00994636956602335,-0.518013596534729,0.06361579895019531,1.0,7.0,17890.0,0.522,425961840.0
0.01162175554782152,-0.6222431063652039,0.1209729015827179,2.0,11.0,17893.0,0.634,425961849.0
0.01241263281553984,-0.6837628483772278,0.1832438856363297,6.0,15.0,17896.0,0.708,425961859.0
0.008913077414035797,-0.5869453549385071,0.1141037791967392,2.0,11.0,17913.0,0.598,425961905.0
0.007574179209768772,-0.5105137228965759,0.1178743541240692,2.0,13.0,17915.0,0.524,425961909.0
0.01001837011426687,-0.6915303468704224,0.1853144317865372,8.0,15.0,17917.0,0.716,425961914.0
0.006803492549806833,-0.5649167895317078,0.08948051184415817,1.0,9.0,17931.0,0.5720000000000001,425961955.0
0.006956030614674091,-0.5948253870010376,0.115630254149437,2.0,11.0,17933.0,0.606,425961960.0
0.006145824212580919,-0.5417149066925049,0.1250727921724319,1.0,13.0,17935.0,0.556,425961965.0
0.007984059862792492,-0.714740514755249,0.1915261000394821,8.0,15.0,17936.0,0.74,425961969.0
0.004670301452279091,-0.5693246126174927,0.1106692180037498,1.0,11.0,17953.0,0.58,425962015.0
0.002799506299197674,-0.5530983805656433,0.08760330080986023,1.0,9.0,17971.0,0.56,425962066.0
0.002581191947683692,-0.5477418899536133,0.1064714193344116,1.0,11.0,17973.0,0.558,425962070.0
0.00215975078754127,-0.4949752688407898,0.1142751350998878,1.0,13.0,17975.0,0.508,425962075.0
0.003511970397084951,-0.8384162783622742,0.2246549278497696,1.0,15.0,17976.0,0.868,425962080.0
0.000799862144049257,-0.5728586912155151,0.09073199331760406,1.0,9.0,17992.0,0.58,425962121.0
0.0006308231386356056,-0.5163354873657227,0.1003655344247818,1.0,11.0,17993.0,0.526,425962126.0
0.0004965741536580026,-0.5690318942070007,0.131371408700943,1.0,13.0,17995.0,0.584,425962130.0
0.000430905434768647,-0.8229686617851257,0.2205138206481934,1.0,15.0,17997.0,0.852,425962135.0
-0.001107395044527948,-0.5768089294433594,0.09135773032903671,1.0,9.0,18011.0,0.584,425962176.0
-0.001175982411950827,-0.5182977914810181,0.1007471531629562,1.0,11.0,18013.0,0.528,425962181.0
-0.001806031446903944,-0.6898516416549683,0.1592653393745422,1.0,13.0,18015.0,0.708,425962186.0
-0.002157896291464567,-0.7727376222610474,0.2070552408695221,1.0,15.0,18016.0,0.8,425962190.0
-0.00317736784927547,-0.5688996315002441,0.09010624885559082,1.0,9.0,18032.0,0.5760000000000001,425962232.0
-0.003086939454078674,-0.5359595417976379,0.1041817143559456,1.0,11.0,18033.0,0.546,425962236.0
-0.0040473947301507,-0.6625592708587646,0.1529667228460312,1.0,13.0,18035.0,0.68,425962241.0
-0.003767530666664243,-0.5834070444107056,0.1563266962766647,1.0,15.0,18037.0,0.604,425962246.0
-0.00527488486841321,-0.5925895571708679,0.0938606783747673,1.0,9.0,18051.0,0.6,425962287.0
-0.00493960827589035,-0.5339823365211487,0.1038000956177711,1.0,11.0,18053.0,0.544,425962292.0
-0.02212890237569809,-2.2640221118927,0.6066718697547913,1.0,15.0,18056.0,2.344,425962301.0
-0.006528382189571857,-0.5123677849769592,0.09960229694843292,1.0,11.0,18073.0,0.522,425962347.0
-0.007929329760372639,-0.4937804937362671,0.07821723073720932,1.0,9.0,18092.0,0.5,425962398.0
-0.0084124356508255,-0.5182308554649353,0.1007471531629562,1.0,11.0,18093.0,0.528,425962402.0
-0.01006647851318121,-0.5103468894958496,0.09922067821025848,1.0,11.0,18113.0,0.52,425962458.0
-0.01681777089834213,-0.8377894759178162,0.1934579014778137,1.0,13.0,18115.0,0.86,425962462.0
-0.01175879407674074,-0.5103106498718262,0.09922067821025848,1.0,11.0,18132.0,0.52,425962513.0
-0.02005160599946976,-0.857211172580719,0.1979569345712662,1.0,13.0,18134.0,0.88,425962517.0
-0.0160529837012291,-0.6171549558639526,0.07580272853374481,1.0,7.0,18149.0,0.622,425962559.0
-0.01343588531017303,-0.5063413977622986,0.0984574407339096,1.0,11.0,18152.0,0.516,425962568.0
-0.02115831524133682,-0.787006676197052,0.1817604452371597,1.0,13.0,18154.0,0.808,425962573.0
-0.01527996361255646,-0.5178837180137634,0.06361579895019531,1.0,7.0,18169.0,0.522,425962614.0
-0.01543897483497858,-0.5141409039497375,0.09998391568660736,1.0,11.0,18172.0,0.524,425962623.0
-0.02390535175800323,-0.7869279980659485,0.1817604452371597,1.0,13.0,18174.0,0.808,425962628.0
-0.02036111243069172,-0.6170278787612915,0.07580272853374481,1.0,7.0,18189.0,0.622,425962669.0
-0.01683890447020531,-0.5023109316825867,0.09769420325756073,1.0,11.0,18192.0,0.512,425962679.0
-0.02823539078235626,-0.8335826992988586,0.1925581097602844,1.0,13.0,18194.0,0.856,425962683.0
-0.01939107850193977,-0.5238301157951355,0.101892001926899,1.0,11.0,18212.0,0.534,425962734.0
-0.03216372802853584,-0.8607423901557922,0.1988567262887955,1.0,13.0,18214.0,0.884,425962739.0
-0.02018631063401699,-0.4982578754425049,0.09693097323179245,1.0,11.0,18232.0,0.508,425962789.0
-0.03453155606985092,-0.8450479507446289,0.1952575147151947,1.0,13.0,18234.0,0.868,425962794.0
-0.02371665276587009,-0.54538494348526,0.06702814251184464,1.0,7.0,18249.0,0.55,425962835.0
-0.02313392050564289,-0.5256433486938477,0.1022736206650734,1.0,11.0,18252.0,0.536,425962845.0
-0.03834473341703415,-0.8643905520439148,0.199756532907486,1.0,13.0,18254.0,0.888,425962849.0
-0.02496861852705479,-0.5255593657493591,0.1022736206650734,1.0,11.0,18272.0,0.536,425962900.0
-0.04173441603779793,-0.8720374703407288,0.2015561461448669,1.0,13.0,18274.0,0.896,425962904.0
-0.02560287527740002,-0.5019405484199524,0.09769420325756073,1.0,11.0,18292.0,0.512,425962955.0
-0.04417843371629715,-0.8602094054222107,0.1988567262887955,2.0,13.0,18294.0,0.884,425962960.0
-0.02778223715722561,-0.5096895098686218,0.09922067821025848,1.0,11.0,18312.0,0.52,425963010.0
-0.04654039070010185,-0.8483750820159912,0.1961573213338852,2.0,13.0,18314.0,0.872,425963015.0
-0.02910642884671688,-0.501749575138092,0.09769420325756073,1.0,11.0,18332.0,0.512,425963066.0
-0.05177219957113266,-0.8871160745620728,0.2051553577184677,2.0,13.0,18334.0,0.912,425963070.0
-0.03109876066446304,-0.5055640339851379,0.0984574407339096,1.0,11.0,18352.0,0.516,425963121.0
-0.05198068171739578,-0.8402494192123413,0.1943577080965042,2.0,13.0,18354.0,0.864,425963126.0
-0.1267933994531631,-2.038026809692383,0.5471434593200684,4.0,15.0,18356.0,2.114,425963130.0
-0.03413709253072739,-0.5250436067581177,0.1022736206650734,1.0,11.0,18372.0,0.536,425963176.0
-0.05643875524401665,-0.8633979558944702,0.199756532907486,2.0,13.0,18374.0,0.888,425963181.0
-0.1321612000465393,-2.016390323638916,0.5414494276046753,4.0,15.0,18375.0,2.092,425963186.0
-0.03489590808749199,-0.5092519521713257,0.09922067821025848,1.0,11.0,18392.0,0.52,425963232.0
-0.05797931551933289,-0.8418101668357849,0.1948076188564301,2.0,13.0,18394.0,0.866,425963236.0
-0.1427526921033859,-2.062146186828613,0.5538727641105652,4.0,15.0,18396.0,2.14,425963241.0
-0.03677633032202721,-0.5130562782287598,0.09998391568660736,1.0,11.0,18410.0,0.524,425963287.0
-0.06104367598891258,-0.8474550247192383,0.1961573213338852,2.0,13.0,18412.0,0.872,425963292.0
-0.1478966325521469,-2.04822564125061,0.5502492785453796,5.0,15.0,18413.0,2.126,425963296.0
-0.03856700658798218,-0.5129247307777405,0.09998391568660736,1.0,11.0,18430.0,0.524,425963342.0
-0.0635610967874527,-0.8414071202278137,0.1948076188564301,2.0,13.0,18432.0,0.866,425963347.0
-0.1575956642627716,-2.07656455039978,0.5580138564109802,5.0,15.0,18434.0,2.156,425963351.0
-0.04168172553181648,-0.5284373760223389,0.1030368581414223,1.0,11.0,18451.0,0.54,425963397.0
-0.06833762675523758,-0.862537682056427,0.199756532907486,2.0,13.0,18453.0,0.888,425963402.0
-0.1662195026874542,-2.093333959579468,0.5626726150512695,5.0,15.0,18454.0,2.174,425963407.0
-0.04368726909160614,-0.5302452445030212,0.1034184768795967,1.0,11.0,18471.0,0.542,425963453.0
-0.07006248086690903,-0.8467570543289185,0.1961573213338852,2.0,13.0,18473.0,0.872,425963457.0
-0.174370750784874,-2.098486185073853,0.5642254948616028,6.0,15.0,18475.0,2.18,425963462.0
-0.04259456694126129,-0.4968441426753998,0.09693097323179245,1.0,11.0,18490.0,0.508,425963508.0
-0.07236864417791367,-0.8406953811645508,0.1948076188564301,2.0,13.0,18492.0,0.866,425963513.0
-0.1806304305791855,-2.094078540802002,0.563190221786499,5.0,15.0,18493.0,2.176,425963517.0
-0.04397957399487495,-0.4927814602851868,0.09616773575544357,1.0,11.0,18510.0,0.504,425963563.0
-0.07460714131593704,-0.8326737880706787,0.1930080056190491,2.0,13.0,18512.0,0.858,425963568.0
-0.1888236254453659,-2.099174737930298,0.564743161201477,5.0,15.0,18514.0,2.182,425963573.0
-0.04533673822879791,-0.4887152016162872,0.0954044982790947,1.0,11.0,18530.0,0.5,425963619.0
-0.07913941144943237,-0.8498714566230774,0.1970571279525757,2.0,13.0,18532.0,0.876,425963623.0
-0.193989172577858,-2.079302072525024,0.5595667958259583,6.0,15.0,18533.0,2.162,425963628.0
-0.0474187359213829,-0.4924624264240265,0.09616773575544357,1.0,11.0,18550.0,0.504,425963674.0
-0.07704423367977142,-0.7972180247306824,0.1849097609519958,2.0,13.0,18552.0,0.8220000000000001,425963679.0
-0.2036662697792053,-2.103609561920166,0.5662960410118103,8.0,15.0,18553.0,2.188,425963683.0
-0.05128235369920731,-0.5137829184532166,0.1003655344247818,1.0,11.0,18570.0,0.526,425963729.0
-0.07943812757730484,-0.793066143989563,0.1840099692344666,2.0,13.0,18572.0,0.8180000000000001,425963734.0
-0.2110079973936081,-2.102885723114014,0.5662960410118103,5.0,15.0,18573.0,2.188,425963738.0
-0.05489174649119377,-0.5311764478683472,0.1038000956177711,1.0,11.0,18590.0,0.544,425963785.0
-0.08220595866441727,-0.7927840352058411,0.1840099692344666,2.0,13.0,18592.0,0.8180000000000001,425963789.0
-0.2171146720647812,-2.086726427078247,0.5621549487113953,4.0,15.0,18594.0,2.172,425963794.0
-0.0864938274025917,-0.8080084323883057,0.1876091808080673,2.0,13.0,18611.0,0.834,425963844.0
-0.2244930565357208,-2.093717336654663,0.5642254948616028,5.0,15.0,18612.0,2.18,425963849.0
-0.05463432893157005,-0.4956646859645844,0.09693097323179245,1.0,11.0,18629.0,0.508,425963895.0
-0.08888541162014008,-0.803827702999115,0.1867093741893768,2.0,13.0,18631.0,0.8300000000000001,425963900.0
-0.2347773760557175,-2.119802474975586,0.5714724659919739,5.0,15.0,18632.0,2.208,425963904.0
-0.09169075638055801,-0.8035125732421875,0.1867093741893768,2.0,13.0,18651.0,0.8300000000000001,425963955.0
-0.2452464997768402,-2.145841121673584,0.5787193775177002,6.0,15.0,18652.0,2.236,425963960.0
-0.06152407079935074,-0.5245195031166077,0.1026552394032478,1.0,11.0,18669.0,0.538,425964006.0
-0.09654426574707031,-0.8206061124801636,0.1907584965229034,2.0,13.0,18671.0,0.848,425964010.0
-0.2503930032253265,-2.121905326843262,0.5725077390670776,5.0,15.0,18673.0,2.212,425964015.0
-0.06170597672462463,-0.5106580257415771,0.09998391568660736,1.0,11.0,18689.0,0.524,425964061.0
-0.1022215634584427,-0.8434791564941406,0.1961573213338852,2.0,13.0,18691.0,0.872,425964066.0
-0.2585919201374054,-2.130652189254761,0.5750958919525146,5.0,15.0,18692.0,2.222,425964070.0
-0.06300348788499832,-0.506542980670929,0.09922067821025848,1.0,11.0,18709.0,0.52,425964116.0
-0.1056476458907127,-0.8469846844673157,0.1970571279525757,3.0,13.0,18711.0,0.876,425964121.0
-0.2653093636035919,-2.123985767364502,0.5735430121421814,5.0,15.0,18712.0,2.216,425964125.0
-0.06576775014400482,-0.5141095519065857,0.1007471531629562,1.0,11.0,18729.0,0.528,425964172.0
-0.1068678572773933,-0.8330804705619812,0.1939078122377396,3.0,13.0,18731.0,0.862,425964176.0
-0.2750641405582428,-2.138327598571777,0.5776841044425964,5.0,15.0,18733.0,2.232,425964181.0
-0.06551459431648254,-0.4983048141002655,0.09769420325756073,1.0,11.0,18749.0,0.512,425964227.0
-0.1107939928770065,-0.8404304385185242,0.1957074105739594,3.0,13.0,18751.0,0.87,425964231.0
-0.278982400894165,-2.110541582107544,0.5704371929168701,4.0,15.0,18753.0,2.204,425964236.0
-0.07207541912794113,-0.5330812931060791,0.10456333309412,1.0,11.0,18770.0,0.548,425964282.0
-0.1143971383571625,-0.843880832195282,0.1966072171926498,3.0,13.0,18772.0,0.874,425964287.0
-0.2887974679470062,-2.124819040298462,0.5745782852172852,6.0,15.0,18774.0,2.22,425964291.0
-0.07069771736860275,-0.509490966796875,0.09998391568660736,1.0,11.0,18790.0,0.524,425964337.0
-0.118147686123848,-0.8492668271064758,0.1979569345712662,3.0,13.0,18792.0,0.88,425964342.0
-0.2946115732192993,-2.11231803894043,0.5714724659919739,4.0,15.0,18794.0,2.208,425964347.0
-0.0713692381978035,-0.5014663934707642,0.0984574407339096,1.0,11.0,18810.0,0.516,425964393.0
-0.1211114600300789,-0.8488492369651794,0.1979569345712662,3.0,13.0,18812.0,0.88,425964397.0
-0.3065322637557983,-2.145753145217896,0.5807899236679077,5.0,15.0,18813.0,2.244,425964402.0
-0.07368606328964233,-0.5050995945930481,0.09922067821025848,1.0,11.0,18830.0,0.52,425964448.0
-0.1235097870230675,-0.8445648550987244,0.1970571279525757,2.0,13.0,18832.0,0.876,425964453.0
-0.3146750032901764,-2.14652681350708,0.581307590007782,5.0,15.0,18834.0,2.246,425964457.0
-0.07469349354505539,-0.5009820461273193,0.0984574407339096,1.0,11.0,18848.0,0.516,425964503.0
-0.1290428787469864,-0.863446056842804,0.2015561461448669,3.0,13.0,18850.0,0.896,425964508.0
-0.322757750749588,-2.157047033309937,0.5844134092330933,4.0,15.0,18851.0,2.258,425964513.0
-0.07940465211868286,-0.5201259255409241,0.1022736206650734,1.0,11.0,18868.0,0.536,425964559.0
-0.1296979337930679,-0.8475797772407532,0.1979569345712662,3.0,13.0,18870.0,0.88,425964563.0
-0.3315401971340179,-2.161578178405762,0.5859662890434265,5.0,15.0,18872.0,2.264,425964568.0
-0.07758304476737976,-0.4965689480304718,0.09769420325756073,1.0,11.0,18888.0,0.512,425964614.0
-0.1308468133211136,-0.835570216178894,0.1952575147151947,3.0,13.0,18890.0,0.868,425964619.0
-0.3387064337730408,-2.160466909408569,0.5859662890434265,6.0,15.0,18891.0,2.264,425964623.0
-0.07869626581668854,-0.4924177825450897,0.09693097323179245,1.0,11.0,18908.0,0.508,425964669.0
-0.1393104493618011,-0.8697442412376404,0.2033557593822479,2.0,13.0,18910.0,0.904,425964674.0
-0.3460102379322052,-2.155396223068237,0.5849310159683228,4.0,15.0,18912.0,2.26,425964678.0
-0.08358057588338852,-0.5115156769752502,0.1007471531629562,1.0,11.0,18928.0,0.528,425964724.0
-0.140456035733223,-0.8577138781547546,0.2006563395261765,2.0,13.0,18930.0,0.892,425964729.0
-0.3575312793254852,-2.180926561355591,0.5921779870986938,6.0,15.0,18931.0,2.288,425964734.0
-0.08439552783966064,-0.5054115056991577,0.09960229694843292,1.0,11.0,18948.0,0.522,425964780.0
-0.1405544430017471,-0.8399202823638916,0.1966072171926498,2.0,13.0,18950.0,0.874,425964784.0
-0.3636052906513214,-2.168169975280762,0.5890721678733826,4.0,15.0,18952.0,2.276,425964789.0
-0.09252592921257019,-0.5418683886528015,0.1068530380725861,1.0,11.0,18969.0,0.56,425964835.0
-0.1485621184110641,-0.8682118058204651,0.2033557593822479,2.0,13.0,18971.0,0.904,425964840.0
-0.3747591972351074,-2.187832832336426,0.5947661399841309,5.0,15.0,18972.0,2.298,425964844.0
-0.08902159333229065,-0.5105968713760376,0.1007471531629562,1.0,11.0,18989.0,0.528,425964890.0
-0.1515918374061584,-0.8676879405975342,0.2033557593822479,2.0,13.0,18991.0,0.904,425964895.0
-0.3791109621524811,-2.165512561798096,0.5890721678733826,4.0,15.0,18993.0,2.276,425964900.0
-0.08968345820903778,-0.5045000314712524,0.09960229694843292,1.0,11.0,19008.0,0.522,425964946.0
-0.1537848860025406,-0.863343358039856,0.2024559527635574,2.0,13.0,19010.0,0.9,425964950.0
-0.3906598389148712,-2.190936803817749,0.5963190793991089,6.0,15.0,19011.0,2.304,425964955.0
-0.08934178948402405,-0.4925934374332428,0.09731258451938629,1.0,11.0,19028.0,0.51,425965001.0
-0.1578428894281387,-0.8685533404350281,0.2038056552410126,2.0,13.0,19030.0,0.906,425965006.0
-0.4021085202693939,-2.210467100143433,0.602013111114502,5.0,15.0,19031.0,2.326,425965010.0
-0.09615076333284378,-0.5192888975143433,0.1026552394032478,1.0,11.0,19049.0,0.538,425965056.0
-0.1592479199171066,-0.8583887219429016,0.2015561461448669,2.0,13.0,19051.0,0.896,425965061.0
-0.4087967276573181,-2.201380968093872,0.5999425649642944,5.0,15.0,19052.0,2.318,425965065.0
-0.09432108700275421,-0.4996582567691803,0.09883905947208405,1.0,11.0,19069.0,0.518,425965112.0
-0.1607946753501892,-0.8501684665679932,0.199756532907486,2.0,13.0,19071.0,0.888,425965116.0
-0.4208188652992249,-2.220746755599976,0.6056365370750427,4.0,15.0,19073.0,2.34,425965121.0
-0.09671863913536072,-0.5031986832618713,0.09960229694843292,1.0,11.0,19088.0,0.522,425965167.0
-0.1687720268964767,-0.8764207363128662,0.2060551643371582,3.0,13.0,19090.0,0.916,425965171.0
-0.4255996346473694,-2.208032131195068,0.6025307178497314,5.0,15.0,19091.0,2.328,425965176.0
-0.1003610268235207,-0.5124912858009338,0.1015103831887245,1.0,11.0,19108.0,0.532,425965222.0
-0.16920405626297,-0.862440288066864,0.2029058486223221,2.0,13.0,19110.0,0.902,425965227.0
-0.4381438195705414,-2.231176376342773,0.6092600226402283,4.0,15.0,19111.0,2.354,425965231.0
-0.0970720648765564,-0.4871254861354828,0.09654935449361801,1.0,11.0,19127.0,0.506,425965277.0
-0.1724445968866348,-0.863785445690155,0.2033557593822479,2.0,13.0,19129.0,0.904,425965282.0
-0.44856858253479,-2.244866371154785,0.6134011149406433,4.0,15.0,19130.0,2.37,425965287.0
-0.1065799072384834,-0.5252646207809448,0.1041817143559456,1.0,11.0,19147.0,0.546,425965333.0
-0.1785641759634018,-0.8784557580947876,0.2069549709558487,3.0,13.0,19149.0,0.92,425965337.0
-0.4575643837451935,-2.24699330329895,0.6144363880157471,5.0,15.0,19151.0,2.374,425965342.0
-0.1107954755425453,-0.5364254117012024,0.1064714193344116,1.0,11.0,19167.0,0.558,425965388.0
-0.1796552389860153,-0.8682854771614075,0.2047054618597031,4.0,13.0,19169.0,0.91,425965393.0
-0.4728482365608215,-2.283297777175903,0.6247891783714294,5.0,15.0,19170.0,2.414,425965397.0
-0.1045907661318779,-0.4976099133491516,0.09883905947208405,1.0,11.0,19187.0,0.518,425965443.0
-0.1842910498380661,-0.8752807974815369,0.206505075097084,4.0,13.0,19189.0,0.918,425965448.0
-0.4824090003967285,-2.289194822311401,0.626859724521637,6.0,15.0,19190.0,2.422,425965452.0
-0.1097008064389229,-0.512581467628479,0.101892001926899,1.0,11.0,19208.0,0.534,425965499.0
-0.1895403414964676,-0.8841266632080078,0.2087545841932297,4.0,13.0,19210.0,0.928,425965503.0
-0.4911952912807465,-2.287325620651245,0.626859724521637,5.0,15.0,19212.0,2.422,425965508.0
-0.108984000980854,-0.5006853938102722,0.09960229694843292,1.0,11.0,19228.0,0.522,425965554.0
-0.1884739547967911,-0.8644195795059204,0.2042555510997772,3.0,13.0,19230.0,0.908,425965558.0
-0.5032985806465149,-2.304470539093018,0.6320360898971558,5.0,15.0,19232.0,2.442,425965563.0
-0.1114915832877159,-0.5041550993919373,0.1003655344247818,1.0,11.0,19247.0,0.526,425965609.0
-0.1904965341091156,-0.8599845767021179,0.2033557593822479,2.0,13.0,19249.0,0.904,425965614.0
-0.5172145962715149,-2.331078767776489,0.6398006677627563,4.0,15.0,19251.0,2.472,425965618.0
-0.1261690706014633,-0.5612263083457947,0.1118140742182732,1.0,11.0,19267.0,0.586,425965664.0
-0.1956377327442169,-0.868820071220398,0.2056052684783936,2.0,13.0,19269.0,0.914,425965669.0
-0.5308738946914673,-2.353757858276367,0.6465299725532532,5.0,15.0,19271.0,2.498,425965674.0
-0.1155339851975441,-0.5052582621574402,0.1007471531629562,1.0,11.0,19288.0,0.528,425965720.0
-0.200125977396965,-0.8737958669662476,0.2069549709558487,2.0,13.0,19290.0,0.92,425965724.0
-0.5369287729263306,-2.342475175857544,0.6439417600631714,4.0,15.0,19291.0,2.488,425965729.0
-0.1146311238408089,-0.4933779835700989,0.0984574407339096,1.0,11.0,19308.0,0.516,425965775.0
-0.202733188867569,-0.8711939454078674,0.206505075097084,2.0,13.0,19310.0,0.918,425965780.0
-0.5529654622077942,-2.372475862503052,0.6527416110038757,5.0,15.0,19312.0,2.522,425965784.0
-0.1261807978153229,-0.5350334644317627,0.1068530380725861,1.0,11.0,19327.0,0.56,425965830.0
-0.2024852186441422,-0.8572410345077515,0.2033557593822479,3.0,13.0,19329.0,0.904,425965835.0
-0.5586383938789368,-2.36320686340332,0.6506710648536682,5.0,15.0,19330.0,2.514,425965840.0
-0.1225598901510239,-0.5116788148880005,0.1022736206650734,1.0,11.0,19347.0,0.536,425965886.0
-0.207294687628746,-0.8641089200973511,0.2051553577184677,3.0,13.0,19349.0,0.912,425965890.0
-0.5776763558387756,-2.404346466064453,0.6625767350196838,6.0,15.0,19351.0,2.56,425965895.0
-0.1308408826589584,-0.5379548072814941,0.1076162755489349,1.0,11.0,19367.0,0.5640000000000001,425965941.0
-0.2075424939393997,-0.8520197868347168,0.2024559527635574,2.0,13.0,19369.0,0.9,425965946.0
-0.5847312211990356,-2.398663759231567,0.6615414619445801,4.0,15.0,19370.0,2.556,425965950.0
-0.121422752737999,-0.4917505979537964,0.0984574407339096,1.0,11.0,19387.0,0.516,425965996.0
-0.2114509642124176,-0.8550736308097839,0.2033557593822479,3.0,13.0,19389.0,0.904,425966001.0
-0.5930544137954712,-2.39462947845459,0.6610238552093506,8.0,15.0,19391.0,2.554,425966005.0
-0.1202748566865921,-0.4798976182937622,0.09616773575544357,1.0,11.0,19407.0,0.504,425966051.0
-0.2168065011501312,-0.8637808561325073,0.2056052684783936,2.0,13.0,19409.0,0.914,425966056.0
-0.6052277088165283,-2.409512519836426,0.6656825542449951,5.0,15.0,19410.0,2.572,425966061.0
-0.1325956434011459,-0.5213337540626526,0.10456333309412,1.0,11.0,19427.0,0.548,425966107.0
-0.2174153029918671,-0.8535766005516052,0.2033557593822479,2.0,13.0,19429.0,0.904,425966111.0
-0.6379295587539673,-2.500873565673828,0.6915645003318787,6.0,15.0,19431.0,2.672,425966116.0
-0.1254995316267014,-0.4866720736026764,0.09769420325756073,1.0,11.0,19446.0,0.512,425966162.0
-0.2212191969156265,-0.8566246032714844,0.2042555510997772,3.0,13.0,19448.0,0.908,425966167.0
-0.6390159130096436,-2.472671508789062,0.6843175292015076,4.0,15.0,19449.0,2.644,425966171.0
-0.1411098092794418,-0.5394125580787659,0.1083795130252838,1.0,11.0,19466.0,0.5680000000000001,425966217.0
-0.2237141728401184,-0.8539620637893677,0.2038056552410126,2.0,13.0,19468.0,0.906,425966222.0
-0.6559180021286011,-2.500210523605347,0.6925997734069824,5.0,15.0,19470.0,2.676,425966227.0
-0.1419848650693893,-0.535121500492096,0.1076162755489349,1.0,11.0,19486.0,0.5640000000000001,425966273.0
-0.2266937047243118,-0.853175938129425,0.2038056552410126,2.0,13.0,19488.0,0.906,425966277.0
-0.6711552143096924,-2.52415943145752,0.6998466849327087,5.0,15.0,19489.0,2.704,425966282.0
-0.1448721438646317,-0.5384142994880676,0.1083795130252838,1.0,11.0,19506.0,0.5680000000000001,425966328.0
-0.2332194447517395,-0.8655508756637573,0.2069549709558487,2.0,13.0,19508.0,0.92,425966333.0
-0.6819738149642944,-2.52926230430603,0.7019172310829163,4.0,15.0,19509.0,2.712,425966337.0
-0.1384830325841904,-0.5076007843017578,0.1022736206650734,1.0,11.0,19526.0,0.536,425966383.0
-0.2311037331819534,-0.8459330201148987,0.2024559527635574,2.0,13.0,19528.0,0.9,425966388.0
-0.6933456063270569,-2.536183834075928,0.704505443572998,5.0,15.0,19529.0,2.722,425966392.0
-0.1496741026639938,-0.5411742329597473,0.1091427430510521,1.0,11.0,19546.0,0.5720000000000001,425966439.0
-0.2382161617279053,-0.8601455092430115,0.2060551643371582,2.0,13.0,19548.0,0.916,425966443.0
-0.7145106196403503,-2.576442003250122,0.7164111137390137,5.0,15.0,19550.0,2.768,425966448.0
-0.1452029794454575,-0.5179638862609863,0.10456333309412,1.0,11.0,19566.0,0.548,425966494.0
-0.2485906332731247,-0.8855758309364319,0.2123537957668304,3.0,13.0,19568.0,0.9440000000000001,425966498.0
-0.7287972569465637,-2.59451699256897,0.7221051454544067,5.0,15.0,19569.0,2.79,425966503.0
-0.1550581306219101,-0.545781672000885,0.1102875992655754,1.0,11.0,19586.0,0.578,425966549.0
-0.249547466635704,-0.8772051930427551,0.2105541825294495,3.0,13.0,19588.0,0.936,425966554.0
-0.7484278678894043,-2.629117965698242,0.7324578762054443,5.0,15.0,19589.0,2.83,425966558.0
-0.1515311002731323,-0.5263707637786865,0.1064714193344116,2.0,11.0,19606.0,0.558,425966604.0
-0.2547670006752014,-0.8838188052177429,0.2123537957668304,3.0,13.0,19608.0,0.9440000000000001,425966609.0
-0.7629547119140625,-2.645051240921021,0.7376343011856079,5.0,15.0,19609.0,2.85,425966614.0
-0.157215490937233,-0.5390316843986511,0.1091427430510521,1.0,11.0,19626.0,0.5720000000000001,425966660.0
-0.2529339194297791,-0.8660886883735657,0.2083046734333038,3.0,13.0,19628.0,0.926,425966664.0
-0.7878259420394897,-2.694154739379883,0.7521281242370605,4.0,15.0,19630.0,2.906,425966669.0
-0.1451890915632248,-0.4914097189903259,0.09960229694843292,1.0,11.0,19646.0,0.522,425966715.0
-0.2570612132549286,-0.8689378499984741,0.2092044800519943,3.0,13.0,19648.0,0.93,425966720.0
-0.7994975447654724,-2.700789213180542,0.7547163367271423,4.0,15.0,19649.0,2.916,425966724.0
-0.1626633256673813,-0.5435634851455688,0.1102875992655754,1.0,11.0,19666.0,0.578,425966770.0
-0.2656862139701843,-0.8867026567459106,0.2137034982442856,3.0,13.0,19668.0,0.9500000000000001,425966775.0
-0.8194616436958313,-2.73314094543457,0.7645514607429504,4.0,15.0,19669.0,2.954,425966779.0
-0.1622820794582367,-0.5354769229888916,0.1087611243128777,1.0,11.0,19686.0,0.5700000000000001,425966826.0
-0.2687797546386719,-0.8857698440551758,0.2137034982442856,3.0,13.0,19688.0,0.9500000000000001,425966830.0
-0.8474445939064026,-2.789268732070923,0.7811158895492554,5.0,15.0,19690.0,3.018,425966835.0
-0.1595425307750702,-0.5198922753334045,0.1057081818580627,1.0,11.0,19706.0,0.554,425966881.0
-0.2793107032775879,-0.9090425372123718,0.2195522338151932,3.0,13.0,19708.0,0.976,425966885.0
-0.8668325543403625,-2.817683219909668,0.7899157404899597,5.0,15.0,19710.0,3.052,425966890.0
-0.1624300479888916,-0.5231102108955383,0.1064714193344116,1.0,11.0,19725.0,0.558,425966936.0
-0.2765383422374725,-0.8895024657249451,0.2150532007217407,3.0,13.0,19727.0,0.9560000000000001,425966941.0
-0.8778940439224243,-2.820326805114746,0.791468620300293,4.0,15.0,19729.0,3.058,425966945.0
-0.1695536077022552,-0.5393961668014526,0.109905980527401,2.0,11.0,19745.0,0.5760000000000001,425966991.0
-0.2784715294837952,-0.8848140835762024,0.2141534090042114,3.0,13.0,19747.0,0.9520000000000001,425966996.0
-0.8981841802597046,-2.850410938262939,0.8007861375808716,5.0,15.0,19749.0,3.094,425967001.0
-0.1726259291172028,-0.5425427556037903,0.1106692180037498,2.0,11.0,19765.0,0.58,425967047.0
-0.2845159769058228,-0.8931206464767456,0.2164029181003571,3.0,13.0,19767.0,0.962,425967051.0
-0.9293396472930908,-2.915519237518311,0.8199387192726135,5.0,15.0,19768.0,3.168,425967056.0
-0.1703061908483505,-0.5288556218147278,0.1079978942871094,1.0,11.0,19785.0,0.5660000000000001,425967102.0
-0.2870338261127472,-0.8902673125267029,0.2159530073404312,3.0,13.0,19787.0,0.96,425967107.0
-0.9447668790817261,-2.926800966262817,0.8240798115730286,4.0,15.0,19789.0,3.184,425967111.0
-0.1703262776136398,-0.5226579904556274,0.1068530380725861,2.0,11.0,19805.0,0.56,425967157.0
-0.2967887222766876,-0.9096388220787048,0.2209019362926483,3.0,13.0,19807.0,0.982,425967162.0
-0.9628608822822571,-2.949362516403198,0.8313267827033997,5.0,15.0,19808.0,3.212,425967167.0
-0.1752237528562546,-0.5313827991485596,0.1087611243128777,1.0,11.0,19825.0,0.5700000000000001,425967213.0
-0.2950747907161713,-0.8937932848930359,0.2173027247190475,3.0,13.0,19827.0,0.966,425967217.0
-0.9924586415290833,-3.002675533294678,0.8473735451698303,5.0,15.0,19829.0,3.274,425967222.0
-0.178847923874855,-0.5363861322402954,0.109905980527401,1.0,11.0,19844.0,0.5760000000000001,425967268.0
-0.3042076230049133,-0.9112945199012756,0.2218017429113388,3.0,13.0,19846.0,0.986,425967273.0
-1.004947066307068,-3.008704423904419,0.8499617576599121,4.0,15.0,19847.0,3.284,425967277.0
-0.1863666474819183,-0.5525010228157043,0.1133405417203903,1.0,11.0,19864.0,0.594,425967323.0
-0.309880793094635,-0.9176123142242432,0.2236013412475586,3.0,13.0,19866.0,0.994,425967328.0
-1.032673597335815,-3.054413318634033,0.8639379739761353,4.0,15.0,19868.0,3.338,425967332.0
-0.1844901740550995,-0.5406987071037292,0.1110508367419243,1.0,11.0,19884.0,0.582,425967378.0
-0.3174915611743927,-0.9294338226318359,0.2267506569623947,3.0,13.0,19886.0,1.008,425967383.0
-1.06216561794281,-3.107640743255615,0.8799847364425659,4.0,15.0,19887.0,3.4,425967388.0
-0.1915002018213272,-0.554898202419281,0.1141037791967392,1.0,11.0,19904.0,0.598,425967434.0
-0.318824827671051,-0.9227942228317261,0.2254009544849396,3.0,13.0,19906.0,1.002,425967438.0
-1.088704586029053,-3.147544145584106,0.8924080729484558,4.0,15.0,19908.0,3.448,425967443.0
-0.1882604360580444,-0.5393975377082825,0.1110508367419243,2.0,11.0,19924.0,0.582,425967489.0
-0.3181872367858887,-0.910637617111206,0.2227015495300293,3.0,13.0,19926.0,0.99,425967494.0
-1.110612154006958,-3.176741600036621,0.9017255306243896,4.0,15.0,19927.0,3.484,425967498.0
-0.2005966901779175,-0.5683584213256836,0.1171567216515541,2.0,11.0,19944.0,0.614,425967544.0
-0.3252593278884888,-0.9205459356307983,0.2254009544849396,3.0,13.0,19946.0,1.002,425967549.0
-1.15252685546875,-3.258249282836914,0.9260545372962952,4.0,15.0,19948.0,3.578,425967554.0
-0.1959807276725769,-0.549164354801178,0.1133405417203903,1.0,11.0,19964.0,0.594,425967600.0
-0.3317488133907318,-0.928580641746521,0.2276504635810852,3.0,13.0,19966.0,1.012,425967604.0
-1.173729419708252,-3.283515453338623,0.93433678150177,4.0,15.0,19967.0,3.61,425967609.0
-0.1972301602363586,-0.5466301441192627,0.1129589229822159,2.0,11.0,19984.0,0.592,425967655.0
-0.344256579875946,-0.9530767202377319,0.2339490950107574,3.0,13.0,19986.0,1.04,425967660.0
-1.196346282958984,-3.310284614562988,0.9431365728378296,4.0,15.0,19987.0,3.644,425967664.0
-0.1984643042087555,-0.5440939664840698,0.1125773042440414,1.0,11.0,20004.0,0.59,425967710.0
-0.3435707986354828,-0.9408861398696899,0.2312496900558472,3.0,13.0,20006.0,1.028,425967715.0
-1.233749151229858,-3.376855611801147,0.9633244872093201,4.0,15.0,20007.0,3.722,425967719.0
-0.2105502486228943,-0.5710282921791077,0.1183015778660774,2.0,11.0,20024.0,0.62,425967766.0
-0.3522514998912811,-0.9543064832687378,0.2348489016294479,3.0,13.0,20026.0,1.044,425967770.0
-1.282275795936584,-3.470164060592651,0.9912769198417664,3.0,15.0,20028.0,3.83,425967775.0
-0.2036291658878326,-0.546374499797821,0.1133405417203903,2.0,11.0,20044.0,0.594,425967821.0
-0.356261670589447,-0.9548969268798828,0.2352987974882126,3.0,13.0,20046.0,1.046,425967825.0
-1.316746711730957,-3.527428150177002,1.00887668132782,3.0,15.0,20047.0,3.898,425967830.0
-0.2083032727241516,-0.5530093312263489,0.1148670166730881,2.0,11.0,20064.0,0.602,425967876.0
-0.358905166387558,-0.9518240690231323,0.2348489016294479,4.0,13.0,20066.0,1.044,425967881.0
-1.348145246505737,-3.573420286178589,1.023370504379272,3.0,15.0,20067.0,3.954,425967885.0
-0.2137245982885361,-0.5614529252052307,0.1167751029133797,2.0,11.0,20084.0,0.612,425967931.0
-0.3698585629463196,-0.9705965518951416,0.239797830581665,4.0,13.0,20086.0,1.066,425967936.0
-1.401215553283691,-3.675193786621094,1.053911209106445,2.0,15.0,20087.0,4.072,425967941.0
-0.2156831324100494,-0.560703456401825,0.1167751029133797,2.0,11.0,20104.0,0.612,425967987.0
-0.3739446103572845,-0.971118152141571,0.2402477264404297,4.0,13.0,20106.0,1.068,425967991.0
-1.466788768768311,-3.80522632598877,1.092733979225159,2.0,15.0,20108.0,4.222,425967996.0
-0.2161194682121277,-0.5563250780105591,0.1160118728876114,2.0,11.0,20123.0,0.608,425968042.0
-0.3792817890644073,-0.9753214716911316,0.2415974289178848,3.0,13.0,20125.0,1.074,425968047.0
-1.555789947509766,-3.998641014099121,1.1496741771698,2.0,15.0,20126.0,4.442,425968051.0
-0.2223639041185379,-0.5665324330329895,0.1183015778660774,2.0,11.0,20143.0,0.62,425968097.0
-0.3812587261199951,-0.9703640937805176,0.2406976222991943,3.0,13.0,20145.0,1.07,425968102.0
-1.646069645881653,-4.187361717224121,1.205579161643982,1.0,15.0,20146.0,4.658,425968106.0
-0.2286821901798248,-0.576702892780304,0.1205912828445435,2.0,11.0,20163.0,0.632,425968153.0
-0.3860815167427063,-0.972649872303009,0.2415974289178848,3.0,13.0,20165.0,1.074,425968157.0
-0.2321539521217346,-0.5795460343360901,0.1213545203208923,2.0,11.0,20183.0,0.636,425968208.0
-0.3967271149158478,-0.9893836975097656,0.2460964471101761,3.0,13.0,20185.0,1.094,425968212.0
-1.509759545326233,-3.761334419250488,1.086004734039307,1.0,15.0,20187.0,4.196,425968217.0
-0.2259775996208191,-0.5587525367736816,0.1171567216515541,2.0,11.0,20202.0,0.614,425968263.0
-0.3970807790756226,-0.980837345123291,0.2442968487739563,3.0,13.0,20204.0,1.086,425968268.0
-1.536009907722473,-3.790325164794922,1.095839858055115,1.0,15.0,20206.0,4.234,425968272.0
-0.2353509515523911,-0.576134979724884,0.1209729015827179,2.0,11.0,20222.0,0.634,425968318.0
-0.4049275517463684,-0.9902679324150085,0.2469962537288666,3.0,13.0,20224.0,1.098,425968323.0
-2.155165672302246,-5.265304565429688,1.524444222450256,5.0,15.0,20226.0,5.89,425968328.0
-0.2344646602869034,-0.5680095553398132,0.1194464340806007,2.0,11.0,20243.0,0.626,425968374.0
-0.408554345369339,-0.9887771010398865,0.2469962537288666,3.0,13.0,20245.0,1.098,425968378.0
-1.554315209388733,-3.759871006011963,1.090145826339722,2.0,15.0,20246.0,4.212,425968383.0
-0.2440001368522644,-0.5853086709976196,0.1232626140117645,2.0,11.0,20263.0,0.646,425968429.0
-0.4127537906169891,-0.989143431186676,0.2474461644887924,3.0,13.0,20265.0,1.1,425968434.0
-2.203212022781372,-5.274703979492188,1.531691074371338,5.0,15.0,20267.0,5.918,425968438.0
-0.257361114025116,-0.6116401553153992,0.1289868801832199,2.0,11.0,20282.0,0.676,425968484.0
-0.4198137521743774,-0.9967489838600159,0.249695673584938,4.0,13.0,20284.0,1.11,425968489.0
-1.564868092536926,-3.71359920501709,1.079793095588684,3.0,15.0,20285.0,4.172,425968494.0
-0.2433721125125885,-0.5727927684783936,0.1209729015827179,2.0,11.0,20302.0,0.634,425968540.0
-0.4354934692382812,-1.023970127105713,0.2568941116333008,4.0,13.0,20304.0,1.142,425968544.0
-1.547444105148315,-3.634961605072021,1.05856990814209,2.0,15.0,20306.0,4.09,425968549.0
-0.2570851743221283,-0.5989583134651184,0.1266971677541733,2.0,11.0,20323.0,0.664,425968595.0
-0.4384743273258209,-1.020576596260071,0.2564442157745361,3.0,13.0,20325.0,1.14,425968600.0
-1.566226243972778,-3.643736600875854,1.062711000442505,4.0,15.0,20326.0,4.106,425968604.0
-0.2583937048912048,-0.596255898475647,0.1263155490159988,2.0,11.0,20343.0,0.662,425968650.0
-0.4474626183509827,-1.031554341316223,0.2595935165882111,4.0,13.0,20345.0,1.154,425968655.0
-1.608807682991028,-3.705308675765991,1.082381248474121,2.0,15.0,20347.0,4.182,425968659.0
-0.2643026113510132,-0.6043896079063416,0.128223642706871,2.0,11.0,20362.0,0.672,425968705.0
-0.4493180811405182,-1.026494383811951,0.2586937248706818,4.0,13.0,20364.0,1.15,425968710.0
-1.629739880561829,-3.721471309661865,1.088592886924744,3.0,15.0,20365.0,4.206,425968715.0
-0.2648249268531799,-0.5998713374137878,0.1274604052305222,2.0,11.0,20382.0,0.668,425968761.0
-0.4473849236965179,-1.012442469596863,0.2555443942546844,3.0,13.0,20384.0,1.136,425968765.0
-1.625395655632019,-3.674837827682495,1.076687216758728,4.0,15.0,20386.0,4.16,425968770.0
-0.2709130346775055,-0.6079094409942627,0.1293684989213943,2.0,11.0,20402.0,0.678,425968816.0
-0.4548856019973755,-1.019773244857788,0.2577939033508301,4.0,13.0,20404.0,1.146,425968821.0
-1.632061839103699,-3.657078742980957,1.073063731193542,2.0,15.0,20405.0,4.146,425968825.0
-0.2762550115585327,-0.6141218543052673,0.1308949738740921,2.0,11.0,20422.0,0.686,425968871.0
-0.4624428749084473,-1.027063727378845,0.2600434124469757,3.0,13.0,20424.0,1.156,425968876.0
-1.654979825019836,-3.672207355499268,1.079275369644165,3.0,15.0,20426.0,4.17,425968881.0
-0.2040092200040817,-0.4497358202934265,0.07821723073720932,1.0,9.0,20440.0,0.5,425968922.0
-0.2816436290740967,-0.62030428647995,0.1324214488267899,2.0,11.0,20442.0,0.6940000000000001,425968927.0
-0.4676377177238464,-1.02899158000946,0.2609432339668274,3.0,13.0,20444.0,1.16,425968931.0
-1.679141998291016,-3.69307804107666,1.087039947509766,3.0,15.0,20445.0,4.2,425968936.0
-0.2805356383323669,-0.6121783256530762,0.1308949738740921,2.0,11.0,20462.0,0.686,425968982.0
-0.4704142808914185,-1.02558159828186,0.2604933083057404,4.0,13.0,20464.0,1.158,425968987.0
-1.661405563354492,-3.620473623275757,1.067369699478149,1.0,15.0,20465.0,4.124,425968991.0
-0.2808104753494263,-0.6077295541763306,0.1301317363977432,2.0,11.0,20480.0,0.682,425969037.0
-0.4859042167663574,-1.050629734992981,0.2672418653964996,3.0,13.0,20482.0,1.188,425969042.0
-2.230091333389282,-4.819730758666992,1.422987103462219,6.0,15.0,20483.0,5.498,425969046.0
-0.2821004390716553,-0.6049663424491882,0.1297501176595688,2.0,11.0,20500.0,0.68,425969093.0
-0.495337963104248,-1.061288356781006,0.2703911662101746,4.0,13.0,20502.0,1.202,425969097.0
-2.25510048866272,-4.827277183532715,1.427645802497864,3.0,15.0,20504.0,5.516,425969102.0
-0.2892259061336517,-0.6146363615989685,0.1320398300886154,2.0,11.0,20520.0,0.6920000000000001,425969148.0
-0.5056823492050171,-1.073656678199768,0.2739903926849365,4.0,13.0,20522.0,1.218,425969152.0
-0.2964223027229309,-0.6242638826370239,0.1343295276165009,2.0,11.0,20540.0,0.704,425969203.0
-0.514445960521698,-1.082445383071899,0.2766897976398468,4.0,13.0,20542.0,1.23,425969208.0
-2.929980039596558,-6.16219425201416,1.828297734260559,5.0,15.0,20543.0,7.064,425969212.0
-0.2994478642940521,-0.6249958872795105,0.1347111463546753,2.0,11.0,20560.0,0.706,425969258.0
-0.5199065804481506,-1.084157347679138,0.2775895893573761,4.0,13.0,20562.0,1.234,425969263.0
-3.030022144317627,-6.315655708312988,1.87695574760437,5.0,15.0,20563.0,7.252,425969268.0
-0.2999187409877777,-0.6204116940498352,0.1339479088783264,3.0,11.0,20580.0,0.7020000000000001,425969314.0
-0.5313267111778259,-1.098123669624329,0.2816387116909027,3.0,13.0,20582.0,1.252,425969318.0
-3.09946084022522,-6.40013599395752,1.905425786972046,10.0,15.0,20584.0,7.362,425969323.0
-0.3046644628047943,-0.6246547102928162,0.1350927650928497,3.0,11.0,20600.0,0.708,425969369.0
-0.5377212762832642,-1.101515889167786,0.282988429069519,4.0,13.0,20602.0,1.258,425969374.0
-3.159665107727051,-6.469673633575439,1.929237127304077,4.0,15.0,20603.0,7.454,425969378.0
-0.3085766434669495,-0.6271105408668518,0.1358560025691986,3.0,11.0,20620.0,0.712,425969424.0
-0.5432850122451782,-1.103128671646118,0.2838882207870483,4.0,13.0,20622.0,1.262,425969429.0
-3.263343095779419,-6.623232841491699,1.978412747383118,6.0,15.0,20623.0,7.644,425969433.0
-0.3108730316162109,-0.6259753108024597,0.1358560025691986,3.0,11.0,20641.0,0.712,425969480.0
-0.5612027645111084,-1.129050970077515,0.2910866737365723,4.0,13.0,20643.0,1.294,425969484.0
-3.403194189071655,-6.840694427490234,2.047258615493774,8.0,15.0,20645.0,7.91,425969489.0
-0.221123218536377,-0.4415728449821472,0.07821723073720932,1.0,9.0,20660.0,0.5,425969530.0
-0.3112974464893341,-0.6213757395744324,0.1350927650928497,3.0,11.0,20661.0,0.708,425969535.0
-0.5660139918327332,-1.128827095031738,0.2915365695953369,3.0,13.0,20663.0,1.296,425969539.0
-3.511970043182373,-6.997982025146484,2.097987174987793,7.0,15.0,20665.0,8.106,425969544.0
-0.2224324196577072,-0.4409148395061493,0.07821723073720932,1.0,9.0,20677.0,0.5,425969586.0
-0.3203270733356476,-0.6344149708747864,0.1381457149982452,3.0,11.0,20679.0,0.724,425969590.0
-0.570436418056488,-1.128782629966736,0.2919864654541016,4.0,13.0,20681.0,1.298,425969595.0
-3.59235692024231,-7.102414608001709,2.132668972015381,3.0,15.0,20683.0,8.24,425969599.0
-0.3163026869297028,-0.6210469603538513,0.1354743838310242,3.0,11.0,20699.0,0.71,425969645.0
-0.586763322353363,-1.1510910987854,0.2982850968837738,4.0,13.0,20701.0,1.326,425969650.0
-3.732137680053711,-7.315260887145996,2.200479507446289,7.0,15.0,20703.0,8.502,425969655.0
-0.2255051285028458,-0.4393512308597565,0.07821723073720932,1.0,9.0,20717.0,0.5,425969696.0
-0.326542466878891,-0.6356558203697205,0.1389089524745941,3.0,11.0,20719.0,0.728,425969701.0
-0.588995635509491,-1.145569801330566,0.2973853051662445,4.0,13.0,20721.0,1.322,425969705.0
-3.887154817581177,-7.557095527648926,2.277090072631836,9.0,15.0,20722.0,8.798,425969710.0
-0.3251466155052185,-0.6275394558906555,0.1373824775218964,3.0,11.0,20739.0,0.72,425969756.0
-0.5965793132781982,-1.150426626205444,0.2991848886013031,4.0,13.0,20741.0,1.33,425969761.0
-4.043867588043213,-7.791423797607422,2.352147579193115,3.0,15.0,20743.0,9.088000000000001,425969765.0
-0.3365401327610016,-0.6437419056892395,0.1411986500024796,3.0,11.0,20760.0,0.74,425969811.0
-0.6062124967575073,-1.158592343330383,0.3018843233585358,4.0,13.0,20762.0,1.342,425969816.0
-0.2302460819482803,-0.4368853569030762,0.07821723073720932,1.0,9.0,20779.0,0.5,425969862.0
-0.3332913517951965,-0.6321433186531067,0.1389089524745941,3.0,11.0,20780.0,0.728,425969867.0
-0.6120719909667969,-1.159916281700134,0.3027841150760651,4.0,13.0,20782.0,1.346,425969871.0
-2.928484678268433,-5.544978618621826,1.680253267288208,0.0,15.0,20784.0,6.492,425969876.0
-0.3409141302108765,-0.6414362788200378,0.1411986500024796,3.0,11.0,20799.0,0.74,425969922.0
-0.6268971562385559,-1.178525805473328,0.308182954788208,4.0,13.0,20801.0,1.37,425969927.0
-1.370392560958862,-2.575164794921875,0.7816334962844849,3.0,15.0,20802.0,3.02,425969931.0
-0.2332144975662231,-0.4353080093860626,0.07821723073720932,1.0,9.0,20818.0,0.5,425969973.0
-0.3329492807388306,-0.621208131313324,0.1370008587837219,2.0,11.0,20819.0,0.718,425969977.0
-0.6328495144844055,-1.179764986038208,0.3090827465057373,4.0,13.0,20821.0,1.374,425969982.0
-1.372511506080627,-2.55650806427002,0.7774924039840698,9.0,15.0,20823.0,3.004,425969986.0
-0.2346567511558533,-0.4345322549343109,0.07821723073720932,1.0,9.0,20837.0,0.5,425970028.0
-0.3453838527202606,-0.6390406489372253,0.1411986500024796,3.0,11.0,20839.0,0.74,425970032.0
-0.6369638442993164,-1.17754864692688,0.3090827465057373,4.0,13.0,20841.0,1.374,425970037.0
-3.001934289932251,-5.547331809997559,1.690088391304016,13.0,15.0,20842.0,6.53,425970042.0
-0.2362478226423264,-0.4336692690849304,0.07821723073720932,1.0,9.0,20858.0,0.5,425970083.0
-0.358886331319809,-0.6585175395011902,0.1457780748605728,3.0,11.0,20859.0,0.764,425970088.0
-0.6560006737709045,-1.202690839767456,0.3162811696529388,4.0,13.0,20861.0,1.406,425970092.0
-3.004658699035645,-5.504074573516846,1.680253267288208,2.0,15.0,20863.0,6.492,425970097.0
-0.3575142920017242,-0.650316059589386,0.1442515999078751,3.0,11.0,20880.0,0.756,425970143.0
-0.6763743162155151,-1.229303598403931,0.3239295184612274,4.0,13.0,20882.0,1.44,425970148.0
-1.293009281158447,-2.349060773849487,0.7184816598892212,9.0,15.0,20883.0,2.776,425970152.0
-0.3483604788780212,-0.6284589767456055,0.139672189950943,3.0,11.0,20900.0,0.732,425970198.0
-0.6825519800186157,-1.230343341827393,0.3248293101787567,4.0,13.0,20902.0,1.444,425970203.0
-0.3599050641059875,-0.6445024609565735,0.1434883624315262,3.0,11.0,20918.0,0.752,425970254.0
-0.69306880235672,-1.240100622177124,0.327978640794754,4.0,13.0,20920.0,1.458,425970258.0
-1.308560371398926,-2.340433835983276,0.7184816598892212,43.0,15.0,20921.0,2.776,425970263.0
-0.2421295344829559,-0.4304130077362061,0.07821723073720932,1.0,9.0,20936.0,0.5,425970304.0
-0.3698579967021942,-0.6569282412528992,0.1465413123369217,3.0,11.0,20938.0,0.768,425970309.0
-0.6954800486564636,-1.234278321266174,0.3270788192749023,4.0,13.0,20940.0,1.454,425970314.0
-1.331900358200073,-2.362777948379517,0.726763904094696,62.0,15.0,20941.0,2.808,425970318.0
-0.376025378704071,-0.6624627113342285,0.1480677872896194,3.0,11.0,20958.0,0.776,425970364.0
-0.7036345601081848,-1.238620758056641,0.3288784325122833,4.0,13.0,20960.0,1.462,425970369.0
-1.335367321968079,-2.349716424942017,0.7241756916046143,83.0,15.0,20961.0,2.798,425970373.0
-0.3715098798274994,-0.6492182016372681,0.1453964561223984,3.0,11.0,20978.0,0.762,425970420.0
-0.725386381149292,-1.266595959663391,0.3369766771793365,4.0,13.0,20980.0,1.498,425970424.0
-1.33916711807251,-2.336426019668579,0.7215874791145325,89.0,15.0,20982.0,2.788,425970429.0
-0.2467727810144424,-0.4277677536010742,0.07821723073720932,1.0,9.0,20998.0,0.5,425970470.0
-0.3846815228462219,-0.6665565967559814,0.149594247341156,3.0,11.0,20999.0,0.784,425970475.0
-0.7426944375038147,-1.285866141319275,0.3428254127502441,4.0,13.0,21001.0,1.524,425970479.0
-1.344415068626404,-2.326719284057617,0.7200345993041992,23.0,15.0,21002.0,2.782,425970484.0
-0.377133309841156,-0.6482400894165039,0.1457780748605728,3.0,11.0,21019.0,0.764,425970530.0
-0.7540422677993774,-1.295054316520691,0.3459747135639191,5.0,13.0,21021.0,1.538,425970535.0
-1.336971163749695,-2.295303106307983,0.7117523550987244,14.0,15.0,21022.0,2.75,425970539.0
-0.4011242687702179,-0.6842468976974487,0.1541736721992493,3.0,11.0,21038.0,0.808,425970585.0
-0.7711523175239563,-1.31439733505249,0.3518234491348267,4.0,13.0,21040.0,1.564,425970590.0
-1.325017809867859,-2.257535457611084,0.7013996243476868,14.0,15.0,21041.0,2.71,425970595.0
-1.25381338596344,-2.122618436813354,0.3904604315757751,1.0,9.0,21057.0,2.496,425970636.0
-0.4075054526329041,-0.689603328704834,0.155700147151947,3.0,11.0,21058.0,0.8160000000000001,425970641.0
-0.7836716771125793,-1.325116395950317,0.3554226756095886,4.0,13.0,21060.0,1.58,425970645.0
-1.307699918746948,-2.209439277648926,0.6879410147666931,14.0,15.0,21062.0,2.658,425970650.0
-0.4038820266723633,-0.6780564188957214,0.1534104347229004,3.0,11.0,21078.0,0.804,425970696.0
-0.8042578101158142,-1.349155068397522,0.3626210987567902,4.0,13.0,21080.0,1.612,425970701.0
-1.261587619781494,-2.115493297576904,0.6599885821342468,18.0,15.0,21081.0,2.55,425970705.0
-0.4001830518245697,-0.6665433645248413,0.1511207222938538,3.0,11.0,21098.0,0.792,425970751.0
-0.8220100998878479,-1.368054628372192,0.3684698343276978,4.0,13.0,21100.0,1.638,425970756.0
-1.234130024909973,-2.053125619888306,0.6418712139129639,62.0,15.0,21101.0,2.48,425970760.0
-1.275972247123718,-2.10937237739563,0.3904604315757751,1.0,9.0,21117.0,2.496,425970802.0
-0.4087237119674683,-0.6751489639282227,0.1534104347229004,3.0,11.0,21119.0,0.804,425970807.0
-0.8381264805793762,-1.383366346359253,0.3734187483787537,4.0,13.0,21121.0,1.66,425970811.0
-1.237997889518738,-2.0417640209198,0.6398006677627563,54.0,15.0,21123.0,2.472,425970816.0
-0.257150411605835,-0.4216108620166779,0.07821723073720932,1.0,9.0,21138.0,0.5,425970857.0
-0.4213037490844727,-0.6904773116111755,0.1572266072034836,3.0,11.0,21139.0,0.8240000000000001,425970862.0
-0.8459970355033875,-1.385421872138977,0.37476846575737,6.0,13.0,21141.0,1.666,425970866.0
-1.250154256820679,-2.045672178268433,0.6423888802528381,61.0,15.0,21143.0,2.482,425970871.0
-0.258473664522171,-0.4208009243011475,0.07821723073720932,1.0,9.0,21156.0,0.5,425970913.0
-0.4256474077701569,-0.6924214363098145,0.1579898446798325,3.0,11.0,21158.0,0.8280000000000001,425970917.0
-0.8699877262115479,-1.41414487361908,0.3833166062831879,5.0,13.0,21160.0,1.704,425970922.0
-1.242751359939575,-2.018484592437744,0.635141909122467,48.0,15.0,21162.0,2.454,425970926.0
-0.2599409818649292,-0.419896125793457,0.07821723073720932,1.0,9.0,21176.0,0.5,425970968.0
-0.4384014904499054,-0.7076206207275391,0.1618060320615768,3.0,11.0,21178.0,0.848,425970972.0
-0.8759456276893616,-1.412755608558655,0.3837665021419525,4.0,13.0,21180.0,1.706,425970977.0
-1.245715379714966,-2.007568120956421,0.6330713629722595,41.0,15.0,21182.0,2.446,425970982.0
-1.304569125175476,-2.091806888580322,0.3904604315757751,1.0,9.0,21195.0,2.496,425971023.0
-0.4261927008628845,-0.6828462481498718,0.1564633697271347,3.0,11.0,21197.0,0.8200000000000001,425971028.0
-0.908500075340271,-1.454468846321106,0.3959138691425323,4.0,13.0,21199.0,1.76,425971032.0
-1.258158564567566,-2.013474464416504,0.6361772418022156,35.0,15.0,21200.0,2.458,425971037.0
-1.311862945556641,-2.087240219116211,0.3904604315757751,1.0,9.0,21215.0,2.496,425971078.0
-0.4390267133712769,-0.6979727745056152,0.1602795571088791,3.0,11.0,21217.0,0.84,425971083.0
-0.9353727698326111,-1.485921859741211,0.4053618013858795,4.0,13.0,21219.0,1.802,425971088.0
-1.302599906921387,-2.067692995071411,0.6548121571540833,16.0,15.0,21221.0,2.53,425971092.0
-1.319504261016846,-2.082417964935303,0.3904604315757751,1.0,9.0,21236.0,2.496,425971134.0
-0.4394791722297668,-0.6930429935455322,0.1595163196325302,3.0,11.0,21238.0,0.836,425971138.0
-0.9700499176979065,-1.528554081916809,0.417959064245224,7.0,13.0,21240.0,1.858,425971143.0
-1.309809565544128,-2.063133478164673,0.6548121571540833,18.0,15.0,21241.0,2.53,425971148.0
-0.2786117792129517,-0.4361560642719269,0.0819716602563858,1.0,9.0,21257.0,0.524,425971189.0
-0.4588103592395782,-0.7179737687110901,0.16562220454216,3.0,11.0,21258.0,0.868,425971194.0
-0.9953281879425049,-1.55635130405426,0.4265072047710419,6.0,13.0,21260.0,1.896,425971198.0
-1.304865717887878,-2.038793325424194,0.6486005187034607,29.0,15.0,21262.0,2.506,425971203.0
-0.3338873684406281,-0.519285261631012,0.07580272853374481,1.0,7.0,21274.0,0.622,425971240.0
-0.2778433859348297,-0.4319559037685394,0.08134592324495316,1.0,9.0,21275.0,0.52,425971244.0
-0.452687531709671,-0.7032419443130493,0.1625692695379257,3.0,11.0,21277.0,0.852,425971249.0
-1.016314148902893,-1.57761561870575,0.4332557320594788,6.0,13.0,21279.0,1.926,425971254.0
-1.299752831459045,-2.016821622848511,0.6429064869880676,54.0,15.0,21280.0,2.484,425971258.0
-0.3052177429199219,-0.4707132279872894,0.08885477483272552,1.0,9.0,21296.0,0.5680000000000001,425971300.0
-0.4583447575569153,-0.7065987586975098,0.1637141108512878,3.0,11.0,21297.0,0.858,425971304.0
-1.056830406188965,-1.627998113632202,0.4481025040149689,8.0,13.0,21299.0,1.992,425971309.0
-1.311345934867859,-2.018524408340454,0.6449770331382751,64.0,15.0,21301.0,2.492,425971313.0
-0.295974999666214,-0.4531598389148712,0.08572608977556229,1.0,9.0,21315.0,0.548,425971355.0
-0.4640308916568756,-0.7099245190620422,0.1648589670658112,3.0,11.0,21317.0,0.864,425971359.0
-1.083842158317566,-1.656915545463562,0.4571005403995514,8.0,13.0,21319.0,2.032,425971364.0
-1.311685562133789,-2.004465579986572,0.6418712139129639,61.0,15.0,21320.0,2.48,425971369.0
-1.373026609420776,-2.085470676422119,0.3954663276672363,1.0,9.0,21336.0,2.528,425971410.0
-0.4729854166507721,-0.7181379199028015,0.1671486794948578,3.0,11.0,21337.0,0.876,425971415.0
-1.122865557670593,-1.703561902046204,0.4710475206375122,8.0,13.0,21339.0,2.094,425971419.0
-1.323278427124023,-2.006094932556152,0.6439417600631714,61.0,15.0,21341.0,2.488,425971424.0
-0.2862651348114014,-0.4318440854549408,0.06361579895019531,1.0,7.0,21354.0,0.522,425971461.0
-0.3034982979297638,-0.4576676487922668,0.08697756379842758,1.0,9.0,21355.0,0.556,425971465.0
-0.4776604771614075,-0.719754159450531,0.1679119169712067,3.0,11.0,21357.0,0.88,425971470.0
-1.179477572441101,-1.775928735733032,0.4921928942203522,10.0,13.0,21359.0,2.188,425971475.0
-1.325647234916687,-1.995259523391724,0.6418712139129639,56.0,15.0,21360.0,2.48,425971479.0
-0.300782710313797,-0.4499831199645996,0.08572608977556229,1.0,9.0,21376.0,0.548,425971521.0
-0.4932655394077301,-0.7376664876937866,0.1724913269281387,3.0,11.0,21377.0,0.904,425971525.0
-1.21709942817688,-1.81876814365387,0.5052400827407837,9.0,13.0,21379.0,2.246,425971530.0
-1.328651547431946,-1.983966827392578,0.6398006677627563,56.0,15.0,21381.0,2.472,425971535.0
-0.2978605031967163,-0.4424287080764771,0.0844746083021164,1.0,9.0,21395.0,0.54,425971576.0
-0.4936434924602509,-0.7326837778091431,0.1717280894517899,3.0,11.0,21397.0,0.9,425971581.0
-1.248497843742371,-1.85167121887207,0.5155878067016602,9.0,13.0,21399.0,2.292,425971585.0
-1.342785239219666,-1.990760922431946,0.6434241533279419,65.0,15.0,21400.0,2.486,425971590.0
-0.2907716035842896,-0.4288226962089539,0.06361579895019531,1.0,7.0,21414.0,0.522,425971627.0
-0.3171454668045044,-0.4675424993038177,0.08948051184415817,1.0,9.0,21415.0,0.5720000000000001,425971631.0
-0.4851714074611664,-0.7147127389907837,0.1679119169712067,2.0,11.0,21417.0,0.88,425971636.0
-1.274665117263794,-1.876317024230957,0.5236860513687134,12.0,13.0,21419.0,2.328,425971641.0
-1.351897835731506,-1.989257216453552,0.6444594264030457,65.0,15.0,21420.0,2.49,425971645.0
-0.3210047483444214,-0.4696943759918213,0.09010624885559082,1.0,9.0,21435.0,0.5760000000000001,425971687.0
-0.4997272789478302,-0.7309274077415466,0.1721097081899643,2.0,11.0,21436.0,0.902,425971691.0
-1.297386407852173,-1.896204590797424,0.5304346084594727,14.0,13.0,21438.0,2.358,425971696.0
-1.357395887374878,-1.983169078826904,0.6439417600631714,58.0,15.0,21439.0,2.488,425971700.0
-0.3204017579555511,-0.465317040681839,0.08948051184415817,1.0,9.0,21455.0,0.5720000000000001,425971742.0
-0.5212084650993347,-0.7566642761230469,0.1785972267389297,2.0,11.0,21456.0,0.936,425971747.0
-1.32943594455719,-1.928566932678223,0.5407823324203491,15.0,13.0,21458.0,2.404,425971751.0
-1.366849422454834,-1.981361031532288,0.6449770331382751,56.0,15.0,21460.0,2.492,425971756.0
-0.3377025127410889,-0.486977607011795,0.0938606783747673,1.0,9.0,21474.0,0.6,425971797.0
-0.5192385911941528,-0.7484793066978455,0.177070751786232,3.0,11.0,21475.0,0.928,425971802.0
-1.35805070400238,-1.95616352558136,0.5497803688049316,16.0,13.0,21477.0,2.444,425971806.0
-1.367557406425476,-1.969123482704163,0.6423888802528381,53.0,15.0,21478.0,2.482,425971811.0
-0.3394003212451935,-0.4857958257198334,0.0938606783747673,1.0,9.0,21494.0,0.6,425971853.0
-0.5207234025001526,-0.7450530529022217,0.1766891330480576,3.0,11.0,21495.0,0.926,425971857.0
-1.361519932746887,-1.946620464324951,0.5484306812286377,21.0,13.0,21497.0,2.438,425971862.0
-1.379960060119629,-1.972252130508423,0.6449770331382751,58.0,15.0,21498.0,2.492,425971866.0
-0.3410094082355499,-0.4846676886081696,0.0938606783747673,1.0,9.0,21513.0,0.6,425971909.0
-0.5289723873138428,-0.7512571215629578,0.1785972267389297,3.0,11.0,21515.0,0.936,425971913.0
-1.384021401405334,-1.964157938957214,0.5547292828559875,20.0,13.0,21517.0,2.466,425971918.0
-1.389062166213989,-1.97058117389679,0.6460123658180237,56.0,15.0,21518.0,2.496,425971923.0
-0.3359278440475464,-0.47374626994133,0.09198346734046936,1.0,9.0,21534.0,0.588,425971964.0
-0.5372709035873413,-0.7574125528335571,0.1805053055286407,3.0,11.0,21535.0,0.9460000000000001,425971969.0
-1.396509289741516,-1.967260122299194,0.5569788217544556,21.0,13.0,21537.0,2.476,425971973.0
-1.401869416236877,-1.973351240158081,0.6486005187034607,53.0,15.0,21539.0,2.506,425971978.0
-0.3586803376674652,-0.5024802088737488,0.07580272853374481,1.0,7.0,21552.0,0.622,425972015.0
-1.476623177528381,-2.067095279693604,0.402349442243576,1.0,9.0,21554.0,2.572,425972019.0
-0.5558919906616211,-0.7778950333595276,0.1858479678630829,3.0,11.0,21555.0,0.974,425972024.0
-1.402234196662903,-1.960788249969482,0.5565289258956909,34.0,13.0,21557.0,2.474,425972029.0
-1.407281637191772,-1.96712052822113,0.6480829119682312,58.0,15.0,21558.0,2.504,425972033.0
-0.3024848699569702,-0.4206422865390778,0.06361579895019531,1.0,7.0,21572.0,0.522,425972070.0
-0.3346116840839386,-0.4649760723114014,0.09073199331760406,1.0,9.0,21574.0,0.58,425972075.0
-0.5505747199058533,-0.7647965550422668,0.1831766366958618,3.0,11.0,21575.0,0.96,425972079.0
-1.422739386558533,-1.974855422973633,0.5619277358055115,38.0,13.0,21577.0,2.498,425972084.0
-1.418657541275024,-1.968465209007263,0.6501534581184387,58.0,15.0,21578.0,2.512,425972088.0
-0.3523797690868378,-0.4862573146820068,0.0951121523976326,1.0,9.0,21593.0,0.608,425972130.0
-0.555546224117279,-0.7660486698150635,0.1839398741722107,3.0,11.0,21595.0,0.964,425972135.0
-1.431913495063782,-1.973031401634216,0.5628275275230408,33.0,13.0,21597.0,2.502,425972139.0
-1.424727559089661,-1.961689233779907,0.6496357917785645,54.0,15.0,21599.0,2.51,425972144.0
-0.3494996130466461,-0.478581428527832,0.0938606783747673,1.0,9.0,21614.0,0.6,425972185.0
-0.5582168102264404,-0.7641047835350037,0.1839398741722107,3.0,11.0,21615.0,0.964,425972190.0
-1.438791871070862,-1.968021154403687,0.5628275275230408,42.0,13.0,21617.0,2.502,425972194.0
-1.434988617897034,-1.961381435394287,0.6511887311935425,56.0,15.0,21619.0,2.516,425972199.0
-0.3521714210510254,-0.4790726900100708,0.09417355060577393,2.0,9.0,21632.0,0.602,425972241.0
-0.5758715271949768,-0.7828080654144287,0.1889009028673172,3.0,11.0,21634.0,0.99,425972245.0
-1.446465492248535,-1.964808464050293,0.5632774233818054,53.0,13.0,21636.0,2.504,425972250.0
-1.4506516456604,-1.969054698944092,0.6553298234939575,69.0,15.0,21638.0,2.532,425972254.0
-0.3573682010173798,-0.48260298371315,0.0951121523976326,1.0,9.0,21652.0,0.608,425972296.0
-0.5809382796287537,-0.7839478254318237,0.1896641403436661,4.0,11.0,21654.0,0.994,425972300.0
-1.457958340644836,-1.966008543968201,0.5650770664215088,46.0,13.0,21656.0,2.512,425972305.0
-1.450608491897583,-1.954671025276184,0.6522240042686462,51.0,15.0,21658.0,2.52,425972310.0
-0.3661371469497681,-0.4908529818058014,0.09698937088251114,1.0,9.0,21672.0,0.62,425972351.0
-0.5930663347244263,-0.7945013642311096,0.1927170902490616,4.0,11.0,21674.0,1.01,425972356.0
-1.464812040328979,-1.960907340049744,0.5650770664215088,57.0,13.0,21676.0,2.512,425972360.0
-1.455926060676575,-1.948302388191223,0.651706337928772,54.0,15.0,21677.0,2.518,425972365.0
-0.3607286512851715,-0.4800963401794434,0.0951121523976326,1.0,9.0,21692.0,0.608,425972406.0
-0.5958360433578491,-0.792426347732544,0.1927170902490616,4.0,11.0,21694.0,1.01,425972411.0
-1.475163102149963,-1.960453629493713,0.5664267539978027,63.0,13.0,21696.0,2.518,425972416.0
-1.467705368995667,-1.949126124382019,0.6537768840789795,53.0,15.0,21698.0,2.526,425972420.0
-0.3671707808971405,-0.4851346909999847,0.09636363387107849,1.0,9.0,21712.0,0.616,425972462.0
-0.6104519367218018,-0.8059920072555542,0.1965332627296448,4.0,11.0,21714.0,1.03,425972466.0
-1.484351634979248,-1.958398580551147,0.567326545715332,61.0,13.0,21716.0,2.522,425972471.0
-1.476495265960693,-1.947327017784119,0.6548121571540833,49.0,15.0,21717.0,2.53,425972476.0
-0.3641549050807953,-0.4775027632713318,0.0951121523976326,1.0,9.0,21733.0,0.608,425972517.0
-0.6168340444564819,-0.8085388541221619,0.1976781189441681,4.0,11.0,21734.0,1.036,425972522.0
-1.481718301773071,-1.940813779830933,0.5637273192405701,63.0,13.0,21736.0,2.506,425972526.0
-1.488313913345337,-1.948042750358582,0.6568827629089355,54.0,15.0,21738.0,2.538,425972531.0
-0.3705486655235291,-0.4825595617294312,0.09636363387107849,1.0,9.0,21752.0,0.616,425972572.0
-0.6328113079071045,-0.8235046863555908,0.2018759101629257,4.0,11.0,21754.0,1.058,425972577.0
-1.49679958820343,-1.946443438529968,0.5668766498565674,57.0,13.0,21756.0,2.52,425972582.0
-1.494765758514404,-1.94309663772583,0.6568827629089355,53.0,15.0,21757.0,2.538,425972586.0
-0.3892382681369781,-0.5030708312988281,0.100743792951107,2.0,9.0,21773.0,0.644,425972628.0
-0.6296736598014832,-0.8135280609130859,0.1999678313732147,3.0,11.0,21774.0,1.048,425972632.0
-1.505971431732178,-1.944288015365601,0.5677764415740967,42.0,13.0,21776.0,2.524,425972637.0
-1.499510407447815,-1.934551239013672,0.6558474898338318,54.0,15.0,21778.0,2.534,425972641.0
-0.3860484063625336,-0.495544046163559,0.09949231892824173,2.0,9.0,21792.0,0.636,425972683.0
-0.6349237561225891,-0.8144218325614929,0.2007310688495636,3.0,11.0,21794.0,1.052,425972687.0
-1.508294582366943,-1.932613968849182,0.6568827629089355,49.0,15.0,21797.0,2.538,425972697.0
-0.3197630643844604,-0.4076623916625977,0.06361579895019531,1.0,7.0,21811.0,0.522,425972734.0
-0.3927408456802368,-0.5003411769866943,0.100743792951107,2.0,9.0,21813.0,0.644,425972738.0
-0.6474625468254089,-0.8245534300804138,0.2037840038537979,3.0,11.0,21814.0,1.068,425972743.0
-1.514173626899719,-1.925554156303406,0.6563650965690613,20.0,15.0,21818.0,2.536,425972752.0
-0.3894985318183899,-0.4928368628025055,0.09949231892824173,1.0,9.0,21832.0,0.636,425972793.0
-0.6539903879165649,-0.8269079327583313,0.2049288600683212,4.0,11.0,21834.0,1.074,425972798.0
-2.655818462371826,-3.355618715286255,0.9879850149154663,1.0,13.0,21836.0,4.392,425972803.0
-0.341141551733017,-0.4287201166152954,0.0672718808054924,1.0,7.0,21851.0,0.552,425972844.0
-0.3937632441520691,-0.4944965839385986,0.1001180559396744,1.0,9.0,21853.0,0.64,425972849.0
-0.6825606226921082,-0.8568677306175232,0.2129428386688232,4.0,11.0,21854.0,1.116,425972853.0
-3.262726306915283,-4.093003749847412,1.208437085151672,7.0,13.0,21856.0,5.372,425972858.0
-6.783754348754883,-8.503949165344238,2.914820194244385,3.0,15.0,21858.0,11.262,425972863.0
-0.4052859246730804,-0.5055177807807922,0.1026210114359856,1.0,9.0,21872.0,0.656,425972904.0
-0.6818617582321167,-0.8498859405517578,0.2117979824542999,4.0,11.0,21874.0,1.11,425972909.0
-3.287973880767822,-4.095266342163086,1.212486147880554,7.0,13.0,21876.0,5.39,425972913.0
-7.03208589553833,-8.755534172058105,3.009030103683472,4.0,15.0,21877.0,11.626,425972918.0
-0.3971200287342072,-0.4918048977851868,0.1001180559396744,1.0,9.0,21892.0,0.64,425972959.0
-0.6897599101066589,-0.8536087870597839,0.2133244574069977,4.0,11.0,21894.0,1.118,425972964.0
-3.340234041213989,-4.130738735198975,1.226433157920837,4.0,13.0,21896.0,5.452,425972969.0
-7.286159515380859,-9.007296562194824,3.104275703430176,15.0,15.0,21897.0,11.994,425972973.0
-0.3281517028808594,-0.4035027027130127,0.06385953724384308,1.0,7.0,21912.0,0.524,425973010.0
-0.4114744365215302,-0.5055975914001465,0.1032467484474182,1.0,9.0,21914.0,0.66,425973015.0
-0.7003209590911865,-0.8602098822593689,0.2156141698360443,4.0,11.0,21915.0,1.13,425973019.0
-3.402124643325806,-4.175879001617432,1.243529438972473,4.0,13.0,21917.0,5.528,425973024.0
-0.4007144570350647,-0.4888806641101837,0.1001180559396744,1.0,9.0,21934.0,0.64,425973070.0
-0.7195019721984863,-0.8774961829185486,0.2205751985311508,4.0,11.0,21935.0,1.156,425973075.0
-3.482195615768433,-4.243822574615479,1.267374277114868,6.0,13.0,21937.0,5.634,425973079.0
-8.43695068359375,-10.27496814727783,3.562385320663452,8.0,15.0,21939.0,13.764,425973084.0
-0.4198467135429382,-0.5089527368545532,0.1044982224702835,1.0,9.0,21952.0,0.668,425973125.0
-0.737250030040741,-0.8934023380279541,0.2251546084880829,4.0,11.0,21953.0,1.18,425973130.0
-3.561276435852051,-4.312500953674316,1.291218996047974,6.0,13.0,21955.0,5.74,425973134.0
-12.50793266296387,-15.1410026550293,5.262308597564697,15.0,15.0,21956.0,20.332,425973139.0
-0.3220753073692322,-0.3879415988922119,0.06190962716937065,1.0,7.0,21970.0,0.508,425973176.0
-0.4291947484016418,-0.5166005492210388,0.1063754335045815,2.0,9.0,21972.0,0.68,425973181.0
-0.7491481304168701,-0.9013925194740295,0.227825939655304,4.0,11.0,21973.0,1.194,425973185.0
-3.652320384979248,-4.391438007354736,1.318663120269775,6.0,13.0,21975.0,5.862,425973190.0
-12.6546106338501,-15.21011543273926,5.30164909362793,7.0,15.0,21976.0,20.484,425973194.0
-0.3183341920375824,-0.3807234168052673,0.06093467026948929,1.0,7.0,21990.0,0.5,425973231.0
-0.4461139440536499,-0.5333570837974548,0.1101298630237579,2.0,9.0,21991.0,0.704,425973236.0
-0.7472495436668396,-0.892750084400177,0.2262994647026062,4.0,11.0,21993.0,1.186,425973240.0
-3.750214338302612,-4.477260589599609,1.348356604576111,6.0,13.0,21995.0,5.994,425973245.0
-13.23369884490967,-15.79368782043457,5.521127700805664,12.0,15.0,21996.0,21.332,425973250.0
-0.3350049555301666,-0.3978311717510223,0.06385953724384308,1.0,7.0,22010.0,0.524,425973286.0
-0.4506116211414337,-0.5347395539283752,0.1107556000351906,2.0,9.0,22012.0,0.708,425973291.0
-0.7604841589927673,-0.9021448493003845,0.2293524146080017,4.0,11.0,22013.0,1.202,425973296.0
-3.818594455718994,-4.526703357696533,1.367252469062805,6.0,13.0,22015.0,6.078,425973300.0
-13.83482074737549,-16.38869857788086,5.746818065643311,9.0,15.0,22017.0,22.204,425973305.0
-0.3261872231960297,-0.3844906985759735,0.06190962716937065,1.0,7.0,22031.0,0.508,425973342.0
-0.4576822817325592,-0.5391079187393188,0.1120070740580559,2.0,9.0,22033.0,0.716,425973346.0
-0.7790358662605286,-0.9173085689544678,0.2339318245649338,4.0,11.0,22034.0,1.226,425973351.0
-3.912140846252441,-4.603257179260254,1.394696593284607,4.0,13.0,22036.0,6.2,425973356.0
-14.10341358184814,-16.58904647827148,5.834299087524414,35.0,15.0,22037.0,22.542,425973360.0
-0.3378431797027588,-0.3954237699508667,0.06385953724384308,1.0,7.0,22051.0,0.524,425973397.0
-0.4492917954921722,-0.525495707988739,0.1095041260123253,2.0,9.0,22053.0,0.7000000000000001,425973402.0
-0.792441725730896,-0.9265194535255432,0.2369847744703293,4.0,11.0,22054.0,1.242,425973406.0
-4.023221969604492,-4.700611114501953,1.428439140319824,6.0,13.0,22056.0,6.350000000000001,425973411.0
-0.4664012789726257,-0.5420501232147217,0.1132585555315018,2.0,9.0,22071.0,0.724,425973457.0
-0.8019148707389832,-0.9313252568244934,0.2388928681612015,4.0,11.0,22073.0,1.252,425973462.0
-4.165993690490723,-4.834873676300049,1.473429441452026,6.0,13.0,22075.0,6.55,425973466.0
-0.3405268788337708,-0.3931149840354919,0.06385953724384308,1.0,7.0,22090.0,0.524,425973508.0
-0.4580338299274445,-0.5283958911895752,0.1107556000351906,2.0,9.0,22092.0,0.708,425973512.0
-0.8115919232368469,-0.935936689376831,0.2408009469509125,4.0,11.0,22093.0,1.262,425973517.0
-4.274803638458252,-4.926275253295898,1.50582230091095,6.0,13.0,22095.0,6.694,425973521.0
-0.3262376487255096,-0.3739732205867767,0.06093467026948929,1.0,7.0,22110.0,0.5,425973563.0
-0.4675764739513397,-0.5358041524887085,0.1126328185200691,2.0,9.0,22111.0,0.72,425973568.0
-0.8303504586219788,-0.950843095779419,0.2453803718090057,4.0,11.0,22113.0,1.286,425973572.0
-4.39456033706665,-5.028713703155518,1.541814565658569,6.0,13.0,22115.0,6.854,425973577.0
-0.3327817022800446,-0.3787974715232849,0.06190962716937065,1.0,7.0,22130.0,0.508,425973618.0
-0.4720519483089447,-0.5371363759040833,0.1132585555315018,1.0,9.0,22131.0,0.724,425973623.0
-0.8388505578041077,-0.9538358449935913,0.2469068467617035,4.0,11.0,22133.0,1.294,425973627.0
-4.57688045501709,-5.200593948364258,1.599401950836182,6.0,13.0,22135.0,7.11,425973632.0
-12.8854398727417,-14.63109970092773,5.224003791809082,1.0,15.0,22137.0,20.184,425973637.0
-0.3630399107933044,-0.4103419482707977,0.0672718808054924,1.0,7.0,22150.0,0.552,425973673.0
-0.4713056683540344,-0.5325268507003784,0.1126328185200691,1.0,9.0,22151.0,0.72,425973678.0
-0.8721131682395935,-0.9847052097320557,0.2556840479373932,5.0,11.0,22153.0,1.34,425973683.0
-4.739771366119385,-5.347925662994385,1.64979100227356,6.0,13.0,22155.0,7.334000000000001,425973687.0
-12.32000255584717,-13.89588069915771,4.976055145263672,5.0,15.0,22156.0,19.226,425973692.0
-0.351264625787735,-0.394250750541687,0.06483449041843414,1.0,7.0,22170.0,0.532,425973729.0
-0.4994484186172485,-0.5603716373443604,0.1188901960849762,2.0,9.0,22171.0,0.76,425973733.0
-0.8742383122444153,-0.9801898002624512,0.2553024291992188,5.0,11.0,22173.0,1.338,425973738.0
-4.903745174407959,-5.494182109832764,1.700180053710938,4.0,13.0,22175.0,7.558,425973743.0
-0.3420329988002777,-0.3812019824981689,0.06288458406925201,1.0,7.0,22190.0,0.516,425973784.0
-0.5000819563865662,-0.5571547746658325,0.1185773238539696,2.0,9.0,22191.0,0.758,425973789.0
-0.888149619102478,-0.9888168573379517,0.2583553791046143,4.0,11.0,22193.0,1.354,425973793.0
-5.180827617645264,-5.763999462127686,1.789260745048523,4.0,13.0,22195.0,7.954,425973798.0
-12.42833805084229,-13.82246112823486,4.980713844299316,8.0,15.0,22196.0,19.244,425973803.0
-0.3406998217105865,-0.3770599663257599,0.06239710375666618,1.0,7.0,22210.0,0.512,425973839.0
-0.500795841217041,-0.553852915763855,0.1182644590735435,2.0,9.0,22212.0,0.756,425973844.0
-0.9100335240364075,-1.006094574928284,0.2636980414390564,4.0,11.0,22213.0,1.382,425973849.0
-5.408847808837891,-5.97559928894043,1.860795140266418,4.0,13.0,22215.0,8.272,425973853.0
-14.46319580078125,-15.9674768447876,5.77269983291626,9.0,15.0,22217.0,22.304,425973858.0
-0.3366699814796448,-0.3699954748153687,0.06142215058207512,1.0,7.0,22230.0,0.504,425973895.0
-0.5026296973228455,-0.5521891713142395,0.1182644590735435,1.0,9.0,22231.0,0.756,425973899.0
-0.9267604947090149,-1.017425775527954,0.2675141990184784,4.0,11.0,22233.0,1.402,425973904.0
-5.634468078613281,-6.181354522705078,1.93097984790802,4.0,13.0,22235.0,8.584,425973909.0
-14.39631462097168,-15.7880973815918,5.725077152252197,20.0,15.0,22236.0,22.12,425973913.0
-0.3379594385623932,-0.3688180148601532,0.06142215058207512,1.0,7.0,22250.0,0.504,425973950.0
-0.5073202848434448,-0.5532551407814026,0.1188901960849762,2.0,9.0,22252.0,0.76,425973955.0
-0.9435774087905884,-1.028652191162109,0.2713303864002228,4.0,11.0,22253.0,1.422,425973959.0
-5.951198577880859,-6.48322582244873,2.031757831573486,4.0,13.0,22255.0,9.032,425973964.0
-0.3527069091796875,-0.3822247982025146,0.06385953724384308,1.0,7.0,22270.0,0.524,425974005.0
-0.5118319392204285,-0.5544727444648743,0.1195159330964088,2.0,9.0,22271.0,0.764,425974010.0
-0.9604839086532593,-1.03977358341217,0.2751465737819672,4.0,11.0,22273.0,1.442,425974014.0
-6.23703145980835,-6.747182846069336,2.121288537979126,6.0,13.0,22275.0,9.43,425974019.0
-0.3540389537811279,-0.3809913098812103,0.06385953724384308,1.0,7.0,22290.0,0.524,425974061.0
-0.5138607621192932,-0.5525930523872375,0.1195159330964088,2.0,9.0,22292.0,0.764,425974065.0
-0.9774793386459351,-1.0507892370224,0.2789627611637115,4.0,11.0,22293.0,1.462,425974070.0
-6.402619361877441,-6.877992630004883,2.169427871704102,4.0,13.0,22295.0,9.644,425974074.0
-0.341803103685379,-0.3652587532997131,0.06142215058207512,1.0,7.0,22310.0,0.504,425974116.0
-0.5345900058746338,-0.5710755586624146,0.123896099627018,2.0,9.0,22311.0,0.792,425974120.0
-1.009327292442322,-1.077459335327148,0.2869767248630524,4.0,11.0,22313.0,1.504,425974125.0
-6.819754600524902,-7.275012969970703,2.302149057388306,3.0,13.0,22315.0,10.234,425974130.0
-0.3430760204792023,-0.3640634119510651,0.06142215058207512,1.0,7.0,22330.0,0.504,425974171.0
-0.5393900275230408,-0.5719866156578064,0.1245218366384506,2.0,9.0,22332.0,0.796,425974176.0
-1.026554107666016,-1.088210582733154,0.2907929122447968,4.0,11.0,22333.0,1.524,425974180.0
-7.001620769500732,-7.416960716247559,2.354787588119507,3.0,13.0,22335.0,10.468,425974185.0
-0.3498105406761169,-0.3686233758926392,0.06239710375666618,1.0,7.0,22350.0,0.512,425974226.0
-0.5249637365341187,-0.5530030131340027,0.1207674071192741,2.0,9.0,22351.0,0.772,425974231.0
-1.054685235023499,-1.110241532325745,0.2976620197296143,5.0,11.0,22353.0,1.56,425974236.0
-7.673285961151123,-8.071837425231934,2.571190595626831,3.0,13.0,22355.0,11.43,425974240.0
-0.3702956438064575,-0.3874922692775726,0.06580944359302521,1.0,7.0,22370.0,0.54,425974282.0
-0.5241608619689941,-0.5483113527297974,0.1201416701078415,2.0,9.0,22371.0,0.768,425974286.0
-1.076196908950806,-1.124995827674866,0.302623063325882,6.0,11.0,22373.0,1.586,425974291.0
-8.247184753417969,-8.615121841430664,2.753400802612305,3.0,13.0,22375.0,12.24,425974296.0
-0.3660737276077271,-0.3805397748947144,0.06483449041843414,1.0,7.0,22389.0,0.532,425974337.0
-0.5493612885475159,-0.5706714391708374,0.1254604458808899,2.0,9.0,22391.0,0.802,425974342.0
-1.093539714813232,-1.135562300682068,0.3064392507076263,6.0,11.0,22392.0,1.606,425974346.0
-8.959941864013672,-9.297757148742676,2.981051445007324,4.0,13.0,22394.0,13.252,425974351.0
-0.3632562160491943,-0.3749822676181793,0.06410327553749084,1.0,7.0,22409.0,0.526,425974392.0
-0.551349937915802,-0.5687503218650818,0.1254604458808899,2.0,9.0,22411.0,0.802,425974397.0
-1.119364857673645,-1.154288411140442,0.312545120716095,4.0,11.0,22412.0,1.638,425974402.0
-9.168768882751465,-9.448227882385254,3.039538621902466,4.0,13.0,22414.0,13.512,425974406.0
-0.3673352599143982,-0.3765538930892944,0.06459075212478638,1.0,7.0,22429.0,0.53,425974448.0
-0.5671306848526001,-0.5809575319290161,0.1285891234874725,2.0,9.0,22431.0,0.8220000000000001,425974452.0
-1.142590522766113,-1.17003858089447,0.3178877830505371,4.0,11.0,22432.0,1.666,425974457.0
-9.465922355651855,-9.686553001403809,3.126819610595703,3.0,13.0,22434.0,13.9,425974461.0
-0.3811675608158112,-0.3880143463611603,0.06678439676761627,1.0,7.0,22449.0,0.548,425974503.0
-0.5663855075836182,-0.5761569142341614,0.1279633939266205,2.0,9.0,22451.0,0.8180000000000001,425974508.0
-1.171445608139038,-1.191239714622498,0.324756920337677,5.0,11.0,22452.0,1.702,425974512.0
-0.3936881124973297,-0.3979714512825012,0.068734310567379,1.0,7.0,22469.0,0.5640000000000001,425974558.0
-0.5738509297370911,-0.5798919200897217,0.1292148679494858,2.0,9.0,22470.0,0.8260000000000001,425974563.0
-1.201843857765198,-1.213648319244385,0.3320076465606689,5.0,11.0,22472.0,1.74,425974567.0
-12.10388278961182,-12.21423530578613,3.96993613243103,3.0,13.0,22474.0,17.648,425974572.0
-0.3908719718456268,-0.3923757076263428,0.0680030956864357,1.0,7.0,22489.0,0.558,425974613.0
-0.5982861518859863,-0.6001687049865723,0.134220764040947,2.0,9.0,22491.0,0.858,425974618.0
-1.242116570472717,-1.245590090751648,0.3419297337532043,5.0,11.0,22492.0,1.792,425974623.0
-14.40669631958008,-14.4369010925293,4.708675384521484,5.0,13.0,22494.0,20.932,425974627.0
-0.3795863389968872,-0.3783957064151764,0.06580944359302521,1.0,7.0,22509.0,0.54,425974669.0
-0.6003775000572205,-0.5980766415596008,0.134220764040947,2.0,9.0,22511.0,0.858,425974673.0
-1.27845299243927,-1.273108959197998,0.350706934928894,4.0,11.0,22512.0,1.838,425974678.0
-14.6117115020752,-14.54047870635986,4.759064674377441,2.0,13.0,22514.0,21.156,425974683.0
-0.380904883146286,-0.3770684003829956,0.06580944359302521,1.0,7.0,22529.0,0.54,425974724.0
-0.5912268161773682,-0.5848634839057922,0.1317178159952164,2.0,9.0,22531.0,0.842,425974729.0
-1.317788243293762,-1.303150057792664,0.3602473735809326,5.0,11.0,22532.0,1.888,425974733.0
-0.4020375311374664,-0.3952191472053528,0.06922178715467453,1.0,7.0,22549.0,0.5680000000000001,425974779.0
-0.5818915367126465,-0.5718231797218323,0.1292148679494858,2.0,9.0,22550.0,0.8260000000000001,425974784.0
-1.368554592132568,-1.343936085700989,0.3728407621383667,5.0,11.0,22552.0,1.954,425974789.0
-0.3835280239582062,-0.3744000196456909,0.06580944359302521,1.0,7.0,22569.0,0.54,425974835.0
-0.6080214977264404,-0.593136191368103,0.1345336437225342,2.0,9.0,22571.0,0.86,425974839.0
-1.402754306793213,-1.367934942245483,0.3808547556400299,5.0,11.0,22572.0,1.996,425974844.0
-0.4161893129348755,-0.4034563899040222,0.07117169350385666,1.0,7.0,22589.0,0.584,425974890.0
-0.6397750377655029,-0.6199851632118225,0.1411038935184479,2.0,9.0,22590.0,0.902,425974895.0
-1.437137961387634,-1.391711115837097,0.3888687193393707,4.0,11.0,22592.0,2.038,425974899.0
-0.4261758327484131,-0.4102614521980286,0.07263413071632385,2.0,7.0,22609.0,0.596,425974945.0
-0.6476287245750427,-0.623227059841156,0.1423553675413132,2.0,9.0,22610.0,0.91,425974950.0
-1.473119378089905,-1.416624307632446,0.3972643315792084,4.0,11.0,22612.0,2.082,425974954.0
-0.417560875415802,-0.3991692960262299,0.07092795521020889,2.0,7.0,22629.0,0.582,425975000.0
-0.6383752226829529,-0.6100445985794067,0.1398524045944214,2.0,9.0,22630.0,0.894,425975005.0
-1.540528297424316,-1.471132397651672,0.4140555262565613,5.0,11.0,22632.0,2.17,425975010.0
-0.4232707917690277,-0.4018093943595886,0.07165917754173279,2.0,7.0,22649.0,0.588,425975056.0
-0.6405007839202881,-0.6078125238418579,0.1398524045944214,2.0,9.0,22650.0,0.894,425975060.0
-1.575570106506348,-1.494115233421326,0.4220694899559021,6.0,11.0,22652.0,2.212,425975065.0
-0.4362264573574066,-0.4112227857112885,0.07360908389091492,1.0,7.0,22669.0,0.604,425975111.0
-0.6541195511817932,-0.616411030292511,0.1423553675413132,2.0,9.0,22670.0,0.91,425975116.0
-1.636517524719238,-1.54109787940979,0.4369525909423828,5.0,11.0,22672.0,2.29,425975120.0
-0.4405576288700104,-0.4124107956886292,0.07409656047821045,1.0,7.0,22689.0,0.608,425975166.0
-0.6722427606582642,-0.6288536190986633,0.145796924829483,2.0,9.0,22691.0,0.932,425975171.0
-1.697811484336853,-1.587672710418701,0.4518356919288635,5.0,11.0,22692.0,2.368,425975176.0
-0.4389441609382629,-0.4083206057548523,0.07360908389091492,1.0,7.0,22707.0,0.604,425975222.0
-0.7015906572341919,-0.6524147987365723,0.1517414301633835,2.0,9.0,22708.0,0.97,425975226.0
-1.751688718795776,-1.627769589424133,0.464810699224472,5.0,11.0,22710.0,2.436,425975231.0
-0.4287014603614807,-0.3960101306438446,0.07165917754173279,1.0,7.0,22727.0,0.588,425975277.0
-0.6822046637535095,-0.629740834236145,0.1470483988523483,2.0,9.0,22729.0,0.9400000000000001,425975282.0
-1.807858824729919,-1.668244123458862,0.4781673550605774,6.0,11.0,22730.0,2.506,425975286.0
-0.4316131174564362,-0.3957778215408325,0.07190291583538055,2.0,7.0,22748.0,0.59,425975332.0
-0.6945918798446655,-0.6366992592811584,0.1492384821176529,2.0,9.0,22749.0,0.9540000000000001,425975337.0
-1.863182663917542,-1.70669424533844,0.4911423623561859,4.0,11.0,22751.0,2.574,425975341.0
-0.3799557387828827,-0.3462183177471161,0.04497236385941505,1.0,5.0,22766.0,0.516,425975383.0
-0.4652829468250275,-0.4236719012260437,0.077265165746212,1.0,7.0,22768.0,0.634,425975388.0
-0.7027650475502014,-0.6394670009613037,0.1504899561405182,2.0,9.0,22770.0,0.962,425975392.0
-1.930126070976257,-1.755663871765137,0.5071703195571899,5.0,11.0,22771.0,2.658,425975397.0
-0.4519633948802948,-0.4088103175163269,0.07482777535915375,1.0,7.0,22787.0,0.614,425975443.0
-0.7208879590034485,-0.6518294811248779,0.153931513428688,2.0,9.0,22788.0,0.984,425975447.0
-2.023338556289673,-1.828226804733276,0.5300673842430115,4.0,11.0,22790.0,2.778,425975452.0
-0.3823035657405853,-0.3436240255832672,0.04497236385941505,1.0,5.0,22805.0,0.516,425975494.0
-0.4740633368492126,-0.4258009493350983,0.07824011892080307,1.0,7.0,22807.0,0.642,425975498.0
-0.7335626482963562,-0.6584192514419556,0.1561215966939926,2.0,9.0,22809.0,0.998,425975503.0
-2.149532318115234,-1.928665161132812,0.5613600611686707,4.0,11.0,22810.0,2.942,425975507.0
-0.4667306542396545,-0.4161342084407806,0.07677768915891647,1.0,7.0,22828.0,0.63,425975553.0
-0.7535524368286133,-0.6716266870498657,0.1598760187625885,3.0,9.0,22829.0,1.022,425975558.0
-2.269474267959595,-2.02131724357605,0.59074467420578,5.0,11.0,22831.0,3.096,425975563.0
-0.4875021278858185,-0.4316089153289795,0.07994628697633743,1.0,7.0,22848.0,0.656,425975609.0
-0.7484960556030273,-0.6624462604522705,0.1583116799592972,3.0,9.0,22849.0,1.012,425975613.0
-2.354458808898926,-2.082316637039185,0.6109703779220581,4.0,11.0,22851.0,3.202,425975618.0
-0.488930732011795,-0.4299899339675903,0.07994628697633743,1.0,7.0,22867.0,0.656,425975664.0
-0.7597066760063171,-0.6676535606384277,0.1601888984441757,3.0,9.0,22869.0,1.024,425975669.0
-2.455746173858643,-2.15742564201355,0.6353939771652222,4.0,11.0,22870.0,3.33,425975673.0
-0.4754765927791595,-0.4152233004570007,0.07750890403985977,2.0,7.0,22887.0,0.636,425975719.0
-0.7888227701187134,-0.6883764863014221,0.1658205389976501,3.0,9.0,22889.0,1.06,425975724.0
-2.640794277191162,-2.303711652755737,0.6811881065368652,4.0,11.0,22890.0,3.57,425975729.0
-0.491920679807663,-0.42656609416008,0.07994628697633743,2.0,7.0,22907.0,0.656,425975775.0
-0.7852494120597839,-0.6804443001747131,0.1645690500736237,3.0,9.0,22909.0,1.052,425975779.0
-2.849150657653809,-2.468011617660522,0.7327065467834473,3.0,11.0,22910.0,3.84,425975784.0
-0.4979195296764374,-0.42873215675354,0.08067750185728073,2.0,7.0,22927.0,0.662,425975830.0
-0.8115777969360352,-0.6983135342597961,0.169574961066246,3.0,9.0,22929.0,1.084,425975835.0
-3.048264741897583,-2.621921300888062,0.7815536260604858,3.0,11.0,22930.0,4.096,425975839.0
-0.497978538274765,-0.4256145656108856,0.08043376356363297,1.0,7.0,22948.0,0.66,425975885.0
-0.8019955158233643,-0.6852110028266907,0.1670720130205154,3.0,9.0,22949.0,1.068,425975890.0
-3.168343067169189,-2.705064296722412,0.8097933530807495,2.0,11.0,22951.0,4.244,425975894.0
-0.4994612038135529,-0.4238737225532532,0.08043376356363297,2.0,7.0,22968.0,0.66,425975940.0
-0.8286064863204956,-0.7027093768119812,0.1720779091119766,3.0,9.0,22970.0,1.1,425975945.0
-3.279598474502563,-2.780317783355713,0.8357434272766113,1.0,11.0,22971.0,4.38,425975950.0
-0.5312976241111755,-0.4477111995220184,0.08530853688716888,2.0,7.0,22988.0,0.7000000000000001,425975996.0
-0.8446534276008606,-0.7112641930580139,0.1748937368392944,3.0,9.0,22990.0,1.118,425976000.0
-4.041763305664062,-3.402275562286377,1.026934027671814,5.0,11.0,22991.0,5.382,425976005.0
-0.5176326632499695,-0.4331152141094208,0.08287115395069122,2.0,7.0,23008.0,0.68,425976051.0
-0.8759244084358215,-0.7323864698410034,0.1808382421731949,4.0,9.0,23010.0,1.156,425976056.0
-4.101818561553955,-3.428436517715454,1.039145827293396,5.0,11.0,23011.0,5.446,425976060.0
-0.5252489447593689,-0.4363798797130585,0.08384610712528229,2.0,7.0,23028.0,0.6880000000000001,425976106.0
-0.893544614315033,-0.7420985102653503,0.1839669346809387,4.0,9.0,23029.0,1.176,425976111.0
-4.178723335266113,-3.468010902404785,1.05555534362793,7.0,11.0,23031.0,5.532,425976116.0
-0.5344254970550537,-0.4408597946166992,0.08506479859352112,2.0,7.0,23048.0,0.6980000000000001,425976162.0
-0.8764432668685913,-0.7224841117858887,0.1798996329307556,3.0,9.0,23050.0,1.15,425976166.0
-4.255953311920166,-3.507089614868164,1.071964979171753,8.0,11.0,23051.0,5.618,425976171.0
-0.5404136776924133,-0.4429538547992706,0.08579602092504501,2.0,7.0,23066.0,0.704,425976217.0
-0.9137263894081116,-0.7486757040023804,0.1870956271886826,4.0,9.0,23067.0,1.196,425976222.0
-4.421890735626221,-3.620564699172974,1.110889911651611,5.0,11.0,23069.0,5.822,425976226.0
-0.5388772487640381,-0.4385586977005005,0.08530853688716888,1.0,7.0,23086.0,0.7000000000000001,425976272.0
-0.9270605444908142,-0.754207968711853,0.1892856955528259,4.0,9.0,23087.0,1.21,425976277.0
-4.589884757995605,-3.731428623199463,1.149814963340759,5.0,11.0,23089.0,6.026,425976281.0
-0.5482794642448425,-0.4427218437194824,0.08652723580598831,1.0,7.0,23108.0,0.71,425976327.0
-0.9514691233634949,-0.768013060092926,0.1936658620834351,4.0,9.0,23109.0,1.238,425976332.0
-4.72642707824707,-3.812383890151978,1.180344462394714,6.0,11.0,23111.0,6.186,425976337.0
-0.5544679164886475,-0.4445304274559021,0.08725845068693161,2.0,7.0,23128.0,0.716,425976383.0
-0.9633927941322327,-0.7720992565155029,0.1955430805683136,4.0,9.0,23129.0,1.25,425976387.0
-4.89141321182251,-3.917359352111816,1.218124628067017,5.0,11.0,23131.0,6.384,425976392.0
-0.4019538164138794,-0.3204163312911987,0.04497236385941505,1.0,5.0,23144.0,0.516,425976433.0
-0.572941243648529,-0.4563914835453033,0.08993957191705704,2.0,7.0,23146.0,0.738,425976438.0
-0.9642683267593384,-0.7678383588790894,0.1952302157878876,4.0,9.0,23147.0,1.248,425976443.0
-5.023522853851318,-3.99732232093811,1.247890830039978,5.0,11.0,23149.0,6.54,425976447.0
-0.4030698239803314,-0.3190113008022308,0.04497236385941505,1.0,5.0,23164.0,0.516,425976489.0
-0.5683028697967529,-0.4494631290435791,0.08896461874246597,2.0,7.0,23166.0,0.73,425976493.0
-0.9903231263160706,-0.7826715707778931,0.1999232470989227,4.0,9.0,23168.0,1.278,425976498.0
-5.237710952758789,-4.137979507446289,1.29750120639801,4.0,11.0,23169.0,6.8,425976503.0
-0.5699464678764343,-0.4473772048950195,0.08896461874246597,2.0,7.0,23187.0,0.73,425976549.0
-1.017914175987244,-0.79872065782547,0.2049291431903839,4.0,9.0,23188.0,1.31,425976553.0
-5.455231189727783,-4.277447700500488,1.347493171691895,7.0,11.0,23190.0,7.062,425976558.0
-0.4053422808647156,-0.3161188364028931,0.04497236385941505,1.0,5.0,23205.0,0.516,425976599.0
-0.5871622562408447,-0.4575873017311096,0.09140200912952423,2.0,7.0,23207.0,0.75,425976604.0
-1.059798002243042,-0.8253273367881775,0.2127508670091629,4.0,9.0,23209.0,1.36,425976609.0
-5.769119262695312,-4.491137027740479,1.421145439147949,4.0,11.0,23210.0,7.448,425976613.0
-0.4284404218196869,-0.3318536281585693,0.04741272330284119,1.0,5.0,23224.0,0.544,425976655.0
-0.5839670300483704,-0.4519926011562347,0.09067079424858093,2.0,7.0,23226.0,0.744,425976659.0
-1.067072629928589,-0.8256202936172485,0.2136894762516022,3.0,9.0,23227.0,1.366,425976664.0
-6.097719669342041,-4.714553833007812,1.498232245445251,6.0,11.0,23229.0,7.852,425976668.0
-0.4548665583133698,-0.3497887849807739,0.05020170658826828,1.0,5.0,23244.0,0.5760000000000001,425976710.0
-0.593411386013031,-0.4559991359710693,0.09188948571681976,2.0,7.0,23246.0,0.754,425976715.0
-1.066957950592041,-0.8192975521087646,0.2130637466907501,3.0,9.0,23248.0,1.362,425976719.0
-6.353971004486084,-4.877335548400879,1.557001352310181,4.0,11.0,23249.0,8.16,425976724.0
-0.4244122207164764,-0.3240184187889099,0.04671547934412956,1.0,5.0,23264.0,0.536,425976765.0
-0.6186732649803162,-0.4719856381416321,0.09554556757211685,2.0,7.0,23266.0,0.784,425976770.0
-1.096371531486511,-0.8361188173294067,0.2183825075626373,3.0,9.0,23267.0,1.396,425976774.0
-6.692627906799316,-5.100262641906738,1.63561475276947,7.0,11.0,23269.0,8.572000000000001,425976779.0
-0.4223650097846985,-0.3201279640197754,0.0463668555021286,1.0,5.0,23284.0,0.532,425976821.0
-0.6124048233032227,-0.4638305604457855,0.09432686865329742,2.0,7.0,23286.0,0.774,425976825.0
-1.134081125259399,-0.8583212494850159,0.2252656370401382,3.0,9.0,23288.0,1.44,425976830.0
-6.913925647735596,-5.230857849121094,1.685225009918213,3.0,11.0,23289.0,8.832,425976834.0
-0.4394578635692596,-0.3305543959140778,0.04810997098684311,1.0,5.0,23305.0,0.552,425976876.0
-0.6299689412117004,-0.4735100865364075,0.09676425904035568,2.0,7.0,23307.0,0.794,425976880.0
-1.168655633926392,-0.8780894875526428,0.2315230071544647,4.0,9.0,23308.0,1.48,425976885.0
-0.4661515951156616,-0.3480919003486633,0.0508989542722702,1.0,5.0,23325.0,0.584,425976931.0
-0.6284360289573669,-0.4689338505268097,0.09627678245306015,2.0,7.0,23327.0,0.79,425976936.0
-1.190714359283447,-0.8881778717041016,0.2352774292230606,4.0,9.0,23328.0,1.504,425976940.0
-8.33637809753418,-6.213744640350342,2.021048784255981,7.0,11.0,23330.0,10.592,425976945.0
-0.4929090142250061,-0.3655329048633575,0.0536879375576973,1.0,5.0,23344.0,0.616,425976986.0
-0.6539111733436584,-0.4845756590366364,0.09993286430835724,2.0,7.0,23346.0,0.8200000000000001,425976991.0
-1.203332424163818,-0.8910694122314453,0.2371546477079391,5.0,9.0,23348.0,1.516,425976996.0
-8.588899612426758,-6.357771396636963,2.077146768569946,6.0,11.0,23349.0,10.886,425977000.0
-0.4267935156822205,-0.3141996264457703,0.0463668555021286,1.0,5.0,23364.0,0.532,425977042.0
-0.6492025852203369,-0.4775848686695099,0.09895790368318558,2.0,7.0,23366.0,0.812,425977046.0
-1.228718042373657,-0.9032436013221741,0.2415348142385483,5.0,9.0,23368.0,1.544,425977051.0
-8.826197624206543,-6.48585844039917,2.129046678543091,3.0,11.0,23369.0,11.158,425977056.0
-0.4022013545036316,-0.2938282489776611,0.04357787221670151,1.0,5.0,23385.0,0.5,425977097.0
-0.6445354223251343,-0.4705204367637634,0.09798295050859451,2.0,7.0,23387.0,0.804,425977102.0
-1.2543625831604,-0.9150323271751404,0.2459149807691574,5.0,9.0,23389.0,1.572,425977106.0
-9.739818572998047,-7.102397918701172,2.34313440322876,2.0,11.0,23390.0,12.28,425977111.0
-0.4709662795066833,-0.3415494859218597,0.0508989542722702,1.0,5.0,23405.0,0.584,425977152.0
-0.663855254650116,-0.4810810089111328,0.1006640791893005,2.0,7.0,23407.0,0.8260000000000001,425977157.0
-1.289547801017761,-0.9338199496269226,0.2521723508834839,4.0,9.0,23409.0,1.612,425977162.0
-10.35614967346191,-7.496602058410645,2.485096454620361,3.0,11.0,23410.0,13.024,425977166.0
-0.4429388046264648,-0.3191051185131073,0.04776134714484215,1.0,5.0,23423.0,0.548,425977208.0
-0.6879180073738098,-0.495230108499527,0.1040764227509499,2.0,7.0,23425.0,0.854,425977212.0
-1.324380040168762,-0.953066349029541,0.2584297358989716,4.0,9.0,23426.0,1.652,425977217.0
-10.77016162872314,-7.744848251342773,2.578592777252197,1.0,11.0,23428.0,13.514,425977221.0
-0.4797036349773407,-0.3430542945861816,0.05159619823098183,1.0,5.0,23443.0,0.592,425977263.0
-0.6831821799278259,-0.4882091879844666,0.1031014621257782,2.0,7.0,23445.0,0.846,425977267.0
-1.353585720062256,-0.9665729999542236,0.2634356319904327,4.0,9.0,23447.0,1.684,425977272.0
-11.99556922912598,-8.562675476074219,2.864806175231934,4.0,11.0,23448.0,15.014,425977277.0
-0.4873968064785004,-0.3459909558296204,0.05229344591498375,1.0,5.0,23463.0,0.6,425977318.0
-0.7075496912002563,-0.5019006729125977,0.1065138056874275,2.0,7.0,23465.0,0.874,425977323.0
-1.395629405975342,-0.9892581701278687,0.2709445059299469,4.0,9.0,23467.0,1.732,425977327.0
-14.06138706207275,-9.963387489318848,3.34984278678894,2.0,11.0,23468.0,17.556,425977332.0
-0.4495134651660919,-0.3167445063591003,0.04810997098684311,1.0,5.0,23483.0,0.552,425977373.0
-0.6881969571113586,-0.4845706820487976,0.103345200419426,2.0,7.0,23485.0,0.848,425977378.0
-1.434616327285767,-1.009387850761414,0.2778276205062866,4.0,9.0,23487.0,1.776,425977383.0
-17.13915061950684,-12.05453681945801,4.073009014129639,4.0,11.0,23488.0,21.346,425977387.0
-0.4898003935813904,-0.3425798714160919,0.05229344591498375,1.0,5.0,23503.0,0.6,425977429.0
-0.7012737989425659,-0.4901257455348969,0.1050513759255409,2.0,7.0,23505.0,0.862,425977433.0
-1.512444376945496,-1.056666374206543,0.2922195792198181,4.0,9.0,23506.0,1.868,425977438.0
-17.28897857666016,-12.06993293762207,4.09857702255249,2.0,11.0,23508.0,21.48,425977443.0
-0.5302727222442627,-0.3681375086307526,0.05647692084312439,1.0,5.0,23523.0,0.648,425977484.0
-0.7143977284431458,-0.4955953359603882,0.1067575439810753,2.0,7.0,23525.0,0.876,425977489.0
-1.548776149749756,-1.073623657226562,0.2984769642353058,4.0,9.0,23527.0,1.908,425977493.0
-0.4823364913463593,-0.3323690593242645,0.05124757811427116,1.0,5.0,23543.0,0.588,425977539.0
-0.7275682091712952,-0.5009791851043701,0.1084637120366096,2.0,7.0,23545.0,0.89,425977544.0
-1.581617116928101,-1.088641881942749,0.304108589887619,4.0,9.0,23546.0,1.944,425977549.0
-0.506517231464386,-0.3464301824569702,0.0536879375576973,1.0,5.0,23563.0,0.616,425977595.0
-0.7424237728118896,-0.5073970556259155,0.1104136258363724,2.0,7.0,23565.0,0.906,425977599.0
-1.621291279792786,-1.107629299163818,0.3109917044639587,4.0,9.0,23566.0,1.988,425977604.0
-0.5077835917472839,-0.3445713818073273,0.0536879375576973,1.0,5.0,23584.0,0.616,425977650.0
-0.727848470211029,-0.4935318827629089,0.1079762354493141,2.0,7.0,23586.0,0.886,425977654.0
-1.677664875984192,-1.13714611530304,0.3210035264492035,5.0,9.0,23587.0,2.052,425977659.0
-0.5155934691429138,-0.3472487032413483,0.05438518524169922,1.0,5.0,23604.0,0.624,425977705.0
-0.7592105865478516,-0.5109380483627319,0.1123635321855545,2.0,7.0,23606.0,0.922,425977710.0
-1.727516293525696,-1.162156224250793,0.3297638595104218,5.0,9.0,23607.0,2.108,425977714.0
-0.5233670473098755,-0.34996697306633,0.05508242920041084,1.0,5.0,23623.0,0.632,425977760.0
-0.7575996518135071,-0.5062119364738464,0.111876055598259,2.0,7.0,23625.0,0.918,425977765.0
-1.793781638145447,-1.198113799095154,0.3416528701782227,5.0,9.0,23626.0,2.184,425977770.0
-0.5113047957420349,-0.3393243253231049,0.0536879375576973,1.0,5.0,23643.0,0.616,425977816.0
-0.7692883610725403,-0.5101468563079834,0.1133384928107262,2.0,7.0,23645.0,0.93,425977820.0
-1.864027619361877,-1.235177040100098,0.354167640209198,6.0,9.0,23647.0,2.264,425977825.0
-0.5191417932510376,-0.3419210910797119,0.05438518524169922,1.0,5.0,23663.0,0.624,425977871.0
-0.8058866858482361,-0.5303758978843689,0.1184570044279099,2.0,7.0,23665.0,0.972,425977876.0
-1.939075231552124,-1.275673151016235,0.3676210045814514,4.0,9.0,23666.0,2.35,425977880.0
-0.5270031094551086,-0.3444671928882599,0.05508242920041084,1.0,5.0,23683.0,0.632,425977926.0
-0.8243531584739685,-0.538414716720581,0.1208943873643875,2.0,7.0,23685.0,0.992,425977931.0
-2.028104305267334,-1.323618292808533,0.3835773169994354,4.0,9.0,23687.0,2.452,425977936.0
-0.5615692138671875,-0.3644087016582489,0.05856866016983986,1.0,5.0,23702.0,0.672,425977982.0
-0.8261340856552124,-0.5356781482696533,0.1208943873643875,2.0,7.0,23704.0,0.992,425977986.0
-2.136683225631714,-1.384928822517395,0.4032880365848541,4.0,9.0,23705.0,2.578,425977991.0
-0.5628378391265869,-0.3624462485313416,0.05856866016983986,1.0,5.0,23722.0,0.672,425978037.0
-0.8246601819992065,-0.5306427478790283,0.120406910777092,2.0,7.0,23724.0,0.988,425978042.0
-2.23313045501709,-1.43584680557251,0.4204958379268646,4.0,9.0,23726.0,2.688,425978046.0
-0.5675206184387207,-0.3625260293483734,0.05891728028655052,1.0,5.0,23743.0,0.676,425978092.0
-0.8416590690612793,-0.5372291207313538,0.1226005628705025,3.0,7.0,23745.0,1.006,425978097.0
-2.289752244949341,-1.460981488227844,0.430194765329361,5.0,9.0,23746.0,2.75,425978101.0
-0.56878262758255,-0.3605428040027618,0.05891728028655052,3.0,5.0,23763.0,0.676,425978148.0
-0.8720381259918213,-0.552345335483551,0.1267441213130951,3.0,7.0,23765.0,1.04,425978152.0
-2.420278549194336,-1.531810879707336,0.4536599516868591,4.0,9.0,23767.0,2.9,425978157.0
-0.5834656357765198,-0.3671435415744781,0.06031177565455437,1.0,5.0,23782.0,0.6920000000000001,425978203.0
-0.890670120716095,-0.5600168704986572,0.1291815042495728,3.0,7.0,23784.0,1.06,425978207.0
-2.543824195861816,-1.598832964897156,0.4758736491203308,4.0,9.0,23785.0,3.042,425978212.0
-0.5813636183738708,-0.3629941940307617,0.05996315181255341,1.0,5.0,23802.0,0.6880000000000001,425978258.0
-0.8943036794662476,-0.5579552054405212,0.1294252425432205,3.0,7.0,23804.0,1.062,425978263.0
-2.710297822952271,-1.690295100212097,0.5059090852737427,4.0,9.0,23805.0,3.234,425978267.0
-0.5860145092010498,-0.363061249256134,0.06031177565455437,1.0,5.0,23822.0,0.6920000000000001,425978313.0
-0.9063729643821716,-0.5610994100570679,0.1308876723051071,3.0,7.0,23824.0,1.074,425978318.0
-2.859270334243774,-1.768680095672607,0.5325028896331787,3.0,9.0,23826.0,3.404,425978323.0
-0.5906729102134705,-0.3631002604961395,0.06066039577126503,1.0,5.0,23842.0,0.6960000000000001,425978369.0
-0.9218578934669495,-0.5662439465522766,0.1328375786542892,4.0,7.0,23844.0,1.09,425978373.0
-3.021998405456543,-1.854786157608032,0.5615997314453125,3.0,9.0,23846.0,3.59,425978378.0
-0.5987406373023987,-0.3651860654354095,0.06135764345526695,1.0,5.0,23862.0,0.704,425978424.0
-0.9339994192123413,-0.5692210793495178,0.134300023317337,4.0,7.0,23864.0,1.102,425978429.0
-3.365886449813843,-2.049710988998413,0.6241735219955444,2.0,9.0,23866.0,3.99,425978433.0
-0.6000117659568787,-0.3630938231945038,0.06135764345526695,1.0,5.0,23882.0,0.704,425978479.0
-0.9376793503761292,-0.5669844746589661,0.1345437616109848,3.0,7.0,23884.0,1.104,425978484.0
-3.758508920669556,-2.270857810974121,0.6955076456069946,2.0,9.0,23886.0,4.446,425978489.0
-0.5910265445709229,-0.3548438251018524,0.06031177565455437,3.0,5.0,23902.0,0.6920000000000001,425978535.0
-0.9583777785301208,-0.5749412178993225,0.1372248828411102,4.0,7.0,23904.0,1.126,425978539.0
-4.016747951507568,-2.408737182617188,0.7418122291564941,3.0,9.0,23905.0,4.742,425978544.0
-0.6025319695472717,-0.3588961362838745,0.06135764345526695,1.0,5.0,23922.0,0.704,425978590.0
-0.9893778562545776,-0.588851809501648,0.1413684338331223,4.0,7.0,23924.0,1.16,425978594.0
-4.205519199371338,-2.50102710723877,0.7749763131141663,3.0,9.0,23926.0,4.954,425978599.0
-0.6226492524147034,-0.3679404556751251,0.06327506899833679,2.0,5.0,23942.0,0.726,425978645.0
-1.008520841598511,-0.595487654209137,0.1438058316707611,4.0,7.0,23944.0,1.18,425978650.0
-4.47963285446167,-2.642919778823853,0.8237838745117188,3.0,9.0,23946.0,5.266,425978654.0
-0.6153357625007629,-0.3607266545295715,0.06240351125597954,2.0,5.0,23962.0,0.716,425978700.0
-1.036286473274231,-0.6070135235786438,0.1474619060754776,4.0,7.0,23964.0,1.21,425978705.0
-4.686592102050781,-2.743014097213745,0.8600766658782959,4.0,9.0,23966.0,5.498,425978710.0
-0.6164659857749939,-0.3587917685508728,0.06240351125597954,1.0,5.0,23980.0,0.716,425978756.0
-1.041620373725891,-0.6057508587837219,0.1479493826627731,4.0,7.0,23982.0,1.214,425978760.0
-4.89964485168457,-2.848227977752686,0.8976209759712219,5.0,9.0,23983.0,5.738,425978765.0
-0.6280673742294312,-0.3626148700714111,0.06344938278198242,2.0,5.0,24000.0,0.728,425978811.0
-1.064362287521362,-0.6140145659446716,0.1508742421865463,4.0,7.0,24002.0,1.238,425978816.0
-5.118843555450439,-2.950603008270264,0.9357909560203552,5.0,9.0,24004.0,5.982,425978820.0
-0.6535996198654175,-0.3741685450077057,0.06588973850011826,2.0,5.0,24021.0,0.756,425978866.0
-1.097621560096741,-0.6278508305549622,0.1552615463733673,4.0,7.0,24023.0,1.274,425978871.0
-5.283448696136475,-3.020963191986084,0.9639491438865662,5.0,9.0,24024.0,6.162,425978876.0
-0.6341111660003662,-0.360078901052475,0.06379800289869308,2.0,5.0,24041.0,0.732,425978922.0
-1.117071986198425,-0.6338117718696594,0.157698929309845,4.0,7.0,24043.0,1.294,425978926.0
-5.501871109008789,-3.120419263839722,1.001806259155273,5.0,9.0,24044.0,6.404,425978931.0
-0.6353642344474792,-0.3578632473945618,0.06379800289869308,2.0,5.0,24061.0,0.732,425978977.0
-1.133117198944092,-0.6376972794532776,0.1596488356590271,5.0,7.0,24063.0,1.31,425978981.0
-5.731379508972168,-3.224196910858154,1.041540622711182,5.0,9.0,24064.0,6.658,425978986.0
-0.6418276429176331,-0.3585583567619324,0.06432093679904938,2.0,5.0,24081.0,0.738,425979032.0
-1.152669548988342,-0.6434134244918823,0.162086233496666,5.0,7.0,24083.0,1.33,425979037.0
-5.953052043914795,-3.321596145629883,1.079710721969604,4.0,9.0,24084.0,6.902,425979041.0
-0.6727021336555481,-0.3727313876152039,0.0672842338681221,2.0,5.0,24101.0,0.772,425979087.0
-1.167065382003784,-0.646116316318512,0.1637924015522003,5.0,7.0,24103.0,1.344,425979092.0
-6.223865985870361,-3.444267272949219,1.126641035079956,4.0,9.0,24104.0,7.202,425979097.0
-0.6705068945884705,-0.3684618771076202,0.06693561375141144,2.0,5.0,24121.0,0.768,425979143.0
-1.197154521942139,-0.6573252081871033,0.1676922142505646,6.0,7.0,24123.0,1.376,425979147.0
-6.492763996124268,-3.562052249908447,1.172945618629456,4.0,9.0,24125.0,7.498,425979152.0
-0.6752878427505493,-0.3680260181427002,0.0672842338681221,2.0,5.0,24141.0,0.772,425979198.0
-1.229079008102417,-0.6692810654640198,0.1718357801437378,6.0,7.0,24143.0,1.41,425979203.0
-6.993812561035156,-3.806818723678589,1.26117467880249,5.0,9.0,24144.0,8.062,425979207.0
-0.6818267107009888,-0.3685085475444794,0.0678071677684784,2.0,5.0,24161.0,0.778,425979253.0
-1.262848019599915,-0.6819650530815125,0.1762230694293976,6.0,7.0,24163.0,1.446,425979258.0
-7.207640647888184,-3.889031887054443,1.297154545783997,5.0,9.0,24165.0,8.292,425979263.0
-0.6619741916656494,-0.3549474477767944,0.06571543216705322,2.0,5.0,24180.0,0.754,425979309.0
-1.282600522041321,-0.6871480345726013,0.1786604523658752,6.0,7.0,24182.0,1.466,425979313.0
-7.743982791900635,-4.147068023681641,1.391328096389771,4.0,9.0,24183.0,8.894,425979318.0
-0.5043070912361145,-0.268257737159729,0.0299361664801836,1.0,3.0,24199.0,0.5720000000000001,425979359.0
-0.7212619185447693,-0.3835017681121826,0.07146771252155304,2.0,5.0,24200.0,0.8200000000000001,425979364.0
-1.297262668609619,-0.6891860365867615,0.1803666353225708,5.0,7.0,24202.0,1.48,425979369.0
-8.315722465515137,-4.414103984832764,1.491133332252502,5.0,9.0,24204.0,9.532,425979373.0
-0.4875746369361877,-0.2571777105331421,0.02888944745063782,2.0,3.0,24219.0,0.552,425979415.0
-0.7384580969810486,-0.3893447816371918,0.07303651422262192,2.0,5.0,24220.0,0.838,425979419.0
-1.345324277877808,-0.7087089419364929,0.1867038309574127,6.0,7.0,24222.0,1.532,425979424.0
-8.774271011352539,-4.620278835296631,1.570602059364319,5.0,9.0,24223.0,10.04,425979428.0
-0.5097072124481201,-0.2665817737579346,0.03014551103115082,1.0,3.0,24239.0,0.5760000000000001,425979470.0
-0.7557036280632019,-0.3950722813606262,0.0746053159236908,3.0,5.0,24240.0,0.856,425979475.0
-1.386499285697937,-0.7242281436920166,0.1920660883188248,5.0,7.0,24242.0,1.576,425979479.0
-9.60546588897705,-5.013080596923828,1.716086030006409,3.0,9.0,24244.0,10.97,425979484.0
-0.5177267789840698,-0.2684787213802338,0.0305641982704401,1.0,3.0,24259.0,0.584,425979525.0
-0.7535402774810791,-0.3905982077121735,0.07425669580698013,3.0,5.0,24260.0,0.852,425979530.0
-1.424273133277893,-0.7376424074172974,0.1969408541917801,5.0,7.0,24262.0,1.616,425979534.0
-10.39565944671631,-5.381694316864014,1.854061245918274,3.0,9.0,24263.0,11.852,425979539.0
-0.5648428797721863,-0.2904144525527954,0.03328566998243332,1.0,3.0,24279.0,0.636,425979581.0
-0.7424947023391724,-0.3815904557704926,0.07303651422262192,2.0,5.0,24280.0,0.838,425979585.0
-1.476284265518188,-0.7580557465553284,0.2037655413150787,5.0,7.0,24282.0,1.672,425979590.0
-11.46706676483154,-5.885684013366699,2.041469812393188,3.0,9.0,24283.0,13.05,425979594.0
-0.5000149607658386,-0.254880279302597,0.02941280789673328,2.0,3.0,24299.0,0.562,425979636.0
-0.7651249766349792,-0.3898506462574005,0.07512824982404709,2.0,5.0,24300.0,0.862,425979640.0
-1.503687977790833,-0.7655062675476074,0.2071778774261475,6.0,7.0,24302.0,1.7,425979645.0
-12.56963157653809,-6.393497467041016,2.233571290969849,3.0,9.0,24304.0,14.278,425979650.0
-0.5187272429466248,-0.2621416449546814,0.03045952692627907,1.0,3.0,24319.0,0.582,425979691.0
-0.7896000742912292,-0.3988556861877441,0.07739429920911789,3.0,5.0,24320.0,0.888,425979696.0
-1.55597186088562,-0.7852963805198669,0.2140025645494461,6.0,7.0,24322.0,1.756,425979700.0
-0.5232105255126953,-0.2621185481548309,0.03066886961460114,1.0,3.0,24339.0,0.586,425979746.0
-0.7945505380630493,-0.3978812694549561,0.07774291932582855,3.0,5.0,24340.0,0.892,425979751.0
-1.61196231842041,-0.8065069317817688,0.2213147282600403,6.0,7.0,24342.0,1.816,425979756.0
-16.3580379486084,-8.177216529846191,2.896540641784668,3.0,9.0,24344.0,18.516,425979760.0
-0.5670538544654846,-0.2816113531589508,0.03318099677562714,1.0,3.0,24359.0,0.634,425979802.0
-0.804857611656189,-0.3995347619056702,0.0786144807934761,2.0,5.0,24360.0,0.902,425979806.0
-1.677010893821716,-0.8317459225654602,0.2298455834388733,6.0,7.0,24362.0,1.886,425979811.0
-19.55828857421875,-9.691805839538574,3.457201719284058,4.0,9.0,24364.0,22.1,425979816.0
-0.5786853432655334,-0.2851249575614929,0.03380902856588364,1.0,3.0,24377.0,0.646,425979857.0
-0.804390549659729,-0.3959836065769196,0.07844016700983047,3.0,5.0,24379.0,0.9,425979862.0
-1.72072958946228,-0.8463309407234192,0.2354515641927719,6.0,7.0,24381.0,1.932,425979866.0
-0.5258819460868835,-0.2567170262336731,0.03066886961460114,1.0,3.0,24398.0,0.586,425979912.0
-0.8200926184654236,-0.4001630842685699,0.07983466237783432,3.0,5.0,24399.0,0.916,425979917.0
-1.773634910583496,-0.8646764159202576,0.2422762513160706,5.0,7.0,24401.0,1.988,425979921.0
-0.5303257703781128,-0.2567121386528015,0.03087821416556835,1.0,3.0,24417.0,0.59,425979968.0
-0.8376271724700928,-0.4051051735877991,0.0814034640789032,3.0,5.0,24419.0,0.934,425979972.0
-1.849924445152283,-0.8938901424407959,0.2522695362567902,5.0,7.0,24421.0,2.07,425979977.0
-0.5744364261627197,-0.2755937278270721,0.0333903394639492,1.0,3.0,24437.0,0.638,425980023.0
-0.8444260954856873,-0.4047624170780182,0.08192639797925949,3.0,5.0,24439.0,0.9400000000000001,425980027.0
-1.926438689231873,-0.9225813746452332,0.2622628211975098,5.0,7.0,24441.0,2.152,425980032.0
-0.5537499785423279,-0.2632952034473419,0.0321342758834362,1.0,3.0,24457.0,0.614,425980078.0
-0.8439642190933228,-0.401104748249054,0.08175208419561386,3.0,5.0,24458.0,0.9380000000000001,425980083.0
-2.003008842468262,-0.9510985016822815,0.2722561061382294,4.0,7.0,24460.0,2.234,425980087.0
-0.5762990117073059,-0.2716773152351379,0.0333903394639492,1.0,3.0,24476.0,0.638,425980133.0
-0.857976496219635,-0.4040989577770233,0.08297226577997208,3.0,5.0,24478.0,0.9520000000000001,425980138.0
-2.036851406097412,-0.9584695100784302,0.2763996720314026,4.0,7.0,24480.0,2.268,425980143.0
-0.5845296382904053,-0.2729433476924896,0.03380902856588364,1.0,3.0,24497.0,0.646,425980189.0
-0.8793131113052368,-0.41021728515625,0.08488969504833221,3.0,5.0,24499.0,0.974,425980193.0
-2.083532571792603,-0.971124529838562,0.282249391078949,4.0,7.0,24501.0,2.316,425980198.0
-0.4950501918792725,-0.2301097810268402,-0.009529014118015766,1.0,14.0,24507.0,0.546,425980214.0
-0.6362323760986328,-0.2943849861621857,0.03673984110355377,1.0,3.0,24517.0,0.7020000000000001,425980244.0
-0.902441680431366,-0.4171777367591858,0.08698143064975739,3.0,5.0,24519.0,0.998,425980249.0
-2.20765495300293,-1.019612312316895,0.2985799014568329,4.0,7.0,24521.0,2.45,425980253.0
-0.6081587076187134,-0.2789505422115326,0.03506509214639664,1.0,3.0,24536.0,0.67,425980299.0
-0.9201214909553528,-0.4216530621051788,0.08855023235082626,4.0,5.0,24538.0,1.016,425980304.0
-2.331953525543213,-1.067651748657227,0.3149103820323944,4.0,7.0,24540.0,2.584,425980308.0
-0.6600409746170044,-0.299963653087616,0.03799590468406677,1.0,3.0,24556.0,0.726,425980355.0
-0.9324725866317749,-0.4233808815479279,0.08959610015153885,4.0,5.0,24558.0,1.028,425980359.0
-2.364590883255005,-1.072625994682312,0.3188101947307587,5.0,7.0,24560.0,2.616,425980364.0
-0.6538507342338562,-0.2942637801170349,0.03757721558213234,1.0,3.0,24577.0,0.718,425980410.0
-0.9375788569450378,-0.4217580854892731,0.08994472771883011,4.0,5.0,24578.0,1.032,425980414.0
-2.476958990097046,-1.113189578056335,0.333434522151947,5.0,7.0,24580.0,2.736,425980419.0
-0.6256873607635498,-0.2789666056632996,0.0359024666249752,1.0,3.0,24597.0,0.686,425980465.0
-0.9499644637107849,-0.4233488142490387,0.0909905955195427,4.0,5.0,24598.0,1.044,425980470.0
-2.578757286071777,-1.148136734962463,0.3465964198112488,4.0,7.0,24600.0,2.844,425980474.0
-0.6230033040046692,-0.2751669585704803,0.03569312393665314,1.0,3.0,24617.0,0.682,425980520.0
-0.9805992245674133,-0.4329047501087189,0.09377957880496979,4.0,5.0,24618.0,1.076,425980525.0
-2.666298151016235,-1.17597758769989,0.357808381319046,4.0,7.0,24620.0,2.936,425980530.0
-0.5476923584938049,-0.2398502975702286,0.0104365386068821,2.0,1.0,24635.0,0.598,425980571.0
-0.5983428955078125,-0.2617827653884888,0.03422771394252777,1.0,3.0,24637.0,0.654,425980576.0
-0.9821043610572815,-0.42947918176651,0.09377957880496979,4.0,5.0,24638.0,1.076,425980580.0
-2.817731142044067,-1.231036424636841,0.3775512278079987,4.0,7.0,24640.0,3.098,425980585.0
-0.6872168183326721,-0.2978125810623169,0.03925196826457977,1.0,3.0,24657.0,0.75,425980631.0
-1.000051856040955,-0.4331755638122559,0.09534838050603867,4.0,5.0,24658.0,1.094,425980636.0
-2.934964418411255,-1.270072460174561,0.3926630318164825,4.0,7.0,24660.0,3.222,425980640.0
-0.6442040205001831,-0.2765055596828461,0.03673984110355377,1.0,3.0,24677.0,0.7020000000000001,425980686.0
-1.030853748321533,-0.4422504901885986,0.09813736379146576,4.0,5.0,24678.0,1.126,425980691.0
-3.094468116760254,-1.326290726661682,0.4133808016777039,4.0,7.0,24680.0,3.392,425980696.0
-0.6230621337890625,-0.2649876773357391,0.03548377752304077,1.0,3.0,24696.0,0.678,425980742.0
-1.032314658164978,-0.438829630613327,0.09813736379146576,4.0,5.0,24697.0,1.126,425980746.0
-3.210305452346802,-1.363355159759521,0.4282488822937012,3.0,7.0,24699.0,3.514,425980751.0
-0.646071195602417,-0.2721142470836639,0.03673984110355377,1.0,3.0,24716.0,0.7020000000000001,425980797.0
-1.072402596473694,-0.4514574408531189,0.1017979085445404,4.0,5.0,24717.0,1.168,425980802.0
-3.41998815536499,-1.438333034515381,0.4555476009845734,3.0,7.0,24719.0,3.738,425980806.0
-0.691257655620575,-0.2883091568946838,0.03925196826457977,1.0,3.0,24736.0,0.75,425980852.0
-1.08132791519165,-0.4507777988910675,0.1024951562285423,4.0,5.0,24737.0,1.176,425980857.0
-4.101189613342285,-1.708000302314758,0.5454871654510498,3.0,7.0,24739.0,4.476,425980861.0
-0.6774916052818298,-0.279795378446579,0.03841459006071091,1.0,3.0,24756.0,0.734,425980908.0
-1.095786452293396,-0.4523219466209412,0.1037153303623199,4.0,5.0,24757.0,1.19,425980912.0
-4.373227119445801,-1.803407192230225,0.5808292627334595,3.0,7.0,24759.0,4.766,425980917.0
-0.6933029890060425,-0.2833552658557892,0.03925196826457977,1.0,3.0,24777.0,0.75,425980963.0
-1.121414542198181,-0.458097517490387,0.1059813797473907,4.0,5.0,24778.0,1.216,425980967.0
-4.633443355560303,-1.890873074531555,0.6144652366638184,3.0,7.0,24780.0,5.042,425980972.0
-0.6905850172042847,-0.2794351577758789,0.03904262185096741,3.0,3.0,24797.0,0.746,425981018.0
-1.141477346420288,-0.4616503119468689,0.1077244952321053,4.0,5.0,24798.0,1.236,425981023.0
-5.188498020172119,-2.096289157867432,0.6870993375778198,4.0,7.0,24800.0,5.638,425981027.0
-0.7156086564064026,-0.2868027091026306,0.04040335863828659,3.0,3.0,24816.0,0.772,425981073.0
-1.178142786026001,-0.4719391763210297,0.1110364198684692,4.0,5.0,24817.0,1.274,425981078.0
-5.529004096984863,-2.212563276290894,0.7312160730361938,5.0,7.0,24819.0,6.0,425981083.0
-0.722174882888794,-0.2865126430988312,0.04071737453341484,3.0,3.0,24836.0,0.778,425981129.0
-1.209416389465332,-0.4795745015144348,0.1138254031538963,4.0,5.0,24837.0,1.306,425981133.0
-5.730477809906006,-2.270013809204102,0.7568086385726929,5.0,7.0,24839.0,6.21,425981138.0
-0.5564578175544739,-0.2187459319829941,0.0104365386068821,2.0,1.0,24854.0,0.598,425981179.0
-0.7398513555526733,-0.2906896471977234,0.04165942221879959,3.0,3.0,24855.0,0.796,425981184.0
-1.2259202003479,-0.4811735153198242,0.1152198910713196,4.0,5.0,24857.0,1.322,425981189.0
-5.878822803497314,-2.305069208145142,0.7753327488899231,5.0,7.0,24859.0,6.362,425981193.0
-0.7390502095222473,-0.2872524261474609,0.04155474901199341,3.0,3.0,24876.0,0.794,425981239.0
-1.255450010299683,-0.4877133667469025,0.117834560573101,4.0,5.0,24877.0,1.352,425981244.0
-6.082999229431152,-2.360661506652832,0.8011690378189087,3.0,7.0,24879.0,6.574,425981248.0
-0.7306788563728333,-0.2812131643295288,0.04103139042854309,3.0,3.0,24895.0,0.784,425981295.0
-1.292478680610657,-0.4969127178192139,0.121146485209465,3.0,5.0,24897.0,1.39,425981299.0
-6.372876644134521,-2.447594404220581,0.8382173180580139,3.0,7.0,24899.0,6.878,425981304.0
-0.5098277926445007,-0.1951942592859268,-0.009529014118015766,1.0,14.0,24905.0,0.546,425981320.0
-0.7447212934494019,-0.2836369872093201,0.04176409170031548,3.0,3.0,24915.0,0.798,425981350.0
-1.316551446914673,-0.5008999109268188,0.1232382208108902,3.0,5.0,24917.0,1.414,425981354.0
-6.668998241424561,-2.53464674949646,0.8759968280792236,5.0,7.0,24919.0,7.188,425981359.0
-0.7624770998954773,-0.287507951259613,0.04270613938570023,3.0,3.0,24934.0,0.8160000000000001,425981405.0
-1.347948670387268,-0.5080035328865051,0.1260271966457367,3.0,5.0,24935.0,1.446,425981410.0
-6.970460414886475,-2.624190092086792,0.9145075678825378,5.0,7.0,24937.0,7.504,425981414.0
-0.5601177215576172,-0.209196612238884,0.0104365386068821,2.0,1.0,24952.0,0.598,425981456.0
-0.7634263634681702,-0.2849778831005096,0.04270613938570023,3.0,3.0,24953.0,0.8160000000000001,425981460.0
-1.416919350624084,-0.5283555388450623,0.1323024183511734,3.0,5.0,24955.0,1.518,425981465.0
-7.453936576843262,-2.776537656784058,0.9766609072685242,4.0,7.0,24957.0,8.014,425981470.0
-0.5608445405960083,-0.2072401642799377,0.0104365386068821,2.0,1.0,24972.0,0.598,425981511.0
-0.7812785506248474,-0.2885387539863586,0.04364818707108498,3.0,3.0,24973.0,0.834,425981516.0
-1.454270601272583,-0.5365087389945984,0.1356143355369568,4.0,5.0,24975.0,1.556,425981520.0
-8.178834915161133,-3.01408839225769,1.070256590843201,4.0,7.0,24977.0,8.782,425981525.0
-0.8160485625267029,-0.2981469333171844,0.04553228244185448,2.0,3.0,24993.0,0.87,425981571.0
-1.487952351570129,-0.5430413484573364,0.1385776251554489,4.0,5.0,24995.0,1.59,425981576.0
-9.440735816955566,-3.441745758056641,1.233805179595947,6.0,7.0,24997.0,10.124,425981580.0
-0.5623486042022705,-0.2031234204769135,0.0104365386068821,2.0,1.0,25014.0,0.598,425981622.0
-0.7871298789978027,-0.2841603755950928,0.04385752975940704,3.0,3.0,25015.0,0.838,425981626.0
-1.520014524459839,-0.5481380820274353,0.1413666158914566,4.0,5.0,25017.0,1.622,425981631.0
-9.754568099975586,-3.513783693313599,1.273047208786011,5.0,7.0,25019.0,10.446,425981635.0
-0.5630542039871216,-0.2011592239141464,0.0104365386068821,2.0,1.0,25034.0,0.598,425981677.0
-0.8200930953025818,-0.2928286790847778,0.04563695564866066,2.0,3.0,25035.0,0.872,425981682.0
-1.551944136619568,-0.5535382628440857,0.1441555917263031,4.0,5.0,25037.0,1.654,425981686.0
-10.05474662780762,-3.582311868667603,1.310582876205444,2.0,7.0,25039.0,10.754,425981691.0
-0.5636833906173706,-0.1993893533945084,0.0104365386068821,2.0,1.0,25052.0,0.598,425981732.0
-0.8248259425163269,-0.2914383113384247,0.04584629833698273,2.0,3.0,25054.0,0.876,425981737.0
-1.57809841632843,-0.5572845935821533,0.1464216411113739,4.0,5.0,25055.0,1.68,425981741.0
-11.71896076202393,-4.133795738220215,1.525804162025452,1.0,7.0,25057.0,12.52,425981746.0
-0.5150160193443298,-0.181062713265419,-0.009529014118015766,1.0,14.0,25063.0,0.546,425981762.0
-0.5643759369850159,-0.1974205076694489,0.0104365386068821,2.0,1.0,25072.0,0.598,425981788.0
-0.8446930050849915,-0.2951454222202301,0.04689301550388336,2.0,3.0,25074.0,0.896,425981792.0
-1.632701873779297,-0.5701650381088257,0.1513023674488068,4.0,5.0,25075.0,1.736,425981797.0
-13.74822616577148,-4.795711994171143,1.78782331943512,2.0,7.0,25077.0,14.67,425981801.0
-0.565061628818512,-0.1954492628574371,0.0104365386068821,2.0,1.0,25092.0,0.598,425981843.0
-0.8532691597938538,-0.2948039770126343,0.04731170460581779,2.0,3.0,25094.0,0.904,425981847.0
-1.687413811683655,-0.5826708078384399,0.1561830937862396,4.0,5.0,25095.0,1.792,425981852.0
-14.06138610839844,-4.849960327148438,1.826333999633789,1.0,7.0,25097.0,14.986,425981857.0
-0.6035826206207275,-0.2064171582460403,0.01113463565707207,2.0,1.0,25112.0,0.638,425981898.0
-0.8524029850959778,-0.2911780774593353,0.04720703139901161,4.0,3.0,25114.0,0.902,425981903.0
-1.749774575233459,-0.59737628698349,0.1617610603570938,4.0,5.0,25115.0,1.856,425981907.0
-18.27746200561523,-6.232836723327637,2.371089935302734,2.0,7.0,25117.0,19.456,425981912.0
-0.5664123296737671,-0.1914996653795242,0.0104365386068821,2.0,1.0,25132.0,0.598,425981953.0
-0.8666600584983826,-0.2926740348339081,0.0479397363960743,2.0,3.0,25134.0,0.916,425981958.0
-1.79338002204895,-0.6052818298339844,0.1655959039926529,5.0,5.0,25135.0,1.9,425981963.0
-18.60760307312012,-6.272998809814453,2.411063194274902,2.0,7.0,25137.0,19.784,425981967.0
-0.61259526014328,-0.2047337591648102,0.01127425488084555,2.0,1.0,25152.0,0.646,425982009.0
-0.8979882597923279,-0.2997657358646393,0.04961448535323143,2.0,3.0,25154.0,0.9480000000000001,425982013.0
-1.827611565589905,-0.6097373366355896,0.1685592085123062,5.0,5.0,25155.0,1.934,425982018.0
-22.18501663208008,-7.392876625061035,2.871241807937622,3.0,7.0,25157.0,23.56,425982023.0
-0.5677681565284729,-0.1874416321516037,0.0104365386068821,2.0,1.0,25173.0,0.598,425982064.0
-0.9161520600318909,-0.3021016418933868,0.05055653303861618,3.0,3.0,25175.0,0.966,425982069.0
-1.909309864044189,-0.6292265057563782,0.1758802831172943,5.0,5.0,25176.0,2.018,425982073.0
-0.5950339436531067,-0.1941422969102859,0.01092520635575056,2.0,1.0,25193.0,0.626,425982119.0
-0.9134030938148499,-0.2976641654968262,0.05034719035029411,3.0,3.0,25195.0,0.962,425982124.0
-1.955066800117493,-0.6367490887641907,0.1798894554376602,5.0,5.0,25196.0,2.064,425982129.0
-0.6070590019226074,-0.1959577053785324,0.01113463565707207,2.0,1.0,25211.0,0.638,425982175.0
-0.9295409321784973,-0.299696147441864,0.05118456482887268,3.0,3.0,25213.0,0.978,425982179.0
-2.017741680145264,-0.6501575112342834,0.1854674220085144,5.0,5.0,25214.0,2.128,425982184.0
-0.5963084697723389,-0.1901916414499283,0.01092520635575056,2.0,1.0,25231.0,0.626,425982230.0
-0.9496117234230042,-0.302511990070343,0.05223128572106361,3.0,3.0,25233.0,0.998,425982235.0
-2.082648992538452,-0.6630564332008362,0.1912197023630142,5.0,5.0,25234.0,2.194,425982239.0
-0.6275537014007568,-0.1975057274103165,0.01148368325084448,2.0,1.0,25253.0,0.658,425982285.0
-0.9545769691467285,-0.3000613749027252,0.05244062840938568,2.0,3.0,25255.0,1.002,425982290.0
-2.130798816680908,-0.6693859100341797,0.1954031735658646,4.0,5.0,25256.0,2.242,425982294.0
-0.609143853187561,-0.1893773525953293,0.01113463565707207,2.0,1.0,25273.0,0.638,425982341.0
-0.9899521470069885,-0.3073883056640625,0.05432472378015518,3.0,3.0,25275.0,1.038,425982345.0
-2.233974933624268,-0.6932401657104492,0.2046416848897934,4.0,5.0,25276.0,2.348,425982350.0
-65.8064193725586,-20.39566421508789,8.459195137023926,22.0,7.0,25278.0,69.412,425982354.0
-0.5216151475906372,-0.1610678881406784,-0.009529014118015766,1.0,14.0,25284.0,0.546,425982370.0
-0.6441409587860107,-0.1980405747890472,0.01176292169839144,2.0,1.0,25291.0,0.674,425982396.0
-0.9851851463317871,-0.3025179505348206,0.05401070788502693,2.0,3.0,25293.0,1.032,425982400.0
-2.32947301864624,-0.714859664440155,0.2131829410791397,4.0,5.0,25294.0,2.446,425982405.0
-63.12573623657227,-19.3476734161377,8.106748580932617,15.0,7.0,25296.0,66.52,425982410.0
-0.6448283195495605,-0.1957909017801285,0.01176292169839144,2.0,1.0,25311.0,0.674,425982451.0
-0.9785898923873901,-0.2967587411403656,0.0535920187830925,2.0,3.0,25313.0,1.024,425982456.0
-2.383436441421509,-0.7223261594772339,0.2178893536329269,5.0,5.0,25314.0,2.5,425982460.0
-63.00859069824219,-19.0714225769043,8.08310604095459,14.0,7.0,25316.0,66.32600000000001,425982465.0
-0.6455753445625305,-0.1933134943246841,0.01176292169839144,2.0,1.0,25333.0,0.674,425982506.0
-0.9969438314437866,-0.2981494069099426,0.05453406646847725,2.0,3.0,25335.0,1.042,425982511.0
-2.470186233520508,-0.7382726669311523,0.2255590558052063,5.0,5.0,25336.0,2.588,425982516.0
-70.67668151855469,-21.09650039672852,9.056354522705078,33.0,7.0,25338.0,74.312,425982520.0
-0.6385756134986877,-0.1887910813093185,0.01162330247461796,2.0,1.0,25353.0,0.666,425982562.0
-1.047781586647034,-0.3093727231025696,0.05725553631782532,2.0,3.0,25355.0,1.094,425982566.0
-2.56078314781189,-0.7551366686820984,0.2335773855447769,5.0,5.0,25357.0,2.68,425982571.0
-63.36948013305664,-18.67469024658203,8.111623764038086,15.0,7.0,25358.0,66.56,425982575.0
-0.4854385554790497,-0.1425041556358337,-0.008830917999148369,1.0,14.0,25364.0,0.506,425982592.0
-0.6391981840133667,-0.1866724491119385,0.01162330247461796,2.0,1.0,25372.0,0.666,425982617.0
-1.064140796661377,-0.3103702664375305,0.05809291079640388,2.0,3.0,25374.0,1.11,425982622.0
-2.693212747573853,-0.7849999070167542,0.2454305738210678,5.0,5.0,25375.0,2.816,425982626.0
-66.20235443115234,-19.27115821838379,8.466019630432129,22.0,7.0,25377.0,69.468,425982631.0
-0.6398459076881409,-0.184440091252327,0.01162330247461796,2.0,1.0,25392.0,0.666,425982672.0
-1.061379075050354,-0.305548757314682,0.05788356810808182,2.0,3.0,25394.0,1.106,425982677.0
-2.778409242630005,-0.7987956404685974,0.2529259622097015,5.0,5.0,25396.0,2.902,425982681.0
-63.60960006713867,-18.27581024169922,8.12624740600586,15.0,7.0,25397.0,66.68,425982686.0
-0.6481471061706543,-0.1845072656869888,0.01176292169839144,2.0,1.0,25411.0,0.674,425982727.0
-1.102730274200439,-0.3134968280792236,0.06008167937397957,2.0,3.0,25413.0,1.148,425982732.0
-2.924645900726318,-0.830900251865387,0.2659993171691895,5.0,5.0,25414.0,3.052,425982737.0
-63.41395568847656,-17.99216651916504,8.093586921691895,15.0,7.0,25416.0,66.412,425982741.0
-0.4868561923503876,-0.1375828832387924,-0.008830917999148369,1.0,14.0,25422.0,0.506,425982757.0
-0.6410865187644958,-0.1800805628299713,0.01162330247461796,2.0,1.0,25431.0,0.666,425982783.0
-1.138432264328003,-0.3193558156490326,0.06196577101945877,3.0,3.0,25433.0,1.184,425982787.0
-3.061968326568604,-0.8577980399131775,0.2782011330127716,4.0,5.0,25435.0,3.192,425982792.0
-58.52916717529297,-16.38569259643555,7.462790966033936,2.0,7.0,25436.0,61.236,425982797.0
-0.4873335063457489,-0.1358826011419296,-0.008830917999148369,1.0,14.0,25442.0,0.506,425982813.0
-0.672511637210846,-0.1865039765834808,0.01218177936971188,2.0,1.0,25450.0,0.6980000000000001,425982838.0
-1.162582755088806,-0.3219757378101349,0.06322183459997177,4.0,3.0,25452.0,1.208,425982843.0
-3.152977705001831,-0.8726204633712769,0.286219447851181,4.0,5.0,25453.0,3.284,425982847.0
-61.57184600830078,-17.01753425598145,7.84351110458374,10.0,7.0,25455.0,64.36,425982852.0
-0.6731585264205933,-0.1841553300619125,0.01218177936971188,2.0,1.0,25470.0,0.6980000000000001,425982893.0
-1.171406149864197,-0.320021003484726,0.0636405199766159,4.0,3.0,25472.0,1.216,425982898.0
-3.344524621963501,-0.9124491810798645,0.303301990032196,4.0,5.0,25474.0,3.48,425982903.0
-66.87084197998047,-18.23108291625977,8.510379791259766,22.0,7.0,25475.0,69.83200000000001,425982907.0
-0.6738289594650269,-0.1816868484020233,0.01218177936971188,2.0,1.0,25491.0,0.6980000000000001,425982949.0
-1.186071276664734,-0.3193604350090027,0.06437322497367859,4.0,3.0,25493.0,1.23,425982953.0
-3.568944454193115,-0.9603026509284973,0.323347806930542,3.0,5.0,25494.0,3.71,425982958.0
-58.88350296020508,-15.82185554504395,7.486433982849121,3.0,7.0,25496.0,61.43,425982962.0
-62.02546310424805,-16.64288139343262,10.17136859893799,11.0,9.0,25498.0,65.02,425982967.0
-0.5273644924163818,-0.1411096006631851,-0.009529014118015766,1.0,14.0,25502.0,0.546,425982979.0
-0.6821892857551575,-0.1813890486955643,0.01232139859348536,2.0,1.0,25511.0,0.706,425983004.0
-1.204552173614502,-0.3198312819004059,0.06531527638435364,4.0,3.0,25513.0,1.248,425983009.0
-3.830503225326538,-1.015639543533325,0.3467055559158325,3.0,5.0,25515.0,3.978,425983013.0
-58.79829788208008,-15.57910251617432,7.468640804290771,3.0,7.0,25516.0,61.284,425983018.0
-59.96345520019531,-15.86542224884033,9.824084281921387,6.0,9.0,25518.0,62.8,425983022.0
-0.496917337179184,-0.1311056762933731,-0.008970537222921848,1.0,14.0,25522.0,0.514,425983034.0
-0.7060624957084656,-0.1849686354398727,0.01274025626480579,2.0,1.0,25532.0,0.73,425983059.0
-1.234699845314026,-0.3229962885379791,0.06688535213470459,4.0,3.0,25534.0,1.278,425983064.0
-4.25039005279541,-1.111105442047119,0.384356826543808,3.0,5.0,25535.0,4.41,425983068.0
-15.81528854370117,-4.12841796875,2.006944417953491,12.0,7.0,25537.0,16.468,425983073.0
-0.5051360726356506,-0.1312956959009171,-0.009110156446695328,1.0,14.0,25543.0,0.522,425983089.0
-0.7067039012908936,-0.1825028955936432,0.01274025626480579,2.0,1.0,25552.0,0.73,425983115.0
-1.268697619438171,-0.3271627426147461,0.06866477429866791,4.0,3.0,25554.0,1.312,425983119.0
-4.617170333862305,-1.188924312591553,0.4171273708343506,2.0,5.0,25556.0,4.786,425983124.0
-15.65081405639648,-4.027182102203369,1.984276652336121,6.0,7.0,25557.0,16.282,425983128.0
-0.5055912733078003,-0.1295316368341446,-0.009110156446695328,1.0,14.0,25563.0,0.522,425983145.0
-0.7111492156982422,-0.1812696605920792,0.01281006634235382,2.0,1.0,25570.0,0.734,425983170.0
-1.296816825866699,-0.330072432756424,0.07013018429279327,4.0,3.0,25572.0,1.34,425983174.0
-6.061139106750488,-1.541585683822632,0.547163724899292,2.0,5.0,25573.0,6.278,425983179.0
-15.63837623596191,-3.971641540527344,1.981108069419861,1.0,7.0,25575.0,16.256,425983184.0
-0.5408920049667358,-0.1367662698030472,-0.009738442488014698,1.0,14.0,25581.0,0.558,425983200.0
-0.7389299273490906,-0.1856063604354858,0.01329873409122229,1.0,1.0,25590.0,0.762,425983225.0
-1.309584617614746,-0.3284589946269989,0.07075821608304977,3.0,3.0,25592.0,1.352,425983230.0
-6.391442775726318,-1.600676655769348,0.5764480829238892,3.0,5.0,25594.0,6.614,425983234.0
-58.82263946533203,-14.72066593170166,7.445241928100586,2.0,7.0,25595.0,61.092,425983239.0
-0.5297238230705261,-0.1319767832756042,-0.009529014118015766,1.0,14.0,25601.0,0.546,425983255.0
-0.7628998756408691,-0.1886573284864426,0.01371759176254272,1.0,1.0,25611.0,0.786,425983280.0
-1.33986508846283,-0.3308386504650116,0.07232829183340073,3.0,3.0,25613.0,1.382,425983285.0
-6.66780424118042,-1.645175457000732,0.6008517146110535,4.0,5.0,25614.0,6.894,425983290.0
-59.00341033935547,-14.53631210327148,7.461328506469727,5.0,7.0,25616.0,61.224,425983294.0
-0.5107825994491577,-0.125271201133728,-0.00917996559292078,1.0,14.0,25622.0,0.526,425983310.0
-0.7635537981987,-0.1859931647777557,0.01371759176254272,1.0,1.0,25631.0,0.786,425983336.0
-1.391469478607178,-0.3384319245815277,0.0750497579574585,3.0,3.0,25633.0,1.434,425983340.0
-7.053267955780029,-1.712881803512573,0.6350167393684387,3.0,5.0,25635.0,7.286,425983345.0
-59.71740341186523,-14.49129867553711,7.545174598693848,4.0,7.0,25636.0,61.912,425983350.0
-0.5462049841880798,-0.1319390833377838,-0.009808252565562725,1.0,14.0,25642.0,0.562,425983366.0
-0.79527747631073,-0.1909292191267014,0.01427606865763664,1.0,1.0,25650.0,0.8180000000000001,425983391.0
-1.419775485992432,-0.3403338193893433,0.07651516795158386,3.0,3.0,25652.0,1.462,425983396.0
-7.450006008148193,-1.784463047981262,0.6702276468276978,3.0,5.0,25653.0,7.69,425983400.0
-14.96831130981445,-3.579761505126953,1.889706015586853,1.0,7.0,25655.0,15.506,425983405.0
-0.5155141353607178,-0.1227177083492279,-0.009249775670468807,1.0,14.0,25661.0,0.53,425983421.0
-0.8076154589653015,-0.190912202000618,0.01448549702763557,1.0,1.0,25670.0,0.8300000000000001,425983446.0
-1.461775660514832,-0.3450103998184204,0.07871327549219131,3.0,3.0,25672.0,1.504,425983451.0
-7.945192337036133,-1.872308135032654,0.7141541838645935,2.0,5.0,25674.0,8.194,425983456.0
-0.4925760626792908,-0.1154419705271721,-0.008830917999148369,1.0,14.0,25681.0,0.506,425983476.0
-0.788832426071167,-0.1834219247102737,0.01413644943386316,1.0,1.0,25691.0,0.81,425983502.0
-1.492213129997253,-0.3464253544807434,0.08028335869312286,3.0,3.0,25693.0,1.534,425983506.0
-8.578575134277344,-1.989984750747681,0.7704567909240723,2.0,5.0,25694.0,8.84,425983511.0
-0.5436594486236572,-0.1253138035535812,-0.009738442488014698,1.0,14.0,25702.0,0.558,425983532.0
-0.8323525190353394,-0.1904812902212143,0.01490435469895601,1.0,1.0,25711.0,0.854,425983557.0
-1.522619605064392,-0.3478874862194061,0.08185343444347382,3.0,3.0,25713.0,1.564,425983562.0
-9.067549705505371,-2.068419694900513,0.8136860132217407,1.0,5.0,25715.0,9.336,425983566.0
-14.69590187072754,-3.349617958068848,1.85070788860321,37.0,7.0,25716.0,15.186,425983571.0
-14.72722339630127,-3.351349592208862,2.3921959400177,21.0,9.0,25718.0,15.292,425983575.0
-0.5323926210403442,-0.1207612231373787,-0.009529014118015766,1.0,14.0,25722.0,0.546,425983587.0
-0.821274995803833,-0.1850823163986206,0.01469492632895708,1.0,1.0,25730.0,0.842,425983612.0
-1.558838725090027,-0.3507277369499207,0.08373752981424332,4.0,3.0,25732.0,1.6,425983617.0
-10.78461170196533,-2.424484252929688,0.9670801162719727,4.0,5.0,25733.0,11.096,425983621.0
-14.70111846923828,-3.299561977386475,1.849976658821106,49.0,7.0,25735.0,15.18,425983626.0
-14.68042850494385,-3.289536237716675,2.38280987739563,52.0,9.0,25737.0,15.232,425983631.0
-0.5640159845352173,-0.1259691566228867,-0.01008749101310968,1.0,14.0,25741.0,0.578,425983642.0
-0.8297252058982849,-0.1839456558227539,0.01483454555273056,1.0,1.0,25750.0,0.85,425983668.0
-1.604905009269714,-0.3552111685276031,0.08614498376846313,4.0,3.0,25752.0,1.646,425983672.0
-11.20391750335693,-2.475643873214722,1.003859877586365,3.0,5.0,25754.0,11.518,425983677.0
-14.72805404663086,-3.251649141311646,1.851926565170288,56.0,7.0,25755.0,15.196,425983681.0
-14.68217658996582,-3.236145973205566,2.381245374679565,59.0,9.0,25757.0,15.222,425983686.0
-0.5722647309303284,-0.1257158666849136,-0.01022711023688316,1.0,14.0,25761.0,0.586,425983697.0
-0.8303938508033752,-0.1809033155441284,0.01483454555273056,1.0,1.0,25771.0,0.85,425983723.0
-1.643277168273926,-0.3573911488056183,0.08813375234603882,4.0,3.0,25773.0,1.684,425983727.0
-11.94649219512939,-2.596021175384521,1.069575309753418,1.0,5.0,25774.0,12.272,425983732.0
-14.74181270599365,-3.198067188262939,1.85217022895813,44.0,7.0,25776.0,15.198,425983737.0
-14.68814754486084,-3.181056976318359,2.380306720733643,56.0,9.0,25778.0,15.216,425983741.0
-0.5844497680664062,-0.126148983836174,-0.0104365386068821,1.0,14.0,25782.0,0.598,425983753.0
-0.8329755663871765,-0.1784224361181259,0.01486945059150457,1.0,1.0,25791.0,0.852,425983778.0
-1.685529947280884,-0.3604232966899872,0.09033185988664627,4.0,3.0,25793.0,1.726,425983783.0
-13.22439289093018,-2.82299542427063,1.183052062988281,7.0,5.0,25795.0,13.574,425983787.0
-14.65581512451172,-3.125885248184204,1.839983344078064,24.0,7.0,25796.0,15.098,425983792.0
-14.70495796203613,-3.131000518798828,2.381245374679565,47.0,9.0,25798.0,15.222,425983797.0
-0.5340268611907959,-0.1133160889148712,-0.009529014118015766,1.0,14.0,25802.0,0.546,425983808.0
-0.8512044548988342,-0.1792217642068863,0.01518359314650297,3.0,1.0,25811.0,0.87,425983833.0
-1.723850965499878,-0.3626439571380615,0.09232062846422195,4.0,3.0,25812.0,1.764,425983838.0
-15.16598987579346,-3.184918880462646,1.355794787406921,11.0,5.0,25814.0,15.556,425983843.0
-14.49566555023193,-3.038865327835083,1.818534374237061,8.0,7.0,25816.0,14.922,425983847.0
-14.75586128234863,-3.090724468231201,2.387815713882446,56.0,9.0,25817.0,15.264,425983852.0
-0.5344191193580627,-0.1114512979984283,-0.009529014118015766,1.0,14.0,25822.0,0.546,425983863.0
-0.8537830710411072,-0.176654577255249,0.01521849818527699,3.0,1.0,25831.0,0.872,425983889.0
-1.734948396682739,-0.3583432734012604,0.09284398704767227,4.0,3.0,25833.0,1.774,425983893.0
-15.25506591796875,-3.148066997528076,1.362767219543457,33.0,5.0,25834.0,15.636,425983898.0
-14.47507667541504,-2.981839179992676,1.814634561538696,4.0,7.0,25836.0,14.89,425983902.0
-14.79030895233154,-3.04139518737793,2.391570091247559,58.0,9.0,25838.0,15.288,425983907.0
-0.5622308254241943,-0.1152049005031586,-0.01001768093556166,1.0,14.0,25842.0,0.5740000000000001,425983919.0
-0.8778787851333618,-0.1786064654588699,0.01563735678792,3.0,1.0,25850.0,0.896,425983944.0
-1.802611589431763,-0.3664178550243378,0.09640283137559891,4.0,3.0,25851.0,1.842,425983949.0
-16.37210273742676,-3.316065788269043,2.051061153411865,4.0,7.0,25855.0,16.83,425983958.0
-14.81773948669434,-2.995855331420898,2.394385814666748,45.0,9.0,25857.0,15.306,425983962.0
-0.5508478879928589,-0.1109703704714775,-0.009808252565562725,1.0,14.0,25861.0,0.562,425983974.0
-0.8804578185081482,-0.175932839512825,0.01567226089537144,3.0,1.0,25870.0,0.898,425983999.0
-1.852844834327698,-0.369898647069931,0.09901963174343109,4.0,3.0,25871.0,1.892,425984004.0
-24.68255424499512,-4.918622493743896,2.201902627944946,6.0,5.0,25873.0,25.264,425984008.0
-16.2823371887207,-3.238758325576782,2.038386583328247,12.0,7.0,25875.0,16.726,425984013.0
-14.89204597473145,-2.956808567047119,2.404710531234741,31.0,9.0,25877.0,15.372,425984018.0
-0.5551552176475525,-0.1098230108618736,-0.009878061711788177,1.0,14.0,25881.0,0.5660000000000001,425984029.0
-0.9045830368995667,-0.1776361018419266,0.01609111949801445,3.0,1.0,25889.0,0.922,425984054.0
-1.928603291511536,-0.3780273795127869,0.1029971614480019,4.0,3.0,25891.0,1.968,425984059.0
-51.26081085205078,-10.03839111328125,4.569924354553223,1.0,5.0,25892.0,52.434,425984064.0
-0.5987013578414917,-0.1163757592439651,-0.0106459679082036,1.0,14.0,25900.0,0.61,425984084.0
-0.9012705087661743,-0.1737204790115356,0.01602130942046642,3.0,1.0,25909.0,0.918,425984110.0
-1.976915717124939,-0.3806939721107483,0.1055092886090279,4.0,3.0,25910.0,2.016,425984114.0
-51.32097625732422,-9.86428451538086,4.572190284729004,1.0,5.0,25912.0,52.46,425984119.0
-51.70375823974609,-9.919144630432129,6.464193820953369,0.0,7.0,25914.0,53.042,425984124.0
-0.5833897590637207,-0.1112875491380692,-0.01036672946065664,1.0,14.0,25920.0,0.594,425984140.0
-0.9372389316558838,-0.1772625595331192,0.01664959639310837,3.0,1.0,25929.0,0.9540000000000001,425984165.0
-2.035145998001099,-0.3845448195934296,0.1085447743535042,4.0,3.0,25930.0,2.074,425984170.0
-52.66295623779297,-9.931731224060059,4.688630104064941,0.0,5.0,25932.0,53.796,425984174.0
-51.54298400878906,-9.701884269714355,6.439819812774658,0.0,7.0,25934.0,52.842,425984179.0
-14.78143692016602,-2.779623985290527,2.382184028625488,13.0,9.0,25935.0,15.228,425984184.0
-0.5837746858596802,-0.1092504635453224,-0.01036672946065664,1.0,14.0,25940.0,0.594,425984195.0
-0.9516149759292603,-0.1765432059764862,0.01689392887055874,3.0,1.0,25949.0,0.968,425984220.0
-2.091462850570679,-0.3876297175884247,0.1114755868911743,4.0,3.0,25950.0,2.13,425984225.0
-8.565418243408203,-1.584414005279541,0.7620897889137268,3.0,5.0,25952.0,8.744,425984230.0
-51.20563507080078,-9.453432083129883,6.393509387969971,0.0,7.0,25954.0,52.462,425984234.0
-0.6038209199905396,-0.1108218729496002,-0.01071577798575163,1.0,14.0,25960.0,0.614,425984250.0
-0.9600950479507446,-0.1746519505977631,0.01703354902565479,3.0,1.0,25969.0,0.976,425984276.0
-2.159615516662598,-0.39246866106987,0.115034431219101,4.0,3.0,25970.0,2.198,425984280.0
-8.58069896697998,-1.556283235549927,0.7629613876342773,2.0,5.0,25972.0,8.754,425984285.0
-52.69942855834961,-9.539107322692871,6.575826168060303,0.0,7.0,25974.0,53.958,425984289.0
-73.93631744384766,-13.36986446380615,11.90028285980225,37.0,9.0,25975.0,76.072,425984294.0
-0.5864912271499634,-0.1055264323949814,-0.01040163449943066,1.0,14.0,25980.0,0.596,425984306.0
-0.9803853034973145,-0.1748097687959671,0.01738259755074978,4.0,1.0,25989.0,0.996,425984331.0
-2.231759548187256,-0.3975369036197662,0.11880262196064,4.0,3.0,25990.0,2.27,425984336.0
-8.613541603088379,-1.531203508377075,0.7654017210006714,7.0,5.0,25992.0,8.782,425984340.0
-52.53694915771484,-9.320419311523438,6.551452159881592,0.0,7.0,25994.0,53.758,425984345.0
-73.62464904785156,-13.04826927185059,11.84271430969238,36.0,9.0,25995.0,75.70400000000001,425984349.0
-0.6242730021476746,-0.1100761741399765,-0.01106482557952404,1.0,14.0,26000.0,0.634,425984361.0
-1.018447875976562,-0.1777476072311401,0.01804578863084316,4.0,1.0,26010.0,1.034,425984386.0
-2.304104328155518,-0.4013018608093262,0.122570812702179,4.0,3.0,26012.0,2.342,425984391.0
-60.95735549926758,-10.58395385742188,7.596603870391846,5.0,7.0,26015.0,62.334,425984400.0
-73.20875549316406,-12.69798755645752,11.7682523727417,35.0,9.0,26016.0,75.22800000000001,425984405.0
-0.6305840015411377,-0.1088074296712875,-0.01116953976452351,1.0,14.0,26021.0,0.64,425984416.0
-1.032859921455383,-0.1765499711036682,0.01829012110829353,4.0,1.0,26030.0,1.048,425984442.0
-2.386212825775146,-0.4070256054401398,0.1268623620271683,4.0,3.0,26032.0,2.424,425984446.0
-8.590888977050781,-1.463838338851929,0.7624384164810181,26.0,5.0,26033.0,8.748,425984451.0
-58.81774139404297,-10.00108051300049,7.325566291809082,0.0,7.0,26035.0,60.11,425984455.0
-0.6447622179985046,-0.1089376211166382,-0.01141387410461903,1.0,14.0,26041.0,0.654,425984472.0
-1.057106256484985,-0.177088588476181,0.01870897971093655,4.0,1.0,26049.0,1.072,425984497.0
-2.442707538604736,-0.4083307683467865,0.1297931671142578,4.0,3.0,26051.0,2.48,425984501.0
-8.566218376159668,-1.430419564247131,0.759823739528656,26.0,5.0,26052.0,8.718,425984506.0
-51.86017990112305,-8.641202926635742,6.455419063568115,0.0,7.0,26054.0,52.97,425984511.0
-0.6372285485267639,-0.105492502450943,-0.01127425488084555,1.0,14.0,26060.0,0.646,425984527.0
-1.069558024406433,-0.1753385365009308,0.01891840808093548,4.0,1.0,26069.0,1.084,425984552.0
-2.54069995880127,-0.4156002700328827,0.1349221020936966,4.0,3.0,26071.0,2.578,425984557.0
-8.525934219360352,-1.39311945438385,0.7558146119117737,22.0,5.0,26072.0,8.672,425984561.0
-72.01712799072266,-11.74163627624512,8.959346771240234,31.0,7.0,26074.0,73.516,425984566.0
-0.6375929117202759,-0.1032675132155418,-0.01127425488084555,1.0,14.0,26080.0,0.646,425984582.0
-1.085959434509277,-0.1741369217634201,0.01919764652848244,4.0,1.0,26089.0,1.1,425984607.0
-2.672298908233643,-0.427554577589035,0.1418304443359375,4.0,3.0,26091.0,2.71,425984612.0
-8.511070251464844,-1.36020565032959,0.7540714740753174,21.0,5.0,26092.0,8.652000000000001,425984617.0
-15.01609897613525,-2.394438505172729,1.867038369178772,9.0,7.0,26094.0,15.32,425984621.0
-0.5680973529815674,-0.09018107503652573,-0.03014551103115082,1.0,12.0,26098.0,0.5760000000000001,425984633.0
-0.6596753001213074,-0.1044823080301285,-0.01165820751339197,1.0,14.0,26100.0,0.668,425984637.0
-1.092487335205078,-0.1712743043899536,0.0193023607134819,4.0,1.0,26109.0,1.106,425984663.0
-2.764545202255249,-0.4324219226837158,0.1466453522443771,4.0,3.0,26111.0,2.802,425984667.0
-8.484270095825195,-1.325567245483398,0.7512825131416321,20.0,5.0,26112.0,8.620000000000001,425984672.0
-0.6778213977813721,-0.1049323007464409,-0.01197235099971294,1.0,14.0,26120.0,0.686,425984693.0
-1.116798162460327,-0.171093612909317,0.01972121931612492,4.0,1.0,26129.0,1.13,425984718.0
-2.868703126907349,-0.4384608566761017,0.1520882844924927,5.0,3.0,26131.0,2.906,425984723.0
-8.455363273620605,-1.290831923484802,0.7483192086219788,17.0,5.0,26132.0,8.586,425984727.0
-14.95787620544434,-2.278190612792969,1.857776284217834,56.0,7.0,26134.0,15.244,425984732.0
-0.6603886485099792,-0.09987439215183258,-0.01165820751339197,1.0,14.0,26140.0,0.668,425984748.0
-1.131232261657715,-0.1692656576633453,0.01996555365622044,4.0,1.0,26149.0,1.144,425984773.0
-2.974910736083984,-0.4440726041793823,0.157635897397995,4.0,3.0,26151.0,3.012,425984778.0
-8.404640197753906,-1.253082752227783,0.7434384822845459,10.0,5.0,26152.0,8.53,425984783.0
-14.95788288116455,-2.224795818328857,1.856801271438599,45.0,7.0,26154.0,15.236,425984787.0
-0.6528202891349792,-0.09640011191368103,-0.01151858828961849,1.0,14.0,26160.0,0.66,425984803.0
-1.145667195320129,-0.1673389822244644,0.02020988613367081,4.0,1.0,26169.0,1.158,425984829.0
-3.126648426055908,-0.4555713832378387,0.1655909717082977,4.0,3.0,26171.0,3.164,425984833.0
-8.418821334838867,-1.225172162055969,0.7443100214004517,5.0,5.0,26172.0,8.540000000000001,425984838.0
-14.98913192749023,-2.175991773605347,1.859726190567017,50.0,7.0,26174.0,15.26,425984842.0
-0.7006548643112183,-0.1009659022092819,-0.01235630363225937,1.0,14.0,26180.0,0.708,425984859.0
-1.171980381011963,-0.1670061945915222,0.02066364884376526,4.0,1.0,26189.0,1.184,425984884.0
-3.258726835250854,-0.4632052481174469,0.1724993139505386,4.0,3.0,26191.0,3.296,425984889.0
-18.64511489868164,-2.646952867507935,1.647592186927795,5.0,5.0,26192.0,18.904,425984893.0
-0.7326867580413818,-0.1029724106192589,-0.01291478052735329,1.0,14.0,26200.0,0.74,425984914.0
-1.208149552345276,-0.1682894229888916,0.0212919358164072,4.0,1.0,26207.0,1.22,425984939.0
-3.430295944213867,-0.4766031503677368,0.1815010905265808,3.0,3.0,26209.0,3.468,425984944.0
-18.61386871337891,-2.582887649536133,1.644105911254883,2.0,5.0,26210.0,18.864,425984948.0
-0.5698340535163879,-0.0784628763794899,-0.03014551103115082,1.0,12.0,26216.0,0.5760000000000001,425984965.0
-0.7211200594902039,-0.09903760999441147,-0.01270535215735435,3.0,14.0,26218.0,0.728,425984969.0
-1.230526447296143,-0.1670298278331757,0.02167588844895363,4.0,1.0,26227.0,1.242,425984995.0
-3.736736059188843,-0.5058906674385071,0.1976205706596375,3.0,3.0,26229.0,3.776,425984999.0
-18.51220321655273,-2.502948045730591,1.634344458580017,12.0,5.0,26230.0,18.752,425985004.0
-59.80745697021484,-8.065028190612793,7.409899711608887,1.0,7.0,26232.0,60.802,425985008.0
-0.5701044201850891,-0.07647330313920975,-0.03014551103115082,1.0,12.0,26236.0,0.5760000000000001,425985020.0
-0.7234433889389038,-0.09678499400615692,-0.01274025626480579,3.0,14.0,26238.0,0.73,425985024.0
-1.256931662559509,-0.1657013893127441,0.02212965115904808,3.0,1.0,26249.0,1.268,425985050.0
-3.865385055541992,-0.5082013010978699,0.204319566488266,2.0,3.0,26251.0,3.904,425985054.0
-13.80236339569092,-1.812214374542236,1.217914342880249,7.0,5.0,26252.0,13.974,425985059.0
-0.5703938603401184,-0.07428370416164398,-0.03014551103115082,1.0,12.0,26258.0,0.5760000000000001,425985075.0
-0.7535552978515625,-0.09786974638700485,-0.01326382905244827,3.0,14.0,26260.0,0.76,425985080.0
-1.257502436637878,-0.1613128632307053,0.02212965115904808,3.0,1.0,26269.0,1.268,425985105.0
-4.318829536437988,-0.5524886846542358,0.228184774518013,2.0,3.0,26271.0,4.36,425985110.0
-8.282791137695312,-1.058111548423767,0.7305394411087036,15.0,5.0,26272.0,8.382,425985114.0
-53.7880859375,-6.852248668670654,6.657721996307373,0.0,7.0,26274.0,54.63,425985119.0
-0.7796834111213684,-0.0984969213604927,-0.01371759176254272,3.0,14.0,26280.0,0.786,425985135.0
-1.31356155872345,-0.1643112301826477,0.02310698665678501,3.0,1.0,26287.0,1.324,425985161.0
-4.811950206756592,-0.6010659337043762,0.2541434168815613,1.0,3.0,26288.0,4.856,425985166.0
-8.315731048583984,-1.035779118537903,0.7331541180610657,22.0,5.0,26290.0,8.412,425985171.0
-67.82164764404297,-8.423591613769531,8.391435623168945,20.0,7.0,26292.0,68.856,425985175.0
-0.7879278063774109,-0.09702456742525101,-0.0138572109863162,3.0,14.0,26298.0,0.794,425985191.0
-1.35581386089325,-0.1647918522357941,0.02383998781442642,3.0,1.0,26307.0,1.366,425985217.0
-7.009027481079102,-0.8494267463684082,0.3700152039527893,3.0,3.0,26309.0,7.07,425985221.0
-8.299516677856445,-1.004351854324341,0.7314109802246094,6.0,5.0,26310.0,8.392,425985226.0
-26.47964286804199,-3.195010900497437,3.274873018264771,16.0,7.0,26312.0,26.872,425985230.0
-0.78627610206604,-0.09403612464666367,-0.01382230594754219,3.0,14.0,26318.0,0.792,425985247.0
-1.400071024894714,-0.1652137786149979,0.02460789307951927,3.0,1.0,26327.0,1.41,425985272.0
-7.329171657562256,-0.8635735511779785,0.3867627084255219,5.0,3.0,26328.0,7.390000000000001,425985277.0
-8.35442066192627,-0.9814188480377197,0.735943078994751,22.0,5.0,26330.0,8.444,425985281.0
-26.39994049072266,-3.091938018798828,3.263660907745361,48.0,7.0,26332.0,26.78,425985286.0
-0.5713522434234619,-0.06651196628808975,-0.03014551103115082,1.0,12.0,26336.0,0.5760000000000001,425985297.0
-0.7885859608650208,-0.09152147173881531,-0.0138572109863162,3.0,14.0,26338.0,0.794,425985302.0
-1.408586025238037,-0.1612352579832077,0.02474751323461533,3.0,1.0,26347.0,1.418,425985327.0
-7.705197334289551,-0.8806210160255432,0.4064410328865051,5.0,3.0,26348.0,7.766,425985332.0
-8.379570960998535,-0.9547314643859863,0.7378605008125305,26.0,5.0,26350.0,8.466,425985336.0
-26.38887596130371,-2.997301816940308,3.260979890823364,43.0,7.0,26352.0,26.758,425985341.0
-0.6231819987297058,-0.07034163177013397,-0.03286698088049889,1.0,12.0,26356.0,0.628,425985353.0
-0.7849262952804565,-0.08832103759050369,-0.01378740090876818,3.0,14.0,26358.0,0.79,425985357.0
-1.432990312576294,-0.1589631140232086,0.02516636997461319,5.0,1.0,26367.0,1.442,425985382.0
-8.07761287689209,-0.8932037949562073,0.4259100258350372,5.0,3.0,26369.0,8.138,425985387.0
-8.428400993347168,-0.9305040836334229,0.7418696880340576,38.0,5.0,26370.0,8.512,425985392.0
-8.324847221374512,-0.9161304235458374,1.02833354473114,3.0,7.0,26372.0,8.438,425985396.0
-0.5718026757240295,-0.06252158433198929,-0.03014551103115082,1.0,12.0,26376.0,0.5760000000000001,425985408.0
-0.7931815385818481,-0.08644723892211914,-0.01392702013254166,3.0,14.0,26378.0,0.798,425985412.0
-1.467337012290955,-0.1575901955366135,0.02575975097715855,5.0,1.0,26387.0,1.476,425985438.0
-8.731898307800293,-0.9362536072731018,0.4602423906326294,5.0,3.0,26388.0,8.794,425985442.0
-8.42961597442627,-0.9008660912513733,0.7416953444480896,11.0,5.0,26390.0,8.51,425985447.0
-8.314176559448242,-0.8855939507484436,1.0266273021698,10.0,7.0,26392.0,8.424,425985452.0
-0.5720174312591553,-0.06052523851394653,-0.03014551103115082,1.0,12.0,26396.0,0.5760000000000001,425985463.0
-0.7974557876586914,-0.08409743010997772,-0.01399683021008968,2.0,14.0,26398.0,0.802,425985468.0
-1.503679990768433,-0.1561859846115112,0.02638803794980049,4.0,1.0,26407.0,1.512,425985493.0
-9.543662071228027,-0.9896085858345032,0.5028438568115234,4.0,3.0,26408.0,9.608,425985498.0
-25.82133293151855,-2.668375253677368,2.271104335784912,26.0,5.0,26410.0,26.058,425985502.0
-8.319191932678223,-0.8567700386047363,1.026871085166931,16.0,7.0,26412.0,8.426,425985507.0
-0.5722252130508423,-0.05852815881371498,-0.03014551103115082,1.0,12.0,26416.0,0.5760000000000001,425985518.0
-0.8236064910888672,-0.08394936472177505,-0.01445059292018414,2.0,14.0,26418.0,0.8280000000000001,425985523.0
-1.540030717849731,-0.1545299291610718,0.02701632492244244,4.0,1.0,26427.0,1.548,425985548.0
-10.33006000518799,-1.034718990325928,0.5440846085548401,2.0,3.0,26428.0,10.396,425985553.0
-25.71153831481934,-2.566352605819702,2.260645627975464,39.0,5.0,26430.0,25.938,425985558.0
-25.88690757751465,-2.57473087310791,3.194195508956909,15.0,7.0,26432.0,26.21,425985562.0
-0.5724260210990906,-0.05653036385774612,-0.03014551103115082,1.0,12.0,26436.0,0.5760000000000001,425985574.0
-0.8199143409729004,-0.08068227022886276,-0.01438078284263611,2.0,14.0,26438.0,0.8240000000000001,425985578.0
-1.564445376396179,-0.1514657437801361,0.02743518352508545,4.0,1.0,26447.0,1.572,425985604.0
-11.42501926422119,-1.104129433631897,0.601549506187439,2.0,3.0,26448.0,11.494,425985608.0
-25.60332870483398,-2.465320110321045,2.250361204147339,39.0,5.0,26450.0,25.82,425985613.0
-25.84831237792969,-2.479803323745728,3.188345670700073,15.0,7.0,26452.0,26.162,425985617.0
-0.5726198554039001,-0.05453187599778175,-0.03014551103115082,1.0,12.0,26456.0,0.5760000000000001,425985629.0
-0.8301447629928589,-0.0787641629576683,-0.0145553071051836,2.0,14.0,26458.0,0.834,425985634.0
-1.596821427345276,-0.1489759683609009,0.02799366042017937,4.0,1.0,26467.0,1.604,425985659.0
-11.64357852935791,-1.084241628646851,0.6128540635108948,3.0,3.0,26468.0,11.71,425985664.0
-25.52448844909668,-2.367835283279419,2.242691516876221,38.0,5.0,26470.0,25.732,425985668.0
-8.458168029785156,-0.7816627621650696,1.042957782745361,4.0,7.0,26472.0,8.558,425985673.0
-0.6125850081443787,-0.05618083477020264,-0.03223894909024239,1.0,12.0,26476.0,0.616,425985684.0
-0.862277090549469,-0.07877685874700546,-0.01511378400027752,4.0,14.0,26478.0,0.866,425985689.0
-1.637165427207947,-0.1469772011041641,0.02869175560772419,4.0,1.0,26487.0,1.644,425985714.0
-12.37954521179199,-1.107022762298584,0.6513733267784119,8.0,3.0,26489.0,12.446,425985719.0
-25.42940330505371,-2.269513845443726,2.233627319335938,19.0,5.0,26490.0,25.628,425985723.0
-8.395954132080078,-0.7448880076408386,1.335011720657349,9.0,9.0,26493.0,8.534,425985733.0
-0.6127773523330688,-0.05404217168688774,-0.03223894909024239,1.0,12.0,26496.0,0.616,425985740.0
-0.8585627675056458,-0.07541650533676147,-0.01504397392272949,2.0,14.0,26498.0,0.862,425985744.0
-1.66954517364502,-0.1440111547708511,0.02925023250281811,4.0,1.0,26507.0,1.676,425985770.0
-8.031745910644531,-0.6885635256767273,0.7052642703056335,2.0,5.0,26510.0,8.092,425985779.0
-8.483198165893555,-0.724283754825592,1.045395255088806,11.0,7.0,26512.0,8.578,425985783.0
-8.37697696685791,-0.7122693657875061,1.331570148468018,16.0,9.0,26514.0,8.512,425985788.0
-0.6129622459411621,-0.05190285295248032,-0.03223894909024239,1.0,12.0,26516.0,0.616,425985795.0
-0.8827322721481323,-0.07443541288375854,-0.01546283252537251,2.0,14.0,26518.0,0.886,425985800.0
-1.729824304580688,-0.1431293338537216,0.03029737807810307,4.0,1.0,26527.0,1.736,425985825.0
-16.0515079498291,-1.322494745254517,0.8440743088722229,1.0,3.0,26529.0,16.128,425985829.0
-7.992401123046875,-0.6570950150489807,0.7016037106513977,5.0,5.0,26530.0,8.05,425985834.0
-8.442148208618164,-0.6911042332649231,1.040032982826233,6.0,7.0,26532.0,8.534,425985839.0
-8.404887199401855,-0.6865771412849426,1.335637450218201,11.0,9.0,26533.0,8.538,425985843.0
-0.6211025714874268,-0.05040916800498962,-0.03265763819217682,1.0,12.0,26536.0,0.624,425985850.0
-0.8869731426239014,-0.07167578488588333,-0.01553264167159796,2.0,14.0,26538.0,0.89,425985855.0
-1.778156161308289,-0.1408807635307312,0.03113509342074394,4.0,1.0,26547.0,1.784,425985880.0
-16.0122241973877,-1.263001322746277,0.8417715430259705,6.0,3.0,26549.0,16.084,425985885.0
-7.944990158081055,-0.6252842545509338,0.6972459554672241,5.0,5.0,26550.0,8.0,425985889.0
-8.416802406311035,-0.6594606041908264,1.036620616912842,5.0,7.0,26552.0,8.506,425985894.0
-0.5734843611717224,-0.04452997818589211,-0.03014551103115082,1.0,12.0,26556.0,0.5760000000000001,425985905.0
-0.9410490989685059,-0.07274022698402405,-0.01647507213056087,3.0,14.0,26558.0,0.9440000000000001,425985910.0
-1.814504861831665,-0.1377072930335999,0.03176337853074074,4.0,1.0,26566.0,1.82,425985935.0
-17.36661911010742,-1.311899065971375,0.912739098072052,8.0,3.0,26568.0,17.44,425985940.0
-7.867549896240234,-0.5929449796676636,0.6902734637260437,5.0,5.0,26569.0,7.92,425985945.0
-8.375393867492676,-0.6282789707183838,1.031258344650269,4.0,7.0,26571.0,8.462,425985949.0
-0.6413489580154419,-0.0476604625582695,-0.03370435535907745,1.0,12.0,26575.0,0.644,425985961.0
-0.9412851333618164,-0.06961919367313385,-0.01647507213056087,3.0,14.0,26577.0,0.9440000000000001,425985965.0
-1.890764594078064,-0.1368585377931595,0.0330897644162178,4.0,1.0,26586.0,1.896,425985991.0
-7.6934814453125,-0.5541750192642212,0.4042429327964783,3.0,3.0,26588.0,7.724,425985995.0
-7.857647895812988,-0.5646216869354248,0.6892276406288147,10.0,5.0,26589.0,7.908,425986000.0
-8.335954666137695,-0.5960662961006165,1.026139855384827,3.0,7.0,26591.0,8.42,425986005.0
-8.42668342590332,-0.59811931848526,1.642102241516113,8.0,11.0,26594.0,8.606,425986014.0
-0.6415114402770996,-0.04542144387960434,-0.03370435535907745,1.0,12.0,26595.0,0.644,425986016.0
-0.9794226884841919,-0.06900326162576675,-0.01713826321065426,3.0,14.0,26597.0,0.982,425986021.0
-1.959059715270996,-0.1349294036626816,0.03427652642130852,4.0,1.0,26606.0,1.964,425986046.0
-7.657509803771973,-0.5247220993041992,0.4022541642189026,15.0,3.0,26608.0,7.686,425986051.0
-7.871497631072998,-0.5380051136016846,0.6902734637260437,9.0,5.0,26609.0,7.92,425986055.0
-8.01714038848877,-0.5451480746269226,0.9866542220115662,6.0,7.0,26611.0,8.096,425986060.0
-8.24603271484375,-0.5592663884162903,1.309043645858765,1.0,9.0,26612.0,8.368,425986064.0
-8.391502380371094,-0.5661899447441101,1.634851455688477,13.0,11.0,26614.0,8.568,425986069.0
-0.6735500693321228,-0.0453275591135025,-0.03537910804152489,1.0,12.0,26615.0,0.676,425986071.0
-0.9836480617523193,-0.06585115939378738,-0.01720807328820229,3.0,14.0,26617.0,0.986,425986076.0
-2.005413770675659,-0.1310902535915375,0.03507933765649796,4.0,1.0,26626.0,2.01,425986101.0
-7.621426582336426,-0.4955271184444427,0.4002653956413269,20.0,3.0,26628.0,7.648000000000001,425986106.0
-16.24967384338379,-1.053667187690735,1.424647808074951,10.0,5.0,26629.0,16.346,425986111.0
-8.013051986694336,-0.516776442527771,0.9859229922294617,9.0,7.0,26631.0,8.09,425986115.0
-8.200715065002441,-0.5260047316551208,1.30153477191925,9.0,9.0,26633.0,8.32,425986120.0
-8.409101486206055,-0.5378972887992859,1.637904405593872,7.0,11.0,26634.0,8.584,425986124.0
-0.6338400840759277,-0.04043318703770638,-0.03328566998243332,1.0,12.0,26635.0,0.636,425986127.0
-0.9798805713653564,-0.06216397136449814,-0.01713826321065426,3.0,14.0,26637.0,0.982,425986131.0
-2.059747934341431,-0.1274230033159256,0.03602176532149315,4.0,1.0,26646.0,2.064,425986157.0
-7.583240032196045,-0.4664678573608398,0.3981719613075256,33.0,3.0,26648.0,7.608000000000001,425986161.0
-16.30694580078125,-1.000232338905334,1.429354190826416,36.0,5.0,26649.0,16.4,425986166.0
-8.198471069335938,-0.4985674917697906,1.300909042358398,9.0,9.0,26652.0,8.316,425986175.0
-8.37369441986084,-0.506289541721344,1.630653619766235,12.0,11.0,26654.0,8.546,425986180.0
-0.6260027885437012,-0.03773966431617737,-0.03286698088049889,1.0,12.0,26655.0,0.628,425986182.0
-1.004044890403748,-0.06017884984612465,-0.01755711995065212,3.0,14.0,26657.0,1.006,425986187.0
-2.122065544128418,-0.1238439902663231,0.03710381686687469,4.0,1.0,26666.0,2.126,425986212.0
-7.546937942504883,-0.4377968907356262,0.39618319272995,30.0,3.0,26668.0,7.57,425986217.0
-7.91142749786377,-0.4547846615314484,0.9730048179626465,7.0,7.0,26671.0,7.984,425986226.0
-8.375410079956055,-0.4770568013191223,1.630653619766235,7.0,11.0,26674.0,8.546,425986235.0
-0.6341068744659424,-0.03600719943642616,-0.03328566998243332,1.0,12.0,26675.0,0.636,425986237.0
-1.018224477767944,-0.0574624128639698,-0.01780145429074764,3.0,14.0,26677.0,1.02,425986242.0
-2.220322847366333,-0.1218030676245689,0.03881415352225304,4.0,1.0,26686.0,2.224,425986267.0
-7.418790817260742,-0.4043846428394318,0.3893795013427734,5.0,3.0,26688.0,7.44,425986272.0
-7.895127296447754,-0.426202803850174,0.9708111882209778,11.0,7.0,26691.0,7.966,425986281.0
-0.6302398443222046,-0.03358099609613419,-0.03307632356882095,1.0,12.0,26695.0,0.632,425986293.0
-8.449522018432617,-0.4487360119819641,1.953474998474121,3.0,13.0,26696.0,8.684000000000001,425986295.0
-1.024409651756287,-0.0542249009013176,-0.01790616847574711,3.0,14.0,26697.0,1.026,425986297.0
-2.312599420547485,-0.1187699288129807,0.04041977226734161,5.0,1.0,26706.0,2.316,425986323.0
-7.332391738891602,-0.3740090429782867,0.3847739398479462,3.0,3.0,26708.0,7.352,425986327.0
-15.122633934021,-0.7687257528305054,1.324767231941223,31.0,5.0,26709.0,15.2,425986332.0
-7.912427425384521,-0.3994417786598206,0.9727610945701599,12.0,7.0,26711.0,7.982,425986336.0
-0.6263636350631714,-0.03118222951889038,-0.03286698088049889,1.0,12.0,26715.0,0.628,425986348.0
-8.425734519958496,-0.4179837107658386,1.947626233100891,12.0,13.0,26716.0,8.658,425986350.0
-1.04256796836853,-0.05153728649020195,-0.01822031289339066,3.0,14.0,26717.0,1.044,425986352.0
-2.368927240371704,-0.1133733317255974,0.04139710962772369,4.0,1.0,26726.0,2.372,425986378.0
-7.363577842712402,-0.3498336374759674,0.3863440155982971,3.0,3.0,26728.0,7.382000000000001,425986382.0
-11.75389194488525,-0.5563554763793945,1.029483675956726,22.0,5.0,26729.0,11.812,425986387.0
-7.937568187713623,-0.3729377686977386,0.9756859540939331,4.0,7.0,26731.0,8.006,425986392.0
-0.6504101753234863,-0.03010373562574387,-0.03412304446101189,1.0,12.0,26735.0,0.652,425986403.0
-8.44076919555664,-0.3891981840133667,1.950775504112244,13.0,13.0,26736.0,8.672,425986405.0
-1.062717437744141,-0.04881531372666359,-0.01856935955584049,3.0,14.0,26737.0,1.064,425986408.0
-2.449217796325684,-0.1086483523249626,0.04279330000281334,4.0,1.0,26746.0,2.452,425986433.0
-7.424613952636719,-0.326762318611145,0.3894841969013214,15.0,3.0,26748.0,7.442,425986438.0
-15.0818510055542,-0.661125123500824,1.320758104324341,28.0,5.0,26749.0,15.154,425986442.0
-15.03279304504395,-0.6537172198295593,1.847539186477661,16.0,7.0,26751.0,15.16,425986447.0
-0.6624838709831238,-0.02834546379745007,-0.03475107625126839,1.0,12.0,26755.0,0.664,425986458.0
-1.066877126693726,-0.0452750101685524,-0.01863916963338852,3.0,14.0,26757.0,1.068,425986463.0
-2.529503345489502,-0.1033641770482063,0.04418949410319328,4.0,1.0,26766.0,2.532,425986488.0
-7.429647922515869,-0.3023020029067993,0.3896935284137726,15.0,3.0,26767.0,7.446,425986493.0
-15.10994720458984,-0.6095196008682251,1.323024153709412,11.0,5.0,26769.0,15.18,425986498.0
-7.984073162078857,-0.3178820610046387,1.265554785728455,5.0,9.0,26772.0,8.09,425986507.0
-0.6745530962944031,-0.02650326304137707,-0.03537910804152489,1.0,12.0,26775.0,0.676,425986514.0
-1.093004941940308,-0.04256216809153557,-0.01909293234348297,2.0,14.0,26777.0,1.094,425986518.0
-2.62376880645752,-0.09804348647594452,0.04583001881837845,4.0,1.0,26786.0,2.626,425986544.0
-7.422722339630127,-0.2747734189033508,0.3892748355865479,3.0,3.0,26788.0,7.438,425986548.0
-11.82278633117676,-0.435588151216507,1.035061597824097,8.0,5.0,26789.0,11.876,425986553.0
-14.97946071624756,-0.5466539859771729,1.840470790863037,56.0,7.0,26791.0,15.102,425986557.0
-7.977288246154785,-0.2883314490318298,1.26430332660675,11.0,9.0,26793.0,8.082,425986562.0
-0.6427057981491089,-0.02300534956157207,-0.03370435535907745,1.0,12.0,26795.0,0.644,425986569.0
-1.145106315612793,-0.04058831185102463,-0.02000045776367188,3.0,14.0,26797.0,1.146,425986574.0
-2.732000589370728,-0.0930166095495224,0.04771487787365913,4.0,1.0,26805.0,2.734,425986599.0
-7.44550609588623,-0.2521966695785522,0.3904262483119965,3.0,3.0,26806.0,7.46,425986604.0
-12.53106689453125,-0.4200773537158966,1.096942186355591,43.0,5.0,26808.0,12.586,425986608.0
-14.97523880004883,-0.4967798292636871,1.839739561080933,11.0,7.0,26810.0,15.096,425986613.0
-7.986097812652588,-0.2621354460716248,1.265554785728455,13.0,9.0,26812.0,8.09,425986617.0
-0.6827027201652527,-0.02217045053839684,-0.03579779341816902,1.0,12.0,26814.0,0.684,425986624.0
-1.159225344657898,-0.03724023327231407,-0.0202447921037674,3.0,14.0,26816.0,1.16,425986629.0
-8.557552337646484,-0.2749122381210327,2.294172048568726,8.0,15.0,26816.0,8.864,425986631.0
-2.82025408744812,-0.08616656064987183,0.04925069212913513,4.0,1.0,26825.0,2.822,425986654.0
-7.528191089630127,-0.2286919057369232,0.3947177827358246,35.0,3.0,26826.0,7.542,425986659.0
-12.45678043365479,-0.374060720205307,1.090318322181702,39.0,5.0,26828.0,12.51,425986663.0
-8.131327629089355,-0.2413321733474731,0.9988411664962769,4.0,7.0,26830.0,8.196,425986668.0
-0.6827759146690369,-0.01978723891079426,-0.03579779341816902,1.0,12.0,26834.0,0.684,425986680.0
-1.16334593296051,-0.03330801427364349,-0.02031460031867027,3.0,14.0,26836.0,1.164,425986684.0
-8.51018238067627,-0.2436569184064865,2.281231164932251,14.0,15.0,26836.0,8.814,425986686.0
-3.002443552017212,-0.08124373108148575,0.052427027374506,4.0,1.0,26845.0,3.004,425986709.0
-7.518996238708496,-0.2008315324783325,0.3941944241523743,7.0,3.0,26847.0,7.532,425986714.0
-12.32855033874512,-0.3271409273147583,1.078988075256348,31.0,5.0,26848.0,12.38,425986719.0
-8.126167297363281,-0.2127911746501923,0.9981099367141724,3.0,7.0,26850.0,8.19,425986723.0
-8.880265235900879,-0.2309869825839996,1.406971573829651,4.0,9.0,26851.0,8.994,425986728.0
-0.7048035860061646,-0.01796355657279491,-0.03694918379187584,1.0,12.0,26854.0,0.706,425986735.0
-1.199438333511353,-0.03015152178704739,-0.02094288729131222,3.0,14.0,26856.0,1.2,425986739.0
-8.539987564086914,-0.2131870537996292,2.288995742797852,10.0,15.0,26857.0,8.844,425986742.0
-3.092670202255249,-0.07288280874490738,0.05399774387478828,4.0,1.0,26865.0,3.094,425986765.0
-7.535594463348389,-0.1762701869010925,0.3950318098068237,1.0,3.0,26866.0,7.548,425986769.0
-12.29177188873291,-0.2832322120666504,1.075676202774048,48.0,5.0,26868.0,12.342,425986774.0
-8.136783599853516,-0.1846494525671005,0.99932861328125,2.0,7.0,26870.0,8.2,425986779.0
-8.928449630737305,-0.1994966715574265,1.414480447769165,4.0,9.0,26872.0,9.042,425986783.0
-8.023812294006348,-0.1778824031352997,1.560054302215576,3.0,11.0,26873.0,8.176,425986788.0
-0.690884530544281,-0.01519579440355301,-0.03621648252010345,1.0,12.0,26874.0,0.6920000000000001,425986790.0
-1.229524612426758,-0.02661363035440445,-0.0214664600789547,3.0,14.0,26876.0,1.23,425986795.0
-3.256847620010376,-0.06537789851427078,0.05685994029045105,3.0,1.0,26885.0,3.258,425986820.0
-7.612044811248779,-0.1514749675989151,0.3990093171596527,3.0,3.0,26886.0,7.624000000000001,425986825.0
-12.29866218566895,-0.2404410243034363,1.076199054718018,58.0,5.0,26888.0,12.348,425986829.0
-8.185011863708496,-0.1571602523326874,1.005178332328796,2.0,7.0,26890.0,8.248,425986834.0
-8.93498706817627,-0.1700004935264587,1.415418982505798,4.0,9.0,26891.0,9.048,425986839.0
-0.5597619414329529,-0.01055251434445381,-0.04898152872920036,1.0,10.0,26892.0,0.562,425986841.0
-7.983163356781006,-0.1491030901670456,1.552040338516235,11.0,11.0,26893.0,8.134,425986843.0
-0.682945728302002,-0.01263627223670483,-0.03579779341816902,1.0,12.0,26894.0,0.684,425986845.0
-1.247604370117188,-0.0226482842117548,-0.02178060263395309,3.0,14.0,26896.0,1.248,425986850.0
-3.456998109817505,-0.05732445046305656,0.06035042181611061,3.0,1.0,26905.0,3.458,425986875.0
-8.387359619140625,-0.1376161575317383,0.4396220445632935,3.0,3.0,26906.0,8.4,425986880.0
-12.32133960723877,-0.1978611201047897,1.078116536140442,54.0,5.0,26908.0,12.37,425986885.0
-12.32193279266357,-0.1935683935880661,1.513129711151123,4.0,7.0,26910.0,12.416,425986889.0
-8.957252502441406,-0.1391480565071106,1.418860554695129,2.0,9.0,26911.0,9.07,425986894.0
-8.009154319763184,-0.121623270213604,1.557001352310181,13.0,11.0,26913.0,8.16,425986898.0
-0.7229263186454773,-0.01085181720554829,-0.03789123147726059,1.0,12.0,26914.0,0.724,425986901.0
-1.265671133995056,-0.01855703815817833,-0.02209474705159664,3.0,14.0,26916.0,1.266,425986905.0
-3.673125743865967,-0.04808384925127029,0.06412014365196228,4.0,1.0,26925.0,3.674,425986931.0
-8.409756660461426,-0.1086217164993286,0.4407734274864197,3.0,3.0,26926.0,8.422,425986935.0
-12.34984683990479,-0.1552009135484695,1.080556869506836,46.0,5.0,26928.0,12.398,425986940.0
-12.52100467681885,-0.1507948935031891,1.983276128768921,11.0,9.0,26931.0,12.678,425986949.0
-8.040940284729004,-0.09403267502784729,1.563107252120972,7.0,11.0,26933.0,8.192,425986954.0
-0.754913866519928,-0.008696367964148521,-0.03956598415970802,2.0,12.0,26934.0,0.756,425986956.0
-1.277725696563721,-0.01427292637526989,-0.02230417542159557,3.0,14.0,26936.0,1.278,425986961.0
-3.851235866546631,-0.0369703471660614,0.06722667068243027,3.0,1.0,26945.0,3.852,425986986.0
-8.432053565979004,-0.07947258651256561,0.4419248104095459,3.0,3.0,26946.0,8.444,425986991.0
-12.39812850952148,-0.1125249341130257,1.084740400314331,30.0,5.0,26948.0,12.446,425986995.0
-12.30511856079102,-0.1073851436376572,1.510936141014099,22.0,7.0,26950.0,12.398,425987000.0
-12.51552867889404,-0.107036828994751,1.982337594032288,3.0,9.0,26951.0,12.672,425987004.0
-0.7689199447631836,-0.006173417903482914,-0.04029868543148041,2.0,12.0,26954.0,0.77,425987011.0
-8.087021827697754,-0.06351663172245026,1.867093801498413,6.0,13.0,26955.0,8.3,425987014.0
-1.293764710426331,-0.009935595095157623,-0.02258341386914253,4.0,14.0,26956.0,1.294,425987016.0
-8.30479621887207,-0.06232796609401703,2.225326061248779,3.0,15.0,26957.0,8.598,425987018.0
-4.077298641204834,-0.02561875805258751,0.07117091119289398,3.0,1.0,26964.0,4.078,425987041.0
-10.99871158599854,-0.06526843458414078,0.576428234577179,2.0,3.0,26966.0,11.014,425987046.0
-21.7226619720459,-0.1251149326562881,1.900518178939819,50.0,5.0,26967.0,21.806,425987050.0
-12.35304832458496,-0.06683707982301712,1.516785860061646,46.0,7.0,26969.0,12.446,425987055.0
-8.762650489807129,-0.04588155075907707,1.387886524200439,4.0,9.0,26970.0,8.872,425987060.0
-0.7849140763282776,-0.003698847955092788,-0.04113605991005898,2.0,12.0,26973.0,0.786,425987067.0
-8.07354736328125,-0.0366368480026722,1.863944411277771,9.0,13.0,26974.0,8.286,425987069.0
-1.327785134315491,-0.005793592426925898,-0.02317679487168789,4.0,14.0,26975.0,1.328,425987071.0
-8.306882858276367,-0.03624584525823593,2.225843906402588,8.0,15.0,26975.0,8.6,425987074.0
-7.696797370910645,-0.0214935690164566,0.1343486309051514,2.0,1.0,26984.0,7.698,425987097.0
-14.62588405609131,-0.03573784977197647,0.766512393951416,12.0,3.0,26986.0,14.646,425987101.0
-20.79052925109863,-0.04717229679226875,1.818940401077271,22.0,5.0,26987.0,20.87,425987106.0
-12.36313247680664,-0.02373553812503815,1.518004536628723,34.0,7.0,26989.0,12.456,425987110.0
-8.843750953674316,-0.0138917425647378,1.400714159011841,2.0,9.0,26991.0,8.954,425987115.0
-0.7849222421646118,-0.0009589638793841004,-0.04113605991005898,2.0,12.0,26993.0,0.786,425987122.0
-8.013215065002441,-0.008391422219574451,1.849997520446777,9.0,13.0,26994.0,8.224,425987124.0
-1.365791440010071,-0.001191878225654364,-0.02383998781442642,4.0,14.0,26995.0,1.366,425987127.0
-8.305027961730957,-0.005798004567623138,2.225326061248779,6.0,15.0,26996.0,8.598,425987129.0
-7.818807125091553,0.005458557978272438,0.1364778131246567,5.0,1.0,27004.0,7.82,425987152.0
-20.53380966186523,0.02150296233594418,1.076131939888,31.0,3.0,27006.0,20.562,425987156.0
-20.72083473205566,0.02531528659164906,1.812839508056641,35.0,5.0,27007.0,20.8,425987161.0
-12.44452857971191,0.01954783499240875,1.527997851371765,6.0,7.0,27009.0,12.538,425987166.0
-12.59103202819824,0.02197551913559437,1.994226574897766,1.0,9.0,27010.0,12.748,425987170.0
-0.5598604083061218,0.001074856147170067,-0.04898152872920036,1.0,10.0,27011.0,0.562,425987173.0
-0.8128823637962341,0.001844374695792794,-0.04260146990418434,2.0,12.0,27013.0,0.8140000000000001,425987177.0
-7.99955415725708,0.0195466373115778,1.846848130226135,10.0,13.0,27014.0,8.21,425987180.0
-1.379785060882568,0.00361227709800005,-0.02408432029187679,4.0,14.0,27015.0,1.38,425987182.0
-8.160685539245605,0.03418359905481339,0.1424465477466583,5.0,1.0,27024.0,8.162,425987207.0
-20.46770095825195,0.09288011491298676,1.072677731513977,30.0,3.0,27026.0,20.496,425987212.0
-20.66682624816895,0.09739084541797638,1.808133006095886,31.0,5.0,27027.0,20.746,425987216.0
-0.8228570818901062,0.004739368800073862,-0.04312482848763466,2.0,12.0,27033.0,0.8240000000000001,425987232.0
-8.0462064743042,0.04774770885705948,1.857645750045776,10.0,13.0,27034.0,8.258000000000001,425987235.0
-1.401760339736938,0.008562972769141197,-0.02446827292442322,4.0,14.0,27035.0,1.402,425987237.0
-8.702417373657227,0.0668310821056366,0.151905745267868,5.0,1.0,27044.0,8.704,425987262.0
-11.13635730743408,0.08941032737493515,0.5836505889892578,16.0,3.0,27046.0,11.152,425987267.0
-20.6304988861084,0.1692367494106293,1.80499541759491,9.0,5.0,27047.0,20.71,425987272.0
-0.8328214287757874,0.007704021874815226,-0.04364818707108498,3.0,12.0,27053.0,0.834,425987288.0
-1.431715965270996,0.01374390814453363,-0.0249918457120657,4.0,14.0,27055.0,1.432,425987292.0
-9.15803337097168,0.1023004725575447,0.1598640382289886,5.0,1.0,27064.0,9.16,425987318.0
-20.32675361633301,0.2341577559709549,1.065350770950317,14.0,3.0,27066.0,20.356,425987322.0
-10.99922943115234,0.1286276280879974,0.9623737335205078,16.0,5.0,27067.0,11.042,425987327.0
-0.8487662076950073,0.01081463322043419,-0.04448556154966354,3.0,12.0,27073.0,0.85,425987343.0
-1.455653548240662,0.01905554905533791,-0.02541070431470871,4.0,14.0,27075.0,1.456,425987348.0
-9.969409942626953,0.1461696475744247,0.1740354001522064,5.0,1.0,27084.0,9.972,425987373.0
-20.24992561340332,0.3039708137512207,1.061373233795166,26.0,3.0,27086.0,20.28,425987378.0
-11.03656482696533,0.1675961017608643,0.9656856060028076,13.0,5.0,27087.0,11.08,425987382.0
-0.8587082624435425,0.01393940113484859,-0.04500892385840416,2.0,12.0,27093.0,0.86,425987398.0
-1.513561367988586,0.02509809657931328,-0.02642294391989708,4.0,14.0,27095.0,1.514,425987403.0
-8.101072311401367,0.1343331784009933,2.170974254608154,4.0,15.0,27095.0,8.388,425987405.0
-10.78258037567139,0.1957406997680664,0.1882416605949402,7.0,1.0,27104.0,10.786,425987428.0
-20.18483924865723,0.3734720349311829,1.058023691177368,36.0,3.0,27106.0,20.216,425987433.0
-20.38456535339355,0.3807264864444733,1.783729434013367,30.0,5.0,27107.0,20.466,425987438.0
-0.559756338596344,0.01084560342133045,-0.04898152872920036,1.0,10.0,27111.0,0.562,425987449.0
-0.8706356287002563,0.01717309467494488,-0.04563695564866066,2.0,12.0,27113.0,0.872,425987454.0
-1.53945529460907,0.03090299852192402,-0.02687670662999153,4.0,14.0,27115.0,1.54,425987458.0
-8.117908477783203,0.1643761694431305,2.175632953643799,14.0,15.0,27116.0,8.406,425987461.0
-10.96384334564209,0.2334885895252228,0.1914179921150208,4.0,1.0,27122.0,10.968,425987484.0
-20.1116828918457,0.4353266656398773,1.054255485534668,32.0,3.0,27124.0,20.144,425987488.0
-20.30956840515137,0.443156361579895,1.777279853820801,39.0,5.0,27125.0,20.392,425987493.0
-0.5597195029258728,0.01260407362133265,-0.04898152872920036,1.0,10.0,27129.0,0.562,425987504.0
-0.8805610537528992,0.02013649232685566,-0.04616031423211098,3.0,12.0,27131.0,0.882,425987509.0
-1.569337964057922,0.03643539547920227,-0.02740027755498886,4.0,14.0,27133.0,1.57,425987514.0
-8.12317943572998,0.188596248626709,2.177185773849487,9.0,15.0,27133.0,8.412,425987516.0
-20.06611442565918,0.504422664642334,1.051952719688416,34.0,3.0,27144.0,20.1,425987544.0
-20.22623634338379,0.5119801759719849,1.770133137702942,40.0,5.0,27145.0,20.31,425987548.0
-0.6353573203086853,0.01652645133435726,-0.05560536310076714,1.0,10.0,27149.0,0.638,425987560.0
-0.9064407348632812,0.0238942988216877,-0.04752104729413986,3.0,12.0,27151.0,0.908,425987564.0
-9.155856132507324,0.2429527342319489,2.114539861679077,1.0,13.0,27152.0,9.4,425987567.0
-1.599185943603516,0.04271407425403595,-0.02792385034263134,4.0,14.0,27153.0,1.6,425987569.0
-12.42307758331299,0.3535178601741791,0.2169334143400192,36.0,1.0,27163.0,12.43,425987594.0
-19.99824905395508,0.5760675072669983,1.048498511314392,34.0,3.0,27165.0,20.034,425987599.0
-20.17642593383789,0.5847244262695312,1.765949606895447,31.0,5.0,27166.0,20.262,425987603.0
-0.5914791822433472,0.01755469292402267,-0.05177051201462746,1.0,10.0,27170.0,0.594,425987615.0
-9.246734619140625,0.2760519683361053,1.798183917999268,2.0,11.0,27171.0,9.424,425987617.0
-0.9103397727012634,0.02733630686998367,-0.04773039370775223,3.0,12.0,27172.0,0.912,425987620.0
-1.660980701446533,0.05045738443732262,-0.02900590002536774,5.0,14.0,27174.0,1.662,425987624.0
-8.994416236877441,0.2732329666614532,2.411158323287964,5.0,15.0,27174.0,9.316,425987626.0
-12.46573925018311,0.3982852399349213,0.2177013158798218,36.0,1.0,27183.0,12.474,425987650.0
-15.4766788482666,0.4998938739299774,0.8115213513374329,26.0,3.0,27185.0,15.506,425987654.0
-20.11053848266602,0.6530803442001343,1.760371685028076,40.0,5.0,27186.0,20.198,425987659.0
-8.50129508972168,0.2820170223712921,1.347213625907898,1.0,9.0,27190.0,8.612,425987668.0
-0.6073446869850159,0.02014769800007343,-0.053165003657341,1.0,10.0,27190.0,0.61,425987670.0
-0.9262079000473022,0.03104914911091328,-0.0485677681863308,3.0,12.0,27192.0,0.928,425987675.0
-9.114930152893066,0.3071512877941132,2.105541944503784,4.0,13.0,27193.0,9.36,425987677.0
-1.690772652626038,0.05727041512727737,-0.02952947095036507,4.0,14.0,27194.0,1.692,425987679.0
-15.3121452331543,0.5400634407997131,0.2674406766891479,9.0,1.0,27202.0,15.324,425987705.0
-12.93204021453857,0.4606362879276276,0.678169310092926,21.0,3.0,27204.0,12.958,425987709.0
-20.04852867126465,0.7176275849342346,1.755142331123352,30.0,5.0,27205.0,20.138,425987714.0
-9.508338928222656,0.3436698019504547,1.16823947429657,4.0,7.0,27207.0,9.586,425987719.0
-8.494391441345215,0.3099906444549561,1.346274971961975,2.0,9.0,27209.0,8.606,425987723.0
-0.6271851658821106,0.02288822457194328,-0.05490811914205551,1.0,10.0,27209.0,0.63,425987726.0
-9.305461883544922,0.3412157893180847,1.810014128684998,1.0,11.0,27210.0,9.486,425987728.0
-0.9420670866966248,0.03470867499709129,-0.04940514266490936,2.0,12.0,27211.0,0.9440000000000001,425987730.0
-1.730539679527283,0.06436335295438766,-0.03022756800055504,6.0,14.0,27213.0,1.732,425987735.0
-12.14702415466309,0.4708880484104156,0.2121863514184952,11.0,1.0,27222.0,12.158,425987760.0
-15.38111400604248,0.6016369462013245,0.806706428527832,24.0,3.0,27224.0,15.414,425987765.0
-9.643693923950195,0.3789017498493195,0.8443648219108582,6.0,5.0,27225.0,9.688,425987769.0
-9.505097389221191,0.3767793774604797,1.167995810508728,13.0,7.0,27227.0,9.584,425987774.0
-8.536681175231934,0.3413762152194977,1.353158116340637,2.0,9.0,27229.0,8.65,425987779.0
-0.6071934700012207,0.02428126335144043,-0.053165003657341,1.0,10.0,27229.0,0.61,425987781.0
-0.9658878445625305,0.03896291553974152,-0.05066120624542236,2.0,12.0,27231.0,0.968,425987785.0
-1.778257489204407,0.07235481590032578,-0.03106528334319592,4.0,14.0,27233.0,1.78,425987790.0
-23.25752067565918,0.9869782328605652,0.4063269197940826,7.0,1.0,27243.0,23.282,425987815.0
-9.801641464233398,0.41766557097435,0.5141484141349792,9.0,3.0,27244.0,9.824,425987820.0
-9.650201797485352,0.4145871698856354,0.8450620770454407,13.0,5.0,27246.0,9.696,425987825.0
-8.570960998535156,0.3727174699306488,1.358789801597595,2.0,9.0,27249.0,8.686,425987834.0
-0.6071003675460815,0.0265065748244524,-0.053165003657341,1.0,10.0,27250.0,0.61,425987836.0
-0.9697291851043701,0.04267844185233116,-0.05087054893374443,2.0,12.0,27252.0,0.972,425987841.0
-9.210502624511719,0.4069711565971375,2.12848687171936,18.0,13.0,27253.0,9.462,425987843.0
-1.83991003036499,0.08161919564008713,-0.03214733302593231,5.0,14.0,27254.0,1.842,425987845.0
-9.117100715637207,0.4044384956359863,2.445322275161743,19.0,15.0,27254.0,9.448,425987848.0
-23.34582328796387,1.07237696647644,0.4079325497150421,15.0,1.0,27263.0,23.374,425987871.0
-9.903791427612305,0.4583894014358521,0.5195913910865784,28.0,3.0,27265.0,9.928,425987875.0
-8.603080749511719,0.4057110249996185,1.364108562469482,2.0,9.0,27270.0,8.72,425987889.0
-0.6587488055229187,0.0310658048838377,-0.0576971024274826,1.0,10.0,27270.0,0.662,425987891.0
-0.9835394024848938,0.04672662913799286,-0.05160325393080711,2.0,12.0,27272.0,0.986,425987896.0
-9.238224029541016,0.4405115842819214,2.13523530960083,30.0,13.0,27273.0,9.492,425987898.0
-1.8995361328125,0.0909089744091034,-0.03319447860121727,6.0,14.0,27274.0,1.902,425987901.0
-9.090472221374512,0.4366466999053955,2.438593149185181,2.0,15.0,27275.0,9.422,425987903.0
-9.766669273376465,0.4810872375965118,0.1706845313310623,5.0,1.0,27282.0,9.78,425987926.0
-19.61509704589844,0.9696335792541504,1.029238939285278,30.0,3.0,27283.0,19.666,425987931.0
-9.728630065917969,0.4877243041992188,1.196025729179382,1.0,7.0,27287.0,9.814,425987940.0
-9.548663139343262,0.482043594121933,1.514285564422607,26.0,9.0,27289.0,9.68,425987944.0
-0.6307841539382935,0.03184377402067184,-0.05525673925876617,1.0,10.0,27289.0,0.634,425987947.0
-9.384101867675781,0.4753781259059906,1.826423645019531,17.0,11.0,27290.0,9.572000000000001,425987949.0
-0.9913577437400818,0.0503934882581234,-0.05202193930745125,2.0,12.0,27291.0,0.994,425987951.0
-1.953145503997803,0.09996739774942398,-0.03413690626621246,6.0,14.0,27293.0,1.956,425987956.0
-9.715006828308105,0.5125424861907959,0.1698119193315506,10.0,1.0,27302.0,9.73,425987981.0
-19.53580284118652,1.034085392951965,1.025261402130127,31.0,3.0,27303.0,19.59,425987986.0
-9.794638633728027,0.5218865871429443,0.858135461807251,4.0,5.0,27305.0,9.846,425987990.0
-0.5827741026878357,0.03135789558291435,-0.07165917754173279,1.0,8.0,27308.0,0.588,425987997.0
-9.562702178955078,0.5162235498428345,1.516788601875305,23.0,9.0,27309.0,9.696,425988000.0
-0.6107742190361023,0.03297143802046776,-0.05351362749934196,1.0,10.0,27309.0,0.614,425988002.0
-1.001147389411926,0.05439545214176178,-0.05254530161619186,1.0,12.0,27311.0,1.004,425988007.0
-2.018676042556763,0.1103876978158951,-0.03528876602649689,7.0,14.0,27313.0,2.022,425988011.0
-9.749096870422363,0.5484728813171387,0.1704401969909668,5.0,1.0,27322.0,9.766,425988036.0
-9.946403503417969,0.5630561709403992,0.522103488445282,9.0,3.0,27324.0,9.976,425988041.0
-9.808670997619629,0.5569767355918884,0.8595299124717712,15.0,5.0,27325.0,9.862,425988046.0
-9.661568641662598,0.5520070791244507,1.188226103782654,5.0,7.0,27327.0,9.75,425988050.0
-9.62799072265625,0.5517745614051819,1.52742612361908,38.0,9.0,27328.0,9.764,425988055.0
-0.630546510219574,0.03624666482210159,-0.05525673925876617,1.0,10.0,27329.0,0.634,425988057.0
-1.050799608230591,0.06077273562550545,-0.05516209825873375,1.0,12.0,27331.0,1.054,425988062.0
-2.038241624832153,0.118595078587532,-0.03563781455159187,4.0,14.0,27333.0,2.042,425988066.0
-9.834952354431152,0.5877490639686584,0.1719760149717331,2.0,1.0,27342.0,9.854000000000001,425988092.0
-9.9584379196167,0.5968730449676514,0.5228362083435059,24.0,3.0,27343.0,9.99,425988096.0
-9.920027732849121,0.5980461239814758,0.869465708732605,12.0,5.0,27345.0,9.976,425988101.0
-9.669281959533691,0.589704692363739,1.534309267997742,31.0,9.0,27349.0,9.808,425988110.0
-0.6383708715438843,0.03893260285258293,-0.0559539869427681,1.0,10.0,27349.0,0.642,425988113.0
-1.056561589241028,0.06480717658996582,-0.055476114153862,1.0,12.0,27351.0,1.06,425988117.0
-9.447174072265625,0.5811240077018738,2.185174465179443,6.0,13.0,27352.0,9.714,425988119.0
-2.107671737670898,0.1300184726715088,-0.03685948252677917,4.0,14.0,27353.0,2.112,425988122.0
-9.639364242553711,0.6081464290618896,0.168590247631073,7.0,1.0,27361.0,9.66,425988147.0
-19.38259696960449,1.226242303848267,1.017829656600952,35.0,3.0,27362.0,19.448,425988152.0
-9.955768585205078,0.6333421468734741,0.8727775812149048,12.0,5.0,27364.0,10.014,425988156.0
-9.67920970916748,0.6208373308181763,1.536186456680298,16.0,9.0,27367.0,9.82,425988166.0
-0.6501679420471191,0.0418165810406208,-0.05699985474348068,1.0,10.0,27368.0,0.654,425988168.0
-1.068299412727356,0.06908382475376129,-0.0561041459441185,1.0,12.0,27370.0,1.072,425988172.0
-9.414080619812012,0.6104312539100647,2.177976131439209,21.0,13.0,27371.0,9.682,425988175.0
-2.189043760299683,0.1423264443874359,-0.03829057887196541,4.0,14.0,27372.0,2.194,425988177.0
-9.326499938964844,0.60802161693573,2.504333019256592,1.0,15.0,27373.0,9.676,425988179.0
-9.589295387268066,0.6386013627052307,0.1677525341510773,25.0,1.0,27381.0,9.612,425988202.0
-19.3104419708252,1.289368629455566,1.014270782470703,33.0,3.0,27382.0,19.38,425988207.0
-19.47561645507812,1.307226181030273,1.707729578018188,23.0,5.0,27384.0,19.594,425988212.0
-0.6579693555831909,0.04462511092424393,-0.0576971024274826,1.0,10.0,27388.0,0.662,425988223.0
-9.37448787689209,0.6374447345733643,1.826423645019531,7.0,11.0,27389.0,9.572000000000001,425988225.0
-1.078014969825745,0.07349168509244919,-0.05662750452756882,1.0,12.0,27390.0,1.082,425988228.0
-9.065824508666992,0.6196355819702148,2.097893476486206,3.0,13.0,27391.0,9.326,425988230.0
-2.316214799880981,0.1587159782648087,-0.04052448645234108,4.0,14.0,27392.0,2.322,425988232.0
-8.919586181640625,0.6127685308456421,2.395629167556763,0.0,15.0,27393.0,9.256,425988235.0
-9.557085990905762,0.6699727773666382,0.167228952050209,27.0,1.0,27401.0,9.582,425988258.0
-19.25601577758789,1.353266358375549,1.011654019355774,33.0,3.0,27402.0,19.33,425988262.0
-19.41131210327148,1.370989799499512,1.702500224113464,21.0,5.0,27404.0,19.534,425988267.0
-9.384990692138672,0.6677854657173157,1.49019467830658,3.0,9.0,27407.0,9.526,425988276.0
-0.6458855271339417,0.04607104137539864,-0.05665123462677002,1.0,10.0,27408.0,0.65,425988278.0
-9.229252815246582,0.6599420309066772,1.798565626144409,7.0,11.0,27409.0,9.426,425988281.0
-1.091696858406067,0.07825380563735962,-0.0573602095246315,1.0,12.0,27410.0,1.096,425988283.0
-9.032506942749023,0.6490427255630493,2.090695142745972,6.0,13.0,27411.0,9.294,425988285.0
-2.381466150283813,0.1715411990880966,-0.0416763462126255,4.0,14.0,27412.0,2.388,425988288.0
-8.919431686401367,0.642482340335846,2.396146774291992,2.0,15.0,27412.0,9.258000000000001,425988290.0
-9.53674030303955,0.7020079493522644,0.1669148206710815,25.0,1.0,27421.0,9.564,425988313.0
-19.17747688293457,1.41503632068634,1.007781147956848,35.0,3.0,27422.0,19.256,425988318.0
-19.35276031494141,1.434762239456177,1.697793841362,10.0,5.0,27424.0,19.48,425988322.0
-9.494199752807617,0.7072071433067322,1.168970704078674,3.0,7.0,27426.0,9.592,425988327.0
-9.355024337768555,0.6984820365905762,1.485814571380615,10.0,9.0,27427.0,9.498,425988331.0
-0.6655890941619873,0.04981225356459618,-0.05839434638619423,1.0,10.0,27428.0,0.67,425988334.0
-9.183822631835938,0.688923180103302,1.790169954299927,9.0,11.0,27429.0,9.382,425988336.0
-1.10735023021698,0.08326207846403122,-0.05819758400321007,1.0,12.0,27430.0,1.112,425988338.0
-8.977718353271484,0.6766138672828674,2.078547716140747,10.0,13.0,27431.0,9.24,425988341.0
-2.450643301010132,0.1851250827312469,-0.04289801418781281,4.0,14.0,27432.0,2.458,425988343.0
-9.472168922424316,0.7338328957557678,0.1658327728509903,7.0,1.0,27443.0,9.502,425988368.0
-19.14973831176758,1.49030339717865,1.006629824638367,33.0,3.0,27445.0,19.234,425988373.0
-19.33916282653809,1.508440971374512,1.697096586227417,5.0,5.0,27446.0,19.472,425988377.0
-9.434022903442383,0.7391602993011475,1.16190230846405,6.0,7.0,27448.0,9.534,425988382.0
-9.306979179382324,0.7308407425880432,1.478618621826172,12.0,9.0,27449.0,9.452,425988387.0
-0.6733379364013672,0.05299284309148788,-0.05909159407019615,1.0,10.0,27450.0,0.678,425988389.0
-8.969735145568848,0.7075086832046509,1.748955249786377,15.0,11.0,27451.0,9.166,425988391.0
-1.136888027191162,0.08987434953451157,-0.05976766347885132,2.0,12.0,27452.0,1.142,425988394.0
-8.633147239685059,0.6839919686317444,1.999364972114563,30.0,13.0,27453.0,8.888,425988396.0
-2.525664329528809,0.2005483657121658,-0.04422439634799957,4.0,14.0,27454.0,2.534,425988398.0
-9.318069458007812,0.7546247839927673,0.1631799936294556,2.0,1.0,27463.0,9.35,425988424.0
-19.21210289001465,1.562644481658936,1.010188579559326,31.0,3.0,27465.0,19.302,425988428.0
-9.575543403625488,0.7805231809616089,0.8405299782752991,3.0,5.0,27466.0,9.644,425988433.0
-9.35818099975586,0.7660939693450928,1.152884006500244,9.0,7.0,27468.0,9.46,425988437.0
-8.94986629486084,0.7358129024505615,1.42230212688446,22.0,9.0,27470.0,9.092,425988442.0
-0.6652060747146606,0.05468989536166191,-0.05839434638619423,1.0,10.0,27470.0,0.67,425988444.0
-8.810680389404297,0.7259179949760437,1.718425869941711,3.0,11.0,27471.0,9.006,425988447.0
-1.150500774383545,0.09499271214008331,-0.0605003647506237,2.0,12.0,27472.0,1.156,425988449.0
-8.791902542114258,0.7274606823921204,2.036706924438477,13.0,13.0,27473.0,9.054,425988451.0
-2.64252758026123,0.2191127091646194,-0.0462837815284729,5.0,14.0,27474.0,2.652,425988454.0
-8.790539741516113,0.7304375171661377,2.363535404205322,9.0,15.0,27475.0,9.132,425988456.0
-9.367185592651367,0.7915239930152893,0.1640875190496445,7.0,1.0,27483.0,9.402000000000001,425988479.0
-19.28016471862793,1.635945677757263,1.014061450958252,30.0,3.0,27485.0,19.376,425988483.0
-9.435779571533203,0.8022962212562561,0.8285024762153625,5.0,5.0,27486.0,9.506,425988488.0
-9.044920921325684,0.7722428441047668,1.114616990089417,18.0,7.0,27488.0,9.146,425988493.0
-0.5814929008483887,0.04974929243326187,-0.07165917754173279,1.0,8.0,27489.0,0.588,425988495.0
-8.947376251220703,0.7654876708984375,1.42230212688446,30.0,9.0,27489.0,9.092,425988497.0
-0.6888324022293091,0.05905376747250557,-0.0604860857129097,3.0,10.0,27490.0,0.6940000000000001,425988500.0
-8.978269577026367,0.771287739276886,1.75162661075592,13.0,11.0,27491.0,9.18,425988502.0
-1.150162220001221,0.09900812804698944,-0.0605003647506237,2.0,12.0,27492.0,1.156,425988504.0
-8.901918411254883,0.7678591012954712,2.062801122665405,9.0,13.0,27493.0,9.17,425988507.0
-2.753313541412354,0.2379786521196365,-0.04823845252394676,4.0,14.0,27494.0,2.764,425988509.0
-8.793843269348145,0.760083019733429,2.36508846282959,11.0,15.0,27494.0,9.138,425988511.0
-9.39026165008545,0.8264960646629333,0.1645412892103195,5.0,1.0,27503.0,9.428,425988534.0
-9.31088924407959,0.8227853775024414,0.4898645579814911,9.0,3.0,27505.0,9.36,425988539.0
-9.174920082092285,0.8123839497566223,0.8058419823646545,13.0,5.0,27506.0,9.246,425988543.0
-9.075783729553223,0.8067989349365234,1.118760585784912,16.0,7.0,27508.0,9.18,425988548.0
-9.042888641357422,0.8070563077926636,1.437945604324341,8.0,9.0,27510.0,9.192,425988553.0
-0.6925910711288452,0.06181210651993752,-0.06083470955491066,3.0,10.0,27510.0,0.6980000000000001,425988555.0
-8.922724723815918,0.7979017496109009,1.741322875022888,11.0,11.0,27511.0,9.126,425988557.0
-1.193573951721191,0.1069436073303223,-0.06280314922332764,2.0,12.0,27512.0,1.2,425988559.0
-8.800195693969727,0.7900412678718567,2.039856195449829,9.0,13.0,27513.0,9.068,425988562.0
-2.867981910705566,0.2579788863658905,-0.0502629317343235,3.0,14.0,27514.0,2.88,425988564.0
-8.700567245483398,0.7841587066650391,2.340759515762329,16.0,15.0,27515.0,9.044,425988566.0
-9.433422088623047,0.8601687550544739,0.1653441041707993,7.0,1.0,27521.0,9.474,425988589.0
-9.32615852355957,0.8536707758903503,0.4908066093921661,24.0,3.0,27523.0,9.378,425988594.0
-9.213988304138184,0.8450248837471008,0.8095025420188904,9.0,5.0,27524.0,9.288,425988599.0
-9.138436317443848,0.841312825679779,1.126803994178772,5.0,7.0,27526.0,9.246,425988603.0
-0.5811501741409302,0.05360477417707443,-0.07165917754173279,1.0,8.0,27527.0,0.588,425988606.0
-9.018816947937012,0.8318877220153809,1.43450403213501,5.0,9.0,27527.0,9.17,425988608.0
-0.6626344323158264,0.06123745068907738,-0.0582200363278389,1.0,10.0,27528.0,0.668,425988610.0
-8.935813903808594,0.8273773789405823,1.744375824928284,15.0,11.0,27529.0,9.142,425988612.0
-1.205164432525635,0.1117997244000435,-0.06343118101358414,2.0,12.0,27530.0,1.212,425988615.0
-8.733637809753418,0.8117325305938721,2.025009393692017,18.0,13.0,27531.0,9.002,425988617.0
-3.004541873931885,0.279780775308609,-0.05267136171460152,3.0,14.0,27532.0,3.018,425988619.0
-8.67512035369873,0.8078209161758423,2.334547758102417,26.0,15.0,27532.0,9.02,425988622.0
-9.446288108825684,0.8946005702018738,0.1656233370304108,7.0,1.0,27541.0,9.49,425988645.0
-12.24989414215088,1.164427638053894,0.6448836326599121,5.0,3.0,27543.0,12.322,425988649.0
-9.266518592834473,0.8824713826179504,0.8143832683563232,4.0,5.0,27544.0,9.344,425988654.0
-9.1611328125,0.8756622672080994,1.129972577095032,4.0,7.0,27546.0,9.272,425988659.0
-0.5809594988822937,0.05563304200768471,-0.07165917754173279,1.0,8.0,27547.0,0.588,425988661.0
-0.7040656208992004,0.06754577159881592,-0.06188057735562325,3.0,10.0,27548.0,0.71,425988665.0
-8.92114543914795,0.8574371933937073,1.742086172103882,34.0,11.0,27549.0,9.13,425988668.0
-1.22067129611969,0.1175372824072838,-0.0642685517668724,2.0,12.0,27550.0,1.228,425988670.0
-8.761787414550781,0.8452075719833374,2.032207727432251,12.0,13.0,27551.0,9.034,425988672.0
-3.140886068344116,0.303539514541626,-0.05507979542016983,5.0,14.0,27552.0,3.156,425988675.0
-14.00246715545654,1.375421285629272,0.2455902695655823,9.0,1.0,27561.0,14.072,425988700.0
-9.439229011535645,0.9305146932601929,0.4970869123935699,6.0,3.0,27563.0,9.498,425988705.0
-9.297087669372559,0.9181408882141113,0.8173465728759766,8.0,5.0,27564.0,9.378,425988709.0
-0.580761730670929,0.05766062811017036,-0.07165917754173279,1.0,8.0,27567.0,0.588,425988716.0
-9.061932563781738,0.8997092843055725,1.442325711250305,34.0,9.0,27567.0,9.22,425988718.0
-0.7196863889694214,0.07158053666353226,-0.06327506899833679,3.0,10.0,27568.0,0.726,425988721.0
-8.935680389404297,0.8903244137763977,1.745520710945129,12.0,11.0,27569.0,9.148,425988723.0
-1.232177972793579,0.1229877099394798,-0.0648965835571289,3.0,12.0,27570.0,1.24,425988725.0
-3.306945562362671,0.3312429189682007,-0.05801180005073547,5.0,14.0,27572.0,3.324,425988730.0
-9.52734661102295,0.9694326519966125,0.1671591550111771,10.0,1.0,27581.0,9.578,425988755.0
-9.45976734161377,0.9658925533294678,0.4983429610729218,32.0,3.0,27583.0,9.522,425988760.0
-9.299772262573242,0.9511963725090027,0.8178694844245911,11.0,5.0,27584.0,9.384,425988765.0
-9.168620109558105,0.941015899181366,1.131678700447083,20.0,7.0,27586.0,9.286,425988769.0
-0.5805569291114807,0.05968751385807991,-0.07165917754173279,1.0,8.0,27587.0,0.588,425988771.0
-40.74589920043945,4.196304798126221,6.487649917602539,2.0,9.0,27588.0,41.472,425988774.0
-0.7253778576850891,0.074704609811306,-0.06379800289869308,3.0,10.0,27588.0,0.732,425988776.0
-1.24564790725708,0.1287251859903336,-0.06562928855419159,3.0,12.0,27590.0,1.254,425988781.0
-3.52854061126709,0.3658840954303741,-0.0619211383163929,7.0,14.0,27592.0,3.548,425988785.0
-9.549757957458496,1.005405187606812,0.1676129102706909,15.0,1.0,27601.0,9.604000000000001,425988811.0
-9.452364921569824,0.9984878301620483,0.4981336295604706,14.0,3.0,27603.0,9.518,425988815.0
-9.32413387298584,0.9865878820419312,0.8203098773956299,11.0,5.0,27604.0,9.412,425988820.0
-39.11874771118164,4.152967929840088,4.830169677734375,1.0,7.0,27606.0,39.634,425988824.0
-0.6316680908203125,0.06717134267091751,-0.0779963806271553,1.0,8.0,27607.0,0.64,425988827.0
-40.61586380004883,4.319075584411621,6.469191074371338,2.0,9.0,27607.0,41.354,425988829.0
-0.7389809489250183,0.07871339470148087,-0.0650181844830513,3.0,10.0,27608.0,0.746,425988831.0
-1.269022345542908,0.1356193721294403,-0.06688535213470459,3.0,12.0,27610.0,1.278,425988836.0
-3.710165500640869,0.3978122174739838,-0.06513237953186035,4.0,14.0,27612.0,3.732,425988841.0
-9.583961486816406,1.04284393787384,0.1682761013507843,5.0,1.0,27621.0,9.642,425988866.0
-13.88037776947021,1.51524543762207,0.7317613363265991,5.0,3.0,27623.0,13.982,425988871.0
-39.07694625854492,4.272719383239746,3.439165592193604,1.0,5.0,27624.0,39.46,425988875.0
-38.92444610595703,4.269795417785645,4.807989120483398,1.0,7.0,27626.0,39.452,425988880.0
-0.5801261067390442,0.06373907625675201,-0.07165917754173279,1.0,8.0,27627.0,0.588,425988882.0
-40.46112823486328,4.445507526397705,6.446977138519287,2.0,9.0,27627.0,41.212,425988884.0
-0.7387017011642456,0.08129243552684784,-0.0650181844830513,3.0,10.0,27628.0,0.746,425988887.0
-1.310230374336243,0.144650787115097,-0.06908345967531204,3.0,12.0,27630.0,1.32,425988891.0
-3.841919422149658,0.4255093336105347,-0.06747100502252579,4.0,14.0,27632.0,3.866,425988896.0
-20.0722541809082,2.258558988571167,0.3525735139846802,26.0,1.0,27642.0,20.202,425988921.0
-13.93824005126953,1.573277950286865,0.7351108193397522,5.0,3.0,27644.0,14.046,425988926.0
-39.19762802124023,4.431358337402344,3.45119309425354,1.0,5.0,27645.0,39.598,425988930.0
-38.87500381469727,4.408628940582275,4.803845882415771,1.0,7.0,27647.0,39.418,425988935.0
-0.5483300089836121,0.06228043511509895,-0.06775935739278793,1.0,8.0,27648.0,0.556,425988937.0
-39.13658905029297,4.452132225036621,6.238606452941895,0.0,9.0,27649.0,39.88,425988940.0
-0.7463172674179077,0.08490016311407089,-0.06571543216705322,3.0,10.0,27649.0,0.754,425988942.0
-40.70388412475586,4.637621879577637,7.963222503662109,2.0,11.0,27650.0,41.734,425988944.0
-1.337472677230835,0.1526222378015518,-0.07054886966943741,3.0,12.0,27651.0,1.348,425988947.0
-6.605851650238037,0.7561456561088562,-0.1160585060715675,1.0,14.0,27653.0,6.65,425988951.0
-20.15562057495117,2.339215040206909,0.3541791439056396,26.0,1.0,27662.0,20.294,425988977.0
-13.98424339294434,1.627926468849182,0.7378323078155518,5.0,3.0,27664.0,14.098,425988981.0
-39.35211181640625,4.58799934387207,3.46618390083313,0.0,5.0,27665.0,39.77,425988986.0
-38.84951782226562,4.543148517608643,4.802627086639404,1.0,7.0,27667.0,39.408,425988990.0
-0.5796551704406738,0.06788870692253113,-0.07165917754173279,1.0,8.0,27668.0,0.588,425988993.0
-39.09334564208984,4.585495471954346,6.234226226806641,0.0,9.0,27669.0,39.852,425988995.0
-0.7578892707824707,0.08889742940664291,-0.06676129996776581,3.0,10.0,27669.0,0.766,425988997.0
-40.5919075012207,4.768453121185303,7.944523334503174,1.0,11.0,27670.0,41.636,425989000.0
-1.368669033050537,0.1610238403081894,-0.07222361862659454,3.0,12.0,27671.0,1.38,425989002.0
-8.943262100219727,1.053756833076477,2.078997611999512,6.0,13.0,27672.0,9.242,425989004.0
-8.700299263000488,1.026668906211853,-0.1529179811477661,4.0,14.0,27673.0,8.762,425989006.0
-14.41169166564941,1.718490242958069,0.2533391416072845,22.0,1.0,27680.0,14.516,425989032.0
-13.92154979705811,1.664973139762878,0.7347968220710754,11.0,3.0,27682.0,14.04,425989036.0
-39.58676528930664,4.741459369659424,3.488147020339966,1.0,5.0,27683.0,40.022,425989041.0
-39.0006103515625,4.685063362121582,4.823101043701172,1.0,7.0,27685.0,39.576,425989046.0
-0.5794389843940735,0.069709412753582,-0.07165917754173279,1.0,8.0,27686.0,0.588,425989048.0
-9.227416038513184,1.111738204956055,1.472048282623291,16.0,9.0,27687.0,9.41,425989050.0
-0.7734309434890747,0.09318455308675766,-0.06815578788518906,3.0,10.0,27687.0,0.782,425989053.0
-1.376087784767151,0.1662812381982803,-0.07264230400323868,3.0,12.0,27689.0,1.388,425989057.0
-8.893476486206055,1.076228857040405,2.06820011138916,18.0,13.0,27690.0,9.194,425989059.0
-8.845918655395508,1.072040319442749,-0.1555358469486237,6.0,14.0,27691.0,8.912,425989062.0
-8.827722549438477,1.069835186004639,2.382688045501709,6.0,15.0,27691.0,9.206,425989064.0
-19.0897102355957,2.343921661376953,0.3357144892215729,40.0,1.0,27700.0,19.236,425989087.0
-20.07659912109375,2.47221040725708,1.060117125511169,20.0,3.0,27702.0,20.256,425989092.0
-39.70245742797852,4.895951747894287,3.499825954437256,1.0,5.0,27703.0,40.156,425989096.0
-39.14556503295898,4.841150760650635,4.843087673187256,0.0,7.0,27705.0,39.74,425989101.0
-0.5555516481399536,0.06880378723144531,-0.068734310567379,1.0,8.0,27706.0,0.5640000000000001,425989103.0
-9.219558715820312,1.143454790115356,1.471422553062439,20.0,9.0,27707.0,9.406,425989106.0
-0.784964382648468,0.09735512733459473,-0.06920166313648224,4.0,10.0,27707.0,0.794,425989108.0
-9.071212768554688,1.12666392326355,1.776813387870789,3.0,11.0,27708.0,9.312,425989110.0
-1.403246760368347,0.1745349168777466,-0.07410771399736404,3.0,12.0,27709.0,1.416,425989112.0
-40.63101196289062,5.060859680175781,9.452893257141113,1.0,13.0,27710.0,42.022,425989115.0
-9.078256607055664,1.132365703582764,-0.1596895158290863,9.0,14.0,27711.0,9.15,425989117.0
-19.05279541015625,2.413684844970703,0.3352258205413818,35.0,1.0,27722.0,19.208,425989142.0
-39.60430908203125,5.038304328918457,3.49285364151001,1.0,5.0,27725.0,40.076,425989152.0
-39.28028106689453,5.011016845703125,4.862099170684814,0.0,7.0,27727.0,39.896,425989156.0
-0.5789124369621277,0.0739550068974495,-0.07165917754173279,1.0,8.0,27728.0,0.588,425989158.0
-38.81087875366211,4.958018779754639,6.196994781494141,0.0,9.0,27728.0,39.614,425989161.0
-0.7845848202705383,0.1003684476017952,-0.06920166313648224,4.0,10.0,27729.0,0.794,425989163.0
-39.05197906494141,5.002673625946045,7.652966976165771,2.0,11.0,27730.0,40.108,425989165.0
-1.434262752532959,0.1839877367019653,-0.07578246295452118,3.0,12.0,27731.0,1.448,425989168.0
-40.50690460205078,5.203426361083984,9.428598403930664,2.0,13.0,27732.0,41.914,425989170.0
-9.430845260620117,1.213138580322266,-0.1659723818302155,5.0,14.0,27733.0,9.51,425989172.0
-14.27724170684814,1.859357953071594,0.251314640045166,27.0,1.0,27742.0,14.4,425989198.0
-39.73267364501953,5.195635318756104,3.505752563476562,1.0,5.0,27745.0,40.224,425989207.0
-39.76642227172852,5.214167594909668,4.924496650695801,2.0,7.0,27747.0,40.408,425989211.0
-0.602269172668457,0.0790763720870018,-0.07458403706550598,1.0,8.0,27748.0,0.612,425989214.0
-9.310813903808594,1.224138736724854,1.487378835678101,5.0,9.0,27749.0,9.508000000000001,425989216.0
-0.8000327944755554,0.1051842644810677,-0.07059615105390549,2.0,10.0,27749.0,0.81,425989218.0
-38.86882781982422,5.117178440093994,7.620529651641846,0.0,11.0,27750.0,39.938,425989221.0
-1.483114957809448,0.1955191195011139,-0.07839926332235336,3.0,12.0,27751.0,1.498,425989223.0
-40.36870956420898,5.328978061676025,9.400704383850098,2.0,13.0,27752.0,41.79,425989225.0
-10.20367431640625,1.348774790763855,-0.1796550750732422,5.0,14.0,27753.0,10.294,425989228.0
-18.92536926269531,2.525183439254761,0.3332711458206177,32.0,1.0,27760.0,19.096,425989253.0
-19.08004188537598,2.549210548400879,1.008827924728394,33.0,3.0,27761.0,19.276,425989258.0
-40.23156356811523,5.389478206634521,3.551247835159302,1.0,5.0,27763.0,40.746,425989262.0
-39.71443176269531,5.334314823150635,4.920109272003174,2.0,7.0,27765.0,40.372,425989267.0
-0.6177567839622498,0.08308487385511398,-0.07653395086526871,1.0,8.0,27766.0,0.628,425989269.0
-9.324541091918945,1.255756258964539,1.49019467830658,11.0,9.0,27767.0,9.526,425989271.0
-0.8154948949813843,0.1098244711756706,-0.07199064642190933,4.0,10.0,27767.0,0.8260000000000001,425989274.0
-38.79613876342773,5.231654167175293,7.609462738037109,0.0,11.0,27768.0,39.88,425989276.0
-1.484472632408142,0.200444757938385,-0.07850393652915955,3.0,12.0,27769.0,1.5,425989278.0
-39.07526779174805,5.283183574676514,9.10331916809082,0.0,13.0,27770.0,40.468,425989281.0
-10.97221755981445,1.485452055931091,-0.1932679414749146,3.0,14.0,27771.0,11.074,425989283.0
-8.970819473266602,1.214496731758118,2.425652027130127,0.0,15.0,27771.0,9.372,425989285.0
-18.88077735900879,2.586344718933105,0.3326428532600403,35.0,1.0,27780.0,19.06,425989308.0
-19.02749443054199,2.609825849533081,1.006525158882141,33.0,3.0,27781.0,19.232,425989313.0
-40.40593719482422,5.556480407714844,3.568330526351929,1.0,5.0,27783.0,40.942,425989317.0
-39.91384887695312,5.503006458282471,4.947164058685303,2.0,7.0,27785.0,40.594,425989322.0
-0.6095972657203674,0.08415487408638,-0.07555899024009705,1.0,8.0,27786.0,0.62,425989324.0
-9.322057723999023,1.288567781448364,1.49050760269165,15.0,9.0,27787.0,9.528,425989327.0
-0.826948344707489,0.1143072694540024,-0.07303651422262192,4.0,10.0,27787.0,0.838,425989329.0
-9.227678298950195,1.277163147926331,1.810777306556702,3.0,11.0,27788.0,9.49,425989331.0
-1.519374251365662,0.2105603218078613,-0.08038803189992905,3.0,12.0,27789.0,1.536,425989334.0
-9.081805229187012,1.260204672813416,2.1167893409729,6.0,13.0,27790.0,9.41,425989336.0
-12.095947265625,1.68060314655304,-0.2131636887788773,1.0,14.0,27791.0,12.214,425989338.0
-8.9741792678833,1.246866703033447,2.427722692489624,8.0,15.0,27791.0,9.38,425989340.0
-18.83156776428223,2.649955987930298,0.3319447636604309,32.0,1.0,27801.0,19.02,425989363.0
-18.95602416992188,2.674217700958252,1.003280282020569,31.0,3.0,27803.0,19.17,425989368.0
-40.88047790527344,5.774482727050781,3.612082719802856,1.0,5.0,27804.0,41.444,425989373.0
-40.17840576171875,5.689619064331055,4.982506275177002,2.0,7.0,27806.0,40.884,425989377.0
-0.5778377652168274,0.08192983269691467,-0.07165917754173279,1.0,8.0,27807.0,0.588,425989380.0
-9.356619834899902,1.326646208763123,1.49676501750946,13.0,9.0,27807.0,9.568,425989382.0
-0.830469012260437,0.1178975030779839,-0.07338513433933258,4.0,10.0,27808.0,0.842,425989384.0
-9.252090454101562,1.315119981765747,1.816501617431641,4.0,11.0,27809.0,9.52,425989387.0
-1.562093615531921,0.2223188430070877,-0.08269081264734268,3.0,12.0,27810.0,1.58,425989389.0
-38.6891975402832,5.513177871704102,9.022336959838867,1.0,13.0,27811.0,40.108,425989391.0
-13.73281288146973,1.959359765052795,-0.242134690284729,3.0,14.0,27812.0,13.874,425989393.0
-40.37726211547852,5.768106937408447,10.92889308929443,2.0,15.0,27813.0,42.226,425989396.0
-18.78261947631836,2.709963083267212,0.3312466740608215,27.0,1.0,27821.0,18.98,425989419.0
-18.90554046630859,2.731066703796387,1.001082181930542,35.0,3.0,27822.0,19.128,425989423.0
-40.84626770019531,5.915148258209229,3.610862493515015,1.0,5.0,27824.0,41.43,425989428.0
-40.17794418334961,5.832684993743896,4.984943389892578,2.0,7.0,27826.0,40.904,425989433.0
-0.6246950626373291,0.09079912304878235,-0.07750890403985977,1.0,8.0,27827.0,0.636,425989435.0
-39.65673446655273,5.77115535736084,6.347171783447266,1.0,9.0,27828.0,40.574,425989437.0
-0.8418821692466736,0.1225172132253647,-0.07443100214004517,4.0,10.0,27828.0,0.854,425989440.0
-39.09181976318359,5.695911884307861,7.678917407989502,1.0,11.0,27829.0,40.244,425989442.0
-1.594905853271484,0.2326716035604477,-0.084470234811306,3.0,12.0,27830.0,1.614,425989444.0
-38.71792221069336,5.655235767364502,9.033584594726562,1.0,13.0,27831.0,40.158,425989446.0
-13.82086563110352,2.021173477172852,-0.2438101172447205,4.0,14.0,27832.0,13.97,425989449.0
-39.03605651855469,5.715620517730713,10.57120513916016,0.0,15.0,27833.0,40.844,425989451.0
-18.73000717163086,2.765806913375854,0.3304787576198578,32.0,1.0,27840.0,18.936,425989474.0
-18.85686492919922,2.787902593612671,0.9989887475967407,33.0,3.0,27841.0,19.088,425989479.0
-40.78503799438477,6.044433116912842,3.607201814651489,0.0,5.0,27843.0,41.388,425989483.0
-40.38615417480469,5.999725341796875,5.013217449188232,2.0,7.0,27845.0,41.136,425989488.0
-0.5772666931152344,0.08586111664772034,-0.07165917754173279,1.0,8.0,27846.0,0.588,425989490.0
-39.88459777832031,5.932329654693604,6.386593341827393,2.0,9.0,27846.0,40.826,425989493.0
-0.8572365045547485,0.1276560127735138,-0.07582549750804901,3.0,10.0,27847.0,0.87,425989495.0
-39.2125244140625,5.846358299255371,7.706393718719482,1.0,11.0,27848.0,40.388,425989497.0
-1.651411294937134,0.2465104162693024,-0.08750572055578232,3.0,12.0,27849.0,1.672,425989499.0
-38.7259407043457,5.787630558013916,9.03988265991211,1.0,13.0,27850.0,40.186,425989502.0
-17.0970344543457,2.558219432830811,-0.301752120256424,1.0,14.0,27851.0,17.29,425989504.0
-38.9481086730957,5.834733486175537,10.55257034301758,2.0,15.0,27852.0,40.772,425989506.0
-18.66487693786621,2.822797298431396,0.3295014202594757,37.0,1.0,27860.0,18.88,425989529.0
-18.77592849731445,2.842944145202637,0.9952205419540405,28.0,3.0,27861.0,19.016,425989534.0
-42.01650619506836,6.376903533935547,3.718064069747925,0.0,5.0,27863.0,42.66,425989539.0
-40.81634140014648,6.209330081939697,5.069277286529541,1.0,7.0,27865.0,41.596,425989543.0
-0.6083628535270691,0.09265797585248947,-0.07555899024009705,1.0,8.0,27866.0,0.62,425989546.0
-40.15657424926758,6.116131782531738,6.433523654937744,2.0,9.0,27866.0,41.126,425989548.0
-0.8804211616516113,0.1342516243457794,-0.07791723310947418,3.0,10.0,27867.0,0.894,425989550.0
-39.68289184570312,6.058160305023193,7.802943229675293,2.0,11.0,27868.0,40.894,425989552.0
-1.690027356147766,0.2583086788654327,-0.08959915488958359,3.0,12.0,27869.0,1.712,425989555.0
-38.87887191772461,5.949303150177002,9.080374717712402,1.0,13.0,27870.0,40.366,425989557.0
-20.07073974609375,3.07483983039856,-0.354423463344574,34.0,14.0,27871.0,20.308,425989559.0
-38.78047180175781,5.948100566864014,10.51271152496338,2.0,15.0,27872.0,40.618,425989562.0
-18.61488342285156,2.885063171386719,0.3288033306598663,32.0,1.0,27881.0,18.84,425989585.0
-18.70814514160156,2.902861356735229,0.9921850562095642,22.0,3.0,27882.0,18.958,425989589.0
-42.51849746704102,6.61260986328125,3.764605045318604,1.0,5.0,27884.0,43.194,425989594.0
-40.7678108215332,6.354912757873535,5.066108703613281,2.0,7.0,27886.0,41.57,425989598.0
-0.6354780793190002,0.09917234629392624,-0.07897133380174637,1.0,8.0,27887.0,0.648,425989601.0
-40.13779449462891,6.263880729675293,6.434149742126465,1.0,9.0,27887.0,41.13,425989603.0
-0.8858287334442139,0.1384003013372421,-0.07844016700983047,3.0,10.0,27888.0,0.9,425989605.0
-39.62744903564453,6.198407173156738,7.796455383300781,1.0,11.0,27889.0,40.86,425989608.0
-1.712747812271118,0.2682091593742371,-0.09085521847009659,3.0,12.0,27890.0,1.736,425989610.0
-38.99927139282227,6.114096641540527,9.113667488098145,1.0,13.0,27891.0,40.514,425989612.0
-20.14823341369629,3.162335157394409,-0.3559941947460175,34.0,14.0,27892.0,20.398,425989615.0
-38.71175765991211,6.075944900512695,10.49977111816406,1.0,15.0,27892.0,40.568,425989617.0
-18.57309913635254,2.945013046264648,0.3282448649406433,35.0,1.0,27901.0,18.808,425989640.0
-18.66239356994629,2.962510824203491,0.9903009533882141,28.0,3.0,27902.0,18.922,425989645.0
-42.58173370361328,6.774760723114014,3.772274971008301,1.0,5.0,27904.0,43.282,425989649.0
-40.72773742675781,6.494367122650146,5.063914775848389,1.0,7.0,27906.0,41.552,425989654.0
-0.6233664155006409,0.09951237589120865,-0.07750890403985977,1.0,8.0,27907.0,0.636,425989656.0
-40.36341857910156,6.443497657775879,6.473884105682373,2.0,9.0,27907.0,41.384,425989658.0
-0.9148515462875366,0.1462079584598541,-0.08105484396219254,3.0,10.0,27908.0,0.93,425989661.0
-39.85177230834961,6.376085758209229,7.844921112060547,2.0,11.0,27909.0,41.114,425989663.0
-1.763076305389404,0.2823990881443024,-0.09357669204473495,3.0,12.0,27910.0,1.788,425989665.0
-39.13932037353516,6.27610969543457,9.151458740234375,1.0,13.0,27911.0,40.682,425989668.0
-20.23579216003418,3.248494148254395,-0.3577394187450409,23.0,14.0,27912.0,20.498,425989670.0
-38.67206192016602,6.215030670166016,10.49511241912842,2.0,15.0,27913.0,40.55,425989672.0
-18.53756904602051,3.002431154251099,0.3277910947799683,37.0,1.0,27920.0,18.782,425989695.0
-18.61645126342773,3.021876573562622,0.988416850566864,28.0,3.0,27922.0,18.886,425989700.0
-42.61999893188477,6.925836563110352,3.777678489685059,2.0,5.0,27923.0,43.344,425989704.0
-0.6219686269760132,0.1011825948953629,-0.09980519115924835,1.0,6.0,27924.0,0.638,425989707.0
-41.96579360961914,6.834563732147217,5.220638751983643,0.0,7.0,27925.0,42.838,425989709.0
-0.6387067437171936,0.1041344329714775,-0.0794588103890419,1.0,8.0,27926.0,0.652,425989711.0
-40.72980880737305,6.640567779541016,6.536144733428955,1.0,9.0,27926.0,41.782,425989714.0
-0.922227144241333,0.1505247056484222,-0.08175208419561386,3.0,10.0,27927.0,0.9380000000000001,425989716.0
-40.1132926940918,6.554426670074463,7.900637149810791,2.0,11.0,27928.0,41.406,425989718.0
-1.825204133987427,0.2985615432262421,-0.09692618995904922,3.0,12.0,27929.0,1.852,425989721.0
-39.6202278137207,6.48806095123291,9.26888370513916,2.0,13.0,27930.0,41.204,425989723.0
-13.37144947052002,2.192055225372314,-0.2365150153636932,41.0,14.0,27931.0,13.552,425989725.0
-38.82011032104492,6.363994121551514,10.54066467285156,2.0,15.0,27931.0,40.726,425989728.0
-18.46976280212402,3.057649612426758,0.3267788589000702,30.0,1.0,27940.0,18.724,425989751.0
-18.5703239440918,3.080957651138306,0.9865327477455139,26.0,3.0,27942.0,18.85,425989755.0
-42.6741828918457,7.087623596191406,3.784651041030884,2.0,5.0,27943.0,43.424,425989760.0
-42.46450805664062,7.068032264709473,5.285717010498047,2.0,7.0,27945.0,43.372,425989764.0
-0.6305069923400879,0.1050582304596901,-0.07848385721445084,1.0,8.0,27946.0,0.644,425989767.0
-40.75585556030273,6.798255443572998,6.5442795753479,2.0,9.0,27947.0,41.834,425989769.0
-0.9275918006896973,0.1547263860702515,-0.08227501809597015,3.0,10.0,27947.0,0.9440000000000001,425989771.0
-40.09210586547852,6.694731712341309,7.901019096374512,1.0,11.0,27948.0,41.408,425989774.0
-1.914767503738403,0.3200786411762238,-0.1017410978674889,3.0,12.0,27949.0,1.944,425989776.0
-39.562744140625,6.620532512664795,9.260785102844238,1.0,13.0,27950.0,41.168,425989778.0
-13.38146591186523,2.241690397262573,-0.2368291616439819,41.0,14.0,27951.0,13.57,425989781.0
-38.95656585693359,6.533073425292969,10.58414649963379,2.0,15.0,27952.0,40.894,425989783.0
-18.4161434173584,3.111551523208618,0.3260109424591064,32.0,1.0,27959.0,18.68,425989806.0
-18.56591415405273,3.143522262573242,0.9868468046188354,29.0,3.0,27961.0,18.856,425989810.0
-42.72901916503906,7.242415428161621,3.79162335395813,2.0,5.0,27962.0,43.504,425989815.0
-42.53086090087891,7.224102020263672,5.296929359436035,2.0,7.0,27964.0,43.464,425989820.0
-0.6379831433296204,0.1084795296192169,-0.0794588103890419,1.0,8.0,27965.0,0.652,425989822.0
-40.68561172485352,6.91798210144043,6.536457538604736,1.0,9.0,27965.0,41.784,425989824.0
-0.9251095056533813,0.1574672162532806,-0.08210071176290512,3.0,10.0,27966.0,0.9420000000000001,425989827.0
-40.35031127929688,6.875462532043457,7.956353664398193,2.0,11.0,27967.0,41.698,425989829.0
-1.947165489196777,0.3321355879306793,-0.1035205200314522,3.0,12.0,27968.0,1.978,425989831.0
-39.79221343994141,6.794660091400146,9.319722175598145,1.0,13.0,27969.0,41.43,425989834.0
-18.2898998260498,3.126349687576294,-0.3238817453384399,15.0,14.0,27970.0,18.558,425989836.0
-39.08057022094727,6.680164337158203,10.62348651885986,2.0,15.0,27970.0,41.046,425989838.0
-18.37758255004883,3.171056509017944,0.3255222737789154,27.0,1.0,27979.0,18.652,425989861.0
-18.52136993408203,3.20252537727356,0.9850673675537109,35.0,3.0,27981.0,18.822,425989866.0
-42.8016357421875,7.408514022827148,3.800338983535767,2.0,5.0,27982.0,43.604,425989870.0
-42.5894889831543,7.387105941772461,5.307409763336182,2.0,7.0,27984.0,43.55,425989875.0
-0.6806288361549377,0.1181767880916595,-0.08482106029987335,1.0,8.0,27985.0,0.6960000000000001,425989877.0
-41.90944290161133,7.284222602844238,6.737319469451904,1.0,9.0,27986.0,43.068,425989880.0
-0.9638133645057678,0.1675190776586533,-0.08558694273233414,3.0,10.0,27986.0,0.982,425989882.0
-40.59298706054688,7.062710285186768,8.009016990661621,1.0,11.0,27987.0,41.974,425989884.0
-2.008958578109741,0.3498968482017517,-0.106870025396347,4.0,12.0,27988.0,2.042,425989886.0
-40.06198120117188,6.984729766845703,9.388557434082031,1.0,13.0,27989.0,41.736,425989889.0
-18.19613838195801,3.175734519958496,-0.3224157691001892,19.0,14.0,27990.0,18.474,425989891.0
-39.61341094970703,6.920771598815918,10.77515411376953,2.0,15.0,27991.0,41.632,425989893.0
-18.3244800567627,3.23110032081604,0.32478928565979,35.0,1.0,28000.0,18.61,425989916.0
-18.44263648986816,3.258572816848755,0.9815085530281067,28.0,3.0,28002.0,18.754,425989921.0
-42.85071182250977,7.578873157501221,3.807137250900269,1.0,5.0,28003.0,43.682,425989926.0
-42.64617538452148,7.558050632476807,5.317890644073486,2.0,7.0,28005.0,43.636,425989930.0
-0.6391451358795166,0.1133887767791748,-0.07970254868268967,3.0,8.0,28006.0,0.654,425989933.0
-42.43614196777344,7.528465747833252,6.826174259185791,2.0,9.0,28006.0,43.636,425989935.0
-0.9985034465789795,0.177321195602417,-0.0887245461344719,3.0,10.0,28007.0,1.018,425989937.0
-40.73499298095703,7.241337776184082,8.042217254638672,2.0,11.0,28008.0,42.148,425989939.0
-2.074519395828247,0.3691546320915222,-0.1104288697242737,5.0,12.0,28009.0,2.11,425989942.0
-40.0015754699707,7.1253662109375,9.38045883178711,1.0,13.0,28010.0,41.7,425989944.0
-18.14697265625,3.235735893249512,-0.3217525780200958,29.0,14.0,28011.0,18.436,425989946.0
-39.55668258666992,7.05324125289917,10.76635456085205,2.0,15.0,28011.0,41.598,425989949.0
-18.2835693359375,3.289733409881592,0.324265718460083,38.0,1.0,28020.0,18.58,425989972.0
-18.36825180053711,3.311589956283569,0.9781590104103088,28.0,3.0,28022.0,18.69,425989976.0
-42.9102668762207,7.743972778320312,3.814806938171387,1.0,5.0,28023.0,43.77,425989981.0
-42.68985748291016,7.719583988189697,5.32666540145874,2.0,7.0,28025.0,43.708,425989986.0
-0.6446054577827454,0.116679847240448,-0.08043376356363297,1.0,8.0,28026.0,0.66,425989988.0
-42.4937858581543,7.699447631835938,6.839940547943115,2.0,9.0,28027.0,43.724,425989990.0
-0.9939574599266052,0.1800951212644577,-0.08837592601776123,3.0,10.0,28027.0,1.014,425989992.0
-40.68821716308594,7.379631519317627,8.038020133972168,1.0,11.0,28028.0,42.126,425989995.0
-2.130207061767578,0.3867401778697968,-0.11346435546875,4.0,12.0,28029.0,2.168,425989997.0
-40.30240631103516,7.324188709259033,9.456942558288574,1.0,13.0,28030.0,42.04,425989999.0
-18.08441352844238,3.289755582809448,-0.3208450376987457,28.0,14.0,28031.0,18.384,425990002.0
-39.78524398803711,7.244551658630371,10.83571815490723,2.0,15.0,28032.0,41.866,425990004.0
-18.22732162475586,3.342051029205322,0.3234629034996033,45.0,1.0,28039.0,18.534,425990027.0
-18.32377433776855,3.366348028182983,0.9763795733451843,33.0,3.0,28041.0,18.656,425990032.0
-42.95881271362305,7.899919033050537,3.821430683135986,1.0,5.0,28042.0,43.846,425990036.0
-42.75773239135742,7.878372192382812,5.338364601135254,2.0,7.0,28044.0,43.804,425990041.0
-0.6637367010116577,0.1224173009395599,-0.08287115395069122,3.0,8.0,28045.0,0.68,425990043.0
-42.55486297607422,7.848672389984131,6.853706836700439,2.0,9.0,28045.0,43.812,425990045.0
-0.985517680644989,0.181943342089653,-0.08767867833375931,3.0,10.0,28046.0,1.006,425990048.0
-41.83537673950195,7.73107385635376,8.269661903381348,1.0,11.0,28047.0,43.34,425990050.0
-2.215326309204102,0.4097866415977478,-0.1180699169635773,4.0,12.0,28048.0,2.256,425990052.0
-40.5155029296875,7.501791000366211,9.512730598449707,1.0,13.0,28049.0,42.288,425990055.0
-18.03014945983887,3.341690540313721,-0.320077121257782,26.0,14.0,28050.0,18.34,425990057.0
-39.90665054321289,7.396260261535645,10.8750581741333,2.0,15.0,28050.0,42.018,425990059.0
-18.17623138427734,3.398305892944336,0.3227648138999939,38.0,1.0,28059.0,18.494,425990082.0
-18.2628345489502,3.421095848083496,0.9737628102302551,33.0,3.0,28061.0,18.606,425990087.0
-43.01322174072266,8.065247535705566,3.828751802444458,1.0,5.0,28062.0,43.93,425990092.0
-42.79630279541016,8.040038108825684,5.346652030944824,2.0,7.0,28064.0,43.872,425990096.0
-0.6789125204086304,0.1276683360338211,-0.08482106029987335,1.0,8.0,28065.0,0.6960000000000001,425990098.0
-42.634521484375,8.025053977966309,6.871227264404297,2.0,9.0,28066.0,43.924,425990101.0
-1.014246582984924,0.1909106373786926,-0.09029334783554077,3.0,10.0,28066.0,1.036,425990103.0
-42.42165756225586,7.992652416229248,8.391016006469727,1.0,11.0,28067.0,43.976,425990105.0
-2.272762298583984,0.4286212623119354,-0.1212100759148598,4.0,12.0,28068.0,2.316,425990108.0
-40.67098999023438,7.677511215209961,9.55547046661377,1.0,13.0,28069.0,42.478,425990110.0
-13.37132358551025,2.526537656784058,-0.2375272512435913,9.0,14.0,28070.0,13.61,425990112.0
-40.0311279296875,7.571197032928467,10.91646957397461,2.0,15.0,28071.0,42.178,425990115.0
-18.12300682067871,3.453870296478271,0.3220317959785461,33.0,1.0,28079.0,18.452,425990138.0
-18.21743011474609,3.478456020355225,0.9719833731651306,35.0,3.0,28081.0,18.572,425990142.0
-42.45642471313477,8.114356994628906,3.78168773651123,2.0,5.0,28082.0,43.39,425990147.0
-42.8479118347168,8.204682350158691,5.356645107269287,2.0,7.0,28084.0,43.954,425990151.0
-0.6550674438476562,0.1255533546209335,-0.08189620077610016,1.0,8.0,28085.0,0.672,425990154.0
-42.66781997680664,8.17791748046875,6.880926609039307,2.0,9.0,28085.0,43.986,425990156.0
-1.03509783744812,0.1985790878534317,-0.09221077710390091,3.0,10.0,28086.0,1.058,425990158.0
-42.48025894165039,8.157343864440918,8.408188819885254,2.0,11.0,28087.0,44.066,425990161.0
-2.369320154190063,0.4554014801979065,-0.1264436691999435,4.0,12.0,28088.0,2.416,425990163.0
-40.61332321166992,7.813542366027832,9.548272132873535,1.0,13.0,28089.0,42.446,425990165.0
-17.97496223449707,3.461431980133057,-0.319518655538559,14.0,14.0,28090.0,18.308,425990168.0
-40.27328109741211,7.755411148071289,10.98945713043213,2.0,15.0,28090.0,42.46,425990170.0
-18.08139419555664,3.511392116546631,0.3215082287788391,35.0,1.0,28099.0,18.422,425990193.0
-18.16596794128418,3.534396886825562,0.9698899388313293,31.0,3.0,28101.0,18.532,425990198.0
-42.59407424926758,8.294879913330078,3.796504259109497,3.0,5.0,28102.0,43.56,425990202.0
-0.6185045838356018,0.1205612272024155,-0.09980519115924835,1.0,6.0,28103.0,0.638,425990204.0
-42.91448211669922,8.37282657623291,5.368588447570801,2.0,7.0,28104.0,44.052,425990207.0
-0.6624183654785156,0.129361093044281,-0.08287115395069122,3.0,8.0,28105.0,0.68,425990209.0
-42.72819519042969,8.344222068786621,6.895318508148193,2.0,9.0,28105.0,44.078,425990211.0
-1.06568455696106,0.2083064615726471,-0.094999760389328,3.0,10.0,28106.0,1.09,425990214.0
-42.5228157043457,8.319524765014648,8.422308921813965,2.0,11.0,28107.0,44.14,425990216.0
-2.489237785339355,0.4874667525291443,-0.1329333335161209,4.0,12.0,28108.0,2.54,425990218.0
-41.8326530456543,8.199658393859863,9.841609001159668,1.0,13.0,28109.0,43.75,425990221.0
-17.94510841369629,3.520690441131592,-0.3192045092582703,27.0,14.0,28110.0,18.29,425990223.0
-40.27250289916992,7.901150703430176,10.99670314788818,1.0,15.0,28110.0,42.488,425990225.0
-18.04548835754395,3.569829940795898,0.3210893869400024,35.0,1.0,28119.0,18.398,425990248.0
-18.1339282989502,3.593903541564941,0.9688432216644287,29.0,3.0,28121.0,18.512,425990253.0
-42.61176300048828,8.452815055847168,3.800687551498413,4.0,5.0,28122.0,43.608,425990257.0
-0.5212022066116333,0.1034844517707825,-0.08416174352169037,1.0,6.0,28123.0,0.538,425990260.0
-42.97261047363281,8.539986610412598,5.379556655883789,2.0,7.0,28124.0,44.142,425990262.0
-0.6697505712509155,0.1332216709852219,-0.08384610712528229,3.0,8.0,28125.0,0.6880000000000001,425990264.0
-42.77094268798828,8.515430450439453,6.907207489013672,2.0,9.0,28126.0,44.154,425990267.0
-1.080583214759827,0.2151374220848083,-0.09639424830675125,3.0,10.0,28126.0,1.106,425990269.0
-42.59170913696289,8.48747444152832,8.441771507263184,2.0,11.0,28127.0,44.242,425990271.0
-2.62462854385376,0.5234998464584351,-0.1402603685855865,5.0,12.0,28128.0,2.68,425990274.0
-42.35797500610352,8.456271171569824,9.97208023071289,1.0,13.0,28129.0,44.33,425990276.0
-17.87780380249023,3.572337865829468,-0.3182271718978882,27.0,14.0,28130.0,18.234,425990278.0
-40.63681793212891,8.120038032531738,11.10385513305664,1.0,15.0,28130.0,42.902,425990280.0
-17.99763107299805,3.625690221786499,0.320461094379425,38.0,1.0,28139.0,18.362,425990304.0
-18.07036972045898,3.646908044815063,0.9661217331886292,24.0,3.0,28141.0,18.46,425990308.0
-42.61128997802734,8.607423782348633,3.80330228805542,3.0,5.0,28142.0,43.638,425990313.0
-0.5208378434181213,0.1053031533956528,-0.08416174352169037,1.0,6.0,28143.0,0.538,425990315.0
-42.41915512084961,8.584024429321289,5.313991069793701,3.0,7.0,28144.0,43.604,425990317.0
-0.673172652721405,0.1363468617200851,-0.08433358371257782,3.0,8.0,28145.0,0.6920000000000001,425990320.0
-42.8242073059082,8.68155288696289,6.920660495758057,2.0,9.0,28146.0,44.24,425990322.0
-1.08958899974823,0.2208873331546783,-0.0972658097743988,4.0,10.0,28146.0,1.116,425990324.0
-42.6310920715332,8.650150299072266,8.455510139465332,2.0,11.0,28147.0,44.314,425990327.0
-2.720650196075439,0.5525336265563965,-0.1454939544200897,4.0,12.0,28148.0,2.78,425990329.0
-42.4446907043457,8.627755165100098,9.999524116516113,1.0,13.0,28149.0,44.452,425990331.0
-17.83975219726562,3.629538536071777,-0.3177734017372131,26.0,14.0,28150.0,18.208,425990333.0
-40.58406829833984,8.264298439025879,11.09764289855957,1.0,15.0,28151.0,42.878,425990336.0
-17.93197441101074,3.6776442527771,0.319518655538559,38.0,1.0,28159.0,18.308,425990359.0
-18.01644515991211,3.7015221118927,0.9639236330986023,21.0,3.0,28161.0,18.418,425990363.0
-42.61416244506836,8.762934684753418,3.806265592575073,4.0,5.0,28162.0,43.672,425990368.0
-0.5669028162956238,0.1166778057813644,-0.09167059510946274,1.0,6.0,28163.0,0.586,425990370.0
-42.52892303466797,8.760880470275879,5.331540107727051,3.0,7.0,28164.0,43.748,425990373.0
-0.6707484126091003,0.138294979929924,-0.08408984541893005,3.0,8.0,28165.0,0.6900000000000001,425990375.0
-42.88263320922852,8.849349021911621,6.935052871704102,2.0,9.0,28166.0,44.332,425990377.0
-1.118080377578735,0.2307294011116028,-0.09988047927618027,3.0,10.0,28166.0,1.146,425990380.0
-42.68331146240234,8.815983772277832,8.471919059753418,1.0,11.0,28167.0,44.4,425990382.0
-2.796941041946411,0.5782005786895752,-0.1496808379888535,4.0,12.0,28168.0,2.86,425990384.0
-42.47156524658203,8.787707328796387,10.01302146911621,1.0,13.0,28169.0,44.512,425990386.0
-17.7936840057373,3.684895038604736,-0.3171800374984741,27.0,14.0,28170.0,18.174,425990389.0
-41.6290397644043,8.620960235595703,11.39114379882812,0.0,15.0,28170.0,44.012,425990391.0
-17.89553833007812,3.735312938690186,0.3190998136997223,38.0,1.0,28179.0,18.284,425990414.0
-17.97409057617188,3.758257150650024,0.9623535871505737,17.0,3.0,28181.0,18.388,425990419.0
-42.63986968994141,8.923467636108398,3.811320543289185,4.0,5.0,28182.0,43.73,425990423.0
-0.6167609691619873,0.1291851550340652,-0.09980519115924835,1.0,6.0,28183.0,0.638,425990426.0
-42.5485954284668,8.919870376586914,5.33787727355957,4.0,7.0,28184.0,43.8,425990428.0
-0.6799755096435547,0.1426736861467361,-0.08530853688716888,3.0,8.0,28185.0,0.7000000000000001,425990430.0
-42.93074417114258,9.015628814697266,6.947880268096924,2.0,9.0,28186.0,44.414,425990433.0
-1.127017498016357,0.2366782128810883,-0.1007520407438278,4.0,10.0,28186.0,1.156,425990435.0
-42.72336578369141,8.979864120483398,8.486039161682129,2.0,11.0,28187.0,44.474,425990437.0
-2.927810430526733,0.6159191131591797,-0.1567985266447067,3.0,12.0,28188.0,2.996,425990439.0
-42.5340690612793,8.955581665039062,10.03506660461426,1.0,13.0,28189.0,44.61,425990442.0
-17.75136375427246,3.740798950195312,-0.3166564702987671,29.0,14.0,28190.0,18.144,425990444.0
-42.32269287109375,8.918789863586426,11.58939933776855,2.0,15.0,28190.0,44.778,425990446.0
-17.83610534667969,3.784674406051636,0.3182620704174042,38.0,1.0,28198.0,18.236,425990469.0
-17.94851875305176,3.811801433563232,0.9616208672523499,12.0,3.0,28199.0,18.374,425990474.0
-42.63927459716797,9.071036338806152,3.813935279846191,4.0,5.0,28201.0,43.76,425990479.0
-0.5390465259552002,0.1147745624184608,-0.08729042857885361,1.0,6.0,28202.0,0.558,425990481.0
-42.56925964355469,9.071674346923828,5.34421443939209,4.0,7.0,28203.0,43.852,425990483.0
-0.6523187160491943,0.1391306668519974,-0.08189620077610016,1.0,8.0,28204.0,0.672,425990485.0
-42.39025115966797,9.041261672973633,6.864970207214355,3.0,9.0,28204.0,43.884,425990488.0
-1.165196180343628,0.2487330734729767,-0.1042382717132568,4.0,10.0,28205.0,1.196,425990490.0
-42.80086517333984,9.144461631774902,8.507410049438477,2.0,11.0,28206.0,44.586,425990492.0
-3.078094005584717,0.6582006216049194,-0.1649629324674606,4.0,12.0,28207.0,3.152,425990495.0
-42.5574951171875,9.107999801635742,10.04766368865967,1.0,13.0,28208.0,44.666,425990497.0
-17.70170974731445,3.791686058044434,-0.3159932792186737,29.0,14.0,28209.0,18.106,425990499.0
-42.39677810668945,9.081342697143555,11.61786937713623,1.0,15.0,28209.0,44.888,425990502.0
-17.7915096282959,3.840160608291626,0.3177036046981812,45.0,1.0,28218.0,18.204,425990525.0
-42.63656234741211,9.226140975952148,3.816550016403198,4.0,5.0,28221.0,43.79,425990534.0
-0.4923077821731567,0.1066206023097038,-0.07978157699108124,1.0,6.0,28222.0,0.51,425990536.0
-42.56837463378906,9.22694206237793,5.348114490509033,4.0,7.0,28223.0,43.884,425990538.0
-0.7003282308578491,0.151928186416626,-0.08798966556787491,2.0,8.0,28224.0,0.722,425990541.0
-42.50546646118164,9.228841781616211,6.889060974121094,4.0,9.0,28225.0,44.038,425990543.0
-1.17989706993103,0.2561807632446289,-0.1056327596306801,4.0,10.0,28225.0,1.212,425990545.0
-42.85501861572266,9.312568664550781,8.524582862854004,1.0,11.0,28226.0,44.676,425990548.0
-3.208488941192627,0.6978040933609009,-0.1720806211233139,6.0,12.0,28227.0,3.288,425990550.0
-42.63017272949219,9.279293060302734,10.07240867614746,1.0,13.0,28228.0,44.776,425990552.0
-17.63365745544434,3.841535329818726,-0.3150159418582916,22.0,14.0,28229.0,18.05,425990555.0
-42.4349365234375,9.252311706542969,11.63753986358643,0.0,15.0,28230.0,44.964,425990557.0
-17.75387954711914,3.900195121765137,0.3172847628593445,40.0,1.0,28239.0,18.18,425990580.0
-17.92468452453613,3.940997362136841,0.961830198764801,49.0,3.0,28240.0,18.378,425990585.0
-42.62580871582031,9.387491226196289,3.818641662597656,4.0,5.0,28242.0,43.814,425990589.0
-0.5459277629852295,0.1203297004103661,-0.0885419100522995,1.0,6.0,28243.0,0.5660000000000001,425990591.0
-42.578857421875,9.392736434936523,5.353720188140869,4.0,7.0,28244.0,43.93,425990594.0
-0.7055819034576416,0.1557778716087341,-0.0887208804488182,2.0,8.0,28245.0,0.728,425990596.0
-42.52729415893555,9.396929740905762,6.898134231567383,5.0,9.0,28246.0,44.096,425990598.0
-1.192568421363831,0.2635127007961273,-0.1068529412150383,4.0,10.0,28246.0,1.226,425990601.0
-42.89344024658203,9.485687255859375,8.539084434509277,1.0,11.0,28247.0,44.752,425990603.0
-3.336564302444458,0.7384766936302185,-0.1790936440229416,5.0,12.0,28248.0,3.422,425990605.0
-42.67388153076172,9.452757835388184,10.09085464477539,1.0,13.0,28249.0,44.858,425990608.0
-17.17043113708496,3.80659294128418,-0.3069878220558167,13.0,14.0,28250.0,17.59,425990610.0
-42.48159408569336,9.417943000793457,11.65928077697754,0.0,15.0,28250.0,45.048,425990612.0
-17.68941497802734,3.950811147689819,0.3163772225379944,21.0,1.0,28259.0,18.128,425990635.0
-17.87963104248047,3.99657130241394,0.9601554274559021,57.0,3.0,28260.0,18.346,425990640.0
-42.6238899230957,9.543190956115723,3.821430683135986,3.0,5.0,28262.0,43.846,425990644.0
-0.6148971915245056,0.1377838850021362,-0.09980519115924835,1.0,6.0,28263.0,0.638,425990647.0
-42.56711959838867,9.546085357666016,5.356401443481445,4.0,7.0,28264.0,43.952,425990649.0
-0.724402904510498,0.1625871211290359,-0.09115827083587646,2.0,8.0,28265.0,0.748,425990651.0
-42.53663635253906,9.554844856262207,6.905017375946045,4.0,9.0,28266.0,44.14,425990654.0
-1.213024854660034,0.2724772393703461,-0.1087703704833984,4.0,10.0,28266.0,1.248,425990656.0
-42.33332061767578,9.516937255859375,8.434139251708984,2.0,11.0,28267.0,44.202,425990658.0
-3.402165412902832,0.7654632925987244,-0.1827571541070938,3.0,12.0,28268.0,3.492,425990661.0
-42.72617721557617,9.62092399597168,10.11110019683838,1.0,13.0,28269.0,44.948,425990663.0
-16.90734100341797,3.810233592987061,-0.3025200068950653,6.0,14.0,28270.0,17.334,425990665.0
-42.53515243530273,9.585710525512695,11.68309211730957,0.0,15.0,28270.0,45.14,425990667.0
-17.64696311950684,4.002814292907715,0.3158536553382874,26.0,1.0,28278.0,18.098,425990690.0
-17.90842056274414,4.068693161010742,0.9624582529067993,52.0,3.0,28280.0,18.39,425990695.0
-42.62892150878906,9.692877769470215,3.824742555618286,2.0,5.0,28281.0,43.884,425990700.0
-0.6144368648529053,0.1398221999406815,-0.09980519115924835,1.0,6.0,28282.0,0.638,425990702.0
-42.56039047241211,9.692920684814453,5.359570026397705,5.0,7.0,28283.0,43.978,425990704.0
-0.7141824960708618,0.1627826988697052,-0.08993957191705704,2.0,8.0,28284.0,0.738,425990707.0
-42.54299926757812,9.696771621704102,6.910961627960205,4.0,9.0,28284.0,44.178,425990709.0
-1.227654457092285,0.2800431251525879,-0.1101648584008217,4.0,10.0,28285.0,1.264,425990711.0
-42.44890594482422,9.690913200378418,8.463523864746094,3.0,11.0,28286.0,44.356,425990714.0
-3.648835182189941,0.8336843252182007,-0.1961551606655121,4.0,12.0,28287.0,3.748,425990716.0
-42.77192687988281,9.780366897583008,10.12954616546631,1.0,13.0,28288.0,45.03,425990718.0
-42.56734085083008,9.749222755432129,11.70120906829834,1.0,15.0,28290.0,45.21,425990723.0
-17.61534690856934,4.060347080230713,0.3155395090579987,40.0,1.0,28298.0,18.08,425990746.0
-42.39682006835938,9.79587173461914,3.806962728500366,1.0,5.0,28301.0,43.68,425990755.0
-0.6139450669288635,0.1419661343097687,-0.09980519115924835,1.0,6.0,28302.0,0.638,425990757.0
-42.57077789306641,9.85171890258789,5.365176200866699,4.0,7.0,28303.0,44.024,425990760.0
-0.7058743238449097,0.1634830683469772,-0.08896461874246597,2.0,8.0,28304.0,0.73,425990762.0
-42.53989028930664,9.860217094421387,6.916280746459961,5.0,9.0,28305.0,44.212,425990764.0
-1.261606216430664,0.2924246191978455,-0.11330246925354,4.0,10.0,28305.0,1.3,425990767.0
-42.48749542236328,9.855886459350586,8.478025436401367,4.0,11.0,28306.0,44.432,425990769.0
-5.642005443572998,1.309822082519531,-0.3035485446453094,1.0,12.0,28307.0,5.8,425990771.0
-42.80965423583984,9.946367263793945,10.14664268493652,1.0,13.0,28308.0,45.106,425990773.0
-17.41274452209473,4.048869132995605,-0.3120490312576294,35.0,14.0,28309.0,17.88,425990776.0
-42.65911483764648,9.92708683013916,11.73589038848877,0.0,15.0,28310.0,45.344,425990778.0
-17.52513122558594,4.104029178619385,0.3141782283782959,66.0,1.0,28318.0,18.002,425990801.0
-42.59577941894531,9.98290729522705,2.292838335037231,4.0,3.0,28319.0,43.81,425990806.0
-42.32939147949219,9.936063766479492,3.803999662399292,1.0,5.0,28321.0,43.646,425990810.0
-0.6134457588195801,0.1441083401441574,-0.09980519115924835,1.0,6.0,28322.0,0.638,425990813.0
-42.56704711914062,10.00752830505371,5.369075775146484,4.0,7.0,28323.0,44.056,425990815.0
-0.7420135736465454,0.1745843291282654,-0.09359565377235413,2.0,8.0,28324.0,0.768,425990817.0
-42.53003311157227,10.00665855407715,6.920034885406494,5.0,9.0,28324.0,44.236,425990820.0
-1.276092648506165,0.300479918718338,-0.1146969571709633,4.0,10.0,28325.0,1.316,425990822.0
-42.50251770019531,10.01584339141846,8.487947463989258,4.0,11.0,28326.0,44.484,425990824.0
-5.919268608093262,1.395983695983887,-0.318725973367691,1.0,12.0,28327.0,6.09,425990826.0
-42.26638031005859,9.9757719039917,10.02606868743896,3.0,13.0,28328.0,44.57,425990829.0
-16.95478439331055,4.004817008972168,-0.3040907382965088,9.0,14.0,28329.0,17.424,425990831.0
-42.71444702148438,10.09726715087891,11.76073741912842,0.0,15.0,28330.0,45.44,425990833.0
-17.5029182434082,4.163327217102051,0.3140386044979095,73.0,1.0,28338.0,17.994,425990856.0
-42.47129821777344,10.11025714874268,2.288023233413696,4.0,3.0,28339.0,43.718,425990861.0
-42.7227668762207,10.18587875366211,3.842522382736206,2.0,5.0,28341.0,44.088,425990866.0
-0.6129390001296997,0.1462487876415253,-0.09980519115924835,1.0,6.0,28342.0,0.638,425990868.0
-42.57819366455078,10.16711902618408,5.37492561340332,3.0,7.0,28343.0,44.104,425990870.0
-0.7684298753738403,0.1836328208446503,-0.09700799733400345,2.0,8.0,28344.0,0.796,425990873.0
-42.54863739013672,10.16791152954102,6.928795337677002,5.0,9.0,28344.0,44.292,425990875.0
-1.296351194381714,0.3100301623344421,-0.1166143864393234,3.0,10.0,28345.0,1.338,425990877.0
-42.49402618408203,10.17054176330566,8.493289947509766,4.0,11.0,28346.0,44.512,425990879.0
-7.536195755004883,1.805107712745667,-0.406127005815506,1.0,12.0,28347.0,7.76,425990882.0
-42.39237976074219,10.16186046600342,10.06431007385254,3.0,13.0,28348.0,44.74,425990884.0
-16.96792602539062,4.070506572723389,-0.3045794069766998,12.0,14.0,28349.0,17.452,425990886.0
-42.73153686523438,10.25893402099609,11.77523136138916,0.0,15.0,28350.0,45.496,425990889.0
-17.45791244506836,4.213839054107666,0.3134801387786865,83.0,1.0,28357.0,17.962,425990912.0
-42.3424072265625,10.22806262969971,2.282894372940063,2.0,3.0,28358.0,43.62,425990916.0
-42.09230422973633,10.18319988250732,3.7888343334198,0.0,5.0,28360.0,43.472,425990921.0
-0.5510135889053345,0.1334060281515121,-0.0897933840751648,1.0,6.0,28361.0,0.5740000000000001,425990923.0
-42.36482238769531,10.26478481292725,5.35225772857666,2.0,7.0,28362.0,43.918,425990925.0
-0.7600999474525452,0.1843088567256927,-0.09603304415941238,2.0,8.0,28363.0,0.788,425990928.0
-42.54348373413086,10.31593418121338,6.933488368988037,5.0,9.0,28363.0,44.322,425990930.0
-1.328231334686279,0.3223146796226501,-0.1195776760578156,4.0,10.0,28364.0,1.372,425990932.0
-42.48486709594727,10.31742477416992,8.498250961303711,4.0,11.0,28365.0,44.538,425990935.0
-42.41336059570312,10.31573867797852,10.07735729217529,4.0,13.0,28367.0,44.798,425990939.0
-16.91936111450195,4.118239402770996,-0.3039511144161224,6.0,14.0,28368.0,17.416,425990942.0
-33.40583038330078,8.131111145019531,9.21240520477295,5.0,15.0,28368.0,35.594,425990944.0
-17.38288879394531,4.259997367858887,0.3123980760574341,66.0,1.0,28377.0,17.9,425990967.0
-42.20751953125,10.35154056549072,2.277556180953979,4.0,3.0,28378.0,43.518,425990972.0
-42.51700210571289,10.44317722320557,3.830320596694946,2.0,5.0,28380.0,43.948,425990976.0
-0.5582176446914673,0.137214720249176,-0.09104485809803009,1.0,6.0,28381.0,0.582,425990978.0
-42.28632736206055,10.40217018127441,5.346895694732666,2.0,7.0,28382.0,43.874,425990981.0
-0.7633070349693298,0.1879100203514099,-0.09652052074670792,2.0,8.0,28383.0,0.792,425990983.0
-42.54174041748047,10.47287559509277,6.939119815826416,5.0,9.0,28383.0,44.358,425990985.0
-1.35418176651001,0.3336215615272522,-0.122018039226532,4.0,10.0,28384.0,1.4,425990988.0
-42.49815368652344,10.47788047790527,8.508172988891602,4.0,11.0,28385.0,44.59,425990990.0
-9.385276794433594,2.315669059753418,-0.5066120624542236,11.0,12.0,28386.0,9.68,425990992.0
-42.42060852050781,10.4744701385498,10.0877046585083,4.0,13.0,28387.0,44.844,425990995.0
-17.72217178344727,4.379229545593262,-0.3186460435390472,6.0,14.0,28388.0,18.258,425990997.0
-33.37580490112305,8.253494262695312,9.21240520477295,7.0,15.0,28389.0,35.594,425990999.0
-17.42731285095215,4.338656425476074,0.3134801387786865,33.0,1.0,28398.0,17.962,425991022.0
-42.09575653076172,10.49565124511719,2.273683309555054,4.0,3.0,28400.0,43.444,425991027.0
-42.41078186035156,10.58205795288086,3.824219703674316,3.0,5.0,28401.0,43.878,425991031.0
-0.5883755087852478,0.1469166576862335,-0.09605076164007187,1.0,6.0,28402.0,0.614,425991034.0
-42.71590423583984,10.67403030395508,5.406124114990234,3.0,7.0,28403.0,44.36,425991036.0
-0.7837968468666077,0.1960038244724274,-0.09920164197683334,2.0,8.0,28404.0,0.8140000000000001,425991038.0
-42.53948211669922,10.63783359527588,6.945064544677734,3.0,9.0,28404.0,44.396,425991041.0
-1.397403955459595,0.3497074842453003,-0.1260271966457367,3.0,10.0,28405.0,1.446,425991043.0
-42.48231887817383,10.63929653167725,8.512752532958984,4.0,11.0,28406.0,44.614,425991045.0
-9.39222526550293,2.353936672210693,-0.5074494481086731,10.0,12.0,28407.0,9.696,425991048.0
-42.40461349487305,10.63556861877441,10.09310436248779,4.0,13.0,28408.0,44.868,425991050.0
-17.02910423278809,4.274255752563477,-0.3064642548561096,6.0,14.0,28409.0,17.56,425991052.0
-33.23436737060547,8.341729164123535,9.181346893310547,3.0,15.0,28409.0,35.474,425991055.0
-17.61175537109375,4.449918270111084,0.3170753121376038,23.0,1.0,28418.0,18.168,425991078.0
-41.96205139160156,10.61803150177002,2.268449783325195,4.0,3.0,28420.0,43.344,425991082.0
-42.27508163452148,10.70509147644043,3.815329790115356,3.0,5.0,28421.0,43.776,425991087.0
-0.5150947570800781,0.1305303424596786,-0.08416174352169037,1.0,6.0,28422.0,0.538,425991089.0
-42.59949493408203,10.80306529998779,5.396130561828613,4.0,7.0,28423.0,44.278,425991091.0
-0.7734874486923218,0.1962970793247223,-0.09798295050859451,2.0,8.0,28424.0,0.804,425991094.0
-42.30491638183594,10.74407958984375,6.913151741027832,1.0,9.0,28425.0,44.192,425991096.0
-1.405830144882202,0.357035368680954,-0.1268987655639648,4.0,10.0,28425.0,1.456,425991098.0
-42.50010299682617,10.80154705047607,8.523818969726562,4.0,11.0,28426.0,44.672,425991101.0
-9.40717887878418,2.392614841461182,-0.5087054967880249,6.0,12.0,28427.0,9.72,425991103.0
-42.40877914428711,10.79409790039062,10.10300159454346,4.0,13.0,28428.0,44.912,425991105.0
-17.04702377319336,4.342063426971436,-0.307057648897171,1.0,14.0,28429.0,17.594,425991108.0
-42.42314147949219,10.8135232925415,11.73071479797363,4.0,15.0,28430.0,45.324,425991110.0
-17.68328094482422,4.533716201782227,0.3186460435390472,19.0,1.0,28438.0,18.258,425991133.0
-41.08708953857422,10.54937171936035,2.223126649856567,3.0,3.0,28440.0,42.478,425991137.0
-42.14675903320312,10.82928943634033,3.807137250900269,3.0,5.0,28441.0,43.682,425991142.0
-0.541420042514801,0.139214500784874,-0.0885419100522995,1.0,6.0,28442.0,0.5660000000000001,425991144.0
-42.49615859985352,10.93488025665283,5.387843608856201,4.0,7.0,28443.0,44.21,425991147.0
-0.8074004054069519,0.2079061269760132,-0.1023702472448349,2.0,8.0,28444.0,0.84,425991149.0
-42.24227523803711,10.87741279602051,6.908771514892578,1.0,9.0,28444.0,44.164,425991151.0
-1.445091962814331,0.3723810613155365,-0.1305592954158783,4.0,10.0,28445.0,1.498,425991154.0
-42.48875427246094,10.95669746398926,8.529162406921387,4.0,11.0,28446.0,44.7,425991156.0
-9.495465278625488,2.450390577316284,-0.5139390826225281,2.0,12.0,28447.0,9.82,425991158.0
-42.41989898681641,10.95473575592041,10.1146993637085,4.0,13.0,28448.0,44.964,425991161.0
-18.06757164001465,4.669227123260498,-0.3257317245006561,14.0,14.0,28449.0,18.664,425991163.0
-42.37957000732422,10.95221042633057,11.7286434173584,4.0,15.0,28449.0,45.316,425991165.0
-17.77959632873535,4.624610900878906,0.3206705152988434,19.0,1.0,28458.0,18.374,425991188.0
-41.54673767089844,10.82211399078369,2.250027418136597,2.0,3.0,28460.0,42.992,425991193.0
-42.03351211547852,10.95674419403076,3.800338983535767,3.0,5.0,28461.0,43.604,425991197.0
-0.5638678073883057,0.1470867544412613,-0.09229633212089539,1.0,6.0,28462.0,0.59,425991200.0
-42.35977554321289,11.05758190155029,5.375412940979004,4.0,7.0,28463.0,44.108,425991202.0
-0.8374000191688538,0.2187507599592209,-0.1062700673937798,2.0,8.0,28464.0,0.872,425991204.0
-42.70284271240234,11.16306018829346,6.990743160247803,3.0,9.0,28465.0,44.688,425991207.0
-1.46498703956604,0.3829660415649414,-0.132476732134819,4.0,10.0,28465.0,1.52,425991209.0
-42.49393463134766,11.11637210845947,8.537939071655273,3.0,11.0,28466.0,44.746,425991211.0
-14.91619300842285,3.90484356880188,-0.8080671429634094,3.0,12.0,28467.0,15.44,425991213.0
-42.4266471862793,11.11459445953369,10.12549686431885,4.0,13.0,28468.0,45.012,425991216.0
-18.15174674987793,4.758635520935059,-0.3275467753410339,14.0,14.0,28469.0,18.768,425991218.0
-42.39146423339844,11.12119197845459,11.74313735961914,4.0,15.0,28470.0,45.372,425991220.0
-17.8870906829834,4.71929407119751,0.3229044377803802,28.0,1.0,28478.0,18.502,425991243.0
-41.61684417724609,10.99564456939697,2.255888938903809,4.0,3.0,28480.0,43.104,425991248.0
-41.91218185424805,11.08150196075439,3.792843580245972,3.0,5.0,28481.0,43.518,425991253.0
-0.5709895491600037,0.1510751992464066,-0.09354781359434128,1.0,6.0,28482.0,0.598,425991255.0
-42.23072814941406,11.18149757385254,5.363957405090332,4.0,7.0,28483.0,44.014,425991257.0
-0.8116859197616577,0.2150629907846451,-0.1031014621257782,2.0,8.0,28484.0,0.846,425991260.0
-42.58921051025391,11.28436946868896,6.978228569030762,4.0,9.0,28484.0,44.608,425991262.0
-1.490603089332581,0.3952262401580811,-0.1349170953035355,5.0,10.0,28485.0,1.548,425991264.0
-42.29737091064453,11.22284603118896,8.506264686584473,1.0,11.0,28486.0,44.58,425991266.0
-15.04531955718994,3.994815826416016,-0.815812885761261,2.0,12.0,28487.0,15.588,425991269.0
-42.41395568847656,11.26962947845459,10.13179588317871,4.0,13.0,28488.0,45.04,425991271.0
-18.27030372619629,4.857937812805176,-0.3299900889396667,14.0,14.0,28489.0,18.908,425991273.0
-42.38608932495117,11.27014541625977,11.75193786621094,4.0,15.0,28489.0,45.406,425991276.0
-17.99027633666992,4.81374979019165,0.3250685334205627,16.0,1.0,28498.0,18.626,425991299.0
-41.50489807128906,11.12120342254639,2.251911640167236,4.0,3.0,28500.0,43.028,425991303.0
-41.80204010009766,11.20864295959473,3.786394119262695,3.0,5.0,28501.0,43.444,425991308.0
-0.5475640892982483,0.14692422747612,-0.0897933840751648,1.0,6.0,28502.0,0.5740000000000001,425991310.0
-42.08599472045898,11.30052947998047,5.350551605224609,4.0,7.0,28503.0,43.904,425991313.0
-0.832018256187439,0.2235613018274307,-0.1057825908064842,2.0,8.0,28504.0,0.868,425991315.0
-42.45409393310547,11.41525745391846,6.962898254394531,4.0,9.0,28505.0,44.51,425991317.0
-1.527695417404175,0.4107739627361298,-0.1384033262729645,4.0,10.0,28505.0,1.588,425991319.0
-42.21054077148438,11.35767078399658,8.496724128723145,1.0,11.0,28506.0,44.53,425991322.0
-17.4304256439209,4.693300247192383,-0.9460247159004211,4.0,12.0,28507.0,18.076,425991324.0
-42.40634918212891,11.42623233795166,10.13944339752197,4.0,13.0,28508.0,45.074,425991326.0
-18.34591102600098,4.946671962738037,-0.3316655457019806,12.0,14.0,28509.0,19.004,425991329.0
-42.38926315307617,11.43750095367432,11.76436042785645,4.0,15.0,28510.0,45.454,425991331.0
-18.10845756530762,4.913171768188477,0.3275118470191956,20.0,1.0,28518.0,18.766,425991354.0
-41.40800094604492,11.25030517578125,2.24877142906189,3.0,3.0,28520.0,42.968,425991359.0
-0.4812214970588684,0.130744993686676,-0.09693097323179245,1.0,4.0,28520.0,0.508,425991361.0
-41.67037582397461,11.32940101623535,3.778027057647705,3.0,5.0,28521.0,43.348,425991363.0
-0.5927940607070923,0.1612807959318161,-0.09730223566293716,1.0,6.0,28522.0,0.622,425991366.0
-41.98308181762695,11.43015956878662,5.342508316040039,4.0,7.0,28523.0,43.838,425991368.0
-0.8350633978843689,0.2275078445672989,-0.1062700673937798,2.0,8.0,28524.0,0.872,425991370.0
-42.32833480834961,11.53209209442139,6.948505878448486,4.0,9.0,28524.0,44.418,425991372.0
-1.541630148887634,0.4202966094017029,-0.1397978067398071,4.0,10.0,28525.0,1.604,425991375.0
-42.65172576904297,11.63619232177734,8.593655586242676,2.0,11.0,28526.0,45.038,425991377.0
-17.49485969543457,4.77620792388916,-0.9504209756851196,6.0,12.0,28527.0,18.16,425991379.0
-42.40380096435547,11.58445930480957,10.14844226837158,3.0,13.0,28528.0,45.114,425991382.0
-18.44812393188477,5.043375015258789,-0.3338296413421631,12.0,14.0,28529.0,19.128,425991384.0
-42.39768600463867,11.59074115753174,11.77730178833008,4.0,15.0,28529.0,45.504,425991386.0
-18.12397384643555,4.985368251800537,0.328105241060257,15.0,1.0,28538.0,18.8,425991409.0
-31.59247016906738,8.70201587677002,1.717352032661438,50.0,3.0,28540.0,32.814,425991414.0
-0.4807621836662292,0.1324239671230316,-0.09693097323179245,1.0,4.0,28540.0,0.508,425991416.0
-41.55182647705078,11.45308208465576,3.770880460739136,3.0,5.0,28541.0,43.266,425991419.0
-0.5693762302398682,0.1570461988449097,-0.09354781359434128,1.0,6.0,28542.0,0.598,425991421.0
-41.86638641357422,11.55551242828369,5.332758903503418,4.0,7.0,28543.0,43.758,425991423.0
-0.8380910754203796,0.2314783483743668,-0.1067575439810753,2.0,8.0,28544.0,0.876,425991425.0
-42.17535018920898,11.65663433074951,6.930359840393066,4.0,9.0,28545.0,44.302,425991428.0
-1.582402229309082,0.4373522102832794,-0.1436326652765274,4.0,10.0,28545.0,1.648,425991430.0
-42.51055908203125,11.75726699829102,8.573430061340332,4.0,11.0,28546.0,44.932,425991432.0
-17.54737854003906,4.856425762176514,-0.9541891813278198,6.0,12.0,28547.0,18.232,425991435.0
-42.1846923828125,11.68299388885498,10.1057014465332,1.0,13.0,28548.0,44.924,425991437.0
-18.55952072143555,5.143522262573242,-0.3361682593822479,13.0,14.0,28549.0,19.262,425991439.0
-42.38656616210938,11.75483512878418,11.78610134124756,4.0,15.0,28550.0,45.538,425991442.0
-18.21610260009766,5.072320938110352,0.3300599157810211,22.0,1.0,28556.0,18.912,425991465.0
-31.48609733581543,8.779230117797852,1.71306049823761,31.0,3.0,28558.0,32.732,425991469.0
-0.49925497174263,0.1392066478729248,-0.1007471531629562,1.0,4.0,28558.0,0.528,425991472.0
-41.45230865478516,11.56589412689209,3.765128135681152,3.0,5.0,28559.0,43.2,425991474.0
-0.5688800811767578,0.1588341593742371,-0.09354781359434128,1.0,6.0,28560.0,0.598,425991476.0
-41.74002075195312,11.6618766784668,5.321302890777588,4.0,7.0,28561.0,43.664,425991478.0
-0.8775070905685425,0.2453345954418182,-0.111876055598259,2.0,8.0,28562.0,0.918,425991481.0
-42.0797004699707,11.76469898223877,6.920347690582275,4.0,9.0,28562.0,44.238,425991483.0
-1.625150799751282,0.4546676576137543,-0.1476418226957321,4.0,10.0,28563.0,1.694,425991485.0
-42.37888336181641,11.86429595947266,8.554348945617676,3.0,11.0,28564.0,44.832,425991488.0
-16.10885429382324,4.512830257415771,-0.8767319321632385,2.0,12.0,28565.0,16.752,425991490.0
-42.17780303955078,11.82388019561768,10.11289978027344,1.0,13.0,28566.0,44.956,425991492.0
-18.67226982116699,5.237990856170654,-0.3385068774223328,13.0,14.0,28567.0,19.396,425991495.0
-42.39428329467773,11.89254856109619,11.79800701141357,4.0,15.0,28567.0,45.584,425991497.0
-18.31760597229004,5.16955041885376,0.3322240114212036,15.0,1.0,28576.0,19.036,425991520.0
-31.41682052612305,8.878220558166504,1.710967063903809,46.0,3.0,28578.0,32.692,425991525.0
-0.4760948121547699,0.134541779756546,-0.09616773575544357,1.0,4.0,28578.0,0.504,425991527.0
-41.35416793823242,11.69425487518311,3.759898662567139,3.0,5.0,28579.0,43.14,425991529.0
-0.5835281014442444,0.1651218086481094,-0.09605076164007187,1.0,6.0,28580.0,0.614,425991531.0
-41.62838745117188,11.78749465942383,5.312284469604492,4.0,7.0,28581.0,43.59,425991534.0
-0.8766453862190247,0.248396173119545,-0.111876055598259,2.0,8.0,28582.0,0.918,425991536.0
-41.95475387573242,11.88781833648682,6.906581401824951,4.0,9.0,28582.0,44.15,425991538.0
-1.673391342163086,0.4744685292243958,-0.1521739214658737,4.0,10.0,28583.0,1.746,425991541.0
-42.27677154541016,11.99500560760498,8.542137145996094,4.0,11.0,28584.0,44.768,425991543.0
-16.12758827209473,4.57885217666626,-0.8786160349845886,2.0,12.0,28585.0,16.788,425991545.0
-42.56179809570312,12.09192848205566,10.21502780914307,2.0,13.0,28586.0,45.41,425991548.0
-18.79236221313477,5.342508792877197,-0.3410200178623199,13.0,14.0,28587.0,19.54,425991550.0
-42.3952522277832,12.05260944366455,11.80991268157959,3.0,15.0,28587.0,45.63,425991552.0
-18.4484920501709,5.279567718505859,0.3349465727806091,17.0,1.0,28597.0,19.192,425991575.0
-31.32455062866211,8.976253509521484,1.707722306251526,50.0,3.0,28599.0,32.63,425991580.0
-41.23825073242188,11.82487773895264,3.753274917602539,2.0,5.0,28600.0,43.064,425991584.0
-0.5867164731025696,0.1683490723371506,-0.09667649865150452,1.0,6.0,28601.0,0.618,425991587.0
-41.50476837158203,11.91698169708252,5.302047729492188,4.0,7.0,28602.0,43.506,425991589.0
-0.8738211393356323,0.2510594129562378,-0.1116323173046112,2.0,8.0,28603.0,0.916,425991591.0
-41.84235382080078,12.0297212600708,6.895631313323975,4.0,9.0,28604.0,44.08,425991594.0
-1.709937572479248,0.4916088879108429,-0.1556601524353027,4.0,10.0,28604.0,1.786,425991596.0
-42.13064193725586,12.12056636810303,8.521530151367188,3.0,11.0,28605.0,44.66,425991598.0
-17.70756340026855,5.097636222839355,-0.9657030701637268,15.0,12.0,28606.0,18.452,425991601.0
-42.42730712890625,12.22195148468018,10.19343185424805,3.0,13.0,28607.0,45.314,425991603.0
-18.88602066040039,5.444028854370117,-0.3430794179439545,11.0,14.0,28608.0,19.658,425991605.0
-42.19115447998047,12.16189765930176,11.76539611816406,1.0,15.0,28608.0,45.458,425991607.0
-18.61816787719727,5.398508071899414,0.3383672535419464,20.0,1.0,28617.0,19.388,425991631.0
-31.22589492797852,9.066051483154297,1.704058766365051,35.0,3.0,28619.0,32.56,425991635.0
-0.4864322543144226,0.1412295699119568,-0.0984574407339096,1.0,4.0,28619.0,0.516,425991637.0
-41.10297012329102,11.9415168762207,3.744733572006226,3.0,5.0,28620.0,42.966,425991640.0
-0.6050937175750732,0.1759105026721954,-0.09980519115924835,1.0,6.0,28621.0,0.638,425991642.0
-41.40383148193359,12.04459857940674,5.294491767883301,4.0,7.0,28622.0,43.444,425991644.0
-0.8958112597465515,0.260765939950943,-0.114557184278965,2.0,8.0,28623.0,0.9400000000000001,425991647.0
-41.69958877563477,12.1464262008667,6.879049301147461,4.0,9.0,28624.0,43.974,425991649.0
-1.744556069374084,0.5081613659858704,-0.1589720696210861,4.0,10.0,28624.0,1.824,425991651.0
-42.01833724975586,12.24722862243652,8.507410049438477,3.0,11.0,28625.0,44.586,425991654.0
-17.766357421875,5.181785106658936,-0.9698899388313293,12.0,12.0,28626.0,18.532,425991656.0
-42.31704330444336,12.35032081604004,10.17723560333252,3.0,13.0,28627.0,45.242,425991658.0
-18.98783302307129,5.545236587524414,-0.345278412103653,9.0,14.0,28628.0,19.784,425991660.0
-42.11848068237305,12.30832672119141,11.75763130187988,1.0,15.0,28629.0,45.428,425991663.0
-18.64142036437988,5.475863933563232,0.3391351699829102,15.0,1.0,28637.0,19.432,425991686.0
-31.14998817443848,9.162033081054688,1.701651334762573,52.0,3.0,28639.0,32.514,425991690.0
-40.99796295166016,12.06635665893555,3.738981246948242,3.0,5.0,28640.0,42.9,425991695.0
-0.6044759750366211,0.1780216097831726,-0.09980519115924835,1.0,6.0,28641.0,0.638,425991697.0
-41.31202697753906,12.17446231842041,5.288154602050781,4.0,7.0,28642.0,43.392,425991700.0
-0.9025116562843323,0.2661371827125549,-0.1155321374535561,2.0,8.0,28643.0,0.9480000000000001,425991702.0
-41.59820175170898,12.27458000183105,6.869350433349609,4.0,9.0,28644.0,43.912,425991704.0
-1.792455911636353,0.5289084911346436,-0.1635041683912277,4.0,10.0,28644.0,1.876,425991707.0
-41.88683700561523,12.36769580841064,8.489474296569824,4.0,11.0,28645.0,44.492,425991709.0
-17.84010124206543,5.270933628082275,-0.9749141931533813,10.0,12.0,28646.0,18.628,425991711.0
-42.20826721191406,12.47862243652344,10.16148948669434,4.0,13.0,28647.0,45.172,425991713.0
-42.4757194519043,12.56575489044189,11.86892414093018,2.0,15.0,28648.0,45.858,425991718.0
-18.72185707092285,5.570555686950684,0.340950220823288,15.0,1.0,28657.0,19.536,425991741.0
-31.05847930908203,9.253032684326172,1.698406457901001,48.0,3.0,28659.0,32.452,425991746.0
-40.87349319458008,12.18491744995117,3.731486082077026,3.0,5.0,28660.0,42.814,425991750.0
-0.6038509011268616,0.1801305413246155,-0.09980519115924835,1.0,6.0,28661.0,0.638,425991753.0
-41.18368148803711,12.29304313659668,5.277186393737793,4.0,7.0,28662.0,43.302,425991755.0
-0.9224998354911804,0.2755351662635803,-0.1182132661342621,2.0,8.0,28663.0,0.97,425991757.0
-41.49453735351562,12.40160846710205,6.859338283538818,4.0,9.0,28664.0,43.848,425991760.0
-1.878410577774048,0.5614067316055298,-0.1715224981307983,4.0,10.0,28664.0,1.968,425991762.0
-41.76440811157227,12.49020671844482,8.473445892333984,3.0,11.0,28665.0,44.408,425991764.0
-17.88664817810059,5.352643489837646,-0.9784730672836304,6.0,12.0,28666.0,18.696,425991766.0
-42.05804061889648,12.59401702880859,10.13584423065186,3.0,13.0,28667.0,45.058,425991769.0
-19.14404296875,5.736205101013184,-0.3488386869430542,24.0,14.0,28668.0,19.988,425991771.0
-42.42234420776367,12.71117401123047,11.86633586883545,3.0,15.0,28668.0,45.848,425991773.0
-18.84688758850098,5.675857067108154,0.3435680866241455,12.0,1.0,28676.0,19.686,425991796.0
-30.90304374694824,9.312525749206543,1.691498160362244,19.0,3.0,28677.0,32.32,425991801.0
-40.75083923339844,12.29564380645752,3.723990678787231,3.0,5.0,28679.0,42.728,425991806.0
-0.6108145117759705,0.1844157725572586,-0.1010566651821136,1.0,6.0,28680.0,0.646,425991808.0
-41.06858062744141,12.4071569442749,5.267680644989014,4.0,7.0,28681.0,43.224,425991810.0
-0.9481834173202515,0.286634624004364,-0.1216256022453308,2.0,8.0,28682.0,0.998,425991812.0
-41.39108276367188,12.51247119903564,6.848701000213623,5.0,9.0,28682.0,43.78,425991815.0
-1.926121950149536,0.5826311111450195,-0.1760545969009399,4.0,10.0,28683.0,2.02,425991817.0
-41.65887451171875,12.60929679870605,8.460471153259277,3.0,11.0,28684.0,44.34,425991819.0
-29.74310493469238,9.008301734924316,-1.628695011138916,13.0,12.0,28685.0,31.12,425991822.0
-41.93771743774414,12.70967864990234,10.1169490814209,4.0,13.0,28686.0,44.974,425991824.0
-23.42486572265625,7.103622913360596,-0.4272698163986206,38.0,14.0,28687.0,24.482,425991826.0
-42.31895065307617,12.83328056335449,11.84925365447998,3.0,15.0,28687.0,45.782,425991829.0
-18.96085166931152,5.782443046569824,0.3460114002227783,10.0,1.0,28696.0,19.826,425991852.0
-30.85533332824707,9.421646118164062,1.690765380859375,26.0,3.0,28698.0,32.306,425991856.0
-0.4731727838516235,0.1444828510284424,-0.09616773575544357,1.0,4.0,28698.0,0.504,425991859.0
-40.64098358154297,12.41743946075439,3.717889785766602,3.0,5.0,28699.0,42.658,425991861.0
-0.6101670861244202,0.1865467876195908,-0.1010566651821136,1.0,6.0,28700.0,0.646,425991863.0
-40.95858001708984,12.53011226654053,5.259149551391602,4.0,7.0,28701.0,43.154,425991865.0
-0.9319918751716614,0.2852942943572998,-0.1196756958961487,2.0,8.0,28702.0,0.982,425991868.0
-41.26750564575195,12.64037322998047,6.835873126983643,4.0,9.0,28703.0,43.698,425991870.0
-1.996467471122742,0.6115245819091797,-0.1826784312725067,4.0,10.0,28703.0,2.096,425991872.0
-41.54139709472656,12.73219871520996,8.445588111877441,3.0,11.0,28704.0,44.262,425991875.0
-24.28092193603516,7.446599006652832,-1.331008076667786,8.0,12.0,28705.0,25.432,425991877.0
-41.81298828125,12.83140754699707,10.09760284423828,3.0,13.0,28706.0,44.888,425991879.0
-23.35022354125977,7.170085906982422,-0.4263622760772705,41.0,14.0,28707.0,24.43,425991882.0
-42.21068954467773,12.96957683563232,11.83217144012451,4.0,15.0,28708.0,45.716,425991884.0
-19.04946136474609,5.882222652435303,0.3480009734630585,10.0,1.0,28716.0,19.94,425991907.0
-30.8010196685791,9.516839027404785,1.689509391784668,50.0,3.0,28717.0,32.282,425991912.0
-40.52886962890625,12.53802967071533,3.711614370346069,4.0,5.0,28719.0,42.586,425991916.0
-0.6283825039863586,0.1945168823003769,-0.1041853502392769,3.0,6.0,28720.0,0.666,425991918.0
-40.85201644897461,12.65362548828125,5.251106262207031,4.0,7.0,28721.0,43.088,425991921.0
-0.9651203751564026,0.2991238534450531,-0.1240629926323891,3.0,8.0,28722.0,1.018,425991923.0
-41.14011383056641,12.75860214233398,6.822106838226318,4.0,9.0,28723.0,43.61,425991925.0
-2.068536758422852,0.6415061354637146,-0.1894765794277191,4.0,10.0,28723.0,2.174,425991928.0
-41.44232559204102,12.86025428771973,8.434520721435547,3.0,11.0,28724.0,44.204,425991930.0
-25.85892295837402,8.029409408569336,-1.419037103652954,21.0,12.0,28725.0,27.114,425991932.0
-41.69722366333008,12.95531272888184,10.08050632476807,4.0,13.0,28726.0,44.812,425991935.0
-23.26203918457031,7.231958866119385,-0.4252104163169861,37.0,14.0,28727.0,24.364,425991937.0
-42.04200744628906,13.07048225402832,11.79697227478027,4.0,15.0,28727.0,45.58,425991939.0
-30.49381446838379,9.532807350158691,0.5576741695404053,57.0,1.0,28736.0,31.954,425991962.0
-30.72758293151855,9.611774444580078,1.687311172485352,60.0,3.0,28737.0,32.24,425991967.0
-40.40499877929688,12.65441513061523,3.704293489456177,4.0,5.0,28739.0,42.502,425991971.0
-0.6314696669578552,0.1978905946016312,-0.1048110947012901,1.0,6.0,28740.0,0.67,425991974.0
-40.7204704284668,12.76882648468018,5.239894390106201,4.0,7.0,28741.0,42.996,425991976.0
-0.9943751096725464,0.311999499797821,-0.1279628127813339,3.0,8.0,28742.0,1.05,425991978.0
-41.03878784179688,12.88437843322754,6.812720775604248,4.0,9.0,28743.0,43.55,425991981.0
-2.11760950088501,0.6648364067077637,-0.1941829919815063,4.0,10.0,28743.0,2.228,425991983.0
-41.32600784301758,12.98247718811035,8.420019149780273,4.0,11.0,28744.0,44.128,425991985.0
-25.76786231994629,8.099860191345215,-1.415582895278931,31.0,12.0,28745.0,27.048,425991988.0
-41.577392578125,13.07739543914795,10.06251049041748,4.0,13.0,28746.0,44.732,425991990.0
-23.20041084289551,7.301708698272705,-0.4245472252368927,41.0,14.0,28747.0,24.326,425991992.0
-41.91504669189453,13.1916389465332,11.77419567108154,4.0,15.0,28747.0,45.492,425991994.0
-30.40506362915039,9.621696472167969,0.5566619634628296,64.0,1.0,28756.0,31.896,425992017.0
-30.62741279602051,9.703822135925293,1.683752417564392,57.0,3.0,28758.0,32.172,425992022.0
-0.4809916615486145,0.1523947715759277,-0.09807582199573517,1.0,4.0,28758.0,0.514,425992024.0
-40.30170440673828,12.77671241760254,3.69888973236084,3.0,5.0,28759.0,42.44,425992027.0
-0.6420724987983704,0.2036774009466171,-0.1066883057355881,1.0,6.0,28760.0,0.682,425992029.0
-40.59239959716797,12.88446521759033,5.229169845581055,4.0,7.0,28761.0,42.908,425992031.0
-1.012199521064758,0.3214775323867798,-0.1304001957178116,3.0,8.0,28762.0,1.07,425992034.0
-40.92429351806641,12.9976749420166,6.80083179473877,4.0,9.0,28762.0,43.474,425992036.0
-2.204519987106323,0.7005855441093445,-0.2023756355047226,4.0,10.0,28763.0,2.322,425992038.0
-41.21121597290039,13.10464000701904,8.405899047851562,4.0,11.0,28764.0,44.054,425992041.0
-41.47206878662109,13.20353031158447,10.04811382293701,4.0,13.0,28766.0,44.668,425992045.0
-23.14429664611816,7.372936725616455,-0.4239887595176697,18.0,14.0,28767.0,24.294,425992047.0
-41.7799072265625,13.31760120391846,11.74986743927002,3.0,15.0,28768.0,45.398,425992050.0
-30.33510971069336,9.716181755065918,0.5559987425804138,69.0,1.0,28776.0,31.858,425992073.0
-30.52849578857422,9.783998489379883,1.680088877677917,54.0,3.0,28777.0,32.102,425992077.0
-0.4767177999019623,0.1528737992048264,-0.09731258451938629,1.0,4.0,28778.0,0.51,425992080.0
-40.19425582885742,12.89722537994385,3.693137407302856,3.0,5.0,28779.0,42.374,425992082.0
-0.6375960111618042,0.2047096788883209,-0.1060625687241554,1.0,6.0,28780.0,0.678,425992084.0
-40.47157669067383,13.00179386138916,5.219420433044434,4.0,7.0,28781.0,42.828,425992087.0
-1.018630623817444,0.3274388015270233,-0.1313751488924026,3.0,8.0,28782.0,1.078,425992089.0
-40.80868148803711,13.12580871582031,6.789568424224854,4.0,9.0,28783.0,43.402,425992091.0
-2.329139471054077,0.7491503357887268,-0.2140545099973679,7.0,10.0,28783.0,2.456,425992094.0
-41.10354614257812,13.22856616973877,8.393305778503418,3.0,11.0,28784.0,43.988,425992096.0
-20.54725646972656,6.616786956787109,-1.131294012069702,32.0,12.0,28785.0,21.616,425992098.0
-41.34597015380859,13.32251453399658,10.02876758575439,4.0,13.0,28786.0,44.582,425992100.0
-23.28209686279297,7.506452083587646,-0.4269905686378479,15.0,14.0,28787.0,24.466,425992103.0
-41.68719863891602,13.44853115081787,11.73692607879639,4.0,15.0,28788.0,45.348,425992105.0
-30.25326156616211,9.800700187683105,0.5550912618637085,80.0,1.0,28795.0,31.806,425992128.0
-30.4312858581543,9.864241600036621,1.676530003547668,57.0,3.0,28796.0,32.034,425992133.0
-0.5023530125617981,0.1629336327314377,-0.1026552394032478,1.0,4.0,28797.0,0.538,425992135.0
-40.08872604370117,13.01014804840088,3.687385082244873,1.0,5.0,28798.0,42.308,425992137.0
-0.6425500512123108,0.2086531966924667,-0.1070011705160141,2.0,6.0,28799.0,0.684,425992140.0
-40.36971282958984,13.11691474914551,5.211864471435547,4.0,7.0,28800.0,42.766,425992142.0
-1.025090575218201,0.3332699239253998,-0.1323501020669937,3.0,8.0,28801.0,1.086,425992144.0
-40.67331695556641,13.22340965270996,6.773925304412842,4.0,9.0,28801.0,43.302,425992147.0
-2.360746145248413,0.7679641246795654,-0.2171921133995056,5.0,10.0,28802.0,2.492,425992149.0
-40.98664855957031,13.34109878540039,8.378422737121582,4.0,11.0,28803.0,43.91,425992151.0
-16.35673141479492,5.32725191116333,-0.9015392065048218,4.0,12.0,28804.0,17.226,425992153.0
-41.25153732299805,13.44324684143066,10.01662063598633,4.0,13.0,28805.0,44.528,425992156.0
-23.36544227600098,7.618953227996826,-0.4289801418781281,11.0,14.0,28806.0,24.58,425992158.0
-41.57809448242188,13.56572437286377,11.71880912780762,4.0,15.0,28807.0,45.278,425992160.0
-30.17136001586914,9.890671730041504,0.554218590259552,86.0,1.0,28815.0,31.756,425992183.0
-30.34353065490723,9.95297622680664,1.673599243164062,56.0,3.0,28816.0,31.978,425992188.0
-0.4868583381175995,0.1597884446382523,-0.09960229694843292,1.0,4.0,28817.0,0.522,425992190.0
-31.09518241882324,10.21154975891113,2.863414764404297,19.0,5.0,28818.0,32.854,425992193.0
-0.6755977272987366,0.2219945639371872,-0.1126328185200691,2.0,6.0,28819.0,0.72,425992195.0
-40.25390625,13.2348108291626,5.202846050262451,4.0,7.0,28820.0,42.692,425992197.0
-1.039006352424622,0.3418088555335999,-0.134300023317337,3.0,8.0,28821.0,1.102,425992200.0
-40.54622268676758,13.33876132965088,6.760471820831299,4.0,9.0,28821.0,43.216,425992202.0
-2.445106029510498,0.8048558235168457,-0.2252104431390762,6.0,10.0,28822.0,2.584,425992204.0
-40.88574981689453,13.46627712249756,8.367356300354004,3.0,11.0,28823.0,43.852,425992206.0
-16.41960334777832,5.411196231842041,-0.9060400724411011,4.0,12.0,28824.0,17.312,425992209.0
-41.14143371582031,13.56641006469727,10.00132369995117,3.0,13.0,28825.0,44.46,425992211.0
-16.17378044128418,5.336442947387695,-0.2972843050956726,1.0,14.0,28826.0,17.034,425992213.0
-41.46444702148438,13.68897342681885,11.70017337799072,4.0,15.0,28827.0,45.206,425992216.0
-30.08540534973145,9.978931427001953,0.5532761812210083,82.0,1.0,28835.0,31.702,425992239.0
-30.26689910888672,10.04499435424805,1.67129647731781,56.0,3.0,28836.0,31.934,425992243.0
-0.4751183390617371,0.1577745825052261,-0.09731258451938629,1.0,4.0,28837.0,0.51,425992246.0
-31.01586151123047,10.30558109283447,2.859405517578125,26.0,5.0,28838.0,32.808,425992248.0
-0.6635717153549194,0.2206123024225235,-0.1107556000351906,2.0,6.0,28839.0,0.708,425992250.0
-40.15283966064453,13.35707187652588,5.195777416229248,4.0,7.0,28840.0,42.634,425992252.0
-1.056641817092896,0.3517028093338013,-0.1367374062538147,3.0,8.0,28841.0,1.122,425992255.0
-40.44506072998047,13.46212100982666,6.75139856338501,4.0,9.0,28841.0,43.158,425992257.0
-2.51789402961731,0.8385681509971619,-0.2321829050779343,4.0,10.0,28842.0,2.664,425992259.0
-40.7658576965332,13.58470630645752,8.352473258972168,4.0,11.0,28843.0,43.774,425992262.0
-16.50861358642578,5.504488468170166,-0.9120063781738281,5.0,12.0,28844.0,17.426,425992264.0
-41.03467559814453,13.6902027130127,9.986927032470703,3.0,13.0,28845.0,44.396,425992266.0
-16.19298934936523,5.40553092956543,-0.297982394695282,7.0,14.0,28846.0,17.074,425992269.0
-41.34186172485352,13.80070781707764,11.67843341827393,4.0,15.0,28846.0,45.122,425992271.0
-29.99730682373047,10.06607532501221,0.5522988438606262,66.0,1.0,28855.0,31.646,425992294.0
-30.19378471374512,10.1378698348999,1.669203042984009,59.0,3.0,28856.0,31.894,425992299.0
-0.4857309460639954,0.1631834357976913,-0.09960229694843292,1.0,4.0,28857.0,0.522,425992301.0
-30.9211540222168,10.39410400390625,2.854001998901367,19.0,5.0,28858.0,32.746,425992303.0
-0.6721591353416443,0.2260759472846985,-0.1123199462890625,2.0,6.0,28859.0,0.718,425992305.0
-40.02883148193359,13.47119045257568,5.185784339904785,4.0,7.0,28860.0,42.552,425992308.0
-1.096796274185181,0.3693258464336395,-0.1420996487140656,3.0,8.0,28861.0,1.166,425992310.0
-40.32855606079102,13.57989406585693,6.739822387695312,4.0,9.0,28861.0,43.084,425992312.0
-2.777397632598877,0.9357770085334778,-0.2564122080802917,15.0,10.0,28862.0,2.942,425992315.0
-40.61772918701172,13.69305610656738,8.331865310668945,4.0,11.0,28863.0,43.666,425992317.0
-20.35566329956055,6.866261959075928,-1.125851035118103,12.0,12.0,28864.0,21.512,425992319.0
-40.91647338867188,13.80967617034912,9.969830513000488,4.0,13.0,28865.0,44.32,425992322.0
-20.47092819213867,6.913101673126221,-0.3771465122699738,42.0,14.0,28866.0,21.61,425992324.0
-41.24707794189453,13.93729877471924,11.6660099029541,4.0,15.0,28867.0,45.074,425992326.0
-29.92020606994629,10.15071773529053,0.5514960289001465,71.0,1.0,28874.0,31.6,425992349.0
-30.10526084899902,10.22521877288818,1.666272163391113,63.0,3.0,28876.0,31.838,425992354.0
-0.4981998205184937,0.1692130267620087,-0.1022736206650734,1.0,4.0,28876.0,0.536,425992356.0
-30.8355827331543,10.47927570343018,2.849295616149902,27.0,5.0,28877.0,32.692,425992358.0
-0.6452227830886841,0.2194004505872726,-0.1079397797584534,2.0,6.0,28878.0,0.6900000000000001,425992361.0
-39.9200439453125,13.58211708068848,5.177497386932373,4.0,7.0,28879.0,42.484,425992363.0
-1.103082299232483,0.3755198419094086,-0.1430746018886566,3.0,8.0,28880.0,1.174,425992365.0
-40.21971893310547,13.69190979003906,6.729185104370117,4.0,9.0,28880.0,43.016,425992368.0
-2.810112953186035,0.957187831401825,-0.2597241103649139,4.0,10.0,28881.0,2.98,425992370.0
-40.4996223449707,13.80297374725342,8.31698226928711,4.0,11.0,28882.0,43.588,425992372.0
-16.72218322753906,5.702467441558838,-0.9259277582168579,5.0,12.0,28883.0,17.692,425992375.0
-40.79299163818359,13.91885375976562,9.950934410095215,4.0,13.0,28884.0,44.236,425992377.0
-20.40814971923828,6.967380046844482,-0.376413494348526,49.0,14.0,28885.0,21.568,425992379.0
-41.14093017578125,14.04558944702148,11.64840984344482,4.0,15.0,28885.0,45.006,425992382.0
-20.52012252807617,7.041616916656494,0.3786823153495789,52.0,1.0,28894.0,21.698,425992405.0
-30.00893974304199,10.30947780609131,1.662922620773315,59.0,3.0,28896.0,31.774,425992409.0
-0.4846089482307434,0.1664859056472778,-0.09960229694843292,1.0,4.0,28896.0,0.522,425992411.0
-30.75359535217285,10.57130336761475,2.845112085342407,27.0,5.0,28897.0,32.644,425992414.0
-0.6706047058105469,0.2306459099054337,-0.1123199462890625,2.0,6.0,28898.0,0.718,425992416.0
-39.83672714233398,13.70910835266113,5.172866344451904,4.0,7.0,28899.0,42.446,425992418.0
-1.11302638053894,0.3832457363605499,-0.1445370465517044,3.0,8.0,28900.0,1.186,425992421.0
-40.09829711914062,13.81477928161621,6.717296123504639,4.0,9.0,28901.0,42.94,425992423.0
-2.953685522079468,1.017612099647522,-0.2733204066753387,4.0,10.0,28901.0,3.136,425992425.0
-40.39736938476562,13.92570495605469,8.305915832519531,4.0,11.0,28902.0,43.53,425992428.0
-20.15363121032715,6.951257228851318,-1.117267966270447,32.0,12.0,28903.0,21.348,425992430.0
-40.68520736694336,14.04081916809082,9.936537742614746,4.0,13.0,28904.0,44.172,425992432.0
-20.34589958190918,7.025521755218506,-0.3757154047489166,49.0,14.0,28905.0,21.528,425992435.0
-41.03074264526367,14.17609691619873,11.63184547424316,4.0,15.0,28906.0,44.942,425992437.0
-20.45763397216797,7.100089550018311,0.3779842257499695,55.0,1.0,28914.0,21.658,425992460.0
-29.93503761291504,10.40105533599854,1.660829186439514,59.0,3.0,28916.0,31.734,425992464.0
-0.4988608658313751,0.1733313202857971,-0.1026552394032478,1.0,4.0,28916.0,0.538,425992467.0
-30.67510414123535,10.6641960144043,2.841277122497559,27.0,5.0,28917.0,32.6,425992469.0
-0.6735270023345947,0.2342833280563354,-0.1129456833004951,2.0,6.0,28918.0,0.722,425992471.0
-39.73238754272461,13.82850551605225,5.165554046630859,4.0,7.0,28919.0,42.386,425992474.0
-1.137927293777466,0.396268218755722,-0.1479493826627731,4.0,8.0,28920.0,1.214,425992476.0
-39.98697280883789,13.92493724822998,6.706345558166504,4.0,9.0,28920.0,42.87,425992478.0
-3.068646669387817,1.069216370582581,-0.2843020260334015,6.0,10.0,28921.0,3.262,425992481.0
-40.28548431396484,14.04465866088867,8.292940139770508,4.0,11.0,28922.0,43.462,425992483.0
-20.09907150268555,7.011039257049561,-1.115593194961548,42.0,12.0,28923.0,21.316,425992485.0
-40.53843307495117,14.14871788024902,9.91269302368164,4.0,13.0,28924.0,44.066,425992488.0
-20.29293441772461,7.086609840393066,-0.3751918375492096,60.0,14.0,28925.0,21.498,425992490.0
-40.91237640380859,14.28724193572998,11.61165809631348,4.0,15.0,28925.0,44.864,425992492.0
-20.41008377075195,7.163509845733643,0.3775653541088104,22.0,1.0,28934.0,21.634,425992515.0
-29.84955596923828,10.48827075958252,1.658107757568359,61.0,3.0,28936.0,31.682,425992520.0
-0.520479679107666,0.1828815042972565,-0.1072346568107605,1.0,4.0,28936.0,0.562,425992522.0
-30.57378578186035,10.74873924255371,2.835350513458252,27.0,5.0,28937.0,32.532,425992524.0
-0.6745685338973999,0.2372884452342987,-0.1132585555315018,2.0,6.0,28938.0,0.724,425992527.0
-39.6220817565918,13.9453649520874,5.157510757446289,4.0,7.0,28939.0,42.32,425992529.0
-1.149643778800964,0.404853492975235,-0.1496555507183075,4.0,8.0,28940.0,1.228,425992531.0
-39.89095306396484,14.05564785003662,6.698836803436279,5.0,9.0,28941.0,42.822,425992534.0
-3.237777709960938,1.140836715698242,-0.3003386855125427,12.0,10.0,28941.0,3.446,425992536.0
-40.17140960693359,14.16234970092773,8.279583930969238,4.0,11.0,28942.0,43.392,425992538.0
-20.05752372741699,7.075175762176514,-1.114651203155518,42.0,12.0,28943.0,21.298,425992540.0
-40.42631912231445,14.26808547973633,9.897396087646484,4.0,13.0,28944.0,43.998,425992543.0
-40.77959060668945,14.40877914428711,11.58888149261475,4.0,15.0,28946.0,44.776,425992547.0
-16.40105819702148,5.820808887481689,0.3037765920162201,7.0,1.0,28954.0,17.406,425992570.0
-29.7675952911377,10.57635307312012,1.655595660209656,61.0,3.0,28956.0,31.634,425992575.0
-0.4828389585018158,0.1715514957904816,-0.09960229694843292,1.0,4.0,28956.0,0.522,425992577.0
-30.52669334411621,10.85205936431885,2.834479093551636,20.0,5.0,28957.0,32.522,425992580.0
-0.6793195605278015,0.2416276633739471,-0.1141971573233604,2.0,6.0,28958.0,0.73,425992582.0
-39.50396347045898,14.0589599609375,5.148492336273193,4.0,7.0,28959.0,42.246,425992584.0
-1.161314129829407,0.4135253429412842,-0.1513617187738419,4.0,8.0,28960.0,1.242,425992587.0
-39.79573822021484,14.17062473297119,6.690701961517334,4.0,9.0,28960.0,42.77,425992589.0
-3.218760967254639,1.146782279014587,-0.2989442050457001,4.0,10.0,28961.0,3.43,425992591.0
-40.04220962524414,14.27414035797119,8.263174057006836,4.0,11.0,28962.0,43.306,425992593.0
-20.03082275390625,7.14447546005249,-1.114546537399292,62.0,12.0,28963.0,21.296,425992596.0
-40.32487869262695,14.39077281951904,9.884799003601074,4.0,13.0,28964.0,43.942,425992598.0
-16.73072052001953,5.973998069763184,-0.3100943565368652,4.0,14.0,28965.0,17.768,425992600.0
-40.68064498901367,14.52574062347412,11.574387550354,4.0,15.0,28965.0,44.72,425992603.0
-20.27487754821777,7.275430679321289,0.3759946525096893,18.0,1.0,28974.0,21.544,425992626.0
-29.6966609954834,10.66804218292236,1.653711557388306,65.0,3.0,28976.0,31.598,425992630.0
-0.5376667380332947,0.1931480318307877,-0.1110508367419243,1.0,4.0,28976.0,0.582,425992633.0
-39.08716583251953,14.04913139343262,3.633871555328369,3.0,5.0,28977.0,41.694,425992635.0
-0.6728954911231995,0.2419919967651367,-0.1132585555315018,2.0,6.0,28978.0,0.724,425992637.0
-39.39300918579102,14.17459011077881,5.140449047088623,4.0,7.0,28979.0,42.18,425992640.0
-1.182276368141174,0.4256456792354584,-0.1542865931987762,4.0,8.0,28980.0,1.266,425992642.0
-39.69707107543945,14.29965209960938,6.682880401611328,4.0,9.0,28981.0,42.72,425992644.0
-3.43405294418335,1.237012267112732,-0.3193386495113373,4.0,10.0,28981.0,3.664,425992646.0
-39.94411849975586,14.39651966094971,8.253252029418945,4.0,11.0,28982.0,43.254,425992649.0
-19.97382164001465,7.202834606170654,-1.112767100334167,54.0,12.0,28983.0,21.262,425992651.0
-40.21024322509766,14.50829601287842,9.86905288696289,3.0,13.0,28984.0,43.872,425992653.0
-16.82637977600098,6.074461936950684,-0.3122584521770477,6.0,14.0,28985.0,17.892,425992656.0
-40.54718399047852,14.64586734771729,11.55161190032959,4.0,15.0,28986.0,44.632,425992658.0
-20.2455997467041,7.344794750213623,0.375924825668335,28.0,1.0,28994.0,21.54,425992681.0
-29.59916877746582,10.74982070922852,1.650362014770508,65.0,3.0,28996.0,31.534,425992686.0
-0.5037734508514404,0.1829603463411331,-0.1041817143559456,1.0,4.0,28996.0,0.546,425992688.0
-38.97983551025391,14.16439151763916,3.628467798233032,3.0,5.0,28997.0,41.632,425992690.0
-0.6998939514160156,0.2544639110565186,-0.1179515868425369,2.0,6.0,28998.0,0.754,425992693.0
-39.29105758666992,14.29300975799561,5.133624076843262,4.0,7.0,28999.0,42.124,425992695.0
-1.195706367492676,0.4352015256881714,-0.1562364995479584,3.0,8.0,29000.0,1.282,425992697.0
-39.57889556884766,14.40554046630859,6.67099142074585,5.0,9.0,29000.0,42.644,425992699.0
-4.423807144165039,1.611008524894714,-0.4118980467319489,2.0,10.0,29001.0,4.726,425992702.0
-39.84566116333008,14.51838779449463,8.243330001831055,4.0,11.0,29002.0,43.202,425992704.0
-19.9297924041748,7.265671253204346,-1.111720323562622,40.0,12.0,29003.0,21.242,425992706.0
-40.08612442016602,14.62185668945312,9.851056098937988,4.0,13.0,29004.0,43.792,425992709.0
-16.7994384765625,6.131103038787842,-0.3121537268161774,8.0,14.0,29005.0,17.886,425992711.0
-40.4149169921875,14.74977970123291,11.52780055999756,4.0,15.0,29005.0,44.54,425992713.0
-16.67901992797852,6.116860866546631,0.3100943565368652,9.0,1.0,29014.0,17.768,425992736.0
-29.52021789550781,10.83793258666992,1.648059248924255,65.0,3.0,29016.0,31.49,425992741.0
-0.5510490536689758,0.2023098915815353,-0.1141037791967392,1.0,4.0,29016.0,0.598,425992743.0
-38.87591934204102,14.28044700622559,3.623412847518921,3.0,5.0,29017.0,41.574,425992746.0
-0.7045637965202332,0.2589497864246368,-0.1188901960849762,2.0,6.0,29018.0,0.76,425992748.0
-39.14218139648438,14.39376258850098,5.120706081390381,4.0,7.0,29019.0,42.018,425992750.0
-1.216535925865173,0.4475980699062347,-0.1591613590717316,4.0,8.0,29020.0,1.306,425992752.0
-39.44426727294922,14.52048110961914,6.657225131988525,4.0,9.0,29021.0,42.556,425992755.0
-4.597650051116943,1.692516922950745,-0.4286319315433502,1.0,10.0,29021.0,4.918,425992757.0
-39.75236892700195,14.64177989959717,8.234553337097168,4.0,11.0,29022.0,43.156,425992759.0
-19.92867279052734,7.344173431396484,-1.113081097602844,12.0,12.0,29023.0,21.268,425992762.0
-39.96901702880859,14.73742389678955,9.834859848022461,4.0,13.0,29024.0,43.72,425992764.0
-16.44023704528809,6.065123558044434,-0.3058708608150482,9.0,14.0,29025.0,17.526,425992766.0
-40.29171371459961,14.87238788604736,11.50813007354736,4.0,15.0,29026.0,44.464,425992769.0
-20.10757827758789,7.453981876373291,0.3743192255496979,40.0,1.0,29034.0,21.448,425992792.0
-29.43352127075195,10.92284393310547,1.645337820053101,67.0,3.0,29036.0,31.438,425992796.0
-0.5208898782730103,0.1933033764362335,-0.1079978942871094,1.0,4.0,29036.0,0.5660000000000001,425992799.0
-38.75485992431641,14.38970851898193,3.616789102554321,4.0,5.0,29037.0,41.498,425992801.0
-0.712914228439331,0.2648471891880035,-0.1204545348882675,2.0,6.0,29038.0,0.77,425992803.0
-39.04518127441406,14.51301574707031,5.114612579345703,4.0,7.0,29039.0,41.968,425992805.0
-1.248456716537476,0.4642969071865082,-0.1635486632585526,3.0,8.0,29040.0,1.342,425992808.0
-39.3607177734375,14.63812065124512,6.651280403137207,4.0,9.0,29040.0,42.518,425992810.0
-5.260210514068604,1.957299947738647,-0.4910354614257812,1.0,10.0,29041.0,5.634,425992812.0
-39.62557983398438,14.75236892700195,8.21890640258789,4.0,11.0,29042.0,43.074,425992815.0
-20.03767204284668,7.463888645172119,-1.120617508888245,18.0,12.0,29043.0,21.412,425992817.0
-39.8661994934082,14.85779666900635,9.82226276397705,4.0,13.0,29044.0,43.664,425992819.0
-16.28968238830566,6.074265480041504,-0.3034624457359314,6.0,14.0,29045.0,17.388,425992822.0
-40.1788215637207,14.98229503631592,11.49001312255859,4.0,15.0,29045.0,44.394,425992824.0
-20.05147552490234,7.512899398803711,0.3737607300281525,34.0,1.0,29054.0,21.416,425992847.0
-29.36155319213867,11.01289463043213,1.64345371723175,67.0,3.0,29056.0,31.402,425992852.0
-0.5349175930023193,0.2006362080574036,-0.1110508367419243,1.0,4.0,29056.0,0.582,425992854.0
-38.65029907226562,14.50460052490234,3.611733913421631,3.0,5.0,29057.0,41.44,425992856.0
-0.7064374685287476,0.2652509808540344,-0.1195159330964088,2.0,6.0,29058.0,0.764,425992858.0
-38.9255256652832,14.62339019775391,5.105594158172607,5.0,7.0,29059.0,41.894,425992861.0
-1.287708044052124,0.4840176403522491,-0.1689109057188034,4.0,8.0,29060.0,1.386,425992863.0
-39.24281692504883,14.75040531158447,6.640017509460449,5.0,9.0,29060.0,42.446,425992865.0
-7.401679992675781,2.783582925796509,-0.691842257976532,3.0,10.0,29061.0,7.938,425992868.0
-39.50769424438477,14.86570739746094,8.205168724060059,4.0,11.0,29062.0,43.002,425992870.0
-20.19093894958496,7.601342678070068,-1.130666017532349,6.0,12.0,29063.0,21.604,425992872.0
-39.76303100585938,14.97763156890869,9.80966567993164,4.0,13.0,29064.0,43.608,425992875.0
-40.07566070556641,15.10337734222412,11.47551918029785,4.0,15.0,29065.0,44.338,425992879.0
-16.95815086364746,6.421483993530273,0.3165168464183807,4.0,1.0,29074.0,18.136,425992902.0
-29.28184509277344,11.09974384307861,1.641150951385498,67.0,3.0,29076.0,31.358,425992907.0
-0.5378855466842651,0.2038939595222473,-0.1118140742182732,1.0,4.0,29076.0,0.586,425992909.0
-38.55658721923828,14.62317657470703,3.607724905014038,3.0,5.0,29077.0,41.394,425992911.0
-0.720282256603241,0.2733218967914581,-0.1220188811421394,2.0,6.0,29078.0,0.78,425992914.0
-38.82228088378906,14.73944759368896,5.098769664764404,4.0,7.0,29079.0,41.838,425992916.0
-1.304567813873291,0.4955588281154633,-0.1713483035564423,4.0,8.0,29080.0,1.406,425992918.0
-39.10354995727539,14.86185550689697,6.625625133514404,4.0,9.0,29081.0,42.354,425992921.0
-7.7718505859375,2.953801393508911,-0.727401852607727,1.0,10.0,29081.0,8.346,425992923.0
-39.40234756469727,14.9832878112793,8.194101333618164,4.0,11.0,29082.0,42.944,425992925.0
-15.66175937652588,5.95872974395752,-0.8781973719596863,5.0,12.0,29083.0,16.78,425992928.0
-39.66861724853516,15.10039329528809,9.799317359924316,4.0,13.0,29084.0,43.562,425992930.0
-15.8021183013916,6.018446445465088,-0.2951551079750061,6.0,14.0,29085.0,16.912,425992932.0
-39.96492767333984,15.22117328643799,11.45895481109619,4.0,15.0,29085.0,44.274,425992934.0
-17.05889511108398,6.52780818939209,0.3188205659389496,4.0,1.0,29094.0,18.268,425992958.0
-29.18510437011719,11.17974090576172,1.637906074523926,63.0,3.0,29096.0,31.296,425992962.0
-0.5335038304328918,0.2043657153844833,-0.1110508367419243,1.0,4.0,29096.0,0.582,425992964.0
-38.4476318359375,14.73557090759277,3.602321147918701,3.0,5.0,29097.0,41.332,425992967.0
-0.7340791821479797,0.2814926207065582,-0.1245218366384506,2.0,6.0,29098.0,0.796,425992969.0
-38.71499252319336,14.85354137420654,5.091457366943359,4.0,7.0,29099.0,41.778,425992971.0
-1.302830100059509,0.5001096129417419,-0.1713483035564423,4.0,8.0,29100.0,1.406,425992974.0
-38.98505020141602,14.97276592254639,6.614362239837646,5.0,9.0,29101.0,42.282,425992976.0
-9.383352279663086,3.603810548782349,-0.879401445388794,1.0,10.0,29101.0,10.09,425992978.0
-39.30032348632812,15.10172271728516,8.183797836303711,4.0,11.0,29102.0,42.89,425992981.0
-15.78440952301025,6.068551540374756,-0.8862571120262146,3.0,12.0,29103.0,16.934,425992983.0
-39.54655075073242,15.21218490600586,9.782221794128418,4.0,13.0,29104.0,43.486,425992985.0
-15.4992094039917,5.965113162994385,-0.289884477853775,5.0,14.0,29105.0,16.61,425992987.0
-39.8656005859375,15.35088920593262,11.44653129577637,4.0,15.0,29106.0,44.226,425992990.0
-17.10172653198242,6.605865955352783,0.32000732421875,4.0,1.0,29112.0,18.336,425993013.0
-29.11258125305176,11.25696659088135,1.635812640190125,30.0,3.0,29114.0,31.256,425993017.0
-0.5401837229728699,0.2088729292154312,-0.1125773042440414,1.0,4.0,29114.0,0.59,425993020.0
-38.3658447265625,14.84262561798096,3.599009275436401,3.0,5.0,29115.0,41.294,425993022.0
-0.7497708797454834,0.2902149558067322,-0.1273376494646072,2.0,6.0,29116.0,0.8140000000000001,425993024.0
-38.62001037597656,14.95645523071289,5.08512020111084,4.0,7.0,29117.0,41.726,425993027.0
-1.334570527076721,0.5171099305152893,-0.1757355928421021,4.0,8.0,29118.0,1.442,425993029.0
-38.87887954711914,15.0723180770874,6.604350090026855,5.0,9.0,29119.0,42.218,425993031.0
-13.12077808380127,5.086580276489258,-1.231162071228027,2.0,10.0,29119.0,14.126,425993034.0
-39.20143508911133,15.20523548126221,8.173112869262695,4.0,11.0,29120.0,42.834,425993036.0
-20.64734268188477,8.01272201538086,-1.160706877708435,2.0,12.0,29121.0,22.178,425993038.0
-39.44588470458984,15.31589317321777,9.769174575805664,4.0,13.0,29122.0,43.428,425993040.0
-20.13662719726562,7.822615146636963,-0.3770766854286194,10.0,14.0,29123.0,21.606,425993043.0
-39.75685501098633,15.44462013244629,11.42841339111328,4.0,15.0,29123.0,44.156,425993045.0
-16.63334274291992,6.491758823394775,0.3116650879383087,2.0,1.0,29132.0,17.858,425993068.0
-0.5300539135932922,0.2069791853427887,-0.131371408700943,2.0,2.0,29133.0,0.584,425993070.0
-29.0191593170166,11.33744239807129,1.632777214050293,22.0,3.0,29134.0,31.198,425993073.0
-0.546765923500061,0.2136149853467941,-0.1141037791967392,1.0,4.0,29134.0,0.598,425993075.0
-38.2618408203125,14.95614719390869,3.594128608703613,3.0,5.0,29135.0,41.238,425993077.0
-0.7377151846885681,0.2885134518146515,-0.1254604458808899,2.0,6.0,29136.0,0.802,425993080.0
-38.51395416259766,15.0701961517334,5.078051567077637,4.0,7.0,29137.0,41.668,425993082.0
-1.362333059310913,0.5333439707756042,-0.1796354055404663,4.0,8.0,29138.0,1.474,425993084.0
-38.7782096862793,15.18920707702637,6.596215724945068,4.0,9.0,29139.0,42.166,425993087.0
-13.40347766876221,5.250066757202148,-1.259400486946106,2.0,10.0,29139.0,14.45,425993089.0
-39.06221008300781,15.30831241607666,8.155176162719727,4.0,11.0,29140.0,42.74,425993091.0
-16.14359283447266,6.329855442047119,-0.9087615609169006,1.0,12.0,29141.0,17.364,425993093.0
-39.33412933349609,15.43071746826172,9.754777908325195,4.0,13.0,29142.0,43.364,425993096.0
-20.28045082092285,7.960073947906494,-0.3802879452705383,5.0,14.0,29143.0,21.79,425993098.0
-39.65954208374023,15.56636333465576,11.41599082946777,4.0,15.0,29143.0,44.108,425993100.0
-16.49152183532715,6.502834320068359,0.3094311654567719,7.0,1.0,29152.0,17.73,425993123.0
-28.92752456665039,11.41235542297363,1.629741668701172,23.0,3.0,29153.0,31.14,425993128.0
-0.5460169315338135,0.2155222445726395,-0.1141037791967392,1.0,4.0,29154.0,0.598,425993130.0
-0.7697725296020508,0.3041530549526215,-0.1310920864343643,2.0,6.0,29156.0,0.838,425993135.0
-38.39650344848633,15.17899990081787,5.069520950317383,4.0,7.0,29157.0,41.598,425993137.0
-1.386306285858154,0.5483177900314331,-0.1830477565526962,4.0,8.0,29158.0,1.502,425993139.0
-38.68905258178711,15.30245876312256,6.589645385742188,4.0,9.0,29158.0,42.124,425993142.0
-15.17653846740723,6.005753040313721,-1.427959680557251,3.0,10.0,29159.0,16.384,425993144.0
-38.95377349853516,15.42289066314697,8.143728256225586,4.0,11.0,29160.0,42.68,425993146.0
-16.06754875183105,6.364837169647217,-0.9057260751724243,5.0,12.0,29161.0,17.306,425993149.0
-39.23111343383789,15.54853916168213,9.742630004882812,4.0,13.0,29162.0,43.31,425993151.0
-20.47188949584961,8.117796897888184,-0.384406715631485,2.0,14.0,29163.0,22.026,425993153.0
-39.53672027587891,15.67764663696289,11.39632034301758,4.0,15.0,29163.0,44.032,425993156.0
-28.70926475524902,11.43641471862793,0.5394189953804016,18.0,1.0,29172.0,30.908,425993179.0
-0.5653210878372192,0.2254258692264557,-0.1183015778660774,1.0,4.0,29174.0,0.62,425993186.0
-37.31264495849609,14.8862361907959,3.514642477035522,1.0,5.0,29175.0,40.326,425993188.0
-0.7778792977333069,0.3104997575283051,-0.1326564252376556,2.0,6.0,29176.0,0.848,425993190.0
-38.31378936767578,15.30115699768066,5.065620899200439,4.0,7.0,29177.0,41.566,425993192.0
-1.406504511833191,0.5619922280311584,-0.1859726160764694,4.0,8.0,29178.0,1.526,425993195.0
-38.57033920288086,15.41922760009766,6.579007625579834,5.0,9.0,29179.0,42.056,425993197.0
-15.77524375915527,6.306453704833984,-1.486353993415833,1.0,10.0,29179.0,17.054,425993199.0
-38.84683990478516,15.53762722015381,8.132660865783691,4.0,11.0,29180.0,42.622,425993202.0
-16.08417510986328,6.436467170715332,-0.9079241752624512,1.0,12.0,29181.0,17.348,425993204.0
-39.11328125,15.66003513336182,9.726883888244629,4.0,13.0,29182.0,43.24,425993206.0
-20.62534713745117,8.262079238891602,-0.3878273665904999,2.0,14.0,29183.0,22.222,425993209.0
-39.42878341674805,15.80232810974121,11.38182640075684,4.0,15.0,29184.0,43.976,425993211.0
-28.64505386352539,11.52685451507568,0.5389652252197266,6.0,1.0,29192.0,30.882,425993234.0
-31.25756072998047,12.58447456359863,1.765919804573059,5.0,3.0,29193.0,33.742,425993239.0
-0.5536043643951416,0.2229965925216675,-0.1160118728876114,1.0,4.0,29194.0,0.608,425993241.0
-37.47666549682617,15.1035270690918,3.535037040710449,0.0,5.0,29195.0,40.56,425993243.0
-0.798775315284729,0.3220776915550232,-0.1364108473062515,2.0,6.0,29196.0,0.872,425993245.0
-38.19939422607422,15.4102954864502,5.057577610015869,4.0,7.0,29197.0,41.5,425993248.0
-1.433987140655518,0.5787861943244934,-0.1898724436759949,4.0,8.0,29198.0,1.558,425993250.0
-38.45217514038086,15.52788066864014,6.568057537078857,5.0,9.0,29199.0,41.986,425993252.0
-6.861397743225098,2.77079176902771,-0.6473928689956665,6.0,10.0,29199.0,7.428,425993255.0
-38.74321746826172,15.65327548980713,8.122357368469238,4.0,11.0,29200.0,42.568,425993257.0
-6.89571475982666,2.787449836730957,-0.3897981941699982,22.0,12.0,29201.0,7.448,425993259.0
-38.96985626220703,15.76066875457764,9.704838752746582,4.0,13.0,29202.0,43.142,425993262.0
-6.929103851318359,2.803760766983032,-0.1304741948843002,10.0,14.0,29203.0,7.476,425993264.0
-39.32960510253906,15.91415119171143,11.36836814880371,4.0,15.0,29203.0,43.924,425993266.0
-15.7278299331665,6.392805576324463,0.2963418662548065,4.0,1.0,29212.0,16.98,425993289.0
-31.42065620422363,12.7777738571167,1.777643084526062,5.0,3.0,29213.0,33.966,425993294.0
-0.549185574054718,0.2234478890895844,-0.1152486354112625,1.0,4.0,29214.0,0.604,425993296.0
-37.45693588256836,15.24777412414551,3.538174629211426,0.0,5.0,29215.0,40.596,425993298.0
-0.7921578288078308,0.3226286768913269,-0.1354722529649734,1.0,6.0,29216.0,0.866,425993301.0
-1.468721985816956,0.5987764000892639,-0.1947472095489502,4.0,8.0,29218.0,1.598,425993305.0
-38.34286499023438,15.63962745666504,6.558671474456787,5.0,9.0,29219.0,41.926,425993308.0
-6.547287940979004,2.670565843582153,-0.6186314821243286,12.0,10.0,29219.0,7.098,425993310.0
-38.64107894897461,15.76913261413574,8.112435340881348,4.0,11.0,29220.0,42.516,425993312.0
-6.885942935943604,2.811503410339355,-0.3897981941699982,5.0,12.0,29221.0,7.448,425993315.0
-38.86589431762695,15.87670612335205,9.6926908493042,4.0,13.0,29222.0,43.088,425993317.0
-6.913721561431885,2.825661182403564,-0.1303694695234299,28.0,14.0,29223.0,7.47,425993319.0
-39.20586013793945,16.02356719970703,11.34869766235352,4.0,15.0,29223.0,43.848,425993321.0
-15.78866291046143,6.481841564178467,0.2979125678539276,2.0,1.0,29232.0,17.07,425993344.0
-31.65995216369629,13.01052093505859,1.793867230415344,2.0,3.0,29234.0,34.276,425993349.0
-0.5738248825073242,0.235810860991478,-0.1205912828445435,1.0,4.0,29234.0,0.632,425993351.0
-38.02447891235352,15.63375282287598,3.596917390823364,2.0,5.0,29235.0,41.27,425993354.0
-0.8275638222694397,0.3404214978218079,-0.1417296230792999,2.0,6.0,29236.0,0.906,425993356.0
-37.25379943847656,15.33209228515625,4.946433067321777,1.0,7.0,29237.0,40.588,425993358.0
-1.499663233757019,0.6175042986869812,-0.1991345137357712,4.0,8.0,29238.0,1.634,425993361.0
-38.26704788208008,15.75691318511963,6.554604053497314,5.0,9.0,29238.0,41.9,425993363.0
-6.499239921569824,2.67746639251709,-0.6149709224700928,13.0,10.0,29239.0,7.056,425993365.0
-38.51864242553711,15.8762378692627,8.098315238952637,4.0,11.0,29240.0,42.442,425993368.0
-16.55135536193848,6.825356006622314,-0.9382790327072144,2.0,12.0,29241.0,17.928,425993370.0
-38.77420806884766,15.99741172790527,9.683692932128906,4.0,13.0,29242.0,43.048,425993372.0
-6.892725467681885,2.845199346542358,-0.1301600486040115,14.0,14.0,29243.0,7.458,425993374.0
-39.08972930908203,16.14355850219727,11.33213329315186,4.0,15.0,29244.0,43.784,425993377.0
-6.910414218902588,2.865213632583618,0.1305789053440094,21.0,1.0,29252.0,7.482,425993400.0
-28.84201431274414,11.96444988250732,1.636440634727478,3.0,3.0,29253.0,31.268,425993404.0
-0.5748115181922913,0.2385650128126144,-0.1209729015827179,1.0,4.0,29254.0,0.634,425993407.0
-37.92183303833008,15.74652194976807,3.592385292053223,3.0,5.0,29255.0,41.218,425993409.0
-0.8190736174583435,0.3402767479419708,-0.1404781490564346,2.0,6.0,29256.0,0.898,425993411.0
-37.42185211181641,15.55422973632812,4.975925445556641,0.0,7.0,29257.0,40.83,425993414.0
-1.545154690742493,0.6425530910491943,-0.2054717093706131,4.0,8.0,29258.0,1.686,425993416.0
-38.15250015258789,15.8735408782959,6.544905185699463,5.0,9.0,29259.0,41.838,425993418.0
-6.337173461914062,2.636613130569458,-0.6005030870437622,9.0,10.0,29259.0,6.890000000000001,425993421.0
-38.40679931640625,15.98720836639404,8.086484909057617,4.0,11.0,29260.0,42.38,425993423.0
-6.513989925384521,2.712846279144287,-0.3698058724403381,2.0,12.0,29261.0,7.066,425993425.0
-38.6569709777832,16.107177734375,9.66839599609375,4.0,13.0,29262.0,42.98,425993427.0
-16.10220527648926,6.712595462799072,-0.3045095801353455,10.0,14.0,29263.0,17.448,425993430.0
-38.95647048950195,16.24793243408203,11.30987453460693,4.0,15.0,29264.0,43.698,425993432.0
-28.91585731506348,12.11949157714844,1.643139719963074,3.0,3.0,29274.0,31.396,425993460.0
-0.5739333033561707,0.2406702041625977,-0.1209729015827179,1.0,4.0,29275.0,0.634,425993462.0
-37.82160568237305,15.86767864227295,3.58837628364563,3.0,5.0,29276.0,41.172,425993464.0
-0.8178209662437439,0.3432765007019043,-0.1404781490564346,2.0,6.0,29277.0,0.898,425993467.0
-37.41949844360352,15.71434116363525,4.983237266540527,0.0,7.0,29278.0,40.89,425993469.0
-1.564750671386719,0.6574392318725586,-0.2083965837955475,4.0,8.0,29279.0,1.71,425993471.0
-6.270529270172119,2.635887861251831,-0.5950993895530701,9.0,10.0,29280.0,6.828,425993476.0
-38.30451202392578,16.1096019744873,8.077326774597168,4.0,11.0,29281.0,42.332,425993478.0
-6.354887962341309,2.673959493637085,-0.3613274395465851,8.0,12.0,29282.0,6.904,425993480.0
-38.5366096496582,16.22304725646973,9.65310001373291,4.0,13.0,29283.0,42.912,425993483.0
-38.85214996337891,16.37185096740723,11.29693412780762,4.0,15.0,29285.0,43.648,425993487.0
-15.53459167480469,6.571656227111816,0.2944220900535583,9.0,1.0,29293.0,16.87,425993510.0
-0.5240293741226196,0.2217899262905121,-0.131371408700943,2.0,2.0,29294.0,0.584,425993513.0
-28.81819725036621,12.19699954986572,1.639999508857727,3.0,3.0,29294.0,31.336,425993515.0
-0.5658582448959351,0.239610031247139,-0.1194464340806007,1.0,4.0,29295.0,0.626,425993517.0
-37.72562789916992,15.98250484466553,3.584541320800781,4.0,5.0,29296.0,41.128,425993520.0
-0.8529926538467407,0.3615469336509705,-0.1467355340719223,2.0,6.0,29297.0,0.9380000000000001,425993522.0
-37.96751022338867,16.10061454772949,5.063671112060547,3.0,7.0,29298.0,41.55,425993524.0
-1.606304287910461,0.6815049052238464,-0.2142463028430939,4.0,8.0,29299.0,1.758,425993527.0
-37.2278938293457,15.79463481903076,6.405052661895752,1.0,9.0,29299.0,40.944,425993529.0
-6.248452186584473,2.652310609817505,-0.593879222869873,9.0,10.0,29300.0,6.814,425993531.0
-38.22455596923828,16.23323440551758,8.072365760803223,4.0,11.0,29301.0,42.306,425993533.0
-6.308751106262207,2.680505275726318,-0.3592340052127838,8.0,12.0,29302.0,6.864,425993536.0
-38.43490982055664,16.33840560913086,9.641852378845215,4.0,13.0,29303.0,42.862,425993538.0
-6.540011882781982,2.781460285186768,-0.1240517050027847,8.0,14.0,29304.0,7.108000000000001,425993540.0
-38.73788070678711,16.4831657409668,11.28036880493164,4.0,15.0,29305.0,43.584,425993543.0
-28.15854835510254,12.01644802093506,0.5343927145004272,79.0,1.0,29311.0,30.62,425993566.0
-6.913896560668945,2.951879739761353,0.3939850926399231,1.0,3.0,29312.0,7.528,425993570.0
-0.5795462727546692,0.2475561648607254,-0.1224993765354156,1.0,4.0,29313.0,0.642,425993573.0
-37.63309097290039,16.08293724060059,3.580532312393188,3.0,5.0,29314.0,41.082,425993575.0
-0.8772810697555542,0.3750972747802734,-0.1511157006025314,2.0,6.0,29315.0,0.966,425993577.0
-37.87294006347656,16.20107460021973,5.057821273803711,4.0,7.0,29316.0,41.502,425993579.0
-1.658904671669006,0.7099795341491699,-0.221558466553688,4.0,8.0,29317.0,1.818,425993582.0
-37.44322967529297,16.02498817443848,6.450731754302979,0.0,9.0,29317.0,41.236,425993584.0
-6.234593868255615,2.669574737548828,-0.5933563113212585,9.0,10.0,29318.0,6.808,425993586.0
-38.13005828857422,16.33468627929688,8.063206672668457,4.0,11.0,29319.0,42.258,425993589.0
-6.289284229278564,2.695590734481812,-0.3586059808731079,6.0,12.0,29320.0,6.852,425993591.0
-38.34219741821289,16.44140815734863,9.63150405883789,4.0,13.0,29321.0,42.816,425993593.0
-38.660400390625,16.58584403991699,11.27208709716797,4.0,15.0,29322.0,43.552,425993598.0
-28.07786560058594,12.09804916381836,0.5336596965789795,98.0,1.0,29331.0,30.578,425993621.0
-0.5225468873977661,0.2252605110406876,-0.131371408700943,2.0,2.0,29332.0,0.584,425993623.0
-6.910886764526367,2.979158401489258,0.3944037556648254,7.0,3.0,29332.0,7.536,425993626.0
-0.6003113985061646,0.2589076459407806,-0.1270787864923477,1.0,4.0,29333.0,0.666,425993628.0
-37.50720977783203,16.18420600891113,3.57390832901001,4.0,5.0,29334.0,41.006,425993630.0
-0.8777799606323242,0.378940224647522,-0.1514285653829575,2.0,6.0,29335.0,0.968,425993632.0
-37.77970886230469,16.31743621826172,5.0529465675354,4.0,7.0,29336.0,41.462,425993635.0
-1.681927680969238,0.7267897725105286,-0.2249708026647568,4.0,8.0,29337.0,1.846,425993637.0
-37.36167907714844,16.14462089538574,6.446351528167725,0.0,9.0,29337.0,41.208,425993639.0
-6.206949710845947,2.683414936065674,-0.5916131734848022,9.0,10.0,29338.0,6.788,425993642.0
-6.279836654663086,2.717527866363525,-0.3586059808731079,8.0,12.0,29340.0,6.852,425993646.0
-38.22734451293945,16.55037117004395,9.617107391357422,4.0,13.0,29341.0,42.752,425993649.0
-6.503071308135986,2.81682562828064,-0.12370266020298,15.0,14.0,29342.0,7.088,425993651.0
-38.52667617797852,16.69593620300293,11.25086402893066,4.0,15.0,29343.0,43.47,425993653.0
-27.99270248413086,12.18900585174561,0.5329266786575317,87.0,1.0,29353.0,30.536,425993676.0
-0.52167809009552,0.2272652834653854,-0.131371408700943,2.0,2.0,29354.0,0.584,425993679.0
-6.893379211425781,3.004482269287109,0.3940897583961487,3.0,3.0,29355.0,7.53,425993681.0
-0.5993128418922424,0.2612107694149017,-0.1270787864923477,1.0,4.0,29355.0,0.666,425993683.0
-37.38999938964844,16.30421257019043,3.568679094314575,4.0,5.0,29356.0,40.946,425993685.0
-0.8889925479888916,0.3878370821475983,-0.153618648648262,3.0,6.0,29357.0,0.982,425993688.0
-37.66219711303711,16.43855476379395,5.045634746551514,4.0,7.0,29358.0,41.402,425993690.0
-1.74097752571106,0.7602525353431702,-0.233257919549942,3.0,8.0,29359.0,1.914,425993692.0
-37.93844985961914,16.56701469421387,6.556794166564941,4.0,9.0,29359.0,41.914,425993695.0
-6.198425769805908,2.708025693893433,-0.5917875170707703,9.0,10.0,29360.0,6.79,425993697.0
-37.17279815673828,16.24812316894531,7.885754108428955,0.0,11.0,29361.0,41.328,425993699.0
-6.258376121520996,2.736819267272949,-0.3579779267311096,8.0,12.0,29362.0,6.84,425993702.0
-38.14030456542969,16.68687629699707,9.611258506774902,4.0,13.0,29363.0,42.726,425993704.0
-6.479384422302246,2.836161851882935,-0.1234583258628845,21.0,14.0,29364.0,7.074,425993706.0
-38.41743850708008,16.81611633300781,11.23688793182373,4.0,15.0,29364.0,43.416,425993709.0
-27.92252540588379,12.27457332611084,0.5324031114578247,100.0,1.0,29373.0,30.506,425993732.0
-0.5226654410362244,0.2298694252967834,-0.1318213194608688,2.0,2.0,29374.0,0.586,425993734.0
-33.82011032104492,14.88120555877686,1.936430335044861,3.0,3.0,29375.0,37.0,425993736.0
-0.6109763383865356,0.2688360214233398,-0.1297501176595688,1.0,4.0,29375.0,0.68,425993738.0
-37.29092025756836,16.41616630554199,3.564669847488403,4.0,5.0,29376.0,40.9,425993741.0
-0.8930567502975464,0.3933265209197998,-0.1545572578907013,3.0,6.0,29377.0,0.988,425993743.0
-37.56098937988281,16.55071067810059,5.039784908294678,4.0,7.0,29378.0,41.354,425993745.0
-1.807337045669556,0.7967538833618164,-0.2425199896097183,4.0,8.0,29379.0,1.99,425993748.0
-37.83951568603516,16.6892147064209,6.550223827362061,5.0,9.0,29380.0,41.872,425993750.0
-6.188935279846191,2.729645729064941,-0.5917875170707703,9.0,10.0,29380.0,6.79,425993752.0
-37.40683364868164,16.50617790222168,7.94757604598999,0.0,11.0,29381.0,41.652,425993755.0
-6.226859092712402,2.748968839645386,-0.3567218780517578,8.0,12.0,29382.0,6.816,425993757.0
-38.02299880981445,16.7939281463623,9.59641170501709,4.0,13.0,29383.0,42.66,425993759.0
-6.469444751739502,2.858761787414551,-0.1234583258628845,17.0,14.0,29384.0,7.074,425993762.0
-38.30607604980469,16.93493843078613,11.22239398956299,4.0,15.0,29385.0,43.36,425993764.0
-27.85091972351074,12.3476448059082,0.5317748188972473,87.0,1.0,29391.0,30.47,425993787.0
-0.5219407081604004,0.2315102964639664,-0.1318213194608688,2.0,2.0,29392.0,0.586,425993789.0
-33.74033355712891,14.97279834747314,1.934546232223511,25.0,3.0,29393.0,36.964,425993791.0
-0.6119232773780823,0.2715504765510559,-0.1301317363977432,3.0,4.0,29393.0,0.682,425993794.0
-37.19363784790039,16.51302528381348,3.560312032699585,4.0,5.0,29394.0,40.85,425993796.0
-0.9152855277061462,0.4065546691417694,-0.1586245447397232,3.0,6.0,29395.0,1.014,425993798.0
-37.43624496459961,16.63638496398926,5.030035495758057,4.0,7.0,29396.0,41.274,425993801.0
-1.841102957725525,0.8185570240020752,-0.2473947703838348,4.0,8.0,29397.0,2.03,425993803.0
-37.72665786743164,16.7733268737793,6.539273738861084,5.0,9.0,29397.0,41.802,425993805.0
-6.174868106842041,2.746646165847778,-0.591264545917511,10.0,10.0,29398.0,6.784,425993808.0
-37.32609558105469,16.61084175109863,7.941470623016357,0.0,11.0,29399.0,41.62,425993810.0
-6.218192100524902,2.76851749420166,-0.3567218780517578,8.0,12.0,29400.0,6.816,425993812.0
-6.454952239990234,2.876630067825317,-0.1233536079525948,7.0,14.0,29402.0,7.068000000000001,425993817.0
-38.21683883666992,17.03121948242188,11.21100616455078,4.0,15.0,29402.0,43.316,425993819.0
-27.78392219543457,12.43416881561279,0.5313210487365723,100.0,1.0,29411.0,30.444,425993842.0
-33.68786239624023,15.09048271179199,1.934546232223511,20.0,3.0,29413.0,36.964,425993847.0
-0.5876794457435608,0.2632510960102081,-0.1251707077026367,3.0,4.0,29413.0,0.656,425993849.0
-37.08849716186523,16.6215705871582,3.555779933929443,4.0,5.0,29414.0,40.798,425993851.0
-0.924675703048706,0.4145961999893188,-0.1605017632246017,3.0,6.0,29415.0,1.026,425993854.0
-37.32723236083984,16.74421119689941,5.023210525512695,4.0,7.0,29416.0,41.218,425993856.0
-1.892566561698914,0.849362313747406,-0.2547069191932678,4.0,8.0,29417.0,2.09,425993858.0
-37.61446762084961,16.88883209228516,6.530513286590576,5.0,9.0,29418.0,41.746,425993861.0
-6.150702476501465,2.76165509223938,-0.5898700952529907,10.0,10.0,29418.0,6.768,425993863.0
-37.89647674560547,17.02340316772461,8.075418472290039,4.0,11.0,29419.0,42.322,425993865.0
-6.208490371704102,2.79020619392395,-0.3567218780517578,6.0,12.0,29420.0,6.816,425993867.0
-37.14296722412109,16.70050430297852,9.402053833007812,0.0,13.0,29421.0,41.796,425993870.0
-6.474050521850586,2.912270307540894,-0.123912088572979,5.0,14.0,29422.0,7.100000000000001,425993872.0
-38.13125610351562,17.16086959838867,11.2042760848999,4.0,15.0,29423.0,43.29,425993874.0
-27.70025634765625,12.51296615600586,0.5305531620979309,100.0,1.0,29431.0,30.4,425993897.0
-0.5203117728233337,0.2351484596729279,-0.1318213194608688,2.0,2.0,29432.0,0.586,425993900.0
-33.67137908935547,15.224440574646,1.936639666557312,5.0,3.0,29433.0,37.004,425993902.0
-0.6225348114967346,0.2814777493476868,-0.1328030675649643,3.0,4.0,29433.0,0.6960000000000001,425993904.0
-36.97942352294922,16.72793960571289,3.550899267196655,4.0,5.0,29434.0,40.742,425993907.0
-0.9232228398323059,0.4178214073181152,-0.1605017632246017,3.0,6.0,29435.0,1.026,425993909.0
-37.2396240234375,16.86130523681641,5.01931095123291,4.0,7.0,29436.0,41.186,425993911.0
-1.969151854515076,0.8920040130615234,-0.2654314339160919,4.0,8.0,29437.0,2.178,425993914.0
-37.5258674621582,16.99880218505859,6.524881362915039,5.0,9.0,29437.0,41.71,425993916.0
-6.13739538192749,2.781463146209717,-0.5895214676856995,12.0,10.0,29438.0,6.764,425993918.0
-37.79033660888672,17.1345043182373,8.065496444702148,4.0,11.0,29439.0,42.27,425993920.0
-6.19689416885376,2.811035871505737,-0.3566172122955322,6.0,12.0,29440.0,6.814,425993923.0
-37.30094146728516,16.92830848693848,9.456942558288574,0.0,13.0,29441.0,42.04,425993925.0
-22.49600219726562,10.21410942077637,-0.4312489628791809,3.0,14.0,29442.0,24.71,425993927.0
-38.0125732421875,17.25926971435547,11.18615913391113,4.0,15.0,29442.0,43.22,425993930.0
-27.6254768371582,12.59547901153564,0.5299597978591919,100.0,1.0,29451.0,30.366,425993953.0
-0.5194877982139587,0.2369632571935654,-0.1318213194608688,2.0,2.0,29452.0,0.586,425993955.0
-33.66890716552734,15.3651008605957,1.939570546150208,3.0,3.0,29453.0,37.06,425993957.0
-0.6340509057044983,0.289354681968689,-0.1354743838310242,3.0,4.0,29453.0,0.71,425993960.0
-36.87005996704102,16.83374977111816,3.546018600463867,4.0,5.0,29454.0,40.686,425993962.0
-0.9325395822525024,0.4259659647941589,-0.1623789817094803,3.0,6.0,29455.0,1.038,425993964.0
-37.12456893920898,16.96561431884766,5.011754989624023,5.0,7.0,29456.0,41.124,425993967.0
-2.027408123016357,0.926936149597168,-0.273718535900116,4.0,8.0,29457.0,2.246,425993969.0
-37.38606643676758,17.10089492797852,6.511428356170654,5.0,9.0,29458.0,41.624,425993971.0
-6.124025344848633,2.801212310791016,-0.5891728401184082,12.0,10.0,29458.0,6.76,425993973.0
-37.66245651245117,17.23526763916016,8.050994873046875,4.0,11.0,29459.0,42.194,425993976.0
-6.177964210510254,2.828492879867554,-0.3560938537120819,8.0,12.0,29460.0,6.804,425993978.0
-37.23807907104492,17.05678558349609,9.456042289733887,0.0,13.0,29461.0,42.036,425993980.0
-7.587933540344238,3.477231740951538,-0.1456926912069321,16.0,14.0,29462.0,8.348,425993983.0
-27.54319381713867,12.67427825927734,0.5292267799377441,100.0,1.0,29471.0,30.324,425994008.0
-33.71302795410156,15.52765274047852,1.945222854614258,2.0,3.0,29473.0,37.168,425994013.0
-0.6401697993278503,0.2948514223098755,-0.1370008587837219,3.0,4.0,29473.0,0.718,425994015.0
-36.77669143676758,16.94650459289551,3.542706727981567,4.0,5.0,29474.0,40.648,425994017.0
-0.9453983902931213,0.4358346164226532,-0.1648819297552109,3.0,6.0,29475.0,1.054,425994020.0
-37.00743865966797,17.06849479675293,5.003955364227295,4.0,7.0,29476.0,41.06,425994022.0
-2.114283084869385,0.975592851638794,-0.2859054803848267,4.0,8.0,29477.0,2.346,425994024.0
-37.28610610961914,17.20491409301758,6.503919124603271,4.0,9.0,29477.0,41.576,425994026.0
-6.112401008605957,2.821737051010132,-0.5889984965324402,12.0,10.0,29478.0,6.758,425994029.0
-37.56463623046875,17.34934234619141,8.042981147766113,4.0,11.0,29479.0,42.152,425994031.0
-6.153548717498779,2.84333872795105,-0.3552564680576324,8.0,12.0,29480.0,6.788,425994033.0
-37.79919052124023,17.47368431091309,9.613958358764648,3.0,13.0,29481.0,42.738,425994036.0
-7.592084407806396,3.511251926422119,-0.1460068374872208,6.0,14.0,29482.0,8.366,425994038.0
-37.10738372802734,17.16173934936523,10.95477485656738,0.0,15.0,29482.0,42.326,425994040.0
-27.44074821472168,12.74339294433594,0.5281098484992981,51.0,1.0,29491.0,30.26,425994063.0
-0.5178208351135254,0.2405841648578644,-0.1318213194608688,2.0,2.0,29492.0,0.586,425994066.0
-33.84154891967773,15.73026657104492,1.95579469203949,2.0,3.0,29493.0,37.37,425994068.0
-0.6462579965591431,0.3003943562507629,-0.1385273337364197,3.0,4.0,29493.0,0.726,425994070.0
-36.68298721313477,17.05881309509277,3.539394617080688,4.0,5.0,29494.0,40.61,425994073.0
-0.9581995010375977,0.4457981586456299,-0.1673848778009415,3.0,6.0,29495.0,1.07,425994075.0
-36.91343688964844,17.18165588378906,4.999324321746826,4.0,7.0,29496.0,41.022,425994077.0
-2.16305136680603,1.007268905639648,-0.2929739058017731,5.0,8.0,29497.0,2.404,425994079.0
-37.18161392211914,17.32227325439453,6.496723175048828,5.0,9.0,29498.0,41.53,425994082.0
-6.097095966339111,2.840531826019287,-0.5884755849838257,12.0,10.0,29498.0,6.752,425994084.0
-37.47359466552734,17.46626281738281,8.036493301391602,4.0,11.0,29499.0,42.118,425994086.0
-6.143586158752441,2.864801168441772,-0.3552564680576324,8.0,12.0,29500.0,6.788,425994089.0
-37.69028472900391,17.58327674865723,9.601810455322266,4.0,13.0,29501.0,42.684,425994091.0
-27.26220703125,12.72416400909424,-0.5251429080963135,18.0,14.0,29502.0,30.09,425994093.0
-37.32955169677734,17.43085861206055,11.03915023803711,0.0,15.0,29503.0,42.652,425994096.0
-7.606185913085938,3.566236019134521,0.146635115146637,5.0,1.0,29512.0,8.402000000000001,425994119.0
-35.37476348876953,16.60087585449219,2.047905921936035,0.0,3.0,29514.0,39.13,425994123.0
-0.6380435228347778,0.299424797296524,-0.1370008587837219,3.0,4.0,29514.0,0.718,425994126.0
-36.60578918457031,17.18637466430664,3.538000106811523,4.0,5.0,29515.0,40.594,425994128.0
-0.9762266874313354,0.4585452377796173,-0.1708264350891113,3.0,6.0,29516.0,1.092,425994130.0
-36.81787872314453,17.30163764953613,4.994936943054199,4.0,7.0,29517.0,40.986,425994132.0
-2.234796524047852,1.050662755966187,-0.3032109141349792,8.0,8.0,29518.0,2.488,425994135.0
-37.06907653808594,17.42758178710938,6.487649917602539,5.0,9.0,29518.0,41.472,425994137.0
-6.077629566192627,2.858619689941406,-0.5876040458679199,12.0,10.0,29519.0,6.742,425994139.0
-37.35603332519531,17.57841491699219,8.025044441223145,4.0,11.0,29520.0,42.058,425994142.0
-6.127623558044434,2.884747266769409,-0.3549424409866333,8.0,12.0,29521.0,6.782,425994144.0
-37.57093048095703,17.69556045532227,9.58786392211914,4.0,13.0,29522.0,42.622,425994146.0
-37.19508361816406,17.52647018432617,11.017409324646,0.0,15.0,29523.0,42.568,425994151.0
-7.575614929199219,3.5842125415802,0.1462860703468323,15.0,1.0,29532.0,8.382,425994174.0
-35.2877197265625,16.71057891845703,2.046231269836426,0.0,3.0,29534.0,39.098,425994179.0
-0.6511893272399902,0.3083721697330475,-0.1400538086891174,3.0,4.0,29534.0,0.734,425994181.0
-36.4897575378418,17.28760528564453,3.532596588134766,4.0,5.0,29535.0,40.532,425994183.0
-0.9835452437400818,0.4661804437637329,-0.1723907738924026,3.0,6.0,29536.0,1.102,425994185.0
-36.72138595581055,17.41304016113281,4.990062236785889,4.0,7.0,29537.0,40.946,425994188.0
-2.281333446502686,1.082280993461609,-0.3100356161594391,10.0,8.0,29538.0,2.544,425994190.0
-36.95804595947266,17.53316307067871,6.478889942169189,5.0,9.0,29538.0,41.416,425994192.0
-6.044214725494385,2.868711471557617,-0.5853379964828491,10.0,10.0,29539.0,6.716,425994195.0
-37.2306022644043,17.67838859558105,8.011306762695312,4.0,11.0,29540.0,41.986,425994197.0
-6.10849666595459,2.901834011077881,-0.354419082403183,8.0,12.0,29541.0,6.772,425994199.0
-37.47725296020508,17.81154251098633,9.579765319824219,4.0,13.0,29542.0,42.586,425994202.0
-27.09641456604004,12.88371467590332,-0.5237118005752563,100.0,14.0,29543.0,30.008,425994204.0
-37.7722282409668,17.95981597900391,11.20686435699463,3.0,15.0,29543.0,43.3,425994206.0
-27.2169017791748,12.9934606552124,0.5264343619346619,84.0,1.0,29552.0,30.164,425994229.0
-0.5785348415374756,0.2763189077377319,-0.1480177938938141,2.0,2.0,29553.0,0.658,425994232.0
-35.14807891845703,16.7949047088623,2.041521072387695,0.0,3.0,29554.0,39.008,425994234.0
-0.6571946144104004,0.3140291273593903,-0.141580268740654,3.0,4.0,29554.0,0.742,425994236.0
-36.38425445556641,17.39338874816895,3.528238773345947,4.0,5.0,29555.0,40.482,425994238.0
-0.999732494354248,0.4781336784362793,-0.1755194664001465,3.0,6.0,29556.0,1.122,425994241.0
-36.60845184326172,17.51626777648926,4.982993602752686,4.0,7.0,29557.0,40.888,425994243.0
-2.363486528396606,1.131378769874573,-0.3217350542545319,7.0,8.0,29558.0,2.64,425994245.0
-36.85255813598633,17.64888000488281,6.471693992614746,5.0,9.0,29559.0,41.37,425994248.0
-6.035961151123047,2.890652894973755,-0.5855122804641724,12.0,10.0,29559.0,6.718,425994250.0
-37.11909103393555,17.78448867797852,8.00062084197998,4.0,11.0,29560.0,41.93,425994252.0
-6.082120895385742,2.915369272232056,-0.3534770607948303,9.0,12.0,29561.0,6.754,425994255.0
-37.38673782348633,17.92877197265625,9.572566986083984,4.0,13.0,29562.0,42.554,425994257.0
-27.01702117919922,12.96178531646729,-0.5230486392974854,100.0,14.0,29563.0,29.97,425994259.0
-37.67621231079102,18.0756778717041,11.19702911376953,4.0,15.0,29563.0,43.262,425994261.0
-27.14976119995117,13.07797241210938,0.5260155200958252,71.0,1.0,29572.0,30.14,425994285.0
-35.07304763793945,16.9096851348877,2.040578842163086,0.0,3.0,29574.0,38.99,425994289.0
-0.6702420115470886,0.3231422007083893,-0.1446332186460495,2.0,4.0,29574.0,0.758,425994291.0
-36.2963981628418,17.50730514526367,3.52562403678894,3.0,5.0,29575.0,40.452,425994294.0
-1.008731842041016,0.4867715239524841,-0.177396684885025,3.0,6.0,29576.0,1.134,425994296.0
-36.52205657958984,17.63186645507812,4.979581356048584,4.0,7.0,29577.0,40.86,425994298.0
-2.464986324310303,1.19055962562561,-0.3361156582832336,9.0,8.0,29578.0,2.758,425994301.0
-36.76582717895508,17.76537895202637,6.467313766479492,4.0,9.0,29579.0,41.342,425994303.0
-6.022246360778809,2.909970998764038,-0.5851636528968811,12.0,10.0,29579.0,6.714,425994305.0
-37.01789855957031,17.89515113830566,7.992225646972656,4.0,11.0,29580.0,41.886,425994308.0
-6.064714908599854,2.933103799819946,-0.3530583679676056,9.0,12.0,29581.0,6.746,425994310.0
-37.25024795532227,18.02351760864258,9.553670883178711,4.0,13.0,29582.0,42.47,425994312.0
-6.569661617279053,3.180143356323242,-0.1274025738239288,12.0,14.0,29583.0,7.3,425994314.0
-37.58189010620117,18.20017433166504,11.18874740600586,5.0,15.0,29584.0,43.23,425994317.0
-27.09185409545898,13.16094207763672,0.5257362723350525,65.0,1.0,29591.0,30.124,425994340.0
-35.92385864257812,17.46693801879883,2.093438148498535,5.0,3.0,29593.0,40.0,425994344.0
-0.6585730910301208,0.3202121555805206,-0.1423435062170029,3.0,4.0,29593.0,0.746,425994347.0
-36.19335174560547,17.60578346252441,3.521266222000122,4.0,5.0,29594.0,40.402,425994349.0
-1.026650428771973,0.4996222853660583,-0.1808382421731949,4.0,6.0,29595.0,1.156,425994351.0
-36.42233657836914,17.73289489746094,4.97397518157959,4.0,7.0,29596.0,40.814,425994354.0
-2.512779474258423,1.223936200141907,-0.3431840837001801,7.0,8.0,29597.0,2.816,425994356.0
-36.66409683227539,17.86643409729004,6.459805011749268,6.0,9.0,29598.0,41.294,425994358.0
-6.008981227874756,2.928179979324341,-0.5848150253295898,12.0,10.0,29598.0,6.71,425994361.0
-36.92658996582031,18.00232315063477,7.985356330871582,4.0,11.0,29599.0,41.85,425994363.0
-6.04418420791626,2.947945594787598,-0.3524303436279297,9.0,12.0,29600.0,6.734,425994365.0
-37.14649200439453,18.12558174133301,9.542424201965332,4.0,13.0,29601.0,42.42,425994367.0
-6.555485725402832,3.200157165527344,-0.1273327618837357,14.0,14.0,29602.0,7.296,425994370.0
-37.48112487792969,18.29696464538574,11.17580604553223,4.0,15.0,29602.0,43.18,425994372.0
-27.00804138183594,13.23694801330566,0.5250033140182495,45.0,1.0,29611.0,30.082,425994395.0
-0.5126688480377197,0.251375824213028,-0.1318213194608688,2.0,2.0,29612.0,0.586,425994397.0
-35.82501220703125,17.57375907897949,2.091240167617798,0.0,3.0,29613.0,39.958,425994400.0
-0.6680269241333008,0.3276968598365784,-0.1446332186460495,2.0,4.0,29613.0,0.758,425994402.0
-36.08517074584961,17.70919227600098,3.51673412322998,4.0,5.0,29614.0,40.35,425994404.0
-1.044405221939087,0.5127794742584229,-0.1842797994613647,3.0,6.0,29615.0,1.178,425994407.0
-36.32636260986328,17.84329605102539,4.969344139099121,4.0,7.0,29616.0,40.776,425994409.0
-2.62607741355896,1.290482759475708,-0.3592708110809326,6.0,8.0,29617.0,2.948,425994411.0
-36.55718994140625,17.97251892089844,6.451982975006104,5.0,9.0,29618.0,41.244,425994414.0
-5.98978328704834,2.944742202758789,-0.5839434862136841,12.0,10.0,29618.0,6.7,425994416.0
-36.82124328613281,18.11031532287598,7.976197719573975,4.0,11.0,29619.0,41.802,425994418.0
-6.037441253662109,2.970789432525635,-0.3526396751403809,9.0,12.0,29620.0,6.738,425994420.0
-37.03404235839844,18.23103713989258,9.529826164245605,4.0,13.0,29621.0,42.364,425994423.0
-26.79959678649902,13.19865798950195,-0.5214430093765259,100.0,14.0,29622.0,29.878,425994425.0
-37.35463714599609,18.39695930480957,11.15717124938965,4.0,15.0,29622.0,43.108,425994427.0
-0.5118324160575867,0.2530744969844818,-0.1318213194608688,2.0,2.0,29631.0,0.586,425994453.0
-35.73202896118164,17.66762924194336,2.089041948318481,0.0,3.0,29631.0,39.916,425994455.0
-0.6669365763664246,0.3299103081226349,-0.1446332186460495,2.0,4.0,29632.0,0.758,425994457.0
-35.98160552978516,17.80666542053223,3.512376546859741,4.0,5.0,29633.0,40.3,425994460.0
-1.060401916503906,0.5250046849250793,-0.1874084919691086,3.0,6.0,29634.0,1.198,425994462.0
-36.22607803344727,17.94339561462402,4.963738441467285,5.0,7.0,29635.0,40.73,425994464.0
-2.721390008926392,1.348542451858521,-0.3729201853275299,6.0,8.0,29636.0,3.06,425994466.0
-36.49346542358398,18.08376884460449,6.450731754302979,6.0,9.0,29636.0,41.236,425994469.0
-5.972845077514648,2.96104907989502,-0.5832462310791016,12.0,10.0,29637.0,6.692,425994471.0
-36.72053146362305,18.21225738525391,7.96742057800293,5.0,11.0,29638.0,41.756,425994473.0
-6.020400047302246,2.987243175506592,-0.3522209823131561,9.0,12.0,29639.0,6.73,425994476.0
-36.92799758911133,18.33121681213379,9.518129348754883,4.0,13.0,29640.0,42.312,425994478.0
-26.74493598937988,13.28211975097656,-0.5212335586547852,100.0,14.0,29641.0,29.866,425994480.0
-37.22421646118164,18.48636054992676,11.13646602630615,4.0,15.0,29641.0,43.028,425994483.0
-6.532025814056396,3.256747961044312,0.1274025738239288,26.0,1.0,29650.0,7.3,425994506.0
-0.5981380343437195,0.298350989818573,-0.1543164253234863,2.0,2.0,29651.0,0.686,425994508.0
-35.63486480712891,17.78242301940918,2.087157964706421,0.0,3.0,29652.0,39.88,425994510.0
-0.6833477020263672,0.3410024642944336,-0.1484493911266327,2.0,4.0,29652.0,0.778,425994513.0
-35.85861968994141,17.90189743041992,3.506449937820435,4.0,5.0,29653.0,40.232,425994515.0
-1.060330033302307,0.5295856595039368,-0.1877213567495346,4.0,6.0,29654.0,1.2,425994517.0
-36.12060546875,18.04844284057617,4.957888603210449,5.0,7.0,29655.0,40.682,425994519.0
-2.771709680557251,1.385549426078796,-0.3804760873317719,5.0,8.0,29656.0,3.122,425994522.0
-36.37747192382812,18.19266319274902,6.441971302032471,5.0,9.0,29657.0,41.18,425994524.0
-5.973164558410645,2.987227201461792,-0.5842921137809753,12.0,10.0,29657.0,6.704,425994526.0
-36.59879684448242,18.31133460998535,7.954826831817627,4.0,11.0,29658.0,41.69,425994529.0
-6.015294075012207,3.010921955108643,-0.3525350093841553,5.0,12.0,29659.0,6.736,425994531.0
-36.83938980102539,18.44779205322266,9.51183032989502,4.0,13.0,29660.0,42.284,425994533.0
-26.65907669067383,13.35569095611572,-0.5204656720161438,100.0,14.0,29661.0,29.822,425994536.0
-37.12339782714844,18.60622406005859,11.12663078308105,4.0,15.0,29662.0,42.99,425994538.0
-35.54001617431641,17.88253974914551,2.08506441116333,0.0,3.0,29671.0,39.84,425994566.0
-0.6856604218482971,0.3451512157917023,-0.1492126286029816,2.0,4.0,29672.0,0.782,425994568.0
-35.76922225952148,18.01351547241211,3.503835201263428,4.0,5.0,29673.0,40.202,425994570.0
-1.088465094566345,0.5483933687210083,-0.193040132522583,3.0,6.0,29674.0,1.234,425994572.0
-36.01838684082031,18.15476226806641,4.952526569366455,4.0,7.0,29675.0,40.638,425994575.0
-2.795216083526611,1.40951681137085,-0.3843759000301361,3.0,8.0,29676.0,3.154,425994577.0
-36.28199768066406,18.30351829528809,6.436339855194092,5.0,9.0,29677.0,41.144,425994579.0
-6.037412166595459,3.045749664306641,-0.5916131734848022,13.0,10.0,29677.0,6.788,425994582.0
-36.52764511108398,18.43543815612793,7.953300476074219,4.0,11.0,29678.0,41.682,425994584.0
-26.39378929138184,13.32668113708496,-1.549563050270081,15.0,12.0,29679.0,29.608,425994586.0
-36.73650360107422,18.55694389343262,9.501932144165039,4.0,13.0,29680.0,42.24,425994589.0
-26.58552169799805,13.43513774871826,-0.5199421048164368,100.0,14.0,29681.0,29.792,425994591.0
-37.03218078613281,18.71441459655762,11.11783123016357,4.0,15.0,29681.0,42.956,425994593.0
-7.423975467681885,3.766397714614868,0.1453087329864502,18.0,1.0,29690.0,8.326,425994616.0
-0.5960406064987183,0.3025194704532623,-0.1543164253234863,2.0,2.0,29691.0,0.686,425994618.0
-35.43107223510742,17.98298645019531,2.082343101501465,1.0,3.0,29691.0,39.788,425994621.0
-0.7054576277732849,0.3582087755203247,-0.1537920534610748,2.0,4.0,29692.0,0.806,425994623.0
-35.67414855957031,18.12202262878418,3.500697612762451,4.0,5.0,29693.0,40.166,425994625.0
-1.111198425292969,0.5647189021110535,-0.1974202990531921,3.0,6.0,29694.0,1.262,425994628.0
-35.92117309570312,18.26328468322754,4.947895526885986,5.0,7.0,29695.0,40.6,425994630.0
-2.940674543380737,1.495763421058655,-0.4050936996936798,2.0,8.0,29696.0,3.324,425994632.0
-36.17563247680664,18.40855407714844,6.428830623626709,5.0,9.0,29697.0,41.096,425994635.0
-6.030295372009277,3.068612813949585,-0.5919618010520935,13.0,10.0,29697.0,6.792,425994637.0
-36.43507385253906,18.54858016967773,7.947194576263428,4.0,11.0,29698.0,41.65,425994639.0
-26.32575225830078,13.4078540802002,-1.548306941986084,60.0,12.0,29699.0,29.584,425994642.0
-36.61767959594727,18.65763854980469,9.487985610961914,4.0,13.0,29700.0,42.178,425994644.0
-36.92015838623047,18.81987762451172,11.10385513305664,4.0,15.0,29701.0,42.902,425994648.0
-7.411900997161865,3.794493913650513,0.1453436464071274,13.0,1.0,29711.0,8.328,425994671.0
-35.31377029418945,18.09430694580078,2.079516887664795,1.0,3.0,29713.0,39.734,425994676.0
-0.6709423065185547,0.3437819480895996,-0.1465413123369217,2.0,4.0,29713.0,0.768,425994678.0
-35.55784606933594,18.22720527648926,3.495816946029663,4.0,5.0,29714.0,40.11,425994681.0
-1.135486841201782,0.5823089480400085,-0.2021133303642273,3.0,6.0,29715.0,1.292,425994683.0
-35.79571151733398,18.36491584777832,4.939851760864258,5.0,7.0,29716.0,40.534,425994685.0
-3.164758920669556,1.624370932579041,-0.4367797374725342,1.0,8.0,29717.0,3.584,425994688.0
-36.07249450683594,18.51487350463867,6.421947479248047,5.0,9.0,29717.0,41.052,425994690.0
-6.004828453063965,3.083413600921631,-0.5905672907829285,13.0,10.0,29718.0,6.776,425994692.0
-36.34239959716797,18.6694393157959,7.94185209274292,4.0,11.0,29719.0,41.622,425994695.0
-26.29242134094238,13.51246929168701,-1.549248933792114,26.0,12.0,29720.0,29.602,425994697.0
-36.50572204589844,18.76944732666016,9.476737976074219,4.0,13.0,29721.0,42.128,425994699.0
-36.806396484375,18.94028854370117,11.09143161773682,4.0,15.0,29723.0,42.854,425994704.0
-0.4497692883014679,0.2321432381868362,-0.1356211751699448,1.0,0.0,29730.0,0.524,425994724.0
-26.54899978637695,13.70882987976074,0.5215477347373962,45.0,1.0,29731.0,29.884,425994727.0
-35.23228073120117,18.20031356811523,2.078260898590088,1.0,3.0,29732.0,39.71,425994731.0
-0.6871793270111084,0.3551354706287384,-0.1503574848175049,2.0,4.0,29733.0,0.788,425994734.0
-35.4479866027832,18.32742309570312,3.491284847259521,4.0,5.0,29734.0,40.058,425994736.0
-1.142220139503479,0.5908066630363464,-0.2036776691675186,3.0,6.0,29735.0,1.302,425994738.0
-35.69260025024414,18.46968460083008,4.934489727020264,5.0,7.0,29736.0,40.49,425994741.0
-4.608151435852051,2.385578632354736,-0.6371329426765442,1.0,8.0,29737.0,5.228,425994743.0
-35.96580123901367,18.62697601318359,6.415064334869385,5.0,9.0,29738.0,41.008,425994745.0
-5.981644630432129,3.097941637039185,-0.5893471240997314,15.0,10.0,29738.0,6.762,425994748.0
-36.22296905517578,18.76818466186523,7.9300217628479,4.0,11.0,29739.0,41.56,425994750.0
-6.457984447479248,3.347501277923584,-0.3812150955200195,5.0,12.0,29740.0,7.284,425994752.0
-36.42959976196289,18.89137840270996,9.474039077758789,4.0,13.0,29741.0,42.116,425994754.0
-26.35400390625,13.67229080200195,-0.5182317495346069,48.0,14.0,29742.0,29.694,425994757.0
-36.69033432006836,19.04284286499023,11.07641983032227,4.0,15.0,29743.0,42.796,425994759.0
-26.47323989868164,13.78109645843506,0.5209543108940125,65.0,1.0,29750.0,29.85,425994782.0
-35.1380729675293,18.29951858520508,2.076272010803223,1.0,3.0,29751.0,39.672,425994787.0
-0.7260434031486511,0.3782764673233032,-0.1591347008943558,2.0,4.0,29752.0,0.834,425994789.0
-35.35874938964844,18.43013763427734,3.488495826721191,3.0,5.0,29753.0,40.026,425994791.0
-1.161273241043091,0.6055513620376587,-0.2074321061372757,3.0,6.0,29754.0,1.326,425994794.0
-35.5994758605957,18.5714168548584,4.930102348327637,5.0,7.0,29755.0,40.454,425994796.0
-4.793797492980957,2.501876831054688,-0.6639441847801208,1.0,8.0,29756.0,5.448,425994798.0
-35.86857604980469,18.71976661682129,6.408181190490723,5.0,9.0,29756.0,40.964,425994801.0
-5.936015605926514,3.09931755065918,-0.5858609080314636,13.0,10.0,29757.0,6.722,425994803.0
-36.11703109741211,18.86547660827637,7.920481204986572,4.0,11.0,29758.0,41.51,425994805.0
-6.432687282562256,3.361498355865479,-0.3803777396678925,20.0,12.0,29759.0,7.268,425994807.0
-36.33567047119141,18.99582862854004,9.465940475463867,4.0,13.0,29760.0,42.08,425994810.0
-26.29080009460449,13.75034141540527,-0.5178827047348022,96.0,14.0,29761.0,29.674,425994812.0
-36.59617614746094,19.14828681945801,11.06710243225098,4.0,15.0,29762.0,42.76,425994814.0
-7.349418163299561,3.85853099822998,0.1448898762464523,7.0,1.0,29770.0,8.302,425994837.0
-0.591758668422699,0.3108120262622833,-0.1543164253234863,2.0,2.0,29771.0,0.686,425994840.0
-35.06867980957031,18.41927719116211,2.075958013534546,1.0,3.0,29771.0,39.666,425994842.0
-0.7212427258491516,0.3789820969104767,-0.1583714634180069,2.0,4.0,29772.0,0.8300000000000001,425994844.0
-35.26774597167969,18.53954315185547,3.485881090164185,0.0,5.0,29773.0,39.996,425994847.0
-1.178384184837341,0.6197153329849243,-0.2108736634254456,4.0,6.0,29774.0,1.348,425994849.0
-35.49753952026367,18.6761589050293,4.924983978271484,5.0,7.0,29775.0,40.412,425994851.0
-4.967723846435547,2.614753007888794,-0.6892930269241333,1.0,8.0,29776.0,5.656,425994854.0
-35.74707794189453,18.81541442871094,6.39816951751709,5.0,9.0,29776.0,40.9,425994856.0
-6.14728832244873,3.236985206604004,-0.6078241467475891,6.0,10.0,29777.0,6.974,425994858.0
-36.00926971435547,18.96947288513184,7.911322593688965,4.0,11.0,29778.0,41.462,425994860.0
-6.410313129425049,3.378345012664795,-0.3797496855258942,5.0,12.0,29779.0,7.256,425994863.0
-36.23466491699219,19.1043701171875,9.456942558288574,4.0,13.0,29780.0,42.04,425994865.0
-26.22849273681641,13.83456611633301,-0.5176034569740295,100.0,14.0,29781.0,29.658,425994867.0
-36.50177383422852,19.26148796081543,11.05881977081299,4.0,15.0,29782.0,42.728,425994870.0
-7.317141056060791,3.872591733932495,0.1445059180259705,18.0,1.0,29789.0,8.28,425994893.0
-34.95798110961914,18.50929832458496,2.07302713394165,1.0,3.0,29790.0,39.61,425994897.0
-0.726921558380127,0.3850476145744324,-0.1598979383707047,2.0,4.0,29791.0,0.838,425994900.0
-35.16910171508789,18.63680267333984,3.482220649719238,0.0,5.0,29792.0,39.954,425994902.0
-1.193775534629822,0.6328721046447754,-0.2140023410320282,4.0,6.0,29793.0,1.368,425994904.0
-35.39858627319336,18.77423858642578,4.919865608215332,5.0,7.0,29794.0,40.37,425994906.0
-6.879157543182373,3.650016069412231,-0.9561868906021118,2.0,8.0,29795.0,7.846,425994909.0
-35.65133285522461,18.91626167297363,6.39222526550293,6.0,9.0,29795.0,40.862,425994911.0
-5.96933650970459,3.168608903884888,-0.591264545917511,7.0,10.0,29796.0,6.784,425994913.0
-35.92535781860352,19.07773017883301,7.906743049621582,4.0,11.0,29797.0,41.438,425994916.0
-26.01784706115723,13.82228755950928,-1.544015407562256,18.0,12.0,29798.0,29.502,425994918.0
-36.12981414794922,19.20247459411621,9.446145057678223,4.0,13.0,29799.0,41.992,425994920.0
-6.419816970825195,3.413477182388306,-0.1269139051437378,8.0,14.0,29800.0,7.272,425994923.0
-36.42914199829102,19.36971855163574,11.05519676208496,4.0,15.0,29800.0,42.714,425994925.0
-7.308870792388916,3.900934457778931,0.1446106433868408,15.0,1.0,29809.0,8.286,425994948.0
-0.5036775469779968,0.2689387798309326,-0.1318213194608688,2.0,2.0,29810.0,0.586,425994950.0
-34.86144638061523,18.61427879333496,2.07114315032959,1.0,3.0,29810.0,39.574,425994953.0
-0.7359631657600403,0.3931328058242798,-0.1621876507997513,2.0,4.0,29811.0,0.85,425994955.0
-35.07571792602539,18.74442672729492,3.479431629180908,1.0,5.0,29812.0,39.922,425994957.0
-1.226400017738342,0.6556620597839355,-0.2202597260475159,4.0,6.0,29813.0,1.408,425994959.0
-35.29957580566406,18.8798999786377,4.915234565734863,5.0,7.0,29814.0,40.332,425994962.0
-7.485975742340088,4.005537986755371,-1.042470335960388,2.0,8.0,29815.0,8.554,425994964.0
-35.53980255126953,19.01636123657227,6.384090423583984,6.0,9.0,29815.0,40.81,425994966.0
-5.958239555358887,3.18942666053772,-0.591264545917511,6.0,10.0,29816.0,6.784,425994969.0
-35.81700897216797,19.18077278137207,7.897584438323975,4.0,11.0,29817.0,41.39,425994971.0
-25.93775177001953,13.89604473114014,-1.542131304740906,14.0,12.0,29818.0,29.466,425994973.0
-36.04195404052734,19.31742668151855,9.440746307373047,4.0,13.0,29819.0,41.968,425994976.0
-6.418436527252197,3.441535472869873,-0.1271233260631561,22.0,14.0,29820.0,7.284,425994978.0
-36.32385635375977,19.48484420776367,11.04484367370605,4.0,15.0,29821.0,42.674,425994980.0
-7.275840282440186,3.915998458862305,0.1442266851663589,15.0,1.0,29829.0,8.264,425995003.0
-0.5027357339859009,0.270695298910141,-0.1318213194608688,2.0,2.0,29830.0,0.586,425995006.0
-34.76309585571289,18.72582626342773,2.069363594055176,1.0,3.0,29831.0,39.54,425995008.0
-0.7363148331642151,0.3966304659843445,-0.1625692695379257,2.0,4.0,29831.0,0.852,425995010.0
-34.98902893066406,18.85540771484375,3.477339744567871,1.0,5.0,29832.0,39.898,425995012.0
-1.231058955192566,0.6636886596679688,-0.2215112000703812,4.0,6.0,29833.0,1.416,425995015.0
-35.20375442504883,18.98698425292969,4.911090850830078,5.0,7.0,29834.0,40.298,425995017.0
-8.740275382995605,4.715996742248535,-1.219424605369568,1.0,8.0,29835.0,10.006,425995019.0
-35.44365310668945,19.12435722351074,6.378771781921387,5.0,9.0,29835.0,40.776,425995022.0
-5.936550617218018,3.204526901245117,-0.5902186632156372,7.0,10.0,29836.0,6.772,425995024.0
-35.68419647216797,19.27023315429688,7.883082866668701,4.0,11.0,29837.0,41.314,425995026.0
-6.011441230773926,3.247662782669067,-0.3580826222896576,1.0,12.0,29838.0,6.842000000000001,425995029.0
-35.93144226074219,19.41995429992676,9.429498672485352,4.0,13.0,29839.0,41.918,425995031.0
-25.99141502380371,14.05350589752197,-0.5157535076141357,18.0,14.0,29840.0,29.552,425995033.0
-36.20806121826172,19.5776252746582,11.02931499481201,4.0,15.0,29840.0,42.614,425995036.0
-34.67119216918945,18.8327579498291,2.067793607711792,1.0,3.0,29851.0,39.51,425995063.0
-0.7573531270027161,0.4113803803920746,-0.1675302982330322,3.0,4.0,29851.0,0.878,425995065.0
-34.89498901367188,18.96220779418945,3.474550724029541,1.0,5.0,29852.0,39.866,425995068.0
-1.253031730651855,0.6811904907226562,-0.2258913666009903,4.0,6.0,29853.0,1.444,425995070.0
-35.10412979125977,19.09173202514648,4.906459808349609,5.0,7.0,29854.0,40.26,425995072.0
-9.180611610412598,4.995043277740479,-1.283284187316895,1.0,8.0,29855.0,10.53,425995075.0
-35.34035491943359,19.23619270324707,6.372827053070068,5.0,9.0,29856.0,40.738,425995077.0
-5.925328731536865,3.225229740142822,-0.5902186632156372,9.0,10.0,29856.0,6.772,425995079.0
-35.58395004272461,19.3768367767334,7.875832080841064,4.0,11.0,29857.0,41.276,425995082.0
-5.963236331939697,3.248562335968018,-0.3558844923973083,5.0,12.0,29858.0,6.8,425995084.0
-35.82579040527344,19.52474403381348,9.419600486755371,4.0,13.0,29859.0,41.874,425995086.0
-25.9070873260498,14.12500286102295,-0.5150554180145264,60.0,14.0,29860.0,29.512,425995089.0
-36.10553741455078,19.69355201721191,11.01999759674072,4.0,15.0,29861.0,42.578,425995091.0
-6.397541046142578,3.501100063323975,0.1272978484630585,22.0,1.0,29869.0,7.294,425995114.0
-34.56670379638672,18.93255996704102,2.065490961074829,3.0,3.0,29871.0,39.466,425995118.0
-0.7817409634590149,0.4281680583953857,-0.1732545644044876,3.0,4.0,29871.0,0.908,425995121.0
-34.79538726806641,19.06570625305176,3.471238851547241,1.0,5.0,29872.0,39.828,425995123.0
-1.26103949546814,0.6912574172019958,-0.2277685850858688,4.0,6.0,29873.0,1.456,425995125.0
-35.00768661499023,19.19792556762695,4.902316093444824,5.0,7.0,29874.0,40.226,425995128.0
-11.538743019104,6.330370903015137,-1.615987539291382,0.0,8.0,29875.0,13.26,425995130.0
-35.24692916870117,19.33712768554688,6.367508411407471,5.0,9.0,29875.0,40.704,425995132.0
-5.912287712097168,3.244934797286987,-0.590044379234314,12.0,10.0,29876.0,6.77,425995135.0
-35.49716567993164,19.49053573608398,7.871634483337402,4.0,11.0,29877.0,41.254,425995137.0
-5.958862781524658,3.273204326629639,-0.3563031852245331,5.0,12.0,29878.0,6.808,425995139.0
-35.71130752563477,19.62434196472168,9.407453536987305,4.0,13.0,29879.0,41.82,425995142.0
-25.85061454772949,14.2114953994751,-0.5149158239364624,54.0,14.0,29880.0,29.504,425995144.0
-36.02140808105469,19.80293655395508,11.01430320739746,4.0,15.0,29880.0,42.556,425995146.0
-6.383530139923096,3.522444248199463,0.1272629499435425,13.0,1.0,29889.0,7.292,425995169.0
-0.4998734891414642,0.2759449779987335,-0.1318213194608688,2.0,2.0,29890.0,0.586,425995171.0
-34.46369171142578,19.03282928466797,2.063292741775513,2.0,3.0,29891.0,39.424,425995174.0
-0.7750858664512634,0.4280469119548798,-0.1721097081899643,3.0,4.0,29891.0,0.902,425995176.0
-34.698974609375,19.17066955566406,3.468275547027588,2.0,5.0,29892.0,39.794,425995178.0
-1.294925212860107,0.7157220244407654,-0.2343388348817825,3.0,6.0,29893.0,1.498,425995181.0
-34.92482376098633,19.31136322021484,4.90012264251709,6.0,7.0,29894.0,40.208,425995183.0
-6.178651332855225,3.417837142944336,-0.8669785261154175,2.0,8.0,29895.0,7.114,425995185.0
-35.13779449462891,19.44514083862305,6.360625267028809,5.0,9.0,29896.0,40.66,425995188.0
-5.895695209503174,3.262658596038818,-0.5895214676856995,28.0,10.0,29896.0,6.764,425995190.0
-35.39799880981445,19.59720993041992,7.864765167236328,4.0,11.0,29897.0,41.218,425995192.0
-5.924687385559082,3.281404972076416,-0.3549424409866333,6.0,12.0,29898.0,6.782,425995194.0
-35.60167694091797,19.72620964050293,9.396655082702637,4.0,13.0,29899.0,41.772,425995197.0
-5.943010330200195,3.294264316558838,-0.1186065524816513,3.0,14.0,29900.0,6.796,425995199.0
-35.90972900390625,19.91328048706055,11.00239753723145,4.0,15.0,29901.0,42.51,425995201.0
-0.4423414468765259,0.2460018992424011,-0.1356211751699448,1.0,0.0,29908.0,0.524,425995222.0
-25.87271499633789,14.39465427398682,0.5168006420135498,82.0,1.0,29909.0,29.612,425995224.0
-0.498907208442688,0.277688205242157,-0.1318213194608688,2.0,2.0,29910.0,0.586,425995227.0
-34.34120559692383,19.12192153930664,2.059943199157715,2.0,3.0,29911.0,39.36,425995229.0
-0.7907396554946899,0.440300852060318,-0.1759258955717087,3.0,4.0,29911.0,0.922,425995231.0
-34.59529495239258,19.27131462097168,3.464615106582642,2.0,5.0,29912.0,39.752,425995234.0
-1.325204014778137,0.7385081648826599,-0.240283340215683,4.0,6.0,29913.0,1.536,425995236.0
-34.82772827148438,19.41672325134277,4.895978927612305,5.0,7.0,29914.0,40.174,425995238.0
-6.178819179534912,3.446152448654175,-0.868684709072113,9.0,8.0,29915.0,7.128,425995241.0
-35.02826309204102,19.53653907775879,6.352490901947021,5.0,9.0,29915.0,40.608,425995243.0
-5.92428731918335,3.305546760559082,-0.5935305953025818,6.0,10.0,29916.0,6.81,425995245.0
-35.29337692260742,19.70055770874023,7.856750965118408,4.0,11.0,29917.0,41.176,425995247.0
-5.925403594970703,3.308882236480713,-0.3556751608848572,12.0,12.0,29918.0,6.796,425995250.0
-35.50878524780273,19.83705711364746,9.39035701751709,4.0,13.0,29919.0,41.744,425995252.0
-5.940202713012695,3.319867134094238,-0.1187810748815536,7.0,14.0,29920.0,6.806,425995254.0
-35.7962760925293,20.00586318969727,10.9879035949707,4.0,15.0,29920.0,42.454,425995257.0
-25.80835914611816,14.47705268859863,0.5165213942527771,76.0,1.0,29929.0,29.596,425995280.0
-34.25334930419922,19.22994422912598,2.058687210083008,3.0,3.0,29931.0,39.336,425995284.0
-0.7994694709777832,0.4488248527050018,-0.1782156080007553,3.0,4.0,29931.0,0.934,425995287.0
-34.48091125488281,19.36561393737793,3.459908723831177,2.0,5.0,29932.0,39.698,425995289.0
-1.345006108283997,0.7557085156440735,-0.2443506270647049,4.0,6.0,29933.0,1.562,425995291.0
-34.71993637084961,19.51580429077148,4.890373229980469,5.0,7.0,29934.0,40.128,425995294.0
-6.154640197753906,3.460888624191284,-0.8669785261154175,12.0,8.0,29935.0,7.114,425995296.0
-34.95814514160156,19.6657600402832,6.352803707122803,6.0,9.0,29936.0,40.61,425995298.0
-5.959598064422607,3.35258150100708,-0.5982370376586914,6.0,10.0,29936.0,6.864,425995300.0
-35.18333053588867,19.8005256652832,7.847592353820801,4.0,11.0,29937.0,41.128,425995303.0
-5.912076950073242,3.328565835952759,-0.3555704951286316,12.0,12.0,29938.0,6.794,425995305.0
-35.40196990966797,19.93984603881836,9.38045883178711,4.0,13.0,29939.0,41.7,425995307.0
-5.921609401702881,3.336655378341675,-0.1186414584517479,5.0,14.0,29940.0,6.798,425995310.0
-35.67727279663086,20.11131477355957,10.97392749786377,5.0,15.0,29941.0,42.4,425995312.0
-0.4406132698059082,0.2490839958190918,-0.1356211751699448,1.0,0.0,29948.0,0.524,425995333.0
-0.5817613005638123,0.3291447162628174,-0.1543164253234863,2.0,2.0,29950.0,0.686,425995337.0
-34.17211151123047,19.34152412414551,2.057849884033203,1.0,3.0,29951.0,39.32,425995340.0
-0.8218177556991577,0.4651514887809753,-0.1835582554340363,3.0,4.0,29951.0,0.962,425995342.0
-34.39749908447266,19.47702217102051,3.458339929580688,2.0,5.0,29952.0,39.68,425995344.0
-1.369860291481018,0.775976836681366,-0.2493565380573273,4.0,6.0,29953.0,1.594,425995347.0
-34.62051391601562,19.61926460266113,4.885985851287842,5.0,7.0,29954.0,40.092,425995349.0
-5.864493846893311,3.324730157852173,-0.8277365565299988,15.0,8.0,29955.0,6.792,425995351.0
-34.87383651733398,19.77086067199707,6.349361896514893,5.0,9.0,29955.0,40.588,425995353.0
-7.961673736572266,4.515511035919189,-0.8007869720458984,5.0,10.0,29956.0,9.188,425995356.0
-35.07472610473633,19.90093421936035,7.838815212249756,4.0,11.0,29957.0,41.082,425995358.0
-5.879578590393066,3.337351560592651,-0.3543144166469574,26.0,12.0,29958.0,6.77,425995360.0
-35.30842971801758,20.04982757568359,9.374160766601562,4.0,13.0,29959.0,41.672,425995363.0
-5.902971267700195,3.353354454040527,-0.1185018420219421,7.0,14.0,29960.0,6.79,425995365.0
-35.58015060424805,20.21233940124512,10.96461009979248,4.0,15.0,29960.0,42.364,425995367.0
-5.934177398681641,3.383422374725342,0.1192348375916481,7.0,1.0,29969.0,6.832,425995390.0
-0.5975362062454224,0.3408286273479462,-0.1588154435157776,2.0,2.0,29970.0,0.706,425995393.0
-6.364648818969727,3.6318039894104,0.3840412497520447,11.0,3.0,29971.0,7.338,425995395.0
-0.8116632103919983,0.463152289390564,-0.1816501617431641,3.0,4.0,29971.0,0.9520000000000001,425995397.0
-34.27912139892578,19.56832885742188,3.453284740447998,3.0,5.0,29972.0,39.622,425995400.0
-1.394589066505432,0.7964276671409607,-0.2543624341487885,4.0,6.0,29973.0,1.626,425995402.0
-34.51906967163086,19.72128295898438,4.881354808807373,5.0,7.0,29974.0,40.054,425995404.0
-5.873533725738525,3.357001304626465,-0.830661416053772,8.0,8.0,29975.0,6.816,425995406.0
-34.76684188842773,19.87893676757812,6.343104839324951,5.0,9.0,29976.0,40.548,425995409.0
-5.747519016265869,3.286308765411377,-0.5792370438575745,3.0,10.0,29976.0,6.646,425995411.0
-34.9811897277832,20.00959968566895,7.833472728729248,4.0,11.0,29977.0,41.054,425995413.0
-5.937233448028564,3.397533893585205,-0.3585013151168823,6.0,12.0,29978.0,6.850000000000001,425995416.0
-35.20440292358398,20.15359115600586,9.365161895751953,4.0,13.0,29979.0,41.632,425995418.0
-5.899906158447266,3.378908157348633,-0.1186763644218445,11.0,14.0,29980.0,6.8,425995420.0
-35.47901153564453,20.32724571228027,10.95632743835449,5.0,15.0,29981.0,42.332,425995423.0
-5.911928653717041,3.398136854171753,0.1190254092216492,7.0,1.0,29989.0,6.82,425995446.0
-0.6031002402305603,0.3467980325222015,-0.1606150567531586,2.0,2.0,29990.0,0.714,425995448.0
-6.341545104980469,3.648023128509521,0.3834132254123688,15.0,3.0,29991.0,7.326000000000001,425995450.0
-0.827059268951416,0.4757722616195679,-0.1854663491249084,3.0,4.0,29991.0,0.972,425995453.0
-34.18643188476562,19.67395210266113,3.450844526290894,3.0,5.0,29992.0,39.594,425995455.0
-1.415767550468445,0.8150891661643982,-0.2587426006793976,4.0,6.0,29993.0,1.654,425995457.0
-34.43109893798828,19.83075904846191,4.878673553466797,5.0,7.0,29994.0,40.032,425995459.0
-5.720739364624023,3.296217441558838,-0.8106748461723328,12.0,8.0,29995.0,6.652,425995462.0
-34.67334365844727,19.97834014892578,6.338099002838135,5.0,9.0,29995.0,40.516,425995464.0
-6.892536640167236,3.972994565963745,-0.6960257887840271,9.0,10.0,29996.0,7.986,425995466.0
-34.90262603759766,20.12668037414551,7.831564426422119,4.0,11.0,29997.0,41.044,425995469.0
-5.968588352203369,3.443188667297363,-0.3611181080341339,2.0,12.0,29998.0,6.9,425995471.0
-35.10683441162109,20.26077079772949,9.357963562011719,4.0,13.0,29999.0,41.6,425995473.0
-5.886343955993652,3.398482322692871,-0.1186414584517479,30.0,14.0,30000.0,6.798,425995476.0
-35.36623764038086,20.4187068939209,10.94235134124756,4.0,15.0,30000.0,42.278,425995478.0
-0.4379807710647583,0.2536843419075012,-0.1356211751699448,1.0,0.0,30008.0,0.524,425995499.0
-5.901761054992676,3.419755220413208,0.1190603151917458,10.0,1.0,30009.0,6.822,425995501.0
-0.5580512285232544,0.3234909772872925,-0.1489176005125046,2.0,2.0,30010.0,0.662,425995503.0
-5.950394153594971,3.450710296630859,0.3604900538921356,3.0,3.0,30011.0,6.888,425995506.0
-0.8186001181602478,0.4747167825698853,-0.1839398741722107,3.0,4.0,30011.0,0.964,425995508.0
-34.08480453491211,19.774169921875,3.447532653808594,3.0,5.0,30012.0,39.556,425995510.0
-1.448791861534119,0.8408491015434265,-0.2653128504753113,4.0,6.0,30013.0,1.696,425995512.0
-34.31703186035156,19.9249095916748,4.872336387634277,0.0,7.0,30014.0,39.98,425995515.0
-5.690316677093506,3.305198907852173,-0.8079937696456909,11.0,8.0,30015.0,6.63,425995517.0
-34.57093811035156,20.08040046691895,6.332154273986816,6.0,9.0,30015.0,40.478,425995519.0
-5.832964897155762,3.389417171478271,-0.5902186632156372,6.0,10.0,30016.0,6.772,425995522.0
-34.8168830871582,20.23951148986816,7.828129768371582,4.0,11.0,30017.0,41.026,425995524.0
-5.694100379943848,3.311385154724121,-0.3452079594135284,5.0,12.0,30018.0,6.596,425995526.0
-35.00725936889648,20.36653327941895,9.35031509399414,4.0,13.0,30019.0,41.566,425995529.0
-5.872716903686523,3.418002843856812,-0.1186065524816513,5.0,14.0,30020.0,6.796,425995531.0
-35.27804946899414,20.53231430053711,10.93717479705811,4.0,15.0,30020.0,42.258,425995533.0
-0.4370925724506378,0.2552116513252258,-0.1356211751699448,1.0,0.0,30028.0,0.524,425995554.0
-5.877700805664062,3.43327522277832,0.1188159808516502,14.0,1.0,30029.0,6.808,425995556.0
-0.4929823279380798,0.2880756258964539,-0.1318213194608688,2.0,2.0,30030.0,0.586,425995559.0
-5.931415557861328,3.467428207397461,0.3600713908672333,5.0,3.0,30031.0,6.88,425995561.0
-0.833886981010437,0.4874794483184814,-0.1877560466527939,3.0,4.0,30031.0,0.984,425995563.0
-33.97601318359375,19.86989212036133,3.443523406982422,3.0,5.0,30032.0,39.51,425995565.0
-1.485063195228577,0.8688442707061768,-0.272508829832077,4.0,6.0,30033.0,1.742,425995568.0
-34.20444107055664,20.01950836181641,4.8662428855896,0.0,7.0,30034.0,39.93,425995570.0
-5.668466567993164,3.319023609161377,-0.8065313100814819,11.0,8.0,30035.0,6.618,425995572.0
-34.48006439208984,20.19698905944824,6.329025745391846,6.0,9.0,30036.0,40.458,425995575.0
-5.800467967987061,3.3976731300354,-0.5881269574165344,6.0,10.0,30036.0,6.748,425995577.0
-34.71722412109375,20.34404754638672,7.821642398834229,5.0,11.0,30037.0,40.992,425995579.0
-6.924800872802734,4.059507846832275,-0.4206764101982117,2.0,12.0,30038.0,8.038,425995582.0
-34.89729309082031,20.46593284606934,9.339967727661133,4.0,13.0,30039.0,41.52,425995584.0
-5.953887462615967,3.493124961853027,-0.1204914152622223,7.0,14.0,30040.0,6.904,425995586.0
-35.15950775146484,20.62796211242676,10.92268180847168,4.0,15.0,30040.0,42.202,425995588.0
-0.4295395314693451,0.2528162002563477,-0.1335506290197372,1.0,0.0,30048.0,0.516,425995609.0
-5.8450026512146,3.441595792770386,0.1183971241116524,25.0,1.0,30049.0,6.784,425995612.0
-0.4919737577438354,0.2897946834564209,-0.1318213194608688,2.0,2.0,30050.0,0.586,425995614.0
-5.915834426879883,3.486083745956421,0.3598620295524597,3.0,3.0,30051.0,6.876,425995616.0
-0.8440201878547668,0.497364342212677,-0.190427377820015,3.0,4.0,30051.0,0.998,425995618.0
-1.529663801193237,0.9021199941635132,-0.2812691628932953,4.0,6.0,30053.0,1.798,425995623.0
-5.919014930725098,3.49213433265686,0.8438233137130737,11.0,7.0,30054.0,6.924,425995625.0
-5.639750957489014,3.328700065612793,-0.8040939569473267,11.0,8.0,30055.0,6.598,425995628.0
-34.37703323364258,20.29814147949219,6.323081016540527,5.0,9.0,30056.0,40.42,425995630.0
-5.795434951782227,3.42195200920105,-0.5888242125511169,6.0,10.0,30056.0,6.756,425995632.0
-34.60205078125,20.43914794921875,7.811720371246338,5.0,11.0,30057.0,40.94,425995635.0
-5.889217853546143,3.480099439620972,-0.3585013151168823,1.0,12.0,30058.0,6.850000000000001,425995637.0
-34.8239631652832,20.58663177490234,9.339517593383789,4.0,13.0,30059.0,41.518,425995639.0
-6.189513683319092,3.660468339920044,-0.1255177110433578,26.0,14.0,30060.0,7.192,425995641.0
-35.05373764038086,20.73898315429688,10.91336345672607,2.0,15.0,30061.0,42.166,425995644.0
-0.4353903532028198,0.2581049203872681,-0.1356211751699448,1.0,0.0,30066.0,0.524,425995665.0
-5.865121364593506,3.478302001953125,0.1190254092216492,10.0,1.0,30067.0,6.82,425995667.0
-0.5748596787452698,0.3410553634166718,-0.1543164253234863,2.0,2.0,30068.0,0.686,425995669.0
-5.892830848693848,3.497515916824341,0.3591293394565582,7.0,3.0,30069.0,6.862,425995671.0
-0.8542715311050415,0.5070276856422424,-0.193098708987236,3.0,4.0,30069.0,1.012,425995674.0
-5.930961608886719,3.521547317504883,0.6034663915634155,4.0,5.0,30070.0,6.924,425995676.0
-1.567582607269287,0.9311325550079346,-0.2887780368328094,4.0,6.0,30071.0,1.846,425995678.0
-5.919960498809814,3.517810821533203,0.8455294966697693,20.0,7.0,30072.0,6.938,425995681.0
-5.649742126464844,3.35857367515564,-0.8070188164710999,11.0,8.0,30073.0,6.622,425995683.0
-5.784656047821045,3.440141916275024,-0.5888242125511169,7.0,10.0,30074.0,6.756,425995688.0
-34.51404571533203,20.53369903564453,7.806377410888672,5.0,11.0,30075.0,40.912,425995690.0
-5.804455757141113,3.454659938812256,-0.3540004193782806,5.0,12.0,30076.0,6.764,425995692.0
-34.7222785949707,20.67399787902832,9.329620361328125,4.0,13.0,30077.0,41.474,425995694.0
-5.672886848449707,3.379035949707031,-0.1152556911110878,7.0,14.0,30078.0,6.604,425995697.0
-8.207356452941895,4.888684272766113,2.559720277786255,13.0,15.0,30078.0,9.89,425995699.0
-0.4510701894760132,0.2695324122905731,-0.1407975554466248,1.0,0.0,30086.0,0.544,425995720.0
-5.907869338989258,3.531586647033691,0.120142363011837,7.0,1.0,30087.0,6.884,425995722.0
-0.597080647945404,0.3570623695850372,-0.1606150567531586,2.0,2.0,30088.0,0.714,425995724.0
-5.870302200317383,3.511912107467651,0.3585013151168823,7.0,3.0,30089.0,6.850000000000001,425995727.0
-0.862605094909668,0.5160540342330933,-0.1953884065151215,3.0,4.0,30089.0,1.024,425995729.0
-5.920342922210693,3.543251991271973,0.6036406755447388,3.0,5.0,30090.0,6.926,425995731.0
-1.589745163917542,0.9518197774887085,-0.2934710681438446,4.0,6.0,30091.0,1.876,425995734.0
-5.897427082061768,3.532333850860596,0.8440670967102051,17.0,7.0,30092.0,6.926,425995736.0
-5.637984275817871,3.37827467918396,-0.8070188164710999,12.0,8.0,30093.0,6.622,425995738.0
-6.184168815612793,3.707014799118042,1.141971588134766,6.0,9.0,30094.0,7.3,425995741.0
-5.774321556091309,3.461337566375732,-0.5889984965324402,6.0,10.0,30094.0,6.758,425995743.0
-34.41858673095703,20.63991546630859,7.801034927368164,4.0,11.0,30095.0,40.884,425995745.0
-5.790648460388184,3.473872661590576,-0.3538957238197327,5.0,12.0,30096.0,6.762,425995747.0
-34.63486480712891,20.78605079650879,9.325571060180664,4.0,13.0,30097.0,41.456,425995750.0
-25.06672286987305,15.04970073699951,-0.5103432536125183,11.0,14.0,30098.0,29.242,425995752.0
-8.178647994995117,4.910342693328857,2.556096792221069,12.0,15.0,30098.0,9.876,425995754.0
-32.59313201904297,19.64592170715332,0.6642735004425049,1.0,1.0,30108.0,38.062,425995777.0
-0.6091184616088867,0.3672987520694733,-0.1642142683267593,2.0,2.0,30109.0,0.73,425995780.0
-5.87169075012207,3.540632724761963,0.3593386709690094,15.0,3.0,30109.0,6.866000000000001,425995782.0
-0.8707942962646484,0.525296688079834,-0.1976781189441681,4.0,4.0,30110.0,1.036,425995784.0
-5.891963958740234,3.555662393569946,0.6020718812942505,4.0,5.0,30111.0,6.908,425995787.0
-1.63697874546051,0.988268256187439,-0.3028571307659149,4.0,6.0,30112.0,1.936,425995789.0
-5.879343032836914,3.550846338272095,0.8433358669281006,18.0,7.0,30113.0,6.92,425995791.0
-5.617069244384766,3.393783330917358,-0.8058000802993774,13.0,8.0,30114.0,6.612,425995793.0
-34.04975891113281,20.57256317138672,6.300867557525635,5.0,9.0,30114.0,40.278,425995796.0
-5.768416404724121,3.486600637435913,-0.5896957516670227,3.0,10.0,30115.0,6.766,425995798.0
-34.32758712768555,20.75678443908691,7.797600269317627,3.0,11.0,30116.0,40.866,425995800.0
-5.772750377655029,3.491971969604492,-0.3535817265510559,5.0,12.0,30117.0,6.756,425995803.0
-34.52510070800781,20.89267539978027,9.316573143005371,4.0,13.0,30118.0,41.416,425995805.0
-5.766596794128418,3.490999698638916,-0.1176641210913658,3.0,14.0,30119.0,6.742,425995807.0
-8.22504711151123,4.97930383682251,2.576284885406494,6.0,15.0,30119.0,9.954,425995810.0
-32.49701309204102,19.74295997619629,0.6637150049209595,1.0,1.0,30128.0,38.03,425995833.0
-0.5512126088142395,0.3350107669830322,-0.1489176005125046,2.0,2.0,30129.0,0.662,425995835.0
-5.880859851837158,3.575618743896484,0.3606994152069092,3.0,3.0,30130.0,6.892,425995837.0
-0.8756654262542725,0.5324129462242126,-0.1992045938968658,4.0,4.0,30130.0,1.044,425995840.0
-5.869302749633789,3.569995403289795,0.6010259985923767,4.0,5.0,30131.0,6.896,425995842.0
-1.704394936561584,1.037103414535522,-0.3159976303577423,4.0,6.0,30132.0,2.02,425995844.0
-5.871999263763428,3.574444055557251,0.8440670967102051,20.0,7.0,30133.0,6.926,425995846.0
-5.605188369750977,3.41336989402771,-0.8058000802993774,15.0,8.0,30134.0,6.612,425995849.0
-6.731176853179932,4.100669384002686,-0.6895762085914612,9.0,10.0,30135.0,7.912,425995853.0
-6.169339656829834,3.7598717212677,1.404354214668274,7.0,11.0,30136.0,7.36,425995856.0
-5.76734733581543,3.516260147094727,-0.3540004193782806,6.0,12.0,30137.0,6.764,425995858.0
-34.41702270507812,20.99175453186035,9.307125091552734,3.0,13.0,30138.0,41.374,425995860.0
-5.773153305053711,3.522564888000488,-0.1180480793118477,5.0,14.0,30139.0,6.764,425995863.0
-8.297433853149414,5.064774990081787,2.60475492477417,7.0,15.0,30140.0,10.064,425995865.0
-32.77759552001953,20.06253623962402,0.6708006858825684,1.0,1.0,30147.0,38.436,425995888.0
-0.6066042184829712,0.3714363574981689,-0.1642142683267593,2.0,2.0,30148.0,0.73,425995890.0
-5.941136360168457,3.63788104057312,0.3650956451892853,3.0,3.0,30148.0,6.976,425995893.0
-0.8906363844871521,0.5455688834190369,-0.203020766377449,4.0,4.0,30149.0,1.064,425995895.0
-5.862528324127197,3.592562198638916,0.6015489101409912,4.0,5.0,30150.0,6.902,425995897.0
-1.753153681755066,1.07475483417511,-0.3256965577602386,4.0,6.0,30151.0,2.082,425995899.0
-5.844883918762207,3.584556579589844,0.8418734073638916,18.0,7.0,30152.0,6.908,425995902.0
-5.593838214874268,3.431938648223877,-0.8058000802993774,15.0,8.0,30153.0,6.612,425995904.0
-5.924463748931885,3.636207580566406,1.100985765457153,3.0,9.0,30154.0,7.038,425995906.0
-6.072277069091797,3.726929903030396,-0.6233378648757935,13.0,10.0,30154.0,7.152,425995909.0
-34.09348678588867,20.93346405029297,7.776611328125,2.0,11.0,30155.0,40.756,425995911.0
-5.830536365509033,3.581361293792725,-0.3586059808731079,22.0,12.0,30156.0,6.852,425995913.0
-8.661935806274414,5.322608470916748,2.347139358520508,6.0,13.0,30157.0,10.434,425995916.0
-5.768254280090332,3.545878887176514,-0.1181876957416534,7.0,14.0,30158.0,6.772,425995918.0
-8.263378143310547,5.079688549041748,2.599060773849487,4.0,15.0,30158.0,10.042,425995920.0
-0.4308194816112518,0.2656642198562622,-0.1356211751699448,1.0,0.0,30166.0,0.524,425995941.0
-32.90478515625,20.29861640930176,0.6748496294021606,0.0,1.0,30167.0,38.668,425995943.0
-0.5688199400901794,0.3510361015796661,-0.1543164253234863,2.0,2.0,30168.0,0.686,425995945.0
-32.49913024902344,20.05620384216309,2.001431703567505,1.0,3.0,30168.0,38.242,425995948.0
-0.9104435443878174,0.5620819330215454,-0.2079818099737167,4.0,4.0,30169.0,1.09,425995950.0
-5.849952220916748,3.613004207611084,0.6015489101409912,5.0,5.0,30170.0,6.902,425995952.0
-1.799806118011475,1.112016916275024,-0.335082620382309,4.0,6.0,30171.0,2.142,425995955.0
-5.823893070220947,3.599718570709229,0.840654730796814,20.0,7.0,30172.0,6.898000000000001,425995957.0
-5.575070858001709,3.447268009185791,-0.8048251271247864,13.0,8.0,30173.0,6.604,425995959.0
-5.908374786376953,3.654787302017212,1.100360035896301,3.0,9.0,30174.0,7.034,425995962.0
-6.05584192276001,3.746006965637207,-0.6229892373085022,15.0,10.0,30174.0,7.148000000000001,425995964.0
-33.9968376159668,21.03788185119629,7.771268844604492,4.0,11.0,30175.0,40.728,425995966.0
-6.037066459655762,3.73730731010437,-0.3721086382865906,9.0,12.0,30176.0,7.11,425995969.0
-8.649930953979492,5.356915950775146,2.348938941955566,6.0,13.0,30177.0,10.442,425995971.0
-5.759241580963135,3.568098545074463,-0.1182575076818466,7.0,14.0,30178.0,6.776,425995973.0
-8.255449295043945,5.114606857299805,2.602166652679443,14.0,15.0,30178.0,10.054,425995975.0
-0.4299361407756805,0.2670913934707642,-0.1356211751699448,1.0,0.0,30185.0,0.524,425995996.0
-5.776333332061768,3.589858293533325,0.1187112703919411,3.0,1.0,30186.0,6.802,425995998.0
-0.5246236324310303,0.3261684477329254,-0.1426189690828323,2.0,2.0,30187.0,0.634,425996001.0
-32.41196441650391,20.15897750854492,2.00038480758667,1.0,3.0,30188.0,38.222,425996003.0
-0.9219114780426025,0.5733929872512817,-0.211034744977951,4.0,4.0,30188.0,1.106,425996005.0
-5.895455837249756,3.66817045211792,0.6074755191802979,4.0,5.0,30189.0,6.97,425996008.0
-1.846419811248779,1.149295091629028,-0.3444686830043793,4.0,6.0,30190.0,2.202,425996010.0
-5.81697940826416,3.622159481048584,0.8413859605789185,18.0,7.0,30191.0,6.904,425996012.0
-5.556869029998779,3.461538314819336,-0.8038501739501953,15.0,8.0,30192.0,6.596,425996015.0
-5.88680362701416,3.667064189910889,1.098482847213745,4.0,9.0,30192.0,7.022,425996017.0
-6.043386459350586,3.766068458557129,-0.6229892373085022,15.0,10.0,30193.0,7.148000000000001,425996019.0
-5.946034908294678,3.706842660903931,1.361994624137878,2.0,11.0,30194.0,7.138,425996022.0
-6.075480461120605,3.789013624191284,-0.3752488195896149,11.0,12.0,30195.0,7.17,425996024.0
-6.125646591186523,3.821784973144531,1.666887283325195,11.0,13.0,30196.0,7.41,425996026.0
-5.74907398223877,3.588236093521118,-0.1182924136519432,7.0,14.0,30197.0,6.778,425996028.0
-8.245738983154297,5.148508071899414,2.60475492477417,17.0,15.0,30198.0,10.064,425996031.0
-0.4290011823177338,0.2685905396938324,-0.1356211751699448,1.0,0.0,30205.0,0.524,425996051.0
-5.760377883911133,3.607876777648926,0.1186414584517479,3.0,1.0,30206.0,6.798,425996054.0
-0.5928391218185425,0.3714548647403717,-0.1615148633718491,2.0,2.0,30207.0,0.718,425996056.0
-5.678261756896973,3.557825088500977,0.3511742651462555,3.0,3.0,30207.0,6.71,425996058.0
-0.9132504463195801,0.5724368095397949,-0.2095082700252533,4.0,4.0,30208.0,1.098,425996061.0
-5.934942722320557,3.721539497375488,0.6128791570663452,4.0,5.0,30209.0,7.032,425996063.0
-1.916025757789612,1.201920628547668,-0.3582349121570587,4.0,6.0,30210.0,2.29,425996065.0
-5.795892715454102,3.637166500091553,0.840167224407196,18.0,7.0,30211.0,6.894,425996068.0
-5.54475212097168,3.480914115905762,-0.8038501739501953,15.0,8.0,30212.0,6.596,425996070.0
-5.871651172637939,3.687565326690674,1.098169922828674,4.0,9.0,30213.0,7.02,425996072.0
-6.021767139434814,3.781842708587646,-0.6221176981925964,13.0,10.0,30213.0,7.138,425996075.0
-5.92308521270752,3.721309185028076,1.359704852104187,3.0,11.0,30214.0,7.126,425996077.0
-6.055453300476074,3.805946588516235,-0.3748301267623901,12.0,12.0,30215.0,7.162,425996079.0
-8.79308795928955,5.528733730316162,2.39797830581665,4.0,13.0,30216.0,10.66,425996081.0
-8.045337677001953,5.060538768768311,-0.1659025698900223,4.0,14.0,30217.0,9.506,425996084.0
-8.206460952758789,5.16388463973999,2.598025560379028,15.0,15.0,30218.0,10.038,425996086.0
-5.740984916687012,3.623692750930786,0.1185018420219421,10.0,1.0,30226.0,6.79,425996109.0
-0.5948343873023987,0.3756029009819031,-0.1624146550893784,2.0,2.0,30227.0,0.722,425996111.0
-5.721537113189697,3.61281418800354,0.3546284437179565,3.0,3.0,30227.0,6.776,425996114.0
-0.9427834749221802,0.5955424904823303,-0.2167590260505676,4.0,4.0,30228.0,1.136,425996116.0
-32.46611404418945,20.51629447937012,3.360028266906738,2.0,5.0,30229.0,38.552,425996118.0
-1.951891541481018,1.233934640884399,-0.3657437860965729,5.0,6.0,30230.0,2.338,425996121.0
-5.786517143249512,3.659497976303101,0.840654730796814,18.0,7.0,30231.0,6.898000000000001,425996123.0
-5.525857448577881,3.496002435684204,-0.8028752207756042,15.0,8.0,30232.0,6.588,425996125.0
-5.852713108062744,3.702791690826416,1.09691846370697,4.0,9.0,30232.0,7.012,425996128.0
-6.24254035949707,3.950946569442749,-0.6463469862937927,4.0,10.0,30233.0,7.416,425996130.0
-5.903424263000488,3.7377610206604,1.358178377151489,3.0,11.0,30234.0,7.118,425996132.0
-6.045506000518799,3.829198360443115,-0.3750394582748413,15.0,12.0,30235.0,7.166,425996134.0
-33.92620849609375,21.49701881408691,9.272482872009277,1.0,13.0,30236.0,41.22,425996137.0
-24.57098197937012,15.57517910003662,-0.5077952146530151,46.0,14.0,30237.0,29.096,425996139.0
-8.167176246643066,5.179049491882324,2.591296195983887,4.0,15.0,30238.0,10.012,425996141.0
-5.740111827850342,3.651223182678223,0.1187461763620377,7.0,1.0,30246.0,6.804,425996164.0
-0.5639258623123169,0.358845442533493,-0.1543164253234863,2.0,2.0,30247.0,0.686,425996167.0
-5.759442329406738,3.664931297302246,0.3577685952186584,3.0,3.0,30247.0,6.836,425996169.0
-0.9638851284980774,0.6135896444320679,-0.2221016734838486,4.0,4.0,30248.0,1.164,425996171.0
-32.36405181884766,20.61023330688477,3.356890678405762,2.0,5.0,30249.0,38.516,425996174.0
-2.054197549819946,1.30866813659668,-0.38576740026474,7.0,6.0,30250.0,2.466,425996176.0
-5.758641719818115,3.670072317123413,0.8384611010551453,17.0,7.0,30251.0,6.88,425996178.0
-5.520316123962402,3.519538640975952,-0.8038501739501953,13.0,8.0,30252.0,6.596,425996181.0
-5.844748973846436,3.72638463973999,1.097857117652893,4.0,9.0,30252.0,7.018,425996183.0
-6.332859039306641,4.039139270782471,-0.6571543216705322,7.0,10.0,30253.0,7.54,425996185.0
-5.877100467681885,3.749896764755249,1.355125427246094,3.0,11.0,30254.0,7.102,425996187.0
-6.01863431930542,3.841681003570557,-0.3742020726203918,15.0,12.0,30255.0,7.15,425996190.0
-5.902977466583252,3.769307613372803,1.616948127746582,4.0,13.0,30256.0,7.188,425996192.0
-8.34179973602295,5.328651428222656,-0.1727788299322128,12.0,14.0,30257.0,9.9,425996194.0
-6.145157337188721,3.926970481872559,1.954083800315857,7.0,15.0,30258.0,7.55,425996197.0
-5.752584457397461,3.687424898147583,0.1192697435617447,3.0,1.0,30266.0,6.834000000000001,425996220.0
-0.6118829250335693,0.3923695981502533,-0.1678134799003601,2.0,2.0,30267.0,0.746,425996222.0
-5.749976634979248,3.687169313430786,0.3579779267311096,3.0,3.0,30267.0,6.84,425996224.0
-0.9518226385116577,0.6105901598930359,-0.2198119610548019,4.0,4.0,30268.0,1.152,425996227.0
-32.89220809936523,21.10831642150879,3.419294118881226,0.0,5.0,30269.0,39.232,425996229.0
-2.114446640014648,1.357450604438782,-0.3979692757129669,7.0,6.0,30270.0,2.544,425996231.0
-5.739114284515381,3.685860633850098,0.8374861478805542,17.0,7.0,30271.0,6.872,425996233.0
-5.494636058807373,3.530202627182007,-0.8019002676010132,16.0,8.0,30272.0,6.58,425996236.0
-5.830043792724609,3.745696067810059,1.097544193267822,6.0,9.0,30272.0,7.016,425996238.0
-6.322072982788086,4.063374996185303,-0.6575029492378235,7.0,10.0,30273.0,7.544,425996240.0
-5.867278099060059,3.772512435913086,1.355888724327087,3.0,11.0,30274.0,7.106,425996243.0
-5.99678897857666,3.857264280319214,-0.3736787140369415,13.0,12.0,30275.0,7.140000000000001,425996245.0
-5.876673698425293,3.781453847885132,1.613348960876465,4.0,13.0,30276.0,7.172,425996247.0
-8.457663536071777,5.444326877593994,-0.1755712032318115,10.0,14.0,30277.0,10.06,425996250.0
-8.141481399536133,5.240795135498047,2.594402074813843,19.0,15.0,30277.0,10.024,425996252.0
-0.4836349785327911,0.3122791349887848,-0.1542561501264572,1.0,0.0,30285.0,0.596,425996273.0
-8.302964210510254,5.36320972442627,0.1725344955921173,7.0,1.0,30286.0,9.886000000000001,425996275.0
-0.6170566082000732,0.3987336754798889,-0.1696130931377411,2.0,2.0,30287.0,0.754,425996277.0
-5.758878707885742,3.721309900283813,0.3593386709690094,3.0,3.0,30287.0,6.866000000000001,425996280.0
-0.9727681279182434,0.6288303732872009,-0.2251546084880829,4.0,4.0,30288.0,1.18,425996282.0
-5.63981294631958,3.647162437438965,0.5876040458679199,6.0,5.0,30289.0,6.742,425996284.0
-2.136232376098633,1.381990671157837,-0.4029751718044281,7.0,6.0,30290.0,2.576,425996286.0
-5.721213817596436,3.702635765075684,0.8367549180984497,17.0,7.0,30291.0,6.866000000000001,425996289.0
-5.475614547729492,3.545045614242554,-0.8009253144264221,17.0,8.0,30292.0,6.572,425996291.0
-5.835173606872559,3.777832984924316,1.100985765457153,3.0,9.0,30292.0,7.038,425996293.0
-9.782855033874512,6.336081027984619,-1.01972222328186,5.0,10.0,30293.0,11.7,425996296.0
-5.850778579711914,3.79083514213562,1.355125427246094,4.0,11.0,30294.0,7.102,425996298.0
-5.988316059112549,3.881432294845581,-0.3739927411079407,6.0,12.0,30295.0,7.146,425996300.0
-5.851992607116699,3.794522762298584,1.610199689865112,4.0,13.0,30296.0,7.158,425996303.0
-8.525846481323242,5.530404567718506,-0.1773862540721893,2.0,14.0,30297.0,10.164,425996305.0
-8.11573600769043,5.266393661499023,2.592331647872925,5.0,15.0,30298.0,10.016,425996307.0
-0.4242483079433441,0.2760367393493652,-0.1356211751699448,1.0,0.0,30305.0,0.524,425996328.0
-6.69539737701416,4.358016967773438,0.1394447237253189,11.0,1.0,30306.0,7.99,425996330.0
-0.5829999446868896,0.3796180486679077,-0.1606150567531586,2.0,2.0,30307.0,0.714,425996333.0
-5.75691556930542,3.750023126602173,0.3600713908672333,5.0,3.0,30308.0,6.88,425996335.0
-0.9705671668052673,0.6322221159934998,-0.2251546084880829,4.0,4.0,30308.0,1.18,425996337.0
-5.752241611480713,3.748408555984497,0.6006773710250854,6.0,5.0,30309.0,6.892,425996339.0
-2.176075220108032,1.418565511703491,-0.4114226400852203,6.0,6.0,30310.0,2.63,425996342.0
-5.713242530822754,3.725836992263794,0.8374861478805542,16.0,7.0,30311.0,6.872,425996344.0
-5.466531753540039,3.566306829452515,-0.80141282081604,16.0,8.0,30312.0,6.576000000000001,425996346.0
-5.899709224700928,3.848907470703125,1.115690588951111,3.0,9.0,30312.0,7.132000000000001,425996349.0
-9.740655899047852,6.357123851776123,-1.017630457878113,18.0,10.0,30313.0,11.676,425996351.0
-5.834222316741943,3.809088468551636,1.35436224937439,6.0,11.0,30314.0,7.098,425996353.0
-8.98132610321045,5.86602783203125,-0.5621928572654724,10.0,12.0,30315.0,10.742,425996356.0
-5.838711738586426,3.814926862716675,1.610199689865112,4.0,13.0,30316.0,7.158,425996358.0
-6.655214786529541,4.350075721740723,-0.1387815326452255,17.0,14.0,30317.0,7.952,425996360.0
-5.918432712554932,3.868489503860474,1.894555449485779,3.0,15.0,30317.0,7.32,425996363.0
-0.4814430773258209,0.3156479001045227,-0.1542561501264572,1.0,0.0,30325.0,0.596,425996383.0
-6.668439388275146,4.373684883117676,0.1392003893852234,19.0,1.0,30326.0,7.976,425996386.0
-0.5881885886192322,0.3859269917011261,-0.1624146550893784,2.0,2.0,30327.0,0.722,425996388.0
-6.034319400787354,3.960792303085327,0.3782843053340912,13.0,3.0,30328.0,7.228,425996390.0
-0.9913322925567627,0.6506883502006531,-0.230497270822525,4.0,4.0,30328.0,1.208,425996392.0
-5.732460498809814,3.764090538024902,0.5999801158905029,6.0,5.0,30329.0,6.884,425996395.0
-2.298239946365356,1.509661436080933,-0.4355135560035706,12.0,6.0,30330.0,2.784,425996397.0
-5.700201988220215,3.745757341384888,0.8374861478805542,17.0,7.0,30331.0,6.872,425996399.0
-5.455708503723145,3.586457252502441,-0.8016565442085266,17.0,8.0,30332.0,6.578,425996402.0
-32.42671203613281,21.32468032836914,6.146935939788818,0.0,9.0,30333.0,39.294,425996404.0
-9.435410499572754,6.204980850219727,-0.9879974722862244,3.0,10.0,30333.0,11.336,425996406.0
-5.838932514190674,3.841299533843994,1.358560085296631,7.0,11.0,30334.0,7.12,425996409.0
-6.610067367553711,4.350264549255371,-0.4147101044654846,11.0,12.0,30335.0,7.924,425996411.0
-5.818849086761475,3.830998182296753,1.608399987220764,6.0,13.0,30336.0,7.15,425996413.0
-6.628299713134766,4.365580558776855,-0.13853719830513,28.0,14.0,30337.0,7.938,425996416.0
-5.889695644378662,3.880589723587036,1.889896631240845,3.0,15.0,30338.0,7.302,425996418.0
-0.4803383350372314,0.317326545715332,-0.1542561501264572,1.0,0.0,30345.0,0.596,425996439.0
-0.6388567686080933,0.4223691821098328,-0.1768115311861038,2.0,2.0,30347.0,0.786,425996443.0
-6.042113304138184,3.996155023574829,0.3796450197696686,16.0,3.0,30348.0,7.254,425996445.0
-0.9923298954963684,0.6563107967376709,-0.2312605082988739,4.0,4.0,30348.0,1.212,425996448.0
-5.735902309417725,3.795071601867676,0.6017232537269592,4.0,5.0,30349.0,6.904,425996450.0
-2.360492944717407,1.562376141548157,-0.4483411908149719,11.0,6.0,30350.0,2.866,425996452.0
-5.675506114959717,3.757960319519043,0.8357799649238586,17.0,7.0,30351.0,6.858000000000001,425996455.0
-5.439846038818359,3.603286981582642,-0.8011690378189087,17.0,8.0,30352.0,6.574,425996457.0
-32.32781982421875,21.41354942321777,6.141617298126221,0.0,9.0,30352.0,39.26,425996459.0
-6.557033061981201,4.344944477081299,-0.6881817579269409,9.0,10.0,30353.0,7.896,425996462.0
-5.82712459564209,3.86274266242981,1.358941674232483,7.0,11.0,30354.0,7.122,425996464.0
-6.596506118774414,4.374415397644043,-0.4148148000240326,20.0,12.0,30355.0,7.926,425996466.0
-5.815184116363525,3.857749938964844,1.611099481582642,6.0,13.0,30356.0,7.162,425996469.0
-6.62135124206543,4.394219875335693,-0.1387117207050323,8.0,14.0,30357.0,7.948,425996471.0
-5.870356559753418,3.895826578140259,1.887826085090637,3.0,15.0,30357.0,7.294,425996473.0
-0.4792277216911316,0.3190012872219086,-0.1542561501264572,1.0,0.0,30365.0,0.596,425996494.0
-5.94201135635376,3.956838607788086,0.1246101856231689,16.0,1.0,30366.0,7.140000000000001,425996496.0
-0.6373785138130188,0.4245966374874115,-0.1768115311861038,2.0,2.0,30367.0,0.786,425996498.0
-6.001534938812256,3.999500274658203,0.377970278263092,7.0,3.0,30368.0,7.222,425996501.0
-1.024340987205505,0.6826340556144714,-0.2392744868993759,4.0,4.0,30368.0,1.254,425996503.0
-32.35800170898438,21.57194709777832,3.402385950088501,1.0,5.0,30369.0,39.038,425996505.0
-2.366528749465942,1.578278541564941,-0.4505312740802765,9.0,6.0,30370.0,2.88,425996508.0
-5.611163139343262,3.743595838546753,0.8282240629196167,21.0,7.0,30371.0,6.796,425996510.0
-5.414026260375977,3.613437652587891,-0.7992191314697266,17.0,8.0,30372.0,6.558,425996512.0
-32.82247543334961,21.91470718383789,6.250808238983154,0.0,9.0,30373.0,39.958,425996515.0
-6.53188419342041,4.361168384552002,-0.6871358752250671,16.0,10.0,30373.0,7.884,425996517.0
-9.849334716796875,6.578629016876221,2.302301406860352,4.0,11.0,30374.0,12.066,425996519.0
-6.562929153442383,4.385209083557129,-0.413663387298584,17.0,12.0,30375.0,7.904,425996521.0
-5.785481452941895,3.867195844650269,1.606600403785706,9.0,13.0,30376.0,7.142,425996524.0
-24.07173728942871,16.09637832641602,-0.5054565668106079,46.0,14.0,30377.0,28.962,425996526.0
-5.859249591827393,3.919464588165283,1.888861417770386,3.0,15.0,30378.0,7.298,425996528.0
-5.927196979522705,3.975407361984253,0.1245752796530724,20.0,1.0,30385.0,7.138,425996551.0
-0.6359670162200928,0.426707923412323,-0.1768115311861038,2.0,2.0,30386.0,0.786,425996554.0
-32.07049560546875,21.5261116027832,2.024250030517578,5.0,3.0,30387.0,38.678,425996556.0
-1.035112500190735,0.6947802901268005,-0.2423274219036102,4.0,4.0,30387.0,1.27,425996558.0
-32.26313400268555,21.66358184814453,3.399945497512817,4.0,5.0,30388.0,39.01,425996561.0
-2.390798091888428,1.605944037437439,-0.4561628997325897,6.0,6.0,30389.0,2.916,425996563.0
-5.636613845825195,3.787647485733032,0.8338300585746765,17.0,7.0,30390.0,6.842000000000001,425996565.0
-5.39871883392334,3.629156589508057,-0.7987316846847534,15.0,8.0,30391.0,6.554,425996568.0
-6.520692825317383,4.38502836227417,-0.6874845027923584,16.0,10.0,30392.0,7.888,425996572.0
-9.889365196228027,6.652896881103516,2.316802740097046,15.0,11.0,30393.0,12.142,425996574.0
-6.545037269592285,4.404718399047852,-0.4134540557861328,19.0,12.0,30394.0,7.9,425996577.0
-5.814655303955078,3.914655923843384,1.618297934532166,3.0,13.0,30395.0,7.194,425996579.0
-5.88472318649292,3.963321208953857,-0.1238422766327858,7.0,14.0,30396.0,7.096,425996581.0
-5.829281806945801,3.925981760025024,1.883167386054993,3.0,15.0,30396.0,7.276,425996584.0
-0.4770452678203583,0.3222558796405792,-0.1542561501264572,1.0,0.0,30404.0,0.596,425996604.0
-5.906656742095947,3.991594314575195,0.124435655772686,6.0,1.0,30405.0,7.13,425996607.0
-0.6699912548065186,0.4529363512992859,-0.1867093741893768,2.0,2.0,30406.0,0.8300000000000001,425996609.0
-31.98357772827148,21.63009643554688,2.023517370223999,5.0,3.0,30407.0,38.664,425996611.0
-1.048943638801575,0.709387481212616,-0.2461436092853546,4.0,4.0,30407.0,1.29,425996614.0
-5.886293411254883,3.982324361801147,0.6217690706253052,3.0,5.0,30408.0,7.134,425996616.0
-2.42934775352478,1.644173741340637,-0.464610368013382,6.0,6.0,30409.0,2.97,425996618.0
-5.628289699554443,3.810638666152954,0.834561288356781,16.0,7.0,30410.0,6.848,425996621.0
-5.364651203155518,3.63350772857666,-0.7955631017684937,10.0,8.0,30411.0,6.528,425996623.0
-5.751506328582764,3.896991014480591,1.100360035896301,21.0,9.0,30412.0,7.034,425996625.0
-6.490501403808594,4.397705078125,-0.6859157085418701,12.0,10.0,30412.0,7.87,425996627.0
-6.536234378814697,4.432021617889404,-0.4138727486133575,20.0,12.0,30414.0,7.908,425996632.0
-5.850949287414551,3.968841552734375,1.632244825363159,4.0,13.0,30415.0,7.256,425996634.0
-5.889054298400879,3.996189832687378,-0.1242262274026871,14.0,14.0,30416.0,7.118,425996637.0
-5.830836772918701,3.958171129226685,1.888343811035156,3.0,15.0,30417.0,7.296,425996639.0
-30.83040809631348,20.99167823791504,0.6510445475578308,3.0,1.0,30425.0,37.304,425996662.0
-0.6555212140083313,0.4464959502220154,-0.1831101626157761,2.0,2.0,30426.0,0.8140000000000001,425996664.0
-31.8913745880127,21.73036003112793,2.022470712661743,6.0,3.0,30427.0,38.644,425996667.0
-1.065930008888245,0.7263106107711792,-0.2507230341434479,4.0,4.0,30427.0,1.314,425996669.0
-5.855893611907959,3.991625308990479,0.6200259327888489,4.0,5.0,30428.0,7.114,425996671.0
-2.454602479934692,1.673788666725159,-0.4705548584461212,3.0,6.0,30429.0,3.008,425996674.0
-5.610033988952637,3.826905727386475,0.8338300585746765,11.0,7.0,30430.0,6.842000000000001,425996676.0
-5.332259178161621,3.638784408569336,-0.7926381826400757,10.0,8.0,30431.0,6.504,425996678.0
-5.751605033874512,3.924950122833252,1.102862954139709,35.0,9.0,30431.0,7.05,425996680.0
-20.01771926879883,13.66540431976318,-2.120499134063721,40.0,10.0,30432.0,24.33,425996683.0
-9.798905372619629,6.691880702972412,2.306499242782593,19.0,11.0,30433.0,12.088,425996685.0
-6.532268047332764,4.462696552276611,-0.414605438709259,11.0,12.0,30434.0,7.922000000000001,425996687.0
-8.716976165771484,5.95747184753418,2.437569618225098,9.0,13.0,30435.0,10.836,425996690.0
-5.860212326049805,4.006564617156982,-0.123912088572979,15.0,14.0,30436.0,7.100000000000001,425996692.0
-5.80332612991333,3.967672109603882,1.883684992790222,3.0,15.0,30436.0,7.278,425996694.0
-0.4747838973999023,0.3255784213542938,-0.1542561501264572,1.0,0.0,30444.0,0.596,425996715.0
-30.75859451293945,21.10029983520508,0.6510794758796692,1.0,1.0,30445.0,37.306,425996717.0
-0.6603857278823853,0.4531920552253723,-0.1849097609519958,2.0,2.0,30446.0,0.8220000000000001,425996720.0
-31.79227447509766,21.82572364807129,2.021005392074585,8.0,3.0,30447.0,38.616,425996722.0
-1.076336622238159,0.7389162182807922,-0.253775954246521,4.0,4.0,30447.0,1.33,425996724.0
-5.82714319229126,4.001890659332275,0.6184571385383606,5.0,5.0,30448.0,7.096,425996727.0
-2.544806241989136,1.748342871665955,-0.4890141487121582,2.0,6.0,30449.0,3.126,425996729.0
-5.577010154724121,3.832972764968872,0.8309051990509033,7.0,7.0,30450.0,6.818000000000001,425996731.0
-9.572527885437012,6.581476211547852,-1.426358819007874,3.0,8.0,30451.0,11.704,425996733.0
-5.716022491455078,3.931451797485352,1.098795652389526,13.0,9.0,30452.0,7.024,425996736.0
-19.96661376953125,13.73293781280518,-2.120150566101074,51.0,10.0,30452.0,24.326,425996738.0
-5.772453784942627,3.971749305725098,1.361994624137878,7.0,11.0,30453.0,7.138,425996740.0
-9.058489799499512,6.235043048858643,-0.5763235688209534,3.0,12.0,30454.0,11.012,425996743.0
-8.683287620544434,5.979022026062012,2.43397045135498,12.0,13.0,30455.0,10.82,425996745.0
-5.821488857269287,4.00998067855835,-0.1233885139226913,8.0,14.0,30456.0,7.07,425996747.0
-5.831695079803467,4.018511772155762,1.897661209106445,1.0,15.0,30457.0,7.332,425996750.0
-0.4323198199272156,0.2986831367015839,-0.1407975554466248,1.0,0.0,30464.0,0.544,425996770.0
-31.50891304016113,21.77714920043945,0.6685667634010315,9.0,1.0,30465.0,38.308,425996773.0
-0.662005603313446,0.4577110111713409,-0.1858095675706863,2.0,2.0,30466.0,0.8260000000000001,425996775.0
-31.6961841583252,21.92293357849121,2.019749164581299,7.0,3.0,30467.0,38.592,425996777.0
-1.09635603427887,0.7583039402961731,-0.2591186165809631,4.0,4.0,30467.0,1.358,425996780.0
-5.796754360198975,4.010869979858398,0.6167140603065491,9.0,5.0,30468.0,7.076000000000001,425996782.0
-2.730348110198975,1.889877796173096,-0.5259326696395874,1.0,6.0,30469.0,3.362,425996784.0
-5.542379856109619,3.837725877761841,0.8277365565299988,7.0,7.0,30470.0,6.792,425996786.0
-9.531545639038086,6.602416515350342,-1.423677682876587,3.0,8.0,30471.0,11.682,425996789.0
-10.61022186279297,7.349606037139893,2.044285535812378,5.0,9.0,30471.0,13.068,425996791.0
-10.25650787353516,7.107241153717041,-1.091712832450867,23.0,10.0,30472.0,12.526,425996793.0
-5.745646476745605,3.982926845550537,1.358941674232483,21.0,11.0,30473.0,7.122,425996796.0
-9.552019119262695,6.624002456665039,-0.6091905236244202,4.0,12.0,30474.0,11.64,425996798.0
-8.671971321105957,6.015960693359375,2.436669826507568,12.0,13.0,30475.0,10.832,425996800.0
-5.832098484039307,4.047378540039062,-0.123912088572979,14.0,14.0,30476.0,7.100000000000001,425996803.0
-5.899279594421387,4.094001293182373,1.924060821533203,1.0,15.0,30476.0,7.434,425996805.0
-0.4154189229011536,0.2891539931297302,-0.1356211751699448,1.0,0.0,30484.0,0.524,425996826.0
-31.42613983154297,21.88243293762207,0.6684271693229675,3.0,1.0,30485.0,38.3,425996828.0
-0.6763942837715149,0.4711575210094452,-0.1903085857629776,2.0,2.0,30486.0,0.846,425996830.0
-31.60635566711426,22.02430534362793,2.018911838531494,7.0,3.0,30487.0,38.576,425996833.0
-1.09692394733429,0.7643711566925049,-0.259881854057312,4.0,4.0,30487.0,1.362,425996835.0
-5.800697326660156,4.043612957000732,0.6186314821243286,12.0,5.0,30488.0,7.098,425996837.0
-3.04779577255249,2.125380992889404,-0.5885064601898193,1.0,6.0,30489.0,3.762,425996839.0
-5.506156921386719,3.841148376464844,0.8243242502212524,8.0,7.0,30490.0,6.764,425996842.0
-10.28493881225586,7.177541732788086,-1.539941072463989,12.0,8.0,30491.0,12.636,425996844.0
-10.55372428894043,7.365118503570557,2.038341045379639,11.0,9.0,30491.0,13.03,425996846.0
-9.560200691223145,6.674251079559326,-1.020070791244507,6.0,10.0,30492.0,11.704,425996849.0
-5.738146781921387,4.007454872131348,1.360468149185181,23.0,11.0,30493.0,7.13,425996851.0
-5.805715560913086,4.056151866912842,-0.3711665868759155,16.0,12.0,30494.0,7.092000000000001,425996853.0
-8.620570182800293,6.024983882904053,2.428121566772461,9.0,13.0,30495.0,10.794,425996856.0
-5.811379432678223,4.063128471374512,-0.1237724646925926,12.0,14.0,30496.0,7.092000000000001,425996858.0
-7.871935844421387,5.50380277633667,2.573696613311768,8.0,15.0,30496.0,9.944,425996860.0
-0.4713484644889832,0.3305324018001556,-0.1542561501264572,1.0,0.0,30504.0,0.596,425996881.0
-5.824634552001953,4.086032867431641,0.1241913214325905,20.0,1.0,30505.0,7.116000000000001,425996883.0
-0.658794105052948,0.4623214900493622,-0.1858095675706863,2.0,2.0,30506.0,0.8260000000000001,425996886.0
-31.53091812133789,22.13564491271973,2.01901650428772,8.0,3.0,30507.0,38.578,425996888.0
-1.103890061378479,0.7749637365341187,-0.2621715664863586,4.0,4.0,30507.0,1.374,425996890.0
-5.786547183990479,4.063836574554443,0.6186314821243286,16.0,5.0,30508.0,7.098,425996892.0
-4.12816333770752,2.900245428085327,-0.7990672588348389,3.0,6.0,30509.0,5.108000000000001,425996895.0
-5.49758768081665,3.863769292831421,0.8250554800033569,8.0,7.0,30510.0,6.77,425996897.0
-10.50403785705566,7.387840747833252,2.033960819244385,18.0,9.0,30512.0,13.002,425996902.0
-9.549882888793945,6.716751575469971,-1.021465301513672,16.0,10.0,30512.0,11.72,425996904.0
-5.796421051025391,4.079841613769531,-0.3714806139469147,15.0,12.0,30514.0,7.098,425996909.0
-5.725024223327637,4.031082630157471,1.616498231887817,14.0,13.0,30515.0,7.186,425996911.0
-23.56302452087402,16.59726142883301,-0.5030830502510071,22.0,14.0,30516.0,28.826,425996913.0
-7.844779491424561,5.52568531036377,2.571108341217041,14.0,15.0,30516.0,9.934000000000001,425996915.0
-0.4291683733463287,0.3031939268112183,-0.1407975554466248,1.0,0.0,30524.0,0.544,425996936.0
-5.794005870819092,4.094798564910889,0.1238422766327858,13.0,1.0,30525.0,7.096,425996939.0
-0.679453432559967,0.480368047952652,-0.1921081990003586,2.0,2.0,30526.0,0.854,425996941.0
-31.44204521179199,22.23750114440918,2.018283843994141,8.0,3.0,30527.0,38.564,425996943.0
-1.125221371650696,0.795816957950592,-0.2678958177566528,4.0,4.0,30527.0,1.404,425996945.0
-5.775579452514648,4.086312294006348,0.6189801096916199,14.0,5.0,30528.0,7.102,425996948.0
-4.290538787841797,3.036746740341187,-0.832544207572937,3.0,6.0,30529.0,5.322,425996950.0
-31.82703018188477,22.53479385375977,4.788246631622314,2.0,7.0,30530.0,39.29,425996952.0
-10.10660743713379,7.158525466918945,-1.52068567276001,22.0,8.0,30531.0,12.478,425996955.0
-10.4765739440918,7.423319339752197,2.033648014068604,18.0,9.0,30532.0,13.0,425996957.0
-19.73228454589844,13.98157978057861,-2.115792751312256,46.0,10.0,30532.0,24.276,425996959.0
-9.36348819732666,6.637082576751709,2.230938673019409,8.0,11.0,30533.0,11.692,425996962.0
-5.778886318206787,4.097739219665527,-0.3712712824344635,15.0,12.0,30534.0,7.094,425996964.0
-5.707739353179932,4.048787117004395,1.615598440170288,21.0,13.0,30535.0,7.182,425996966.0
-23.48374557495117,16.66436576843262,-0.502629280090332,100.0,14.0,30536.0,28.8,425996968.0
-7.818172931671143,5.549927234649658,2.569037914276123,8.0,15.0,30537.0,9.926,425996971.0
-0.4690294563770294,0.333814948797226,-0.1542561501264572,1.0,0.0,30544.0,0.596,425996992.0
-31.13825416564941,22.16972732543945,0.6672055125236511,10.0,1.0,30545.0,38.23,425996994.0
-0.7031691074371338,0.5008253455162048,-0.1993066370487213,2.0,2.0,30546.0,0.886,425996996.0
-1.141623616218567,0.8134106397628784,-0.2724752426147461,4.0,4.0,30547.0,1.428,425997001.0
-5.767770290374756,4.11107349395752,0.6196773052215576,15.0,5.0,30548.0,7.11,425997003.0
-4.331380844116211,3.088403463363647,-0.8425559997558594,1.0,6.0,30549.0,5.386,425997005.0
-31.72231864929199,22.62730979919434,4.784346580505371,4.0,7.0,30550.0,39.258,425997008.0
-10.07509422302246,7.189148426055908,-1.519710659980774,18.0,8.0,30551.0,12.47,425997010.0
-10.44095134735107,7.452958583831787,2.031770944595337,18.0,9.0,30552.0,12.988,425997012.0
-19.68173789978027,14.04921531677246,-2.115618467330933,57.0,10.0,30552.0,24.274,425997015.0
-9.284343719482422,6.629795074462891,2.217582225799561,9.0,11.0,30553.0,11.622,425997017.0
-5.76129674911499,4.115564823150635,-0.3710619211196899,9.0,12.0,30554.0,7.09,425997019.0
-5.706255435943604,4.077750682830811,1.619197726249695,24.0,13.0,30555.0,7.198,425997021.0
-6.406205177307129,4.579630851745605,-0.1374551504850388,8.0,14.0,30556.0,7.876,425997024.0
-5.736248016357422,4.100696086883545,1.889379024505615,14.0,15.0,30556.0,7.3,425997026.0
-0.4929814338684082,0.3534608781337738,-0.1625383645296097,1.0,0.0,30564.0,0.628,425997047.0
-31.04117965698242,22.2642993927002,0.6667866110801697,12.0,1.0,30565.0,38.206,425997049.0
-0.6697499752044678,0.480555534362793,-0.1903085857629776,2.0,2.0,30566.0,0.846,425997051.0
-5.820091247558594,4.17754077911377,0.375458151102066,18.0,3.0,30567.0,7.174,425997054.0
-1.16110622882843,0.8334179520606995,-0.2778179049491882,4.0,4.0,30567.0,1.456,425997056.0
-5.695122718811035,4.089346885681152,0.6134021282196045,7.0,5.0,30568.0,7.038,425997058.0
-5.265549182891846,3.782287359237671,-1.026835799217224,2.0,6.0,30569.0,6.564,425997061.0
-31.61895942687988,22.72052764892578,4.780690670013428,4.0,7.0,30570.0,39.228,425997063.0
-10.04026699066162,7.217321395874023,-1.518248319625854,13.0,8.0,30571.0,12.458,425997065.0
-10.41166400909424,7.487051963806152,2.031145095825195,15.0,9.0,30572.0,12.984,425997068.0
-19.6131649017334,14.10387325286865,-2.113526821136475,40.0,10.0,30572.0,24.25,425997070.0
-9.243613243103027,6.649551868438721,2.213384389877319,12.0,11.0,30573.0,11.6,425997072.0
-23.24858474731445,16.73042678833008,-1.501099944114685,73.0,12.0,30574.0,28.682,425997074.0
-8.189249038696289,5.895415782928467,2.329593181610107,6.0,13.0,30575.0,10.356,425997077.0
-6.409652233123779,4.615988254547119,-0.1378740072250366,19.0,14.0,30576.0,7.9,425997079.0
-5.710925579071045,4.112791538238525,1.88575553894043,16.0,15.0,30576.0,7.286,425997081.0
-0.4792765080928802,0.3460467457771301,-0.1583972573280334,1.0,0.0,30583.0,0.612,425997103.0
-30.94448280334473,22.35072135925293,0.666297972202301,12.0,1.0,30584.0,38.178,425997105.0
-0.6523571610450745,0.4713607728481293,-0.1858095675706863,2.0,2.0,30585.0,0.8260000000000001,425997108.0
-5.805319309234619,4.194634437561035,0.3753534853458405,7.0,3.0,30585.0,7.172,425997110.0
-1.164700627326965,0.8418641090393066,-0.279344379901886,4.0,4.0,30586.0,1.464,425997112.0
-5.612105846405029,4.058010578155518,0.6059067249298096,4.0,5.0,30587.0,6.952,425997115.0
-6.166886806488037,4.460801601409912,-1.20548403263092,2.0,6.0,30588.0,7.706,425997117.0
-9.3988037109375,6.803598880767822,-1.424652576446533,3.0,8.0,30590.0,11.69,425997121.0
-5.558876991271973,4.023955821990967,1.086906671524048,6.0,9.0,30590.0,6.948,425997124.0
-9.097498893737793,6.590331554412842,2.183618068695068,13.0,11.0,30592.0,11.444,425997128.0
-23.1929759979248,16.80742835998535,-1.501099944114685,28.0,12.0,30593.0,28.682,425997131.0
-8.130209922790527,5.893945217132568,2.318345546722412,9.0,13.0,30594.0,10.306,425997133.0
-23.28500175476074,16.88651657104492,-0.5020708441734314,50.0,14.0,30595.0,28.768,425997135.0
-5.68630838394165,4.123767852783203,1.882132053375244,17.0,15.0,30595.0,7.272,425997138.0
-0.5030625462532043,0.3658989369869232,-0.1666794717311859,1.0,0.0,30603.0,0.644,425997158.0
-6.406421661376953,4.661374568939209,0.1382928639650345,5.0,1.0,30604.0,7.924,425997161.0
-0.6979747414588928,0.5080395340919495,-0.1993066370487213,2.0,2.0,30605.0,0.886,425997163.0
-31.06948280334473,22.62304878234863,2.014201641082764,8.0,3.0,30606.0,38.486,425997165.0
-1.185561299324036,0.8632590174674988,-0.2850686311721802,4.0,4.0,30606.0,1.494,425997168.0
-5.417536735534668,3.946192264556885,0.5863838195800781,4.0,5.0,30607.0,6.728,425997170.0
-6.55678653717041,4.777786254882812,-1.284952640533447,1.0,6.0,30608.0,8.214,425997172.0
-5.478133201599121,3.993259191513062,0.8323675990104675,6.0,7.0,30609.0,6.83,425997174.0
-5.443550586700439,3.970961093902588,1.067195892333984,14.0,9.0,30611.0,6.822,425997179.0
-10.22917079925537,7.461974620819092,-1.107749462127686,16.0,10.0,30611.0,12.71,425997181.0
-8.898405075073242,6.493587493896484,2.141258478164673,11.0,11.0,30612.0,11.222,425997184.0
-9.4611177444458,6.906756401062012,-0.6139007806777954,16.0,12.0,30613.0,11.73,425997186.0
-8.096997261047363,5.913094997406006,2.314746379852295,10.0,13.0,30614.0,10.29,425997188.0
-23.21299743652344,16.9582576751709,-0.5017915964126587,100.0,14.0,30615.0,28.752,425997191.0
-5.664916515350342,4.140022277832031,1.880061507225037,14.0,15.0,30616.0,7.264,425997193.0
-0.4643823504447937,0.3402500450611115,-0.1542561501264572,1.0,0.0,30623.0,0.596,425997214.0
-6.396562576293945,4.688437461853027,0.1384324878454208,22.0,1.0,30624.0,7.932,425997216.0
-0.7024832963943481,0.515082061290741,-0.2011062353849411,2.0,2.0,30625.0,0.894,425997218.0
-30.95080375671387,22.69406890869141,2.011375427246094,1.0,3.0,30625.0,38.432,425997221.0
-1.203120470046997,0.8824873566627502,-0.2900296747684479,4.0,4.0,30626.0,1.52,425997223.0
-5.472801685333252,4.015762329101562,0.593879222869873,5.0,5.0,30627.0,6.814,425997225.0
-7.197738647460938,5.283397674560547,-1.414167523384094,2.0,6.0,30628.0,9.040000000000001,425997227.0
-5.780970096588135,4.244991779327393,0.8806278705596924,10.0,7.0,30629.0,7.226,425997230.0
-9.328679084777832,6.852595806121826,-1.421240329742432,19.0,8.0,30630.0,11.662,425997232.0
-10.31650638580322,7.580999851226807,2.027703523635864,18.0,9.0,30631.0,12.962,425997234.0
-8.837719917297363,6.496701717376709,2.132099628448486,15.0,11.0,30632.0,11.174,425997239.0
-23.05576515197754,16.95473670959473,-1.499843835830688,17.0,12.0,30633.0,28.658,425997241.0
-8.059040069580078,5.928619861602783,2.309797525405884,13.0,13.0,30634.0,10.268,425997244.0
-23.13916397094727,17.02851486206055,-0.5014774203300476,100.0,14.0,30635.0,28.734,425997246.0
-5.669827938079834,4.172525405883789,1.886273145675659,11.0,15.0,30635.0,7.288,425997248.0
-0.4880611598491669,0.3602243363857269,-0.1625383645296097,1.0,0.0,30643.0,0.628,425997269.0
-6.370505809783936,4.703610420227051,0.1382230520248413,11.0,1.0,30644.0,7.92,425997271.0
-0.6944109797477722,0.5128998756408691,-0.1993066370487213,2.0,2.0,30645.0,0.886,425997273.0
-6.431005954742432,4.750014781951904,0.4190016686916351,15.0,3.0,30645.0,8.006,425997276.0
-1.23161244392395,0.910015344619751,-0.2976620197296143,4.0,4.0,30646.0,1.56,425997278.0
-5.359413146972656,3.961416006088257,0.5830719470977783,9.0,5.0,30647.0,6.69,425997280.0
-8.089365005493164,5.981446743011475,-1.593441486358643,1.0,6.0,30648.0,10.186,425997283.0
-5.767713069915771,4.2663254737854,0.880871593952179,16.0,7.0,30649.0,7.228,425997285.0
-9.291935920715332,6.875670909881592,-1.41929042339325,18.0,8.0,30650.0,11.646,425997287.0
-10.28363037109375,7.612263679504395,2.02645206451416,14.0,9.0,30651.0,12.954,425997290.0
-10.17842864990234,7.534390449523926,-1.107923746109009,29.0,10.0,30651.0,12.712,425997292.0
-8.802366256713867,6.51816463470459,2.129046678543091,17.0,11.0,30652.0,11.158,425997294.0
-6.289556503295898,4.659125328063965,-0.4102092385292053,12.0,12.0,30653.0,7.838,425997297.0
-7.7001051902771,5.706101417541504,2.212618589401245,4.0,13.0,30654.0,9.836,425997299.0
-5.676955699920654,4.20839786529541,1.89352011680603,20.0,15.0,30655.0,7.316,425997303.0
-0.4805994927883148,0.3573152720928192,-0.160467803478241,1.0,0.0,30663.0,0.62,425997324.0
-6.35725736618042,4.728205680847168,0.1382928639650345,22.0,1.0,30664.0,7.924,425997326.0
-0.6988702416419983,0.5199736952781677,-0.2011062353849411,4.0,2.0,30665.0,0.894,425997329.0
-1.24102771282196,0.9236865043640137,-0.3007149696350098,4.0,4.0,30666.0,1.576,425997333.0
-5.329571723937988,3.968201160430908,0.581328809261322,9.0,5.0,30667.0,6.67,425997336.0
-11.39213275909424,8.485249519348145,-2.249840497970581,8.0,6.0,30668.0,14.382,425997338.0
-5.614298820495605,4.183245182037354,0.8596663475036621,20.0,7.0,30669.0,7.054,425997340.0
-9.25673770904541,6.899759769439697,-1.417584180831909,22.0,8.0,30670.0,11.632,425997343.0
-10.25833034515381,7.646323680877686,2.02645206451416,16.0,9.0,30670.0,12.954,425997345.0
-10.22713661193848,7.625850200653076,-1.116116404533386,7.0,10.0,30671.0,12.806,425997347.0
-8.78585433959961,6.55354642868042,2.130573272705078,17.0,11.0,30672.0,11.166,425997350.0
-6.250844955444336,4.664329528808594,-0.40874382853508,11.0,12.0,30673.0,7.81,425997352.0
-7.641099452972412,5.703802585601807,2.20137095451355,6.0,13.0,30674.0,9.786,425997354.0
-6.098215103149414,4.55375337600708,-0.1328477114439011,7.0,14.0,30675.0,7.612,425997356.0
-5.650659084320068,4.221083641052246,1.889896631240845,20.0,15.0,30676.0,7.302,425997359.0
-0.4793493151664734,0.3589906990528107,-0.160467803478241,1.0,0.0,30683.0,0.62,425997379.0
-6.335913181304932,4.746770858764648,0.1381881535053253,13.0,1.0,30684.0,7.918,425997382.0
-0.7095261216163635,0.5317596793174744,-0.2047054618597031,4.0,2.0,30685.0,0.91,425997384.0
-5.715246677398682,4.283334732055664,0.3743067681789398,15.0,3.0,30685.0,7.152,425997386.0
-1.259787201881409,0.9445003867149353,-0.3060576319694519,4.0,4.0,30686.0,1.604,425997389.0
-5.3125,3.984389781951904,0.5809801816940308,12.0,5.0,30687.0,6.666,425997391.0
-11.3798246383667,8.538003921508789,-2.253282070159912,9.0,6.0,30688.0,14.404,425997393.0
-5.73620080947876,4.305295944213867,0.8806278705596924,10.0,7.0,30689.0,7.226,425997396.0
-9.227834701538086,6.928453922271729,-1.416852951049805,18.0,8.0,30690.0,11.626,425997398.0
-10.22075939178467,7.676753044128418,2.024574756622314,20.0,9.0,30691.0,12.942,425997400.0
-19.27460670471191,14.47704601287842,-2.108994722366333,71.0,10.0,30691.0,24.198,425997403.0
-8.77391242980957,6.592430114746094,2.133244514465332,16.0,11.0,30692.0,11.18,425997405.0
-6.236121654510498,4.687320709228516,-0.4088484942913055,11.0,12.0,30693.0,7.812,425997407.0
-7.664754390716553,5.763232231140137,2.213968276977539,4.0,13.0,30694.0,9.842,425997409.0
-6.165382385253906,4.637518882751465,-0.1346627622842789,10.0,14.0,30695.0,7.716,425997412.0
-5.637434005737305,4.241943836212158,1.890414357185364,18.0,15.0,30696.0,7.304,425997414.0
-0.4750088155269623,0.3583348989486694,-0.1594325304031372,1.0,0.0,30703.0,0.616,425997435.0
-30.39778900146484,22.93966674804688,0.6647272706031799,3.0,1.0,30704.0,38.088,425997437.0
-0.730995237827301,0.5518452525138855,-0.21145398914814,3.0,2.0,30705.0,0.9400000000000001,425997439.0
-5.698666095733643,4.302054882049561,0.3742020726203918,15.0,3.0,30705.0,7.15,425997442.0
-1.270582795143127,0.9595405459403992,-0.3094922006130219,4.0,4.0,30706.0,1.622,425997444.0
-5.287431240081787,3.994502782821655,0.5797600150108337,19.0,5.0,30707.0,6.652,425997446.0
-5.597625255584717,4.231915473937988,0.8616162538528442,5.0,7.0,30709.0,7.07,425997451.0
-10.17634010314941,7.696305274963379,2.020820379257202,22.0,9.0,30710.0,12.918,425997456.0
-19.20806694030762,14.53221702575684,-2.107251644134521,48.0,10.0,30711.0,24.178,425997458.0
-8.680401802062988,6.569700717926025,2.116071701049805,10.0,11.0,30712.0,11.09,425997460.0
-6.216536998748779,4.706648826599121,-0.408639132976532,17.0,12.0,30713.0,7.808,425997462.0
-7.84032678604126,5.938201427459717,2.270655870437622,6.0,13.0,30714.0,10.094,425997465.0
-6.118873119354248,4.636066913604736,-0.1339995712041855,7.0,14.0,30715.0,7.678,425997467.0
-5.631830215454102,4.268598079681396,1.89352011680603,9.0,15.0,30716.0,7.316,425997469.0
-0.498365730047226,0.3786916434764862,-0.1677147448062897,1.0,0.0,30723.0,0.648,425997490.0
-5.633991718292236,4.28263521194458,0.1235281303524971,10.0,1.0,30724.0,7.078,425997492.0
-0.7182061076164246,0.5461366176605225,-0.2083046734333038,4.0,2.0,30725.0,0.926,425997495.0
-5.686794281005859,4.324338912963867,0.3744114339351654,7.0,3.0,30725.0,7.154,425997497.0
-1.307851791381836,0.9948739409446716,-0.3194142580032349,4.0,4.0,30726.0,1.674,425997499.0
-5.26711368560791,4.008108615875244,0.5790627598762512,12.0,5.0,30727.0,6.644,425997502.0
-16.10757637023926,12.26180171966553,-3.206280708312988,3.0,6.0,30728.0,20.496,425997504.0
-5.592295169830322,4.258645057678223,0.8630787134170532,11.0,7.0,30729.0,7.082,425997506.0
-16.60885047912598,12.65255355834961,-2.563643455505371,3.0,8.0,30730.0,21.036,425997509.0
-10.12112808227539,7.710233688354492,2.015188694000244,24.0,9.0,30730.0,12.882,425997511.0
-9.197495460510254,7.009150981903076,-1.011703848838806,3.0,10.0,30731.0,11.608,425997513.0
-8.324858665466309,6.346436500549316,2.034787178039551,8.0,11.0,30732.0,10.664,425997515.0
-6.22865629196167,4.750120639801025,-0.4105232357978821,15.0,12.0,30733.0,7.844,425997518.0
-7.887722015380859,6.01754093170166,2.290451526641846,12.0,13.0,30734.0,10.182,425997520.0
-6.061322212219238,4.625854969024658,-0.1330920457839966,7.0,14.0,30735.0,7.626,425997522.0
-7.247607231140137,5.533200740814209,2.443251848220825,8.0,15.0,30736.0,9.44,425997525.0
-0.4970408380031586,0.3804289400577545,-0.1677147448062897,1.0,0.0,30743.0,0.648,425997545.0
-5.623771190643311,4.305922508239746,0.1236328482627869,23.0,1.0,30744.0,7.084000000000001,425997548.0
-0.7395014762878418,0.5664147734642029,-0.2150532007217407,3.0,2.0,30745.0,0.9560000000000001,425997550.0
-30.42276573181152,23.30205535888672,2.008339881896973,8.0,3.0,30745.0,38.374,425997552.0
-1.33086371421814,1.019732236862183,-0.3259017765522003,4.0,4.0,30746.0,1.708,425997555.0
-5.260997295379639,4.032530307769775,0.579934298992157,11.0,5.0,30747.0,6.654,425997557.0
-9.052840232849121,6.941469192504883,-1.806818127632141,2.0,6.0,30748.0,11.55,425997559.0
-5.547468662261963,4.255184173583984,0.8584476709365845,10.0,7.0,30749.0,7.044,425997561.0
-9.735905647277832,7.470623016357422,-1.506792545318604,12.0,8.0,30750.0,12.364,425997564.0
-10.06907844543457,7.726275444030762,2.010182857513428,24.0,9.0,30750.0,12.85,425997566.0
-9.203001976013184,7.064263820648193,-1.015015721321106,16.0,10.0,30751.0,11.646,425997568.0
-8.350926399230957,6.412523746490479,2.046617269515991,5.0,11.0,30752.0,10.726,425997571.0
-6.208869457244873,4.769400596618652,-0.4103139042854309,13.0,12.0,30753.0,7.84,425997573.0
-7.872849464416504,6.049787044525146,2.292251348495483,16.0,13.0,30754.0,10.19,425997575.0
-6.026113510131836,4.632359981536865,-0.1326731890439987,7.0,14.0,30755.0,7.602,425997578.0
-7.161827564239502,5.505399703979492,2.420475721359253,8.0,15.0,30755.0,9.352,425997580.0
-0.4957098364830017,0.3821616172790527,-0.1677147448062897,1.0,0.0,30763.0,0.648,425997601.0
-5.610290050506592,4.326747894287109,0.1236677542328835,20.0,1.0,30764.0,7.086,425997603.0
-0.7128329277038574,0.5499469041824341,-0.2078547775745392,4.0,2.0,30765.0,0.924,425997605.0
-10.21864223480225,7.88362979888916,0.6763898730278015,10.0,3.0,30765.0,12.924,425997608.0
-1.355271816253662,1.045962572097778,-0.3327708840370178,4.0,4.0,30766.0,1.744,425997610.0
-5.243734836578369,4.048434734344482,0.5795856714248657,7.0,5.0,30767.0,6.65,425997612.0
-5.209202289581299,4.0232253074646,-1.042479276657104,3.0,6.0,30768.0,6.664,425997614.0
-5.538865089416504,4.279377460479736,0.8594226241111755,10.0,7.0,30769.0,7.052,425997617.0
-9.708198547363281,7.503348350524902,-1.506548881530762,17.0,8.0,30770.0,12.362,425997619.0
-10.01860237121582,7.743256092071533,2.005489826202393,22.0,9.0,30770.0,12.82,425997621.0
-9.184591293334961,7.101219654083252,-1.015712976455688,19.0,10.0,30771.0,11.654,425997624.0
-8.539693832397461,6.604988098144531,2.098517417907715,6.0,11.0,30772.0,10.998,425997626.0
-7.864012241363525,6.086773872375488,2.295850515365601,16.0,13.0,30774.0,10.206,425997631.0
-5.965634822845459,4.619088172912598,-0.1316958516836166,7.0,14.0,30775.0,7.546,425997633.0
-7.330985069274902,5.678301811218262,2.484662771224976,40.0,15.0,30776.0,9.6,425997635.0
-0.4730110466480255,0.3673018217086792,-0.160467803478241,1.0,0.0,30783.0,0.62,425997656.0
-5.60146951675415,4.351212024688721,0.1238073706626892,20.0,1.0,30784.0,7.094,425997658.0
-0.7555330395698547,0.5871082544326782,-0.2209019362926483,3.0,2.0,30785.0,0.982,425997661.0
-10.18021774291992,7.913675308227539,0.675761878490448,12.0,3.0,30786.0,12.912,425997663.0
-1.374862670898438,1.068760752677917,-0.3384951651096344,4.0,4.0,30786.0,1.774,425997665.0
-5.234289646148682,4.070383548736572,0.580108642578125,9.0,5.0,30787.0,6.656000000000001,425997667.0
-5.050125122070312,3.928584575653076,-1.013382434844971,9.0,6.0,30788.0,6.478,425997670.0
-11.21384811401367,8.72659969329834,1.744681477546692,6.0,7.0,30789.0,14.316,425997672.0
-16.03685188293457,12.48434829711914,-2.495396614074707,12.0,8.0,30790.0,20.476,425997674.0
-9.957220077514648,7.751484394073486,1.99860668182373,21.0,9.0,30790.0,12.776,425997677.0
-9.16446304321289,7.136909484863281,-1.016235947608948,20.0,10.0,30791.0,11.66,425997679.0
-8.584731101989746,6.687844753265381,2.115308523178101,7.0,11.0,30792.0,11.086,425997681.0
-10.07759571075439,7.853672027587891,-0.6695862412452698,4.0,12.0,30793.0,12.794,425997684.0
-7.556857109069824,5.891330242156982,2.21216869354248,9.0,13.0,30794.0,9.834,425997686.0
-5.782328128814697,4.509529113769531,-0.127995952963829,7.0,14.0,30795.0,7.334000000000001,425997688.0
-7.359338760375977,5.739410400390625,2.500709533691406,27.0,15.0,30795.0,9.662,425997691.0
-0.4884647130966187,0.3820424973964691,-0.1661618202924728,3.0,0.0,30803.0,0.642,425997711.0
-5.581521987915039,4.36704158782959,0.12370266020298,16.0,1.0,30804.0,7.088,425997714.0
-0.762686550617218,0.5969486236572266,-0.2236013412475586,3.0,2.0,30805.0,0.994,425997716.0
-10.15724945068359,7.952856540679932,0.6760758757591248,11.0,3.0,30806.0,12.918,425997718.0
-1.405131220817566,1.100180387496948,-0.3468907475471497,5.0,4.0,30806.0,1.818,425997720.0
-5.260830879211426,4.120572090148926,0.5846407413482666,5.0,5.0,30807.0,6.708,425997723.0
-5.014612197875977,3.929132223129272,-1.009002327919006,10.0,6.0,30808.0,6.45,425997725.0
-11.08176612854004,8.686091423034668,1.728838562965393,7.0,7.0,30809.0,14.186,425997727.0
-15.96505737304688,12.51820373535156,-2.491009473800659,19.0,8.0,30810.0,20.44,425997730.0
-9.900765419006348,7.765982627868652,1.992975115776062,25.0,9.0,30811.0,12.74,425997732.0
-9.11127758026123,7.146722316741943,-1.013098359107971,3.0,10.0,30811.0,11.624,425997734.0
-8.547432899475098,6.706862449645996,2.111873865127563,11.0,11.0,30812.0,11.068,425997737.0
-10.06111717224121,7.897433757781982,-0.6703189015388489,4.0,12.0,30813.0,12.808,425997739.0
-7.815196514129639,6.136712074279785,2.294050931930542,10.0,13.0,30814.0,10.198,425997741.0
-5.563692569732666,4.370337963104248,-0.1234932243824005,17.0,14.0,30815.0,7.076000000000001,425997744.0
-7.353443145751953,5.778281211853027,2.505886077880859,34.0,15.0,30816.0,9.682,425997746.0
-0.4736005365848541,0.3728207349777222,-0.1615030914545059,1.0,0.0,30821.0,0.624,425997767.0
-5.550493717193604,4.370945930480957,0.1233187019824982,14.0,1.0,30822.0,7.066,425997769.0
-0.7730538249015808,0.6089890599250793,-0.2272005677223206,3.0,2.0,30823.0,1.01,425997771.0
-10.16045188903809,8.006978988647461,0.6779599785804749,15.0,3.0,30824.0,12.954,425997773.0
-1.435591816902161,1.131323099136353,-0.3552863597869873,4.0,4.0,30824.0,1.862,425997776.0
-5.33078670501709,4.20245361328125,0.593879222869873,4.0,5.0,30825.0,6.814,425997778.0
-5.00379467010498,3.94608998298645,-1.009315133094788,13.0,6.0,30826.0,6.452,425997780.0
-11.1042947769165,8.760207176208496,1.736638188362122,7.0,7.0,30827.0,14.25,425997783.0
-15.92876815795898,12.57075691223145,-2.491496801376343,18.0,8.0,30828.0,20.444,425997785.0
-9.762931823730469,7.704766750335693,1.969822764396667,10.0,9.0,30828.0,12.592,425997787.0
-16.06800079345703,12.68518924713135,-1.791050553321838,16.0,10.0,30829.0,20.55,425997790.0
-8.515535354614258,6.725164413452148,2.10920262336731,19.0,11.0,30830.0,11.054,425997792.0
-22.37314224243164,17.67558479309082,-1.494296193122864,31.0,12.0,30831.0,28.552,425997794.0
-7.65827751159668,6.05248498916626,2.253559589385986,12.0,13.0,30832.0,10.018,425997797.0
-5.538954734802246,4.379113674163818,-0.1232488974928856,19.0,14.0,30833.0,7.062,425997799.0
-7.305957317352295,5.776111602783203,2.495533227920532,29.0,15.0,30833.0,9.642,425997801.0
-0.5146818161010742,0.4080780446529388,-0.1759969443082809,3.0,0.0,30841.0,0.68,425997822.0
-5.552436351776123,4.403963565826416,0.12370266020298,13.0,1.0,30842.0,7.088,425997824.0
-0.7495512366294861,0.5947262644767761,-0.2209019362926483,3.0,2.0,30843.0,0.982,425997826.0
-10.14339065551758,8.051088333129883,0.6786926984786987,10.0,3.0,30844.0,12.968,425997829.0
-1.483916997909546,1.177825808525085,-0.3682613670825958,4.0,4.0,30844.0,1.93,425997831.0
-5.401903629302979,4.289176940917969,0.6034663915634155,4.0,5.0,30845.0,6.924,425997833.0
-5.003911018371582,3.974590063095093,-1.012130975723267,13.0,6.0,30846.0,6.47,425997836.0
-11.03790187835693,8.770511627197266,1.731032133102417,13.0,7.0,30847.0,14.204,425997838.0
-15.92364025115967,12.6571626663208,-2.497590303421021,21.0,8.0,30848.0,20.494,425997840.0
-9.49960994720459,7.553624629974365,1.922266721725464,7.0,9.0,30849.0,12.288,425997843.0
-9.68435001373291,7.700520515441895,-1.08247435092926,21.0,10.0,30849.0,12.42,425997845.0
-8.458206176757812,6.72796106338501,2.100806951522827,15.0,11.0,30850.0,11.01,425997847.0
-9.106751441955566,7.246432781219482,-0.609923243522644,18.0,12.0,30851.0,11.654,425997849.0
-7.719436645507812,6.144717693328857,2.277854442596436,13.0,13.0,30852.0,10.126,425997852.0
-5.525198936462402,4.399667263031006,-0.1232837960124016,15.0,14.0,30853.0,7.064,425997854.0
-7.277182579040527,5.796832084655762,2.492944955825806,30.0,15.0,30854.0,9.632,425997856.0
-0.50419682264328,0.4026391208171844,-0.1728911250829697,1.0,0.0,30861.0,0.668,425997877.0
-5.541717052459717,4.427062511444092,0.1238073706626892,20.0,1.0,30862.0,7.094,425997879.0
-0.7657387852668762,0.611937940120697,-0.2263007611036301,3.0,2.0,30863.0,1.006,425997882.0
-10.11366558074951,8.085199356079102,0.6785880327224731,5.0,3.0,30864.0,12.966,425997884.0
-1.504332065582275,1.202612996101379,-0.3743672370910645,4.0,4.0,30864.0,1.962,425997886.0
-5.432023048400879,4.344093799591064,0.6085214018821716,3.0,5.0,30865.0,6.982,425997889.0
-4.985379219055176,3.988330602645874,-1.011192440986633,16.0,6.0,30866.0,6.464,425997891.0
-9.942455291748047,7.956864833831787,1.563583731651306,18.0,7.0,30867.0,12.83,425997893.0
-15.85456657409668,12.69281959533691,-2.493690490722656,21.0,8.0,30868.0,20.462,425997896.0
-9.624090194702148,7.704836368560791,1.952615022659302,5.0,9.0,30868.0,12.482,425997898.0
-9.658966064453125,7.735523700714111,-1.082648634910583,21.0,10.0,30869.0,12.422,425997900.0
-8.381043434143066,6.714481830596924,2.087450504302979,14.0,11.0,30870.0,10.94,425997902.0
-22.23517227172852,17.82010459899902,-1.493354201316833,38.0,12.0,30871.0,28.534,425997905.0
-7.743553161621094,6.208195209503174,2.291351556777954,16.0,13.0,30872.0,10.186,425997907.0
-5.519167423248291,4.426433563232422,-0.1234932243824005,12.0,14.0,30873.0,7.076000000000001,425997909.0
-7.253398418426514,5.817306041717529,2.491392135620117,29.0,15.0,30873.0,9.626,425997912.0
-0.5103150010108948,0.4104504883289337,-0.1754793077707291,3.0,0.0,30881.0,0.678,425997932.0
-5.527787685394287,4.447633266448975,0.1238422766327858,20.0,1.0,30882.0,7.096,425997935.0
-0.775742769241333,0.6243822574615479,-0.2298999726772308,3.0,2.0,30883.0,1.022,425997937.0
-29.79255485534668,23.98809242248535,2.004571914672852,3.0,3.0,30884.0,38.302,425997939.0
-1.529179453849792,1.231250524520874,-0.3816179931163788,4.0,4.0,30884.0,2.0,425997942.0
-5.396654605865479,4.346781253814697,0.6062553524971008,4.0,5.0,30885.0,6.956,425997944.0
-4.982193946838379,4.014384269714355,-1.013382434844971,18.0,6.0,30886.0,6.478,425997946.0
-10.15108680725098,8.182122230529785,1.600875735282898,4.0,7.0,30887.0,13.136,425997949.0
-15.81789016723633,12.75431442260742,-2.494909286499023,22.0,8.0,30888.0,20.472,425997951.0
-9.681888580322266,7.80950927734375,1.970135688781738,14.0,9.0,30889.0,12.594,425997953.0
-9.628804206848145,7.766690731048584,-1.082300066947937,19.0,10.0,30889.0,12.418,425997955.0
-8.336163520812988,6.726436138153076,2.082107782363892,11.0,11.0,30890.0,10.912,425997958.0
-22.16972541809082,17.89510345458984,-1.493144869804382,52.0,12.0,30891.0,28.53,425997960.0
-7.744577884674072,6.253551483154297,2.298099994659424,13.0,13.0,30892.0,10.216,425997962.0
-5.653019428253174,4.566300868988037,-0.1268440932035446,7.0,14.0,30893.0,7.268,425997965.0
-7.218504905700684,5.832924365997314,2.486733436584473,28.0,15.0,30894.0,9.608,425997967.0
-0.4908657371997833,0.3976371288299561,-0.1692676544189453,3.0,0.0,30901.0,0.654,425997988.0
-5.512228965759277,4.466901779174805,0.1238422766327858,20.0,1.0,30902.0,7.096,425997990.0
-0.7917242646217346,0.6418123841285706,-0.2352987974882126,3.0,2.0,30903.0,1.046,425997992.0
-10.0957555770874,8.187058448791504,0.6812047958374023,18.0,3.0,30904.0,13.016,425997995.0
-1.54774534702301,1.25512957572937,-0.3873422741889954,4.0,4.0,30904.0,2.03,425997997.0
-5.304084777832031,4.30283260345459,0.5975397825241089,4.0,5.0,30905.0,6.856,425997999.0
-4.968151092529297,4.031751155853271,-1.013382434844971,18.0,6.0,30906.0,6.478,425998002.0
-10.1609935760498,8.248785018920898,1.606969118118286,6.0,7.0,30907.0,13.186,425998004.0
-15.9566478729248,12.95837020874023,-2.523914098739624,7.0,8.0,30908.0,20.71,425998006.0
-15.89859962463379,12.91583442687988,-1.792096376419067,17.0,10.0,30909.0,20.562,425998011.0
-8.420806884765625,6.843404293060303,2.10920262336731,24.0,11.0,30910.0,11.054,425998013.0
-8.133066177368164,6.611920833587646,-0.5493181943893433,4.0,12.0,30911.0,10.496,425998015.0
-7.716654300689697,6.275628566741943,2.296300411224365,13.0,13.0,30912.0,10.208,425998018.0
-9.06518840789795,7.374963760375977,-0.2039837241172791,8.0,14.0,30913.0,11.688,425998020.0
-7.197624206542969,5.855610847473145,2.486215829849243,13.0,15.0,30913.0,9.606,425998022.0
-0.5014496445655823,0.409118115901947,-0.1734087616205215,3.0,0.0,30921.0,0.67,425998043.0
-5.485758304595947,4.477264881134033,0.1235979422926903,16.0,1.0,30922.0,7.082,425998045.0
-0.7924981713294983,0.6470369696617126,-0.2361986041069031,3.0,2.0,30923.0,1.05,425998048.0
-10.05010032653809,8.208352088928223,0.6800534129142761,11.0,3.0,30924.0,12.994,425998050.0
-1.590491652488708,1.299023389816284,-0.3991724252700806,4.0,4.0,30924.0,2.092,425998052.0
-5.179487228393555,4.231818675994873,0.5851636528968811,3.0,5.0,30925.0,6.714,425998055.0
-4.94334077835083,4.040317535400391,-1.011192440986633,19.0,6.0,30926.0,6.464,425998057.0
-10.12906455993652,8.28169059753418,1.606481671333313,10.0,7.0,30927.0,13.182,425998059.0
-16.09877967834473,13.16731739044189,-2.553650140762329,6.0,8.0,30928.0,20.954,425998061.0
-9.565978050231934,7.82687520980835,1.957620859146118,4.0,9.0,30929.0,12.514,425998064.0
-21.88884925842285,17.90943717956543,-2.474351644515991,60.0,10.0,30929.0,28.39,425998066.0
-8.421175956726074,6.89265251159668,2.115308523178101,18.0,11.0,30930.0,11.086,425998068.0
-22.02880096435547,18.03678703308105,-1.492098093032837,63.0,12.0,30931.0,28.51,425998071.0
-7.687163352966309,6.296352386474609,2.294050931930542,13.0,13.0,30932.0,10.198,425998073.0
-9.037842750549316,7.405294895172119,-0.2039488255977631,14.0,14.0,30933.0,11.686,425998075.0
-5.29356050491333,4.338903903961182,1.833991765975952,13.0,15.0,30934.0,7.086,425998078.0
-0.5059888958930969,0.415771871805191,-0.1754793077707291,3.0,0.0,30941.0,0.678,425998098.0
-5.468551635742188,4.495116710662842,0.1235630363225937,13.0,1.0,30942.0,7.08,425998101.0
-0.7992660403251648,0.6572256684303284,-0.2388980239629745,3.0,2.0,30943.0,1.062,425998103.0
-9.999792098999023,8.22562026977539,0.6785880327224731,20.0,3.0,30944.0,12.966,425998105.0
-1.632949829101562,1.343230366706848,-0.4110025763511658,5.0,4.0,30944.0,2.154,425998108.0
-5.120068073272705,4.213159561157227,0.580108642578125,4.0,5.0,30945.0,6.656000000000001,425998110.0
-4.932257652282715,4.060059547424316,-1.011818170547485,19.0,6.0,30946.0,6.468,425998112.0
-10.1016263961792,8.318259239196777,1.606725454330444,12.0,7.0,30947.0,13.184,425998114.0
-16.06804084777832,13.23605442047119,-2.556087493896484,6.0,8.0,30948.0,20.974,425998117.0
-5.609325885772705,4.620684146881104,1.151044845581055,9.0,9.0,30948.0,7.358000000000001,425998119.0
-21.83081436157227,17.98953628540039,-2.474874496459961,93.0,10.0,30949.0,28.396,425998121.0
-8.391005516052246,6.91701078414917,2.113782167434692,21.0,11.0,30950.0,11.078,425998124.0
-21.96724700927734,18.11484146118164,-1.492202758789062,35.0,12.0,30951.0,28.512,425998126.0
-7.638079166412354,6.300826072692871,2.285952568054199,12.0,13.0,30952.0,10.162,425998128.0
-8.060310363769531,6.651498317718506,-0.1824125498533249,5.0,14.0,30953.0,10.452,425998131.0
-5.234442234039307,4.319546699523926,1.818462610244751,6.0,15.0,30953.0,7.026,425998133.0
-0.4956046640872955,0.4101455509662628,-0.1723734885454178,3.0,0.0,30961.0,0.666,425998154.0
-5.457448482513428,4.518003940582275,0.1236677542328835,10.0,1.0,30962.0,7.086,425998156.0
-0.7969669699668884,0.6600116491317749,-0.2388980239629745,3.0,2.0,30963.0,1.062,425998158.0
-1.661511540412903,1.376476883888245,-0.419398158788681,4.0,4.0,30964.0,2.198,425998163.0
-5.076183319091797,4.206851005554199,0.5767967104911804,5.0,5.0,30965.0,6.618,425998165.0
-4.915013790130615,4.074729919433594,-1.011192440986633,19.0,6.0,30966.0,6.464,425998167.0
-16.01104736328125,13.28318881988525,-2.554381370544434,8.0,8.0,30968.0,20.96,425998172.0
-5.596203327178955,4.642758369445801,1.151670575141907,22.0,9.0,30968.0,7.362,425998174.0
-21.74488830566406,18.04654312133789,-2.472259759902954,37.0,10.0,30969.0,28.366,425998177.0
-8.363788604736328,6.943750858306885,2.113018751144409,15.0,11.0,30970.0,11.074,425998179.0
-9.566046714782715,7.944705963134766,-0.6516873240470886,19.0,12.0,30971.0,12.452,425998181.0
-7.406189441680908,6.15310525894165,2.222966432571411,9.0,13.0,30972.0,9.882,425998184.0
-26.38106346130371,21.92532539367676,-0.5987571477890015,10.0,14.0,30973.0,34.308,425998186.0
-5.145046710968018,4.276052474975586,1.792580723762512,4.0,15.0,30973.0,6.926,425998188.0
-0.5119779109954834,0.4267153143882751,-0.1785851418972015,3.0,0.0,30981.0,0.6900000000000001,425998209.0
-7.376861095428467,6.150532722473145,0.1676478087902069,7.0,1.0,30982.0,9.606,425998211.0
-0.806630551815033,0.6727750897407532,-0.2424972355365753,3.0,2.0,30983.0,1.078,425998214.0
-6.092866897583008,5.083595752716064,0.4158615171909332,18.0,3.0,30984.0,7.946,425998216.0
-1.686845779418945,1.407423257827759,-0.4270305335521698,4.0,4.0,30984.0,2.238,425998218.0
-4.943687915802002,4.126239776611328,0.5633746981620789,20.0,5.0,30985.0,6.464,425998220.0
-4.908341884613037,4.09819221496582,-1.012756705284119,19.0,6.0,30986.0,6.474,425998223.0
-5.522905349731445,4.612954616546631,0.8835527300834656,11.0,7.0,30987.0,7.25,425998225.0
-8.063028335571289,6.73695707321167,-1.290108919143677,5.0,8.0,30988.0,10.586,425998227.0
-5.568539619445801,4.654370784759521,1.14948046207428,16.0,9.0,30989.0,7.348,425998230.0
-8.88489055633545,7.426286697387695,-1.013098359107971,7.0,10.0,30989.0,11.624,425998232.0
-7.218930721282959,6.03596305847168,1.829095005989075,7.0,11.0,30990.0,9.586,425998234.0
-21.82492828369141,18.25494575500488,-1.491156101226807,59.0,12.0,30991.0,28.492,425998237.0
-7.525155544281006,6.296471118927002,2.265257120132446,18.0,13.0,30992.0,10.07,425998239.0
-28.89739036560059,24.18768882751465,-0.657781183719635,8.0,14.0,30993.0,37.69,425998241.0
-5.128607749938965,4.292746067047119,1.792063117027283,4.0,15.0,30993.0,6.924,425998243.0
-0.519363284111023,0.4359520375728607,-0.181690976023674,2.0,0.0,31001.0,0.7020000000000001,425998264.0
-6.032211303710938,5.065215587615967,0.1374900639057159,19.0,1.0,31002.0,7.878,425998267.0
-0.8162145018577576,0.6856138706207275,-0.2460964471101761,3.0,2.0,31003.0,1.094,425998269.0
-6.073555469512939,5.103548049926758,0.4157568216323853,22.0,3.0,31004.0,7.944,425998271.0
-1.725511431694031,1.44992995262146,-0.4380974471569061,5.0,4.0,31004.0,2.296,425998273.0
-4.930779457092285,4.144753456115723,0.5635490417480469,23.0,5.0,31005.0,6.466,425998276.0
-4.894006729125977,4.115300178527832,-1.012756705284119,18.0,6.0,31006.0,6.474,425998278.0
-5.511326789855957,4.636038303375244,0.8842839598655701,20.0,7.0,31007.0,7.256,425998280.0
-15.90729141235352,13.3856954574585,-2.552675247192383,8.0,8.0,31008.0,20.946,425998283.0
-5.543191432952881,4.666147232055664,1.147603273391724,9.0,9.0,31009.0,7.336,425998285.0
-8.843670845031738,7.444424629211426,-1.01135528087616,21.0,10.0,31009.0,11.604,425998287.0
-7.199318885803223,6.062389373779297,1.829476594924927,4.0,11.0,31010.0,9.588000000000001,425998290.0
-21.74579811096191,18.31814956665039,-1.490109324455261,59.0,12.0,31011.0,28.472,425998292.0
-7.55528736114502,6.36665153503418,2.281003713607788,30.0,13.0,31012.0,10.14,425998294.0
-5.964375972747803,5.027810573577881,-0.1361636817455292,7.0,14.0,31013.0,7.802,425998296.0
-5.084779262542725,4.28785228729248,1.782227993011475,5.0,15.0,31014.0,6.886,425998299.0
-0.5133366584777832,0.4341103434562683,-0.1801380515098572,3.0,0.0,31022.0,0.6960000000000001,425998320.0
-6.001392364501953,5.076958656311035,0.1372108161449432,16.0,1.0,31023.0,7.862,425998322.0
-0.8196463584899902,0.6936363577842712,-0.2478960603475571,3.0,2.0,31024.0,1.102,425998324.0
-6.067004203796387,5.136098384857178,0.4165942072868347,5.0,3.0,31025.0,7.96,425998326.0
-1.763639688491821,1.49303126335144,-0.4491643607616425,5.0,4.0,31025.0,2.354,425998329.0
-4.891228199005127,4.142196178436279,0.5607600212097168,15.0,5.0,31026.0,6.434,425998331.0
-4.872861862182617,4.128102779388428,-1.011505246162415,18.0,6.0,31027.0,6.466,425998333.0
-5.49581241607666,4.657490730285645,0.8845276832580566,6.0,7.0,31028.0,7.258,425998336.0
-15.85963726043701,13.44519233703613,-2.552918910980225,9.0,8.0,31029.0,20.948,425998338.0
-7.951609134674072,6.743454933166504,1.651322245597839,3.0,9.0,31030.0,10.556,425998340.0
-8.08695125579834,6.858232975006104,-0.9276857376098633,3.0,10.0,31030.0,10.644,425998343.0
-7.159085750579834,6.073494911193848,1.824897289276123,6.0,11.0,31031.0,9.564,425998345.0
-21.68612670898438,18.40419006347656,-1.490632653236389,24.0,12.0,31032.0,28.482,425998347.0
-7.505161285400391,6.371598720550537,2.272905349731445,22.0,13.0,31033.0,10.104,425998349.0
-5.961150169372559,5.062582015991211,-0.1365127265453339,28.0,14.0,31034.0,7.822,425998352.0
-5.075670719146729,4.310577392578125,1.784298539161682,4.0,15.0,31034.0,6.894,425998354.0
-0.5235841274261475,0.4459202587604523,-0.1842791587114334,1.0,0.0,31042.0,0.712,425998375.0
-5.983633995056152,5.09787654876709,0.1372108161449432,16.0,1.0,31043.0,7.862,425998377.0
-0.832051694393158,0.7091337442398071,-0.2523950934410095,3.0,2.0,31044.0,1.122,425998379.0
-5.395499706268311,4.60005521774292,0.3715852797031403,7.0,3.0,31045.0,7.100000000000001,425998382.0
-1.806224822998047,1.539937734603882,-0.4613761603832245,4.0,4.0,31045.0,2.418,425998384.0
-4.828229904174805,4.117871761322021,0.5551820993423462,12.0,5.0,31046.0,6.37,425998386.0
-4.859924793243408,4.146368980407715,-1.011818170547485,19.0,6.0,31047.0,6.468,425998389.0
-7.533020496368408,6.429261207580566,1.216012358665466,3.0,7.0,31048.0,9.978,425998391.0
-8.374311447143555,7.149810314178467,-1.352018475532532,5.0,8.0,31049.0,11.094,425998393.0
-7.725239753723145,6.597978115081787,1.609084963798523,3.0,9.0,31050.0,10.286,425998396.0
-8.040236473083496,6.867010593414307,-0.9250710606575012,1.0,10.0,31050.0,10.614,425998398.0
-7.115451812744141,6.079318046569824,1.819172978401184,5.0,11.0,31051.0,9.534,425998400.0
-9.818683624267578,8.391877174377441,-0.6769132614135742,18.0,12.0,31052.0,12.934,425998402.0
-7.475468635559082,6.391426086425781,2.270655870437622,25.0,13.0,31053.0,10.094,425998405.0
-5.937363624572754,5.078160285949707,-0.1363731026649475,21.0,14.0,31054.0,7.814,425998407.0
-5.038571357727051,4.309433937072754,1.776533961296082,4.0,15.0,31054.0,6.864,425998409.0
-0.5119130611419678,0.4387625455856323,-0.1806556880474091,3.0,0.0,31060.0,0.6980000000000001,425998430.0
-5.966070652008057,5.115347862243652,0.1371759176254272,13.0,1.0,31061.0,7.86,425998432.0
-0.8298197984695435,0.7117441892623901,-0.2523950934410095,3.0,2.0,31062.0,1.122,425998435.0
-5.398503303527832,4.630346775054932,0.3727366924285889,15.0,3.0,31062.0,7.122,425998437.0
-1.855017066001892,1.591627478599548,-0.4751144051551819,4.0,4.0,31063.0,2.49,425998439.0
-4.809222221374512,4.127829074859619,0.5544848442077637,11.0,5.0,31064.0,6.362,425998442.0
-4.837882518768311,4.153895378112793,-1.00994086265564,19.0,6.0,31065.0,6.456,425998444.0
-7.109212398529053,6.106257438659668,1.150690317153931,10.0,7.0,31066.0,9.442,425998446.0
-7.865944385528564,6.758617401123047,1.642561912536621,3.0,9.0,31067.0,10.5,425998451.0
-9.31955337524414,8.010422706604004,-1.075153231620789,9.0,10.0,31068.0,12.336,425998453.0
-7.032306671142578,6.046603202819824,1.802763342857361,7.0,11.0,31069.0,9.448,425998455.0
-9.786214828491211,8.417471885681152,-0.6764945983886719,15.0,12.0,31070.0,12.926,425998458.0
-5.922896385192871,5.098092555999756,-0.1364080160856247,21.0,14.0,31072.0,7.816,425998462.0
-4.582830905914307,3.944640636444092,1.620207190513611,2.0,15.0,31072.0,6.26,425998465.0
-0.5147655606269836,0.4443337023258209,-0.1822086125612259,1.0,0.0,31080.0,0.704,425998485.0
-5.93909740447998,5.128300666809082,0.1369664818048477,11.0,1.0,31081.0,7.848,425998488.0
-0.8538756370544434,0.7375659942626953,-0.2604933083057404,3.0,2.0,31082.0,1.158,425998490.0
-5.383007526397705,4.651408195495605,0.3728413581848145,16.0,3.0,31083.0,7.124000000000001,425998492.0
-1.892529487609863,1.63531768321991,-0.4861813187599182,4.0,4.0,31083.0,2.548,425998495.0
-4.80985689163208,4.157620429992676,0.5562279224395752,3.0,5.0,31084.0,6.382000000000001,425998497.0
-4.82634162902832,4.173341751098633,-1.010566592216492,19.0,6.0,31085.0,6.46,425998499.0
-7.005280017852783,6.059608936309814,1.137284755706787,13.0,7.0,31086.0,9.332,425998501.0
-15.7257251739502,13.60764503479004,-2.553406476974487,6.0,8.0,31087.0,20.952,425998504.0
-7.013695240020752,6.071169376373291,1.469232439994812,5.0,9.0,31088.0,9.392,425998506.0
-8.375638008117676,7.250089168548584,-0.9691718816757202,5.0,10.0,31088.0,11.12,425998508.0
-7.034904003143311,6.091676235198975,1.808869242668152,4.0,11.0,31089.0,9.48,425998511.0
-5.101568698883057,4.420676231384277,1.55846095085144,16.0,13.0,31091.0,6.928,425998515.0
-9.430273056030273,8.174522399902344,-0.2178409397602081,3.0,14.0,31092.0,12.482,425998518.0
-0.5363763570785522,0.4665936529636383,-0.1904908120632172,1.0,0.0,31102.0,0.736,425998541.0
-5.914836883544922,5.147129058837891,0.1368617713451385,17.0,1.0,31103.0,7.842000000000001,425998543.0
-0.8569166660308838,0.7459572553634644,-0.2622929215431213,3.0,2.0,31104.0,1.166,425998545.0
-5.373455047607422,4.677663326263428,0.3733647167682648,18.0,3.0,31104.0,7.134,425998548.0
-1.955822825431824,1.703169584274292,-0.5041173696517944,4.0,4.0,31105.0,2.642,425998550.0
-4.998171329498291,4.354041576385498,0.579934298992157,2.0,5.0,31106.0,6.654,425998552.0
-4.813260078430176,4.194438457489014,-1.011192440986633,19.0,6.0,31107.0,6.464,425998554.0
-7.064260482788086,6.158205986022949,1.150690317153931,9.0,7.0,31108.0,9.442,425998557.0
-15.6718635559082,13.66662216186523,-2.553162813186646,11.0,8.0,31109.0,20.95,425998559.0
-7.018614768981934,6.122727870941162,1.475177049636841,2.0,9.0,31110.0,9.43,425998561.0
-8.337227821350098,7.273027896881104,-0.9679516553878784,13.0,10.0,31110.0,11.106,425998564.0
-7.002586364746094,6.110898017883301,1.80657958984375,5.0,11.0,31111.0,9.468,425998566.0
-5.022908210754395,4.386395931243896,1.539564967155457,6.0,13.0,31113.0,6.844,425998571.0
-28.37867164611816,24.79120254516602,-0.6577463150024414,12.0,14.0,31114.0,37.688,425998573.0
-4.530514240264893,3.95779275894165,1.611925005912781,18.0,15.0,31114.0,6.228,425998575.0
-0.5056821703910828,0.4430031776428223,-0.1801380515098572,1.0,0.0,31122.0,0.6960000000000001,425998596.0
-5.313316822052002,4.656373500823975,0.1233187019824982,7.0,1.0,31123.0,7.066,425998598.0
-0.8806841373443604,0.7720673680305481,-0.2703911662101746,3.0,2.0,31124.0,1.202,425998600.0
-5.354090690612793,4.693758487701416,0.3731553554534912,16.0,3.0,31124.0,7.13,425998603.0
-2.019240140914917,1.770826101303101,-0.5220534205436707,4.0,4.0,31125.0,2.736,425998605.0
-4.9829421043396,4.371461868286133,0.579934298992157,9.0,5.0,31126.0,6.654,425998607.0
-4.789681434631348,4.203396320343018,-1.009315133094788,20.0,6.0,31127.0,6.452,425998610.0
-7.0546555519104,6.193304538726807,1.152640223503113,2.0,7.0,31128.0,9.458,425998612.0
-15.62853717803955,13.725172996521,-2.55389404296875,11.0,8.0,31129.0,20.956,425998614.0
-7.034300327301025,6.179783821105957,1.482998728752136,3.0,9.0,31130.0,9.48,425998617.0
-17.84946823120117,15.68113994598389,-2.078664541244507,11.0,10.0,31130.0,23.85,425998619.0
-6.976788520812988,6.131416320800781,1.805434703826904,4.0,11.0,31131.0,9.462,425998621.0
-8.425549507141113,7.407238960266113,-0.5879421234130859,5.0,12.0,31132.0,11.234,425998624.0
-4.966592788696289,4.367867946624756,1.526967763900757,4.0,13.0,31133.0,6.788,425998626.0
-8.04137897491455,7.074476718902588,-0.1869501769542694,4.0,14.0,31134.0,10.712,425998628.0
-4.516671180725098,3.973582983016968,1.611925005912781,7.0,15.0,31134.0,6.228,425998630.0
-0.5186991691589355,0.4574557244777679,-0.1853144317865372,1.0,0.0,31141.0,0.716,425998651.0
-5.281351566314697,4.659415245056152,0.1229347512125969,21.0,1.0,31142.0,7.044,425998653.0
-0.8941910862922668,0.7891680002212524,-0.2753400802612305,3.0,2.0,31143.0,1.224,425998656.0
-5.330187320709229,4.705810070037842,0.3726319968700409,15.0,3.0,31144.0,7.12,425998658.0
-2.06633996963501,1.824289083480835,-0.5357916355133057,4.0,4.0,31144.0,2.808,425998660.0
-4.984845638275146,4.402469635009766,0.5818517208099365,20.0,5.0,31145.0,6.676,425998663.0
-4.778676509857178,4.221872329711914,-1.00994086265564,19.0,6.0,31146.0,6.456,425998665.0
-4.6214599609375,4.084410190582275,0.757296085357666,11.0,7.0,31147.0,6.214,425998667.0
-15.59929656982422,13.7913875579834,-2.556575059890747,13.0,8.0,31148.0,20.978,425998670.0
-6.995612621307373,6.184843063354492,1.478931427001953,3.0,9.0,31148.0,9.454,425998672.0
-17.78841400146484,15.73232555389404,-2.077618598937988,41.0,10.0,31149.0,23.838,425998674.0
-6.943184375762939,6.142810821533203,1.802000164985657,4.0,11.0,31150.0,9.444,425998677.0
-8.357566833496094,7.396751403808594,-0.5849066376686096,17.0,12.0,31151.0,11.176,425998679.0
-4.94916296005249,4.381730079650879,1.526067972183228,4.0,13.0,31152.0,6.784,425998681.0
-7.993922710418701,7.079890727996826,-0.1863916963338852,16.0,14.0,31153.0,10.68,425998683.0
-4.531692981719971,4.014946937561035,1.622277736663818,5.0,15.0,31154.0,6.268,425998686.0
-0.5170992016792297,0.4592635333538055,-0.1853144317865372,1.0,0.0,31161.0,0.716,425998706.0
-5.268044948577881,4.680478572845459,0.1230045631527901,21.0,1.0,31162.0,7.048,425998709.0
-0.8856046199798584,0.7871061563491821,-0.2735404968261719,3.0,2.0,31163.0,1.216,425998711.0
-5.301117420196533,4.711518287658691,0.3716899752616882,7.0,3.0,31163.0,7.102,425998713.0
-2.143590211868286,1.905846238136292,-0.5575438737869263,4.0,4.0,31164.0,2.922,425998716.0
-4.957537651062012,4.409250259399414,0.5804572701454163,9.0,5.0,31165.0,6.66,425998718.0
-4.766861915588379,4.241153240203857,-1.010566592216492,19.0,6.0,31166.0,6.46,425998720.0
-4.663522243499756,4.150668621063232,0.7665581703186035,3.0,7.0,31167.0,6.29,425998723.0
-17.06331825256348,15.19218158721924,-2.805188655853271,31.0,8.0,31168.0,23.018,425998725.0
-6.964046001434326,6.202558994293213,1.477054238319397,2.0,9.0,31169.0,9.442,425998727.0
-17.75421905517578,15.81287479400635,-2.080059051513672,33.0,10.0,31169.0,23.866,425998730.0
-6.915836334228516,6.16178560256958,1.800473690032959,4.0,11.0,31170.0,9.436,425998732.0
-8.3123140335083,7.408604145050049,-0.5835459232330322,18.0,12.0,31171.0,11.15,425998734.0
-4.920746803283691,4.387307643890381,1.522018790245056,6.0,13.0,31172.0,6.766,425998736.0
-7.979607105255127,7.117069244384766,-0.1866360306739807,13.0,14.0,31173.0,10.694,425998739.0
-4.519092082977295,4.032027244567871,1.622795462608337,5.0,15.0,31174.0,6.27,425998741.0
-0.5357354283332825,0.4790027737617493,-0.1925613731145859,2.0,0.0,31180.0,0.744,425998762.0
-5.261437892913818,4.705920696258545,0.123213991522789,14.0,1.0,31181.0,7.06,425998764.0
-0.8946079015731812,0.800433874130249,-0.2771396934986115,3.0,2.0,31182.0,1.232,425998766.0
-6.689066886901855,5.98491907119751,0.470395565032959,13.0,3.0,31182.0,8.988,425998769.0
-2.179681777954102,1.950914978981018,-0.5686107873916626,5.0,4.0,31183.0,2.98,425998771.0
-4.926560878753662,4.411046504974365,0.5785398483276367,3.0,5.0,31184.0,6.638,425998773.0
-4.75424337387085,4.258255481719971,-1.010879516601562,19.0,6.0,31185.0,6.462,425998776.0
-4.574331283569336,4.098551750183105,0.7541275024414062,16.0,7.0,31186.0,6.188,425998778.0
-15.04237747192383,13.48254299163818,-2.480284929275513,24.0,8.0,31187.0,20.352,425998780.0
-6.953351974487305,6.232316970825195,1.478931427001953,2.0,9.0,31187.0,9.454,425998783.0
-17.71800231933594,15.88629341125488,-2.081976413726807,49.0,10.0,31188.0,23.888,425998785.0
-6.874904155731201,6.166333198547363,1.795131087303162,4.0,11.0,31189.0,9.408,425998787.0
-8.983421325683594,8.060362815856934,-0.6325323581695557,8.0,12.0,31190.0,12.086,425998789.0
-4.893118381500244,4.391885757446289,1.517969727516174,4.0,13.0,31191.0,6.748,425998792.0
-8.290746688842773,7.444087028503418,-0.1944896131753922,41.0,14.0,31192.0,11.144,425998794.0
-4.489887237548828,4.032790660858154,1.617101430892944,7.0,15.0,31193.0,6.248,425998796.0
-0.5326244831085205,0.4795772433280945,-0.192043736577034,2.0,0.0,31200.0,0.742,425998817.0
-5.244978904724121,4.724257946014404,0.123213991522789,10.0,1.0,31201.0,7.06,425998819.0
-0.9178677201271057,0.8270321488380432,-0.2852379381656647,3.0,2.0,31202.0,1.268,425998822.0
-6.65032958984375,5.992188453674316,0.4691395163536072,13.0,3.0,31202.0,8.964,425998824.0
-2.276397466659546,2.051836729049683,-0.5957056879997253,4.0,4.0,31203.0,3.122,425998826.0
-4.917052268981934,4.433553695678711,0.5792370438575745,4.0,5.0,31204.0,6.646,425998829.0
-4.734949588775635,4.27085542678833,-1.00994086265564,14.0,6.0,31205.0,6.456,425998831.0
-4.570313453674316,4.12380313873291,0.7558336853981018,23.0,7.0,31206.0,6.202,425998833.0
-14.97606658935547,13.51767730712891,-2.477116346359253,34.0,8.0,31207.0,20.326,425998836.0
-4.567758083343506,4.122943878173828,0.9745867252349854,17.0,9.0,31207.0,6.23,425998838.0
-17.65356826782227,15.94003295898438,-2.080930471420288,13.0,10.0,31208.0,23.876,425998840.0
-6.85770845413208,6.194241046905518,1.796275854110718,3.0,11.0,31209.0,9.414,425998842.0
-8.992278099060059,8.125146865844727,-0.6351491808891296,4.0,12.0,31210.0,12.136,425998845.0
-4.864747047424316,4.397178649902344,1.513920545578003,4.0,13.0,31211.0,6.73,425998847.0
-7.880547523498535,7.125619411468506,-0.1854492723941803,3.0,14.0,31212.0,10.626,425998849.0
-4.467186450958252,4.040663242340088,1.613995552062988,3.0,15.0,31213.0,6.236,425998852.0
-0.5409650802612305,0.4905171990394592,-0.1956671923398972,1.0,0.0,31220.0,0.756,425998872.0
-5.79721736907959,5.258440017700195,0.136617437005043,11.0,1.0,31221.0,7.828,425998875.0
-0.9322934150695801,0.8459452390670776,-0.2906367480754852,4.0,2.0,31222.0,1.292,425998877.0
-6.629372596740723,6.015365600585938,0.4691395163536072,4.0,3.0,31222.0,8.964,425998879.0
-2.346267223358154,2.129704713821411,-0.6159314513206482,4.0,4.0,31223.0,3.228,425998882.0
-4.910396575927734,4.458726406097412,0.5802829265594482,11.0,5.0,31224.0,6.658,425998884.0
-4.683457374572754,4.254153251647949,-1.002119183540344,13.0,6.0,31225.0,6.406,425998886.0
-4.622003555297852,4.199804782867432,0.7668018937110901,13.0,7.0,31226.0,6.292,425998888.0
-14.88765907287598,13.53248500823975,-2.470291614532471,42.0,8.0,31227.0,20.27,425998891.0
-4.554800510406494,4.140192031860352,0.9748995900154114,29.0,9.0,31227.0,6.232,425998893.0
-15.18176746368408,13.80466175079346,-1.795233964920044,6.0,10.0,31228.0,20.598,425998895.0
-4.948035717010498,4.500787734985352,1.300172448158264,7.0,11.0,31229.0,6.814,425998898.0
-8.646255493164062,7.86748743057251,-0.6126447319984436,13.0,12.0,31230.0,11.706,425998900.0
-4.395415782928467,4.000923156738281,1.372201442718506,4.0,13.0,31231.0,6.100000000000001,425998902.0
-7.898505210876465,7.19212818145752,-0.1864615082740784,6.0,14.0,31232.0,10.684,425998905.0
-4.422337532043457,4.026840209960938,1.602607488632202,6.0,15.0,31232.0,6.192,425998907.0
-0.5363963842391968,0.4897972345352173,-0.1946319192647934,1.0,0.0,31240.0,0.752,425998928.0
-5.749297618865967,5.251670837402344,0.1359193474054337,8.0,1.0,31241.0,7.788,425998930.0
-0.9149488210678101,0.83604896068573,-0.286137729883194,4.0,2.0,31242.0,1.272,425998932.0
-5.156034469604492,4.711407661437988,0.3660376667976379,5.0,3.0,31242.0,6.994,425998935.0
-2.433009147644043,2.223979949951172,-0.6407365798950195,3.0,4.0,31243.0,3.358,425998937.0
-4.916858196258545,4.496006965637207,0.5828976035118103,20.0,5.0,31244.0,6.688,425998939.0
-17.92804336547852,16.39926719665527,-3.84828782081604,61.0,6.0,31245.0,24.6,425998941.0
-4.558986663818359,4.171690464019775,0.758758544921875,13.0,7.0,31246.0,6.226,425998944.0
-14.83301067352295,13.57766914367676,-2.469072818756104,39.0,8.0,31247.0,20.26,425998946.0
-4.538863658905029,4.154732227325439,0.9745867252349854,22.0,9.0,31247.0,6.23,425998948.0
-15.13642692565918,13.86026287078857,-1.79558265209198,6.0,10.0,31248.0,20.602,425998951.0
-4.936637878417969,4.522010326385498,1.30131733417511,12.0,11.0,31249.0,6.82,425998953.0
-8.571619987487793,7.854442119598389,-0.6092951893806458,18.0,12.0,31250.0,11.642,425998955.0
-4.37998628616333,4.0149245262146,1.371751546859741,19.0,13.0,31251.0,6.098,425998958.0
-7.90725040435791,7.250739574432373,-0.1872643232345581,13.0,14.0,31252.0,10.73,425998960.0
-4.4217848777771,4.05608081817627,1.607783913612366,18.0,15.0,31253.0,6.212,425998962.0
-0.5575253367424011,0.5124912858009338,-0.2029141336679459,2.0,0.0,31259.0,0.784,425998983.0
-5.711243629455566,5.251757621765137,0.1354306787252426,5.0,1.0,31260.0,7.76,425998985.0
-0.9408559799194336,0.8654645681381226,-0.2951357960700989,4.0,2.0,31261.0,1.312,425998988.0
-5.332088470458984,4.906542778015137,0.3797496855258942,15.0,3.0,31262.0,7.256,425998990.0
-2.636544466018677,2.426126003265381,-0.6964528560638428,2.0,4.0,31262.0,3.65,425998992.0
-4.885797023773193,4.497444152832031,0.5809801816940308,12.0,5.0,31263.0,6.666,425998994.0
-15.16201305389404,13.9617338180542,-3.264474391937256,20.0,6.0,31264.0,20.868,425998997.0
-14.79958152770996,13.63754367828369,-2.471022844314575,37.0,8.0,31266.0,20.276,425999001.0
-4.523608207702637,4.168422222137451,0.9742738604545593,12.0,9.0,31266.0,6.228,425999004.0
-20.74506187438965,19.12289047241211,-2.468425035476685,56.0,10.0,31267.0,28.322,425999006.0
-4.839347839355469,4.462494850158691,1.279565095901489,4.0,11.0,31268.0,6.706,425999008.0
-8.536717414855957,7.874698162078857,-0.6086671948432922,20.0,12.0,31269.0,11.63,425999011.0
-4.358055591583252,4.02149772644043,1.369052171707153,26.0,13.0,31270.0,6.086,425999013.0
-7.921366214752197,7.312186717987061,-0.188171848654747,12.0,14.0,31271.0,10.782,425999015.0
-4.420376777648926,4.080435276031494,1.611925005912781,18.0,15.0,31271.0,6.228,425999018.0
-0.5755806565284729,0.532806932926178,-0.2101610600948334,1.0,0.0,31279.0,0.812,425999038.0
-5.610711097717285,5.195575714111328,0.1334760040044785,6.0,1.0,31280.0,7.648000000000001,425999041.0
-0.9321107268333435,0.8634462356567383,-0.2933361828327179,4.0,2.0,31281.0,1.304,425999043.0
-5.136201858520508,4.759506225585938,0.366979718208313,7.0,3.0,31282.0,7.012,425999045.0
-3.18391227722168,2.950400114059448,-0.8437573909759521,4.0,4.0,31282.0,4.422,425999047.0
-4.868607044219971,4.513116836547852,0.5808058977127075,5.0,5.0,31283.0,6.664,425999050.0
-14.07609081268311,13.0528678894043,-3.040460348129272,21.0,6.0,31284.0,19.436,425999052.0
-4.462084293365479,4.139174461364746,0.7473028302192688,2.0,7.0,31285.0,6.132000000000001,425999054.0
-14.7795352935791,13.71477603912354,-2.475653886795044,35.0,8.0,31286.0,20.314,425999057.0
-4.667552471160889,4.332805633544922,1.008689403533936,22.0,9.0,31287.0,6.448,425999059.0
-20.68548583984375,19.20196533203125,-2.469296455383301,71.0,10.0,31287.0,28.332,425999061.0
-4.806477546691895,4.463329315185547,1.274985671043396,4.0,11.0,31288.0,6.682,425999064.0
-8.506251335144043,7.901730537414551,-0.6084578037261963,21.0,12.0,31289.0,11.626,425999066.0
-4.349701404571533,4.0419921875,1.370851755142212,9.0,13.0,31290.0,6.094,425999068.0
-7.922156810760498,7.364299774169922,-0.1888001263141632,14.0,14.0,31291.0,10.818,425999071.0
-4.409635543823242,4.100555896759033,1.613477945327759,19.0,15.0,31292.0,6.234,425999073.0
-0.5765435099601746,0.5374473929405212,-0.2111963480710983,1.0,0.0,31299.0,0.8160000000000001,425999094.0
-5.623253345489502,5.243768692016602,0.134209007024765,6.0,1.0,31300.0,7.69,425999096.0
-0.9433409571647644,0.8799875378608704,-0.2978352010250092,4.0,2.0,31301.0,1.324,425999098.0
-5.021721363067627,4.68610954284668,0.3599666953086853,11.0,3.0,31302.0,6.878,425999100.0
-3.315695285797119,3.0941002368927,-0.8815375566482544,5.0,4.0,31302.0,4.62,425999103.0
-4.864475250244141,4.540960788726807,0.5822003483772278,20.0,5.0,31303.0,6.68,425999105.0
-14.03910446166992,13.11001300811768,-3.042337417602539,27.0,6.0,31304.0,19.448,425999107.0
-4.512887001037598,4.215703964233398,0.7582710385322571,1.0,7.0,31305.0,6.222,425999110.0
-14.83599948883057,13.86386775970459,-2.493202924728394,12.0,8.0,31306.0,20.458,425999112.0
-4.628623008728027,4.325331687927246,1.003370642662048,5.0,9.0,31306.0,6.414,425999114.0
-20.61542129516602,19.27133369445801,-2.468947887420654,37.0,10.0,31307.0,28.328,425999117.0
-4.625962734222412,4.325871467590332,1.231099605560303,3.0,11.0,31308.0,6.452,425999119.0
-8.485910415649414,7.938196659088135,-0.608981192111969,16.0,12.0,31309.0,11.636,425999121.0
-4.355486392974854,4.075791835784912,1.377150297164917,6.0,13.0,31310.0,6.122,425999124.0
-7.13581371307373,6.679912567138672,-0.1706147193908691,6.0,14.0,31311.0,9.776,425999126.0
-4.372037887573242,4.09271240234375,1.60467803478241,9.0,15.0,31311.0,6.2,425999128.0
-0.5521280765533447,0.5183014869689941,-0.2029141336679459,2.0,0.0,31319.0,0.784,425999149.0
-5.441650867462158,5.110050201416016,0.1302996724843979,6.0,1.0,31320.0,7.466,425999151.0
-0.9459448456764221,0.8886120319366455,-0.2996348142623901,3.0,2.0,31321.0,1.332,425999153.0
-5.069373607635498,4.763789653778076,0.3645722568035126,7.0,3.0,31322.0,6.966,425999156.0
-3.432205200195312,3.225310564041138,-0.9155015349388123,4.0,4.0,31322.0,4.798,425999158.0
-4.822464466094971,4.533349514007568,0.5790627598762512,13.0,5.0,31323.0,6.644,425999160.0
-13.98462200164795,13.15081882476807,-3.040460348129272,27.0,6.0,31324.0,19.436,425999163.0
-4.529953479766846,4.261354446411133,0.7636333107948303,1.0,7.0,31325.0,6.266,425999165.0
-14.08059406280518,13.25033283233643,-2.374014854431152,15.0,8.0,31326.0,19.48,425999167.0
-4.461713790893555,4.200097560882568,0.9705194234848022,1.0,9.0,31327.0,6.204,425999170.0
-20.53932189941406,19.33498382568359,-2.467901945114136,78.0,10.0,31327.0,28.316,425999172.0
-4.567956447601318,4.301614761352539,1.219651103019714,1.0,11.0,31328.0,6.392,425999174.0
-8.456695556640625,7.966400146484375,-0.6088765263557434,7.0,12.0,31329.0,11.634,425999176.0
-6.837335109710693,6.443178653717041,2.168977975845337,9.0,13.0,31330.0,9.642,425999179.0
-7.080440998077393,6.674603462219238,-0.1698468178510666,9.0,14.0,31331.0,9.732,425999181.0
-6.341554641723633,5.980159759521484,2.335582971572876,35.0,15.0,31332.0,9.024000000000001,425999183.0
-0.5783928632736206,0.5467677116394043,-0.2132668942213058,2.0,0.0,31339.0,0.8240000000000001,425999204.0
-5.115759372711182,4.837733268737793,0.1228998452425003,14.0,1.0,31340.0,7.042,425999206.0
-0.9768133163452148,0.924049437046051,-0.3104324638843536,3.0,2.0,31341.0,1.38,425999209.0
-5.054164886474609,4.782828807830811,0.3646769523620605,7.0,3.0,31342.0,6.968,425999211.0
-3.606303215026855,3.412696838378906,-0.9651119112968445,2.0,4.0,31342.0,5.058,425999213.0
-4.821079730987549,4.563852787017822,0.5808058977127075,14.0,5.0,31343.0,6.664,425999216.0
-13.93002605438232,13.19140434265137,-3.038583040237427,27.0,6.0,31344.0,19.424,425999218.0
-4.440112113952637,4.206151008605957,0.7509589195251465,1.0,7.0,31345.0,6.162,425999220.0
-4.470702171325684,4.236610412597656,0.9755253195762634,1.0,9.0,31346.0,6.236,425999225.0
-20.47604370117188,19.41067314147949,-2.468425035476685,82.0,10.0,31347.0,28.322,425999227.0
-4.545790195465088,4.310779094696045,1.217743039131165,1.0,11.0,31348.0,6.382000000000001,425999229.0
-8.924393653869629,8.465973854064941,-0.6446743011474609,7.0,12.0,31349.0,12.318,425999232.0
-6.844487190246582,6.495175838470459,2.178426027297974,6.0,13.0,31350.0,9.684000000000001,425999234.0
-7.022292137145996,6.666236400604248,-0.1690091043710709,6.0,14.0,31351.0,9.684000000000001,425999236.0
-6.327293395996094,6.006476402282715,2.337653636932373,8.0,15.0,31351.0,9.032,425999239.0
-0.5876745581626892,0.5594393610954285,-0.2174080014228821,2.0,0.0,31359.0,0.84,425999259.0
-5.09739351272583,4.854182243347168,0.1228649392724037,21.0,1.0,31360.0,7.04,425999262.0
-0.9651159048080444,0.9193887114524841,-0.307733029127121,3.0,2.0,31361.0,1.368,425999264.0
-5.009966850280762,4.77426290512085,0.3626881837844849,7.0,3.0,31362.0,6.93,425999266.0
-4.030695915222168,3.841063499450684,-1.082268595695496,1.0,4.0,31362.0,5.672,425999269.0
-4.802235126495361,4.577904224395752,0.5804572701454163,9.0,5.0,31363.0,6.66,425999271.0
-13.87674713134766,13.23313331604004,-3.037018775939941,30.0,6.0,31364.0,19.414,425999273.0
-4.458438873291016,4.253139495849609,0.7565648555755615,2.0,7.0,31365.0,6.208,425999276.0
-14.60240364074707,13.93486881256104,-2.478334903717041,1.0,8.0,31366.0,20.336,425999278.0
-4.480863571166992,4.277519702911377,0.9811569452285767,1.0,9.0,31367.0,6.272,425999280.0
-20.41680908203125,19.49028396606445,-2.469470739364624,78.0,10.0,31367.0,28.334,425999282.0
-4.529295444488525,4.325264930725098,1.217361330986023,2.0,11.0,31368.0,6.38,425999285.0
-8.832687377929688,8.437750816345215,-0.6401734352111816,5.0,12.0,31369.0,12.232,425999287.0
-6.816137790679932,6.51364278793335,2.176626443862915,4.0,13.0,31370.0,9.676,425999289.0
-6.620265960693359,6.328674793243408,-0.1598640382289886,10.0,14.0,31371.0,9.16,425999292.0
-4.942545413970947,4.726500988006592,1.832438826560974,18.0,15.0,31372.0,7.08,425999294.0
-0.6038475036621094,0.5788666605949402,-0.2241372913122177,2.0,0.0,31379.0,0.866,425999315.0
-5.09340763092041,4.884402275085449,0.1231790855526924,17.0,1.0,31380.0,7.058,425999317.0
-0.9984642863273621,0.9578273892402649,-0.3194305002689362,3.0,2.0,31381.0,1.42,425999319.0
-4.977419376373291,4.776510238647461,0.3615367710590363,11.0,3.0,31382.0,6.908,425999322.0
-5.04707670211792,4.843355655670166,-1.359704852104187,2.0,4.0,31382.0,7.126,425999324.0
-4.783351421356201,4.591879367828369,0.580108642578125,6.0,5.0,31383.0,6.656000000000001,425999326.0
-13.83047008514404,13.28149127960205,-3.037018775939941,37.0,6.0,31384.0,19.414,425999329.0
-4.815611839294434,4.627695560455322,1.057809829711914,13.0,9.0,31386.0,6.762,425999335.0
-20.3486499786377,19.56143379211426,-2.469470739364624,90.0,10.0,31387.0,28.334,425999338.0
-4.246715545654297,4.08385181427002,1.145235538482666,7.0,11.0,31388.0,6.002,425999340.0
-8.856436729431152,8.519762992858887,-0.6440463066101074,11.0,12.0,31389.0,12.306,425999342.0
-4.250412940979004,4.090263843536377,1.361853718757629,9.0,13.0,31390.0,6.054,425999345.0
-6.495849132537842,6.253279209136963,-0.1573857963085175,22.0,14.0,31391.0,9.018,425999347.0
-6.130720615386963,5.901785373687744,2.280195713043213,11.0,15.0,31391.0,8.81,425999349.0
-0.5962636470794678,0.5756040215492249,-0.2220667451620102,2.0,0.0,31399.0,0.858,425999370.0
-1.00352418422699,0.9694305658340454,-0.3221299052238464,2.0,2.0,31401.0,1.432,425999375.0
-4.959280014038086,4.792467594146729,0.3614321053028107,15.0,3.0,31402.0,6.906000000000001,425999377.0
-5.315317153930664,5.136528968811035,-1.436791777610779,3.0,4.0,31402.0,7.53,425999379.0
-4.740076541900635,4.582237720489502,0.5767967104911804,6.0,5.0,31403.0,6.618,425999382.0
-13.78118515014648,13.32694149017334,-3.0363929271698,40.0,6.0,31404.0,19.41,425999384.0
-5.026447296142578,4.862467765808105,0.858691394329071,5.0,7.0,31405.0,7.046,425999386.0
-17.58745574951172,17.0196361541748,-3.005054235458374,78.0,8.0,31406.0,24.658,425999388.0
-4.764554977416992,4.612339973449707,1.0503009557724,6.0,9.0,31407.0,6.714,425999391.0
-20.27881240844727,19.63095855712891,-2.469296455383301,86.0,10.0,31407.0,28.332,425999393.0
-4.231024265289307,4.09728479385376,1.144853949546814,14.0,11.0,31408.0,6.0,425999395.0
-8.337470054626465,8.076748847961426,-0.6083531379699707,2.0,12.0,31409.0,11.624,425999398.0
-4.247304916381836,4.115924835205078,1.365452885627747,19.0,13.0,31410.0,6.07,425999400.0
-6.465366840362549,6.26756477355957,-0.1571763753890991,43.0,14.0,31411.0,9.006,425999402.0
-4.283961296081543,4.154347896575928,1.598984003067017,5.0,15.0,31412.0,6.178,425999405.0
-0.59989333152771,0.5829635262489319,-0.2241372913122177,2.0,0.0,31418.0,0.866,425999425.0
-5.867298603057861,5.70370626449585,0.142830491065979,13.0,1.0,31419.0,8.184000000000001,425999428.0
-1.01706874370575,0.9890561699867249,-0.3275287449359894,4.0,2.0,31420.0,1.456,425999430.0
-4.939065456390381,4.804708957672119,0.3611181080341339,7.0,3.0,31421.0,6.9,425999432.0
-5.728869915008545,5.573028087615967,-1.553566813468933,2.0,4.0,31421.0,8.142,425999435.0
-4.73199462890625,4.604878902435303,0.5776682496070862,9.0,5.0,31422.0,6.628,425999437.0
-13.72842216491699,13.36430072784424,-3.034515857696533,40.0,6.0,31423.0,19.398,425999439.0
-5.044426918029785,4.912347793579102,0.8645411133766174,1.0,7.0,31424.0,7.094,425999441.0
-17.53660774230957,17.08340644836426,-3.00602912902832,76.0,8.0,31425.0,24.666,425999444.0
-4.645333766937256,4.525283813476562,1.027148723602295,5.0,9.0,31425.0,6.566,425999446.0
-20.2121753692627,19.69670677185059,-2.469122171401978,90.0,10.0,31426.0,28.33,425999448.0
-4.255370616912842,4.148294448852539,1.155157685279846,14.0,11.0,31427.0,6.054,425999451.0
-8.296341896057129,8.090408325195312,-0.6073064208030701,16.0,12.0,31428.0,11.604,425999453.0
-4.247581958770752,4.143594741821289,1.369951963424683,26.0,13.0,31429.0,6.09,425999455.0
-6.444547176361084,6.288969993591309,-0.1571763753890991,48.0,14.0,31430.0,9.006,425999458.0
-4.266741275787354,4.163738250732422,1.597431182861328,18.0,15.0,31430.0,6.172,425999460.0
-0.6033776998519897,0.5904586315155029,-0.2262078523635864,2.0,0.0,31438.0,0.874,425999481.0
-5.62014627456665,5.50173282623291,0.1372806280851364,11.0,1.0,31439.0,7.866000000000001,425999483.0
-1.019179344177246,0.9980542063713074,-0.3293283581733704,4.0,2.0,31440.0,1.464,425999485.0
-4.962212562561035,4.861054420471191,0.3640488982200623,13.0,3.0,31441.0,6.956,425999488.0
-6.466705322265625,6.334877014160156,-1.759640574455261,3.0,4.0,31441.0,9.222,425999490.0
-4.768543720245361,4.672965049743652,0.5841177701950073,10.0,5.0,31442.0,6.702,425999492.0
-13.67040348052979,13.40107727050781,-3.032012701034546,31.0,6.0,31443.0,19.382,425999494.0
-4.993233203887939,4.896568775177002,0.858691394329071,2.0,7.0,31444.0,7.046,425999497.0
-17.48253631591797,17.15007591247559,-3.007004261016846,84.0,8.0,31445.0,24.674,425999499.0
-4.618228435516357,4.530405044555664,1.024645805358887,5.0,9.0,31445.0,6.55,425999501.0
-20.14187622070312,19.76574516296387,-2.468947887420654,86.0,10.0,31446.0,28.328,425999504.0
-4.585513591766357,4.50145435333252,1.249035716056824,5.0,11.0,31447.0,6.546,425999506.0
-8.816688537597656,8.658087730407715,-0.6476051211357117,18.0,12.0,31448.0,12.374,425999508.0
-4.227531909942627,4.152933597564697,1.368152260780334,19.0,13.0,31449.0,6.082,425999511.0
-6.422555446624756,6.311427593231201,-0.1571763753890991,24.0,14.0,31450.0,9.006,425999513.0
-4.256314754486084,4.182668685913086,1.598984003067017,7.0,15.0,31450.0,6.178,425999515.0
-0.6123209595680237,0.6034089922904968,-0.2303489446640015,2.0,0.0,31458.0,0.89,425999536.0
-5.573850154876709,5.494644165039062,0.136617437005043,17.0,1.0,31459.0,7.828,425999538.0
-1.015689373016357,1.001605749130249,-0.3293283581733704,2.0,2.0,31460.0,1.464,425999541.0
-4.918199062347412,4.851696491241455,0.362060159444809,15.0,3.0,31461.0,6.918,425999543.0
-6.715696811676025,6.624888896942139,-1.833674430847168,4.0,4.0,31461.0,9.61,425999545.0
-4.891180992126465,4.826728820800781,0.6012003421783447,6.0,5.0,31462.0,6.898000000000001,425999547.0
-13.63057136535645,13.45565319061279,-3.03357720375061,33.0,6.0,31463.0,19.392,425999550.0
-4.995885372161865,4.933495998382568,0.8621037602424622,3.0,7.0,31464.0,7.074,425999552.0
-17.41974067687988,17.20820808410645,-3.006516695022583,70.0,8.0,31465.0,24.67,425999554.0
-4.600187301635742,4.545912742614746,1.024332880973816,5.0,9.0,31466.0,6.548,425999557.0
-20.07559394836426,19.8387336730957,-2.469296455383301,86.0,10.0,31466.0,28.332,425999559.0
-4.568376541137695,4.516053199768066,1.248654007911682,5.0,11.0,31467.0,6.544,425999561.0
-8.88298225402832,8.784308433532715,-0.6547228097915649,21.0,12.0,31468.0,12.51,425999564.0
-4.206082344055176,4.160812854766846,1.365902781486511,11.0,13.0,31469.0,6.072,425999566.0
-6.410434722900391,6.343653678894043,-0.1574207097291946,10.0,14.0,31470.0,9.02,425999568.0
-6.02267599105835,5.959934711456299,2.270360708236694,16.0,15.0,31470.0,8.772,425999570.0
-0.6170672178268433,0.6123465895652771,-0.2329371422529221,2.0,0.0,31478.0,0.9,425999591.0
-5.577342987060547,5.536608219146729,0.1371759176254272,8.0,1.0,31479.0,7.86,425999594.0
-1.035694003105164,1.028488516807556,-0.3369766771793365,2.0,2.0,31480.0,1.498,425999596.0
-4.938074111938477,4.905431747436523,0.3647816181182861,15.0,3.0,31481.0,6.97,425999598.0
-7.037951469421387,6.991428375244141,-1.928315758705139,11.0,4.0,31481.0,10.106,425999600.0
-4.922353267669678,4.891522407531738,0.6071268916130066,9.0,5.0,31482.0,6.966,425999603.0
-13.57231140136719,13.49201011657715,-3.031074285507202,27.0,6.0,31483.0,19.376,425999605.0
-4.973003387451172,4.945305824279785,0.8611288070678711,3.0,7.0,31484.0,7.066,425999607.0
-17.34549331665039,17.25490951538086,-3.004079341888428,63.0,8.0,31485.0,24.65,425999610.0
-4.55908727645874,4.536861896514893,1.018701195716858,5.0,9.0,31486.0,6.512,425999612.0
-20.01328277587891,19.91571617126465,-2.470168113708496,78.0,10.0,31486.0,28.342,425999614.0
-5.011738777160645,4.989047527313232,1.374588012695312,12.0,11.0,31487.0,7.204,425999617.0
-8.809807777404785,8.772982597351074,-0.651582658290863,26.0,12.0,31488.0,12.45,425999619.0
-6.493010520935059,6.468126773834229,2.115889549255371,7.0,13.0,31489.0,9.406,425999621.0
-4.836479187011719,4.821308612823486,1.829850673675537,17.0,15.0,31491.0,7.07,425999626.0
-0.6284813284873962,0.6282619833946228,-0.2381135225296021,2.0,0.0,31499.0,0.92,425999647.0
-5.996766090393066,5.996766090393066,0.1480313092470169,10.0,1.0,31500.0,8.482,425999649.0
-1.040183782577515,1.040546894073486,-0.3396760821342468,2.0,2.0,31501.0,1.51,425999651.0
-4.928532123565674,4.931974411010742,0.365409642457962,15.0,3.0,31502.0,6.982,425999653.0
-7.12607479095459,7.131051540374756,-1.959608435630798,2.0,4.0,31502.0,10.27,425999656.0
-4.857924938201904,4.863014698028564,0.601374626159668,4.0,5.0,31503.0,6.9,425999658.0
-13.53533172607422,13.55424404144287,-3.033890008926392,13.0,6.0,31504.0,19.394,425999660.0
-7.905592441558838,7.919402122497559,1.373955011367798,3.0,7.0,31505.0,11.274,425999663.0
-17.29475402832031,17.33101463317871,-3.006273031234741,70.0,8.0,31506.0,24.668,425999665.0
-4.538242816925049,4.54934549331665,1.017762660980225,5.0,9.0,31507.0,6.506,425999667.0
-19.93733787536621,19.98611450195312,-2.46981954574585,78.0,10.0,31507.0,28.338,425999670.0
-5.033621788024902,5.047698020935059,1.385654926300049,11.0,11.0,31508.0,7.262,425999672.0
-8.729652404785156,8.757120132446289,-0.648023784160614,19.0,12.0,31509.0,12.382,425999674.0
-4.759438514709473,4.776081085205078,1.556661248207092,3.0,13.0,31510.0,6.92,425999676.0
-6.518706321716309,6.543784618377686,-0.1612253338098526,1.0,14.0,31511.0,9.238,425999679.0
-4.805985927581787,4.824475288391113,1.824674248695374,21.0,15.0,31511.0,7.05,425999681.0
-0.6222000122070312,0.6263403296470642,-0.2365606129169464,2.0,0.0,31519.0,0.914,425999702.0
-5.95325231552124,5.994959354400635,0.1474728286266327,10.0,1.0,31520.0,8.45,425999704.0
-1.051647186279297,1.05938458442688,-0.3446250259876251,2.0,2.0,31521.0,1.532,425999706.0
-4.914100170135498,4.951983451843262,0.3656190037727356,16.0,3.0,31522.0,6.986,425999709.0
-9.676079750061035,9.7506742477417,-2.670181035995483,12.0,4.0,31522.0,13.994,425999711.0
-4.730070114135742,4.76819896697998,0.5876040458679199,5.0,5.0,31523.0,6.742,425999713.0
-13.50045490264893,13.61403274536133,-3.036705732345581,12.0,6.0,31524.0,19.412,425999716.0
-4.655186653137207,4.69598913192749,0.8118935823440552,8.0,7.0,31525.0,6.662,425999718.0
-17.23415184020996,17.39127731323242,-3.006273031234741,78.0,8.0,31526.0,24.668,425999720.0
-4.141418933868408,4.180636405944824,0.9320365190505981,3.0,9.0,31527.0,5.958,425999723.0
-19.86605072021484,20.05417060852051,-2.469645023345947,86.0,10.0,31527.0,28.336,425999725.0
-8.699030876159668,8.7875394821167,-0.648023784160614,19.0,12.0,31529.0,12.382,425999729.0
-4.741367340087891,4.791280269622803,1.556211352348328,19.0,13.0,31530.0,6.918,425999732.0
-6.523951053619385,6.594932079315186,-0.161923423409462,4.0,14.0,31531.0,9.278,425999734.0
-5.904538631439209,5.968780040740967,2.249655246734619,15.0,15.0,31531.0,8.692,425999736.0
-0.6336889266967773,0.6421507596969604,-0.2417369931936264,3.0,0.0,31538.0,0.934,425999757.0
-5.909465789794922,5.990467071533203,0.1468794494867325,10.0,1.0,31539.0,8.416,425999759.0
-1.068653106689453,1.083679437637329,-0.351373553276062,2.0,2.0,31540.0,1.562,425999762.0
-4.898518562316895,4.96739673614502,0.3656190037727356,16.0,3.0,31540.0,6.986,425999764.0
-9.62990951538086,9.768726348876953,-2.666364908218384,6.0,4.0,31541.0,13.974,425999766.0
-4.700247764587402,4.769667148590088,0.5858609080314636,16.0,5.0,31542.0,6.722,425999769.0
-13.4496898651123,13.65309810638428,-3.035454273223877,12.0,6.0,31543.0,19.404,425999771.0
-4.656302452087402,4.728373050689697,0.8148184418678284,20.0,7.0,31544.0,6.686,425999773.0
-17.15688896179199,17.42852783203125,-3.002860546112061,78.0,8.0,31545.0,24.64,425999775.0
-4.133808135986328,4.199257373809814,0.933288037776947,24.0,9.0,31545.0,5.966,425999778.0
-19.80642700195312,20.12703895568848,-2.470516681671143,78.0,10.0,31546.0,28.346,425999780.0
-4.116620540618896,4.184718608856201,1.141037821769714,11.0,11.0,31547.0,5.98,425999782.0
-8.667041778564453,8.81348991394043,-0.6478144526481628,19.0,12.0,31548.0,12.378,425999785.0
-6.442681312561035,6.553831577301025,2.121738433837891,4.0,13.0,31549.0,9.432,425999787.0
-6.503447532653809,6.617956161499023,-0.1619583368301392,9.0,14.0,31550.0,9.28,425999789.0
-5.894191265106201,5.997972965240479,2.253278493881226,16.0,15.0,31550.0,8.706,425999792.0
-0.6327956914901733,0.6457386016845703,-0.2422546297311783,3.0,0.0,31558.0,0.936,425999812.0
-5.857733249664307,5.979631900787354,0.1461115479469299,10.0,1.0,31559.0,8.372,425999815.0
-1.068954229354858,1.091580152511597,-0.352723240852356,2.0,2.0,31560.0,1.568,425999817.0
-4.874691009521484,4.979608535766602,0.3652003109455109,15.0,3.0,31561.0,6.978,425999819.0
-14.2556037902832,14.56242752075195,-3.961194753646851,4.0,4.0,31561.0,20.76,425999822.0
-4.191662788391113,4.283374786376953,0.5243289470672607,3.0,5.0,31562.0,6.016,425999824.0
-13.39089870452881,13.68866634368896,-3.032951354980469,16.0,6.0,31563.0,19.388,425999826.0
-4.668915271759033,4.774402618408203,0.8199369311332703,6.0,7.0,31564.0,6.728,425999828.0
-4.11424732208252,4.210141658782959,0.9323493838310242,19.0,9.0,31566.0,5.96,425999833.0
-19.74022674560547,20.2003288269043,-2.471039533615112,75.0,10.0,31566.0,28.352,425999835.0
-4.112963199615479,4.210297584533691,1.14409077167511,14.0,11.0,31567.0,5.996,425999838.0
-8.630642890930176,8.837974548339844,-0.6473957896232605,20.0,12.0,31568.0,12.37,425999840.0
-5.88750696182251,6.031046390533447,1.945826649665833,6.0,13.0,31569.0,8.65,425999842.0
-6.473323822021484,6.633460998535156,-0.1617838144302368,24.0,14.0,31570.0,9.27,425999845.0
-5.861376285552979,6.008472919464111,2.249137401580811,15.0,15.0,31571.0,8.69,425999847.0
-0.6574838161468506,0.675633430480957,-0.2526073753833771,3.0,0.0,31578.0,0.976,425999868.0
-5.82009220123291,5.982842445373535,0.1456926912069321,10.0,1.0,31579.0,8.348,425999870.0
-1.085516333580017,1.116260886192322,-0.3594717979431152,2.0,2.0,31580.0,1.598,425999872.0
-4.752326965332031,4.886925220489502,0.3572452366352081,11.0,3.0,31580.0,6.826000000000001,425999875.0
-15.49104404449463,15.93535327911377,-4.319915771484375,7.0,4.0,31581.0,22.64,425999877.0
-4.172519683837891,4.293694019317627,0.5238060355186462,4.0,5.0,31582.0,6.01,425999879.0
-13.34165859222412,13.73390865325928,-3.032638549804688,25.0,6.0,31583.0,19.386,425999881.0
-4.017449855804443,4.137009143829346,0.7080608606338501,5.0,7.0,31584.0,5.81,425999884.0
-16.41811561584473,16.91262435913086,-2.894153118133545,33.0,8.0,31585.0,23.748,425999886.0
-4.271486282348633,4.401678562164307,0.9714580178260803,5.0,9.0,31586.0,6.21,425999888.0
-19.6723690032959,20.27197265625,-2.471388339996338,75.0,10.0,31586.0,28.356,425999891.0
-4.111911296844482,4.238720417022705,1.147906899452209,16.0,11.0,31587.0,6.016,425999893.0
-8.608081817626953,8.876649856567383,-0.648023784160614,18.0,12.0,31588.0,12.382,425999895.0
-5.855567455291748,6.040367126464844,1.942227363586426,12.0,13.0,31589.0,8.634,425999898.0
-6.44317102432251,6.648836612701416,-0.1616092771291733,28.0,14.0,31590.0,9.26,425999900.0
-4.1622633934021,4.295122623443604,1.602607488632202,6.0,15.0,31590.0,6.192,425999902.0
-0.640354335308075,0.6626432538032532,-0.2469133734703064,3.0,0.0,31598.0,0.9540000000000001,425999923.0
-5.788057804107666,5.991616249084473,0.1454134434461594,10.0,1.0,31599.0,8.332,425999925.0
-1.114102244377136,1.15368664264679,-0.3702694475650787,2.0,2.0,31600.0,1.646,425999927.0
-4.577074527740479,4.739699363708496,0.345312625169754,15.0,3.0,31600.0,6.598,425999930.0
-4.360615730285645,4.51712703704834,-1.220414280891418,10.0,4.0,31601.0,6.396,425999932.0
-4.345666408538818,4.503213882446289,0.5475123524665833,11.0,5.0,31602.0,6.282,425999934.0
-13.30049419403076,13.78750419616699,-3.034202814102173,33.0,6.0,31603.0,19.396,425999937.0
-4.001606941223145,4.14957857131958,0.7078171372413635,22.0,7.0,31604.0,5.808,425999939.0
-16.36724662780762,16.9784049987793,-2.895615577697754,23.0,8.0,31605.0,23.76,425999941.0
-4.391797065734863,4.557380199432373,1.002432107925415,5.0,9.0,31606.0,6.408,425999944.0
-19.60286903381348,20.34195327758789,-2.471562623977661,71.0,10.0,31606.0,28.358,425999946.0
-4.106625080108643,4.262945175170898,1.150578260421753,16.0,11.0,31607.0,6.03,425999948.0
-8.56180477142334,8.89081859588623,-0.6468724012374878,13.0,12.0,31608.0,12.36,425999951.0
-6.350722312927246,6.597071647644043,2.114089965820312,10.0,13.0,31609.0,9.398,425999953.0
-6.408830165863037,6.659759998321533,-0.1613300442695618,33.0,14.0,31610.0,9.244,425999955.0
-4.155282497406006,4.317977428436279,1.605713367462158,18.0,15.0,31610.0,6.204,425999957.0
-0.6340245604515076,0.6606928706169128,-0.2453604489564896,3.0,0.0,31618.0,0.9480000000000001,425999978.0
-5.736652851104736,5.980036735534668,0.1446455419063568,10.0,1.0,31619.0,8.288,425999980.0
-1.126253962516785,1.174446821212769,-0.3756682574748993,2.0,2.0,31620.0,1.67,425999983.0
-4.543086528778076,4.739141941070557,0.3440565764904022,16.0,3.0,31621.0,6.574,425999985.0
-4.361124515533447,4.549327850341797,-1.224993705749512,23.0,4.0,31621.0,6.42,425999987.0
-4.331299304962158,4.519794464111328,0.5476866960525513,20.0,5.0,31622.0,6.284,425999990.0
-13.2481861114502,13.82956886291504,-3.03326416015625,21.0,6.0,31623.0,19.39,425999992.0
-3.988470554351807,4.164955139160156,0.7080608606338501,13.0,7.0,31624.0,5.81,425999994.0
-16.30238914489746,17.02969932556152,-2.894640684127808,40.0,8.0,31625.0,23.752,425999997.0
-4.122584342956543,4.306507587432861,0.9442384243011475,5.0,9.0,31625.0,6.036,425999999.0
-19.53036689758301,20.40881538391113,-2.471388339996338,75.0,10.0,31626.0,28.356,426000001.0
-4.08221960067749,4.26732349395752,1.147906899452209,6.0,11.0,31627.0,6.016,426000004.0
-8.504490852355957,8.893224716186523,-0.6448836326599121,8.0,12.0,31628.0,12.322,426000006.0
-6.323615550994873,6.614974021911621,2.112740278244019,7.0,13.0,31629.0,9.392,426000008.0
-6.378636360168457,6.674861907958984,-0.1611555218696594,27.0,14.0,31630.0,9.234,426000010.0
-0.6450417637825012,0.6768872737884521,-0.2505368292331696,3.0,0.0,31638.0,0.968,426000033.0
-5.697813034057617,5.981202125549316,0.144191786646843,10.0,1.0,31639.0,8.262,426000036.0
-1.142305850982666,1.199539303779602,-0.3824167847633362,2.0,2.0,31640.0,1.7,426000038.0
-4.530100345611572,4.757074356079102,0.3442659080028534,37.0,3.0,31640.0,6.578,426000040.0
-4.347925186157227,4.567367076873779,-1.225757002830505,15.0,4.0,31641.0,6.424,426000043.0
-4.283905982971191,4.501689910888672,0.5436775088310242,12.0,5.0,31642.0,6.238,426000045.0
-3.995795249938965,4.201868057250977,0.7119607329368591,16.0,7.0,31644.0,5.842000000000001,426000050.0
-16.25789070129395,17.10232734680176,-2.897321701049805,42.0,8.0,31645.0,23.774,426000052.0
-3.999272346496582,4.208465576171875,0.9195218086242676,15.0,9.0,31646.0,5.878,426000054.0
-19.47135925292969,20.48986434936523,-2.472957134246826,60.0,10.0,31646.0,28.374,426000057.0
-4.752844333648682,5.003203868865967,1.341387271881104,8.0,11.0,31647.0,7.03,426000059.0
-8.423884391784668,8.870718002319336,-0.6411154866218567,7.0,12.0,31648.0,12.25,426000061.0
-6.315244674682617,6.652553558349609,2.11768913269043,4.0,13.0,31649.0,9.414,426000063.0
-6.363556861877441,6.705790042877197,-0.1613649427890778,27.0,14.0,31650.0,9.246,426000066.0
-0.653418242931366,0.6902461051940918,-0.254677951335907,3.0,0.0,31657.0,0.984,426000089.0
-5.654581069946289,5.975372314453125,0.1435984075069427,10.0,1.0,31658.0,8.228,426000091.0
-1.151713848114014,1.217477440834045,-0.3869158029556274,2.0,2.0,31659.0,1.72,426000093.0
-4.507437705993652,4.764815807342529,0.3437425494194031,48.0,3.0,31659.0,6.568000000000001,426000096.0
-4.355687141418457,4.606009960174561,-1.232244491577148,18.0,4.0,31660.0,6.458,426000098.0
-4.270322799682617,4.517318725585938,0.5438518524169922,14.0,5.0,31661.0,6.24,426000100.0
-13.75885772705078,14.5597620010376,-3.17280387878418,29.0,6.0,31662.0,20.282,426000103.0
-3.979112863540649,4.212209701538086,0.7114732265472412,16.0,7.0,31663.0,5.838,426000105.0
-16.20653915405273,17.16191864013672,-2.89829683303833,49.0,8.0,31664.0,23.782,426000107.0
-4.005019187927246,4.241116046905518,0.9239019751548767,17.0,9.0,31664.0,5.906,426000110.0
-19.40193748474121,20.55287170410156,-2.472782850265503,75.0,10.0,31665.0,28.372,426000112.0
-8.32315444946289,8.823057174682617,-0.6356725096702576,7.0,12.0,31667.0,12.146,426000116.0
-6.278442859649658,6.657863616943359,2.112740278244019,4.0,13.0,31668.0,9.392,426000119.0
-6.339913368225098,6.725400447845459,-0.1613300442695618,24.0,14.0,31669.0,9.244,426000121.0
-5.723565101623535,6.073699474334717,2.236196517944336,19.0,15.0,31670.0,8.64,426000123.0
-0.6562976241111755,0.698153018951416,-0.2567484974861145,3.0,0.0,31677.0,0.992,426000144.0
-5.626842021942139,5.987788200378418,0.1434238702058792,10.0,1.0,31678.0,8.218,426000146.0
-1.174142003059387,1.249897003173828,-0.3959138691425323,3.0,2.0,31679.0,1.76,426000149.0
-4.48667573928833,4.776153564453125,0.3434285521507263,54.0,3.0,31679.0,6.562,426000151.0
-4.328831195831299,4.609736919403076,-1.229191541671753,17.0,4.0,31680.0,6.442,426000153.0
-4.254528522491455,4.53219747543335,0.5438518524169922,14.0,5.0,31681.0,6.24,426000156.0
-13.72822761535645,14.62930774688721,-3.177496910095215,34.0,6.0,31682.0,20.312,426000158.0
-3.967101573944092,4.228969097137451,0.7119607329368591,15.0,7.0,31683.0,5.842000000000001,426000160.0
-16.16826057434082,17.24155426025391,-2.902196645736694,19.0,8.0,31684.0,23.814,426000163.0
-4.003702640533447,4.269479274749756,0.927030622959137,5.0,9.0,31684.0,5.926,426000165.0
-19.33825302124023,20.62919425964355,-2.473828554153442,86.0,10.0,31685.0,28.384,426000167.0
-7.979620456695557,8.518263816833496,-0.6117026805877686,7.0,12.0,31687.0,11.688,426000172.0
-6.229856014251709,6.652712821960449,2.10419225692749,4.0,13.0,31688.0,9.354000000000001,426000174.0
-6.571951866149902,7.020484447479248,-0.1678572446107864,23.0,14.0,31689.0,9.618,426000176.0
-5.707609176635742,6.099283695220947,2.238267183303833,16.0,15.0,31690.0,8.648,426000179.0
-0.6669144630432129,0.7146778702735901,-0.2619248628616333,3.0,0.0,31698.0,1.012,426000199.0
-5.569392681121826,5.970352649688721,0.1425163447856903,10.0,1.0,31699.0,8.166,426000202.0
-1.196133852005005,1.282696485519409,-0.4049119055271149,3.0,2.0,31700.0,1.8,426000204.0
-4.477312564849854,4.801330089569092,0.3440565764904022,28.0,3.0,31700.0,6.574,426000206.0
-4.314583778381348,4.628444194793701,-1.229954838752747,20.0,4.0,31701.0,6.446,426000209.0
-4.217514038085938,4.525896549224854,0.5412371754646301,15.0,5.0,31702.0,6.21,426000211.0
-13.66374492645264,14.66796207427979,-3.174993991851807,24.0,6.0,31703.0,20.296,426000213.0
-3.951575040817261,4.243481159210205,0.7119607329368591,16.0,7.0,31704.0,5.842000000000001,426000215.0
-16.08602333068848,17.28035736083984,-2.898784160614014,47.0,8.0,31705.0,23.786,426000218.0
-4.001486778259277,4.298583984375,0.930159330368042,15.0,9.0,31705.0,5.946,426000220.0
-19.2665843963623,20.70430946350098,-2.474351644515991,78.0,10.0,31706.0,28.39,426000222.0
-3.983462333679199,4.282217502593994,1.136839985847473,17.0,11.0,31707.0,5.958,426000225.0
-7.967387199401855,8.567930221557617,-0.6131680607795715,17.0,12.0,31708.0,11.716,426000227.0
-4.684920787811279,5.039811134338379,1.588604331016541,6.0,13.0,31709.0,7.062,426000229.0
-6.765335083007812,7.280367374420166,-0.1734769195318222,24.0,14.0,31710.0,9.94,426000232.0
-5.662612915039062,6.093697071075439,2.228949546813965,14.0,15.0,31710.0,8.612,426000234.0
-0.6617895364761353,0.7141674757003784,-0.2608895897865295,3.0,0.0,31718.0,1.008,426000255.0
-5.465623378753662,5.900270462036133,0.140387162566185,10.0,1.0,31719.0,8.044,426000257.0
-1.226074457168579,1.324040055274963,-0.4166093468666077,3.0,2.0,31720.0,1.852,426000259.0
-4.459168910980225,4.815464019775391,0.3439519107341766,24.0,3.0,31720.0,6.572,426000262.0
-4.302402019500732,4.647798538208008,-1.231099605560303,18.0,4.0,31721.0,6.452,426000264.0
-4.184098243713379,4.521580219268799,0.5389711260795593,16.0,5.0,31722.0,6.184,426000266.0
-13.59904670715332,14.7010669708252,-3.171865224838257,29.0,6.0,31723.0,20.276,426000268.0
-3.931347370147705,4.251419067382812,0.7109857201576233,16.0,7.0,31724.0,5.834000000000001,426000271.0
-16.04177474975586,17.3538932800293,-2.901709079742432,38.0,8.0,31725.0,23.81,426000273.0
-3.986457586288452,4.312525272369385,0.930159330368042,15.0,9.0,31725.0,5.946,426000275.0
-19.19825172424316,20.77582550048828,-2.474874496459961,75.0,10.0,31726.0,28.396,426000278.0
-7.884586811065674,8.53846263885498,-0.6090858578681946,20.0,12.0,31728.0,11.638,426000282.0
-3.968064308166504,4.298644542694092,1.350606083869934,16.0,13.0,31729.0,6.004,426000285.0
-6.738524436950684,7.302468776702881,-0.1734420210123062,27.0,14.0,31730.0,9.938,426000287.0
-5.695254325866699,6.174049377441406,2.250690460205078,23.0,15.0,31731.0,8.696,426000289.0
-0.6698846220970154,0.7277289032936096,-0.265030711889267,3.0,0.0,31737.0,1.024,426000310.0
-5.363429546356201,5.828601360321045,0.1382579654455185,13.0,1.0,31738.0,7.922000000000001,426000312.0
-1.232231497764587,1.339572429656982,-0.4202085733413696,4.0,2.0,31739.0,1.868,426000315.0
-4.474778175354004,4.866284370422363,0.3464640378952026,15.0,3.0,31740.0,6.62,426000317.0
-4.286965847015381,4.662040233612061,-1.231099605560303,18.0,4.0,31740.0,6.452,426000319.0
-4.160991191864014,4.526629447937012,0.5379252433776855,18.0,5.0,31741.0,6.172,426000321.0
-13.55423069000244,14.75044631958008,-3.17280387878418,27.0,6.0,31742.0,20.282,426000324.0
-3.910513162612915,4.25712251663208,0.7097670435905457,20.0,7.0,31743.0,5.824,426000326.0
-16.0150203704834,17.44062423706055,-2.907315015792847,49.0,8.0,31744.0,23.856,426000328.0
-3.97079873085022,4.32426643371582,0.929846465587616,15.0,9.0,31744.0,5.944,426000331.0
-19.13598823547363,20.84671401977539,-2.475745916366577,93.0,10.0,31745.0,28.406,426000333.0
-3.96484112739563,4.320805072784424,1.139892935752869,2.0,11.0,31746.0,5.974,426000335.0
-7.833277225494385,8.539541244506836,-0.6073064208030701,17.0,12.0,31747.0,11.604,426000338.0
-3.949836492538452,4.307470321655273,1.34925639629364,18.0,13.0,31748.0,5.998,426000340.0
-6.200803279876709,6.764618873596191,-0.1601781845092773,10.0,14.0,31749.0,9.178,426000342.0
-4.702009677886963,5.12954568862915,1.864532351493835,3.0,15.0,31749.0,7.204,426000345.0
-0.6751606464385986,0.7386181950569153,-0.2681365311145782,3.0,0.0,31757.0,1.036,426000365.0
-5.305281639099121,5.805953502655029,0.1372806280851364,16.0,1.0,31758.0,7.866000000000001,426000368.0
-1.240690946578979,1.358253836631775,-0.4247075915336609,4.0,2.0,31759.0,1.888,426000370.0
-4.508941173553467,4.937920570373535,0.350441575050354,11.0,3.0,31760.0,6.696,426000372.0
-4.273313999176025,4.67987585067749,-1.231862902641296,18.0,4.0,31760.0,6.456,426000374.0
-4.127703189849854,4.52199649810791,0.5356591939926147,16.0,5.0,31761.0,6.146,426000377.0
-13.48934459686279,14.78307723999023,-3.16967511177063,42.0,6.0,31762.0,20.262,426000379.0
-3.904993772506714,4.281013011932373,0.7114732265472412,18.0,7.0,31763.0,5.838,426000381.0
-15.97143077850342,17.51548957824707,-2.910483598709106,33.0,8.0,31764.0,23.882,426000384.0
-3.954922914505005,4.338790893554688,0.929846465587616,12.0,9.0,31765.0,5.944,426000386.0
-19.06712913513184,20.91780090332031,-2.476269006729126,89.0,10.0,31765.0,28.412,426000388.0
-3.944445371627808,4.328814029693604,1.138366460800171,4.0,11.0,31766.0,5.966,426000391.0
-7.80880069732666,8.572738647460938,-0.6077251434326172,16.0,12.0,31767.0,11.612,426000393.0
-3.974137544631958,4.364458560943604,1.362753510475159,14.0,13.0,31768.0,6.058,426000395.0
-6.411370277404785,7.043533802032471,-0.1662516295909882,11.0,14.0,31769.0,9.526,426000398.0
-4.000593185424805,4.396594524383545,1.592772364616394,13.0,15.0,31770.0,6.154,426000400.0
-0.6725782752037048,0.7409704923629761,-0.2681365311145782,3.0,0.0,31777.0,1.036,426000421.0
-5.267514228820801,5.805185317993164,0.1368268728256226,17.0,1.0,31778.0,7.84,426000423.0
-1.254271864891052,1.382784008979797,-0.4310062229633331,4.0,2.0,31779.0,1.916,426000425.0
-4.530583381652832,4.996537208557129,0.3534770607948303,7.0,3.0,31780.0,6.754,426000427.0
-4.2516770362854,4.68894624710083,-1.230336427688599,18.0,4.0,31780.0,6.448,426000430.0
-4.106541156768799,4.530472278594971,0.5349619388580322,16.0,5.0,31781.0,6.138,426000432.0
-13.45357704162598,14.84764003753662,-3.173429489135742,32.0,6.0,31782.0,20.286,426000434.0
-3.874034404754639,4.276962757110596,0.708548367023468,9.0,7.0,31783.0,5.814,426000437.0
-15.87288570404053,17.52993202209473,-2.903658866882324,23.0,8.0,31784.0,23.826,426000439.0
-7.390450954437256,8.161975860595703,1.743931412696838,2.0,9.0,31784.0,11.148,426000441.0
-19.00736618041992,20.99900245666504,-2.478012084960938,96.0,10.0,31785.0,28.432,426000444.0
-3.943800449371338,4.358569622039795,1.142564296722412,4.0,11.0,31786.0,5.988,426000446.0
-7.273727416992188,8.041524887084961,-0.568263828754425,5.0,12.0,31787.0,10.858,426000448.0
-3.948422431945801,4.366740703582764,1.359154224395752,4.0,13.0,31788.0,6.042,426000451.0
-6.418926239013672,7.101474761962891,-0.1670893430709839,12.0,14.0,31789.0,9.574,426000453.0
-3.982105493545532,4.405537605285645,1.591219544410706,18.0,15.0,31789.0,6.148,426000455.0
-0.6816284656524658,0.7562283873558044,-0.2727952599525452,3.0,0.0,31797.0,1.054,426000476.0
-5.244541168212891,5.820565700531006,0.1367570608854294,17.0,1.0,31798.0,7.836,426000478.0
-1.275521636009216,1.416113257408142,-0.4400042593479156,4.0,2.0,31799.0,1.956,426000480.0
-4.487722396850586,4.984120845794678,0.3514882922172546,5.0,3.0,31800.0,6.716,426000483.0
-4.233970165252686,4.702300071716309,-1.229954838752747,20.0,4.0,31800.0,6.446,426000485.0
-4.074706554412842,4.527009010314941,0.5328702330589294,10.0,5.0,31801.0,6.114,426000487.0
-13.44130516052246,14.93856525421143,-3.182815551757812,45.0,6.0,31802.0,20.346,426000490.0
-3.892269372940063,4.327357292175293,0.714641809463501,7.0,7.0,31803.0,5.864,426000492.0
-16.07174110412598,17.87455558776855,-2.951431751251221,22.0,8.0,31804.0,24.218,426000494.0
-3.900767087936401,4.339850902557373,0.9242148399353027,3.0,9.0,31805.0,5.908,426000497.0
-18.93528366088867,21.06670379638672,-2.478186368942261,69.0,10.0,31805.0,28.434,426000499.0
-26.29669761657715,29.26701927185059,7.648005962371826,2.0,11.0,31806.0,40.082,426000501.0
-7.244278430938721,8.065380096435547,-0.5681591629981995,16.0,12.0,31807.0,10.856,426000503.0
-3.942269325256348,4.390646457672119,1.362303614616394,3.0,13.0,31808.0,6.056,426000506.0
-6.36738395690918,7.094074249267578,-0.1663912385702133,17.0,14.0,31809.0,9.534,426000508.0
-5.68570613861084,6.336822986602783,2.281231164932251,15.0,15.0,31810.0,8.814,426000510.0
-0.6867149472236633,0.7672399878501892,-0.2759011089801788,3.0,0.0,31817.0,1.066,426000531.0
-5.20819091796875,5.820953845977783,0.1363382041454315,14.0,1.0,31818.0,7.812,426000533.0
-1.286160588264465,1.437987208366394,-0.4454030990600586,4.0,2.0,31819.0,1.98,426000536.0
-4.419710159301758,4.943176746368408,0.3475107550621033,5.0,3.0,31820.0,6.640000000000001,426000538.0
-4.225381374359131,4.725831985473633,-1.232244491577148,21.0,4.0,31820.0,6.458,426000540.0
-4.013736724853516,4.490697383880615,0.5269436240196228,7.0,5.0,31821.0,6.046,426000543.0
-13.42066478729248,15.0207462310791,-3.190324544906616,54.0,6.0,31822.0,20.394,426000545.0
-3.93532395362854,4.406061172485352,0.7253663539886475,4.0,7.0,31823.0,5.952,426000547.0
-16.07138633728027,18.00014305114746,-2.962887525558472,40.0,8.0,31824.0,24.312,426000550.0
-3.885038614273071,4.35128927230835,0.9239019751548767,5.0,9.0,31824.0,5.906,426000552.0
-18.86561012268066,21.13713073730469,-2.47870922088623,89.0,10.0,31825.0,28.44,426000554.0
-26.1865348815918,29.34984397888184,7.645716667175293,3.0,11.0,31826.0,40.07,426000556.0
-7.209433555603027,8.083166122436523,-0.5676357746124268,18.0,12.0,31827.0,10.846,426000559.0
-6.005799770355225,6.736026763916016,2.083496570587158,4.0,13.0,31828.0,9.262,426000561.0
-6.347904205322266,7.122228622436523,-0.1665308624505997,38.0,14.0,31829.0,9.542,426000563.0
-5.641524314880371,6.329683780670166,2.271913528442383,28.0,15.0,31829.0,8.778,426000566.0
-0.6942994594573975,0.7811840772628784,-0.2800422012805939,3.0,0.0,31837.0,1.082,426000586.0
-5.097524642944336,5.737444877624512,0.1339646726846695,12.0,1.0,31838.0,7.676,426000589.0
-1.305720686912537,1.470151662826538,-0.4539512395858765,4.0,2.0,31839.0,2.018,426000591.0
-4.379885673522949,4.933184146881104,0.3457313179969788,5.0,3.0,31840.0,6.606,426000593.0
-4.211466312408447,4.743488788604736,-1.233007669448853,21.0,4.0,31840.0,6.462,426000596.0
-3.890911102294922,4.383979797363281,0.5128244161605835,7.0,5.0,31841.0,5.884,426000598.0
-13.66050148010254,15.39701557159424,-3.260094165802002,100.0,6.0,31842.0,20.84,426000600.0
-3.868550062179565,4.361850738525391,0.7158605456352234,9.0,7.0,31843.0,5.874000000000001,426000603.0
-16.00977325439453,18.05761909484863,-2.963131189346313,25.0,8.0,31844.0,24.314,426000605.0
-3.866443872451782,4.362542629241943,0.9232761859893799,3.0,9.0,31845.0,5.902,426000607.0
-18.80096435546875,21.21329307556152,-2.479929447174072,100.0,10.0,31845.0,28.454,426000609.0
-6.543439388275146,7.385616779327393,1.918012022972107,5.0,11.0,31846.0,10.052,426000612.0
-7.187795162200928,8.115757942199707,-0.5681591629981995,31.0,12.0,31847.0,10.856,426000614.0
-5.983541965484619,6.758408546447754,2.083946466445923,6.0,13.0,31848.0,9.264,426000616.0
-6.329630851745605,7.151830673217773,-0.166705384850502,55.0,14.0,31849.0,9.552,426000619.0
-5.592685222625732,6.321381092071533,2.261560916900635,32.0,15.0,31850.0,8.738,426000621.0
-0.7094648480415344,0.8038809895515442,-0.2872891426086426,3.0,0.0,31857.0,1.11,426000642.0
-5.181978702545166,5.873666763305664,0.1367221474647522,20.0,1.0,31858.0,7.834000000000001,426000644.0
-1.337961316108704,1.517085313796997,-0.4669983983039856,3.0,2.0,31859.0,2.076,426000646.0
-4.345468521118164,4.928966522216797,0.3443706035614014,7.0,3.0,31860.0,6.58,426000649.0
-4.202672958374023,4.76699686050415,-1.235297441482544,20.0,4.0,31860.0,6.474,426000651.0
-3.808400630950928,4.321302890777588,0.5039345026016235,5.0,5.0,31861.0,5.782,426000653.0
-13.6105899810791,15.44905185699463,-3.261032819747925,82.0,6.0,31862.0,20.846,426000656.0
-3.851988792419434,4.373837947845459,0.715616762638092,16.0,7.0,31863.0,5.872,426000658.0
-16.22997665405273,18.43522262573242,-3.015778779983521,36.0,8.0,31864.0,24.746,426000660.0
-25.82938003540039,29.33894729614258,6.19105052947998,0.0,9.0,31864.0,39.576,426000662.0
-18.73338317871094,21.28627014160156,-2.480801105499268,96.0,10.0,31865.0,28.464,426000665.0
-3.881264209747314,4.411734580993652,1.142182588577271,4.0,11.0,31866.0,5.986,426000667.0
-7.130404472351074,8.107803344726562,-0.5658563375473022,14.0,12.0,31867.0,10.812,426000669.0
-5.930320739746094,6.74559211730957,2.073598861694336,6.0,13.0,31868.0,9.218,426000672.0
-6.290107250213623,7.15735912322998,-0.1663214266300201,38.0,14.0,31869.0,9.53,426000674.0
-5.481147289276123,6.236863613128662,2.22480845451355,8.0,15.0,31869.0,8.596,426000676.0
-0.709200918674469,0.8092583417892456,-0.2883244156837463,3.0,0.0,31877.0,1.114,426000697.0
-5.174621105194092,5.906760692596436,0.1370712071657181,16.0,1.0,31878.0,7.854,426000699.0
-1.371173620223999,1.565727591514587,-0.4804954528808594,4.0,2.0,31879.0,2.136,426000702.0
-4.317712306976318,4.932083129882812,0.3435332179069519,15.0,3.0,31880.0,6.564,426000704.0
-4.175662040710449,4.769820213317871,-1.232244491577148,21.0,4.0,31880.0,6.458,426000706.0
-3.797229766845703,4.339068412780762,0.504457414150238,8.0,5.0,31881.0,5.788,426000709.0
-13.56178283691406,15.50241470336914,-3.262284278869629,75.0,6.0,31882.0,20.854,426000711.0
-3.839311361312866,4.390245914459229,0.71610426902771,14.0,7.0,31883.0,5.876,426000713.0
-16.18381690979004,18.51268768310547,-3.019191026687622,42.0,8.0,31884.0,24.774,426000715.0
-25.70997619628906,29.4200325012207,6.188234806060791,0.0,9.0,31885.0,39.558,426000718.0
-18.66420936584473,21.3575325012207,-2.481498241424561,62.0,10.0,31885.0,28.472,426000720.0
-3.876173734664917,4.437084197998047,1.145235538482666,4.0,11.0,31886.0,6.002,426000722.0
-7.006156921386719,8.02282428741455,-0.558215320110321,6.0,12.0,31887.0,10.666,426000725.0
-5.916990280151367,6.777996063232422,2.077198028564453,3.0,13.0,31888.0,9.234,426000727.0
-6.255881309509277,7.168725490570068,-0.1660770922899246,60.0,14.0,31889.0,9.516,426000729.0
-3.947009086608887,4.52454137802124,1.608819127082825,8.0,15.0,31890.0,6.216,426000732.0
-0.7165171504020691,0.8233875632286072,-0.2924655079841614,3.0,0.0,31897.0,1.13,426000752.0
-5.151346206665039,5.921770095825195,0.1370013952255249,19.0,1.0,31898.0,7.850000000000001,426000755.0
-1.406619787216187,1.617560625076294,-0.4948923289775848,3.0,2.0,31899.0,2.2,426000757.0
-4.307021141052246,4.95466136932373,0.3440565764904022,16.0,3.0,31900.0,6.574,426000759.0
-4.158986568450928,4.784367084503174,-1.232244491577148,22.0,4.0,31900.0,6.458,426000762.0
-3.783367156982422,4.353800773620605,0.504631757736206,10.0,5.0,31901.0,5.79,426000764.0
-13.51147270202637,15.55413341522217,-3.263222932815552,71.0,6.0,31902.0,20.86,426000766.0
-3.827867746353149,4.408117294311523,0.7168354988098145,15.0,7.0,31903.0,5.882000000000001,426000768.0
-25.61486434936523,29.50811004638672,6.188860416412354,0.0,9.0,31904.0,39.562,426000773.0
-8.427712440490723,9.712079048156738,-1.125006318092346,5.0,10.0,31905.0,12.908,426000775.0
-3.85422945022583,4.443172454833984,1.143327474594116,14.0,11.0,31906.0,5.992,426000778.0
-6.450793266296387,7.439125061035156,-0.5160325169563293,12.0,12.0,31907.0,9.86,426000780.0
-5.88180685043335,6.785356044769287,2.073148965835571,3.0,13.0,31908.0,9.216000000000001,426000782.0
-3.942104339599609,4.549285411834717,1.612960338592529,17.0,15.0,31909.0,6.232,426000787.0
-0.6984816789627075,0.8083427548408508,-0.2862538695335388,3.0,0.0,31917.0,1.106,426000808.0
-5.125415325164795,5.933662414550781,0.1368617713451385,17.0,1.0,31918.0,7.842000000000001,426000810.0
-1.449361801147461,1.678509473800659,-0.5119885802268982,3.0,2.0,31919.0,2.276,426000812.0
-4.29100513458252,4.971177101135254,0.3441612422466278,16.0,3.0,31920.0,6.576000000000001,426000815.0
-4.149957656860352,4.807772636413574,-1.23453414440155,20.0,4.0,31920.0,6.47,426000817.0
-3.766844987869263,4.365471839904785,0.504457414150238,13.0,5.0,31921.0,5.788,426000819.0
-13.47257900238037,15.6191520690918,-3.266977310180664,56.0,6.0,31922.0,20.884,426000821.0
-3.805975675582886,4.413935661315918,0.715616762638092,9.0,7.0,31923.0,5.872,426000824.0
-15.48780727386475,17.96814155578613,-2.91267728805542,2.0,8.0,31924.0,23.9,426000826.0
-25.52718162536621,29.61529922485352,6.192614555358887,0.0,9.0,31924.0,39.586,426000828.0
-8.38725757598877,9.733891487121582,-1.12413477897644,14.0,10.0,31925.0,12.898,426000831.0
-3.859196901321411,4.480399608612061,1.149433374404907,5.0,11.0,31926.0,6.024,426000833.0
-6.400025367736816,7.432840347290039,-0.5140437483787537,7.0,12.0,31927.0,9.822000000000001,426000835.0
-3.848182678222656,4.470767498016357,1.361853718757629,4.0,13.0,31928.0,6.054,426000838.0
-5.614850997924805,6.525562763214111,-0.1502652168273926,8.0,14.0,31929.0,8.61,426000840.0
-4.457925796508789,5.18098783493042,1.831403613090515,14.0,15.0,31929.0,7.076000000000001,426000842.0
-0.7108959555625916,0.8282456398010254,-0.2924655079841614,4.0,0.0,31936.0,1.13,426000863.0
-5.101804256439209,5.946073532104492,0.1367570608854294,11.0,1.0,31937.0,7.836,426000865.0
-1.488192439079285,1.735077738761902,-0.52773517370224,4.0,2.0,31938.0,2.346,426000868.0
-4.277096748352051,4.988411903381348,0.3443706035614014,16.0,3.0,31939.0,6.58,426000870.0
-4.132713794708252,4.820017337799072,-1.234152555465698,18.0,4.0,31939.0,6.468,426000872.0
-3.767906904220581,4.396092414855957,0.5065491795539856,2.0,5.0,31940.0,5.812,426000874.0
-12.40792369842529,14.48168754577637,-3.020436763763428,28.0,6.0,31941.0,19.308,426000877.0
-15.45137691497803,18.04654502868652,-2.917064666748047,33.0,8.0,31943.0,23.936,426000881.0
-25.42878723144531,29.71022796630859,6.19386625289917,0.0,9.0,31944.0,39.594,426000884.0
-8.358819007873535,9.766191482543945,-1.1246577501297,23.0,10.0,31944.0,12.904,426000886.0
-3.831554651260376,4.478254795074463,1.145617246627808,4.0,11.0,31945.0,6.004,426000888.0
-6.818020343780518,7.97160005569458,-0.5497368574142456,10.0,12.0,31946.0,10.504,426000891.0
-5.82788610458374,6.816347599029541,2.070449590682983,7.0,13.0,31947.0,9.204,426000893.0
-5.586684703826904,6.536545753479004,-0.1500906944274902,14.0,14.0,31948.0,8.6,426000895.0
-5.336897850036621,6.244289398193359,2.200997114181519,6.0,15.0,31948.0,8.504,426000897.0
-0.7117598056793213,0.8351330161094666,-0.2940184473991394,3.0,0.0,31956.0,1.136,426000918.0
-5.062861442565918,5.942535400390625,0.1362683922052383,11.0,1.0,31957.0,7.808,426000921.0
-1.503606915473938,1.765483140945435,-0.5353835225105286,3.0,2.0,31958.0,2.38,426000923.0
-4.258362770080566,5.001790523529053,0.3442659080028534,16.0,3.0,31959.0,6.578,426000925.0
-4.124772548675537,4.84487771987915,-1.236823916435242,20.0,4.0,31959.0,6.482,426000927.0
-3.752538681030273,4.409218311309814,0.5065491795539856,3.0,5.0,31960.0,5.812,426000930.0
-13.55667495727539,15.93467235565186,-3.313594818115234,48.0,6.0,31961.0,21.182,426000932.0
-3.752694129943848,4.412520408630371,0.7112295031547546,6.0,7.0,31962.0,5.836,426000934.0
-15.35614395141602,18.06256103515625,-2.910971164703369,28.0,8.0,31963.0,23.886,426000937.0
-3.787801265716553,4.45695161819458,0.9264048933982849,3.0,9.0,31964.0,5.922,426000939.0
-8.340160369873047,9.813528060913086,-1.126749396324158,23.0,10.0,31964.0,12.928,426000941.0
-6.505587100982666,7.657567977905273,1.953120827674866,4.0,11.0,31965.0,10.236,426000944.0
-6.947882652282715,8.181077003479004,-0.5625068545341492,16.0,12.0,31966.0,10.748,426000946.0
-5.74856424331665,6.771283626556396,2.050653696060181,4.0,13.0,31967.0,9.116,426000948.0
-5.574184894561768,6.568203926086426,-0.1503699272871017,19.0,14.0,31968.0,8.616,426000950.0
-5.41145658493042,6.378713607788086,2.24137282371521,3.0,15.0,31969.0,8.66,426000953.0
-0.7188239693641663,0.8494097590446472,-0.2981595396995544,3.0,0.0,31976.0,1.152,426000974.0
-5.044670581817627,5.963225364685059,0.1363382041454315,11.0,1.0,31977.0,7.812,426000976.0
-1.547768950462341,1.830240964889526,-0.5533795952796936,4.0,2.0,31978.0,2.46,426000978.0
-4.239588260650635,5.01509952545166,0.3441612422466278,16.0,3.0,31979.0,6.576000000000001,426000980.0
-4.109103202819824,4.860745906829834,-1.237205505371094,21.0,4.0,31979.0,6.484,426000983.0
-3.742268800735474,4.428377151489258,0.5072464346885681,2.0,5.0,31980.0,5.82,426000985.0
-13.59020233154297,16.08752822875977,-3.335495710372925,20.0,6.0,31981.0,21.322,426000987.0
-3.755199432373047,4.446825981140137,0.714641809463501,18.0,7.0,31982.0,5.864,426000990.0
-15.28915882110596,18.11150360107422,-2.910239934921265,16.0,8.0,31983.0,23.88,426000992.0
-3.776042461395264,4.47467565536499,0.927343487739563,3.0,9.0,31984.0,5.928,426000994.0
-8.304569244384766,9.841058731079102,-1.126575112342834,9.0,10.0,31984.0,12.926,426000997.0
-6.480083465576172,7.6817307472229,1.953502535820007,4.0,11.0,31985.0,10.238,426000999.0
-6.834304809570312,8.104507446289062,-0.5555984973907471,9.0,12.0,31986.0,10.616,426001001.0
-5.70479679107666,6.767468929290771,2.043455362319946,3.0,13.0,31987.0,9.084,426001003.0
-5.560244083404541,6.598325729370117,-0.1506142616271973,24.0,14.0,31988.0,8.63,426001006.0
-3.856598138809204,4.576613903045654,1.603642821311951,4.0,15.0,31988.0,6.196,426001008.0
-0.7344966530799866,0.8740990161895752,-0.305924117565155,3.0,0.0,31996.0,1.182,426001029.0
-5.018679618835449,5.974673271179199,0.1361985802650452,11.0,1.0,31997.0,7.804,426001031.0
-1.594002962112427,1.89831268787384,-0.5722754597663879,4.0,2.0,31998.0,2.544,426001033.0
-4.224624633789062,5.0329270362854,0.3443706035614014,16.0,3.0,31999.0,6.58,426001036.0
-4.080750942230225,4.861526012420654,-1.233770966529846,21.0,4.0,31999.0,6.466,426001038.0
-3.712700605392456,4.424624443054199,0.5053290128707886,2.0,5.0,32000.0,5.798,426001040.0
-13.58474349975586,16.19540596008301,-3.348010301589966,25.0,6.0,32001.0,21.402,426001043.0
-3.735827684402466,4.455343723297119,0.7139106392860413,9.0,7.0,32002.0,5.858000000000001,426001045.0
-15.23349571228027,18.17388916015625,-2.911702394485474,14.0,8.0,32003.0,23.892,426001047.0
-3.770549297332764,4.499942302703857,0.929846465587616,7.0,9.0,32004.0,5.944,426001050.0
-18.2550220489502,21.78635787963867,-2.486727714538574,65.0,10.0,32004.0,28.532,426001052.0
-6.431798934936523,7.678718090057373,1.947015047073364,7.0,11.0,32005.0,10.204,426001054.0
-6.432849884033203,7.682696342468262,-0.5251389741897583,7.0,12.0,32006.0,10.034,426001056.0
-3.812442302703857,4.554781436920166,1.371301651000977,3.0,13.0,32007.0,6.096,426001059.0
-5.446067333221436,6.508805274963379,-0.1481360197067261,8.0,14.0,32008.0,8.488,426001061.0
-3.839359521865845,4.588566780090332,1.603125214576721,8.0,15.0,32008.0,6.194,426001063.0
-0.7240152359008789,0.8677574992179871,-0.3028182685375214,3.0,0.0,32016.0,1.17,426001084.0
-4.979861736297607,5.970655918121338,0.1357099115848541,11.0,1.0,32017.0,7.776,426001086.0
-1.614821434020996,1.936793684959412,-0.5821733474731445,4.0,2.0,32018.0,2.588,426001089.0
-4.214306354522705,5.05457878112793,0.3448939621448517,16.0,3.0,32018.0,6.59,426001091.0
-4.066270351409912,4.878757476806641,-1.23453414440155,20.0,4.0,32019.0,6.47,426001093.0
-3.708711385726929,4.451333522796631,0.5068978071212769,2.0,5.0,32020.0,5.816,426001096.0
-13.52559947967529,16.23969078063965,-3.347384691238403,23.0,6.0,32021.0,21.398,426001098.0
-7.448126792907715,8.945867538452148,1.429283618927002,3.0,7.0,32022.0,11.728,426001100.0
-15.17631340026855,18.23458290100098,-2.912920951843262,28.0,8.0,32023.0,23.902,426001102.0
-3.761924743652344,4.520012378692627,0.9314107894897461,15.0,9.0,32023.0,5.954,426001105.0
-18.17758750915527,21.84841537475586,-2.486553430557251,77.0,10.0,32024.0,28.53,426001107.0
-6.430063724517822,7.731311321258545,1.954647302627563,3.0,11.0,32025.0,10.244,426001109.0
-6.347257614135742,7.634457588195801,-0.5203240513801575,16.0,12.0,32026.0,9.942,426001112.0
-3.777836084365845,4.545580863952637,1.364553093910217,4.0,13.0,32027.0,6.066,426001114.0
-5.264857769012451,6.33704948425293,-0.1438078284263611,6.0,14.0,32028.0,8.24,426001116.0
-3.804801225662231,4.579651355743408,1.595360636711121,13.0,15.0,32028.0,6.164,426001119.0
-0.730841338634491,0.8821807503700256,-0.3069593906402588,3.0,0.0,32036.0,1.186,426001139.0
-4.943684577941895,5.969521045684814,0.1352910548448563,11.0,1.0,32037.0,7.752,426001142.0
-1.665215015411377,2.011469125747681,-0.6028688549995422,4.0,2.0,32038.0,2.68,426001144.0
-4.200845718383789,5.076146125793457,0.345312625169754,18.0,3.0,32039.0,6.598,426001146.0
-4.059228897094727,4.905021667480469,-1.237587094306946,20.0,4.0,32039.0,6.486,426001149.0
-3.684260606765747,4.453505992889404,0.5056776404380798,6.0,5.0,32040.0,5.802,426001151.0
-13.52170372009277,16.35074043273926,-3.360525131225586,19.0,6.0,32041.0,21.482,426001153.0
-7.552189350128174,9.135519981384277,1.455363750457764,7.0,7.0,32042.0,11.942,426001155.0
-15.12648010253906,18.30427932739258,-2.915602207183838,28.0,8.0,32043.0,23.924,426001158.0
-3.741558313369751,4.529201507568359,0.930472195148468,10.0,9.0,32044.0,5.948,426001160.0
-18.12151336669922,21.93631172180176,-2.489342212677002,46.0,10.0,32044.0,28.562,426001162.0
-6.358714580535889,7.702775001525879,-0.5234642624855042,13.0,12.0,32046.0,10.002,426001167.0
-3.783031940460205,4.584291934967041,1.372201442718506,16.0,13.0,32047.0,6.100000000000001,426001169.0
-5.00983715057373,6.073098182678223,-0.1374202519655228,8.0,14.0,32048.0,7.874000000000001,426001172.0
-3.791677713394165,4.598037242889404,1.596913456916809,16.0,15.0,32049.0,6.17,426001174.0
-0.7477105855941772,0.9083367586135864,-0.3152416050434113,3.0,0.0,32054.0,1.218,426001195.0
-4.912199974060059,5.969581604003906,0.1349420100450516,11.0,1.0,32055.0,7.732,426001197.0
-1.713358521461487,2.082910299301147,-0.6226645112037659,4.0,2.0,32056.0,2.768,426001199.0
-4.188303470611572,5.091672897338867,0.3455219864845276,18.0,3.0,32056.0,6.602,426001202.0
-4.042552471160889,4.916233062744141,-1.237205505371094,18.0,4.0,32057.0,6.484,426001204.0
-3.679107666015625,4.475832462310791,0.5068978071212769,18.0,5.0,32058.0,5.816,426001206.0
-14.99776077270508,18.25207710266113,-3.741599559783936,15.0,6.0,32059.0,23.918,426001208.0
-7.548652172088623,9.189879417419434,1.460238456726074,10.0,7.0,32060.0,11.982,426001211.0
-15.0789794921875,18.36398315429688,-2.91755199432373,33.0,8.0,32061.0,23.94,426001213.0
-7.650136947631836,9.320059776306152,1.909751892089844,4.0,9.0,32062.0,12.208,426001215.0
-18.0626220703125,22.00545310974121,-2.490736722946167,19.0,10.0,32062.0,28.578,426001218.0
-3.748482227325439,4.568351745605469,1.148670196533203,16.0,11.0,32063.0,6.02,426001220.0
-6.305351257324219,7.687195777893066,-0.5210567712783813,18.0,12.0,32064.0,9.956,426001222.0
-3.762433290481567,4.588619232177734,1.369951963424683,16.0,13.0,32065.0,6.09,426001225.0
-5.082004070281982,6.200159549713135,-0.1399333924055099,9.0,14.0,32066.0,8.018,426001227.0
-3.776793718338013,4.607773303985596,1.59639585018158,18.0,15.0,32066.0,6.168,426001229.0
-0.7543157935142517,0.9229075908660889,-0.3193826973438263,3.0,0.0,32074.0,1.234,426001250.0
-4.876150131225586,5.968109607696533,0.1345231533050537,20.0,1.0,32075.0,7.708,426001252.0
-1.760316848754883,2.155287742614746,-0.6424602270126343,5.0,2.0,32076.0,2.856,426001254.0
-4.161661148071289,5.095433235168457,0.3447892665863037,16.0,3.0,32076.0,6.588,426001257.0
-4.022883415222168,4.927272796630859,-1.23644232749939,16.0,4.0,32077.0,6.48,426001259.0
-3.655902862548828,4.479386329650879,0.5058519244194031,13.0,5.0,32078.0,5.804,426001261.0
-14.94644546508789,18.31962394714355,-3.744728326797485,54.0,6.0,32079.0,23.938,426001264.0
-7.515272617340088,9.214634895324707,1.459994792938232,10.0,7.0,32080.0,11.98,426001266.0
-15.04363536834717,18.4518928527832,-2.923158168792725,35.0,8.0,32081.0,23.986,426001268.0
-3.701453924179077,4.541666507720947,0.927969217300415,5.0,9.0,32082.0,5.932,426001271.0
-8.40817928314209,10.31679630279541,-1.164400696754456,5.0,10.0,32082.0,13.36,426001273.0
-3.73995304107666,4.590540885925293,1.150959849357605,14.0,11.0,32083.0,6.032,426001275.0
-6.284785747528076,7.716902256011963,-0.521580159664154,16.0,12.0,32084.0,9.966000000000001,426001278.0
-5.2736496925354,6.479976177215576,-0.1458323150873184,9.0,14.0,32086.0,8.356,426001282.0
-3.766783475875854,4.628420352935791,1.598984003067017,21.0,15.0,32086.0,6.178,426001284.0
-0.7630987167358398,0.9406687617301941,-0.3245590925216675,3.0,0.0,32095.0,1.254,426001305.0
-4.752220630645752,5.860134124755859,0.1316958516836166,9.0,1.0,32096.0,7.546,426001307.0
-1.796583771705627,2.216222524642944,-0.6586567163467407,5.0,2.0,32097.0,2.928,426001310.0
-4.147095203399658,5.117582321166992,0.3452079594135284,16.0,3.0,32098.0,6.596,426001312.0
-3.983784437179565,4.916054248809814,-1.229954838752747,13.0,4.0,32098.0,6.446,426001314.0
-3.641968727111816,4.495852470397949,0.5062005519866943,17.0,5.0,32099.0,5.808,426001317.0
-14.87422752380371,18.36814117431641,-3.743476629257202,51.0,6.0,32100.0,23.93,426001319.0
-7.455220222473145,9.209715843200684,1.454876184463501,9.0,7.0,32101.0,11.938,426001321.0
-14.97840213775635,18.50999450683594,-2.923645496368408,35.0,8.0,32102.0,23.99,426001324.0
-7.571216106414795,9.356348991394043,1.906310439109802,2.0,9.0,32102.0,12.186,426001326.0
-17.88840484619141,22.11400413513184,-2.488470792770386,31.0,10.0,32103.0,28.552,426001328.0
-6.395688056945801,7.909301280975342,1.977162837982178,5.0,11.0,32104.0,10.362,426001331.0
-6.266504287719727,7.752311229705811,-0.5224174857139587,16.0,12.0,32105.0,9.982000000000001,426001333.0
-3.727051973342896,4.612393856048584,1.369052171707153,19.0,13.0,32106.0,6.086,426001335.0
-5.291329860687256,6.550595760345459,-0.1469841599464417,6.0,14.0,32107.0,8.422,426001337.0
-3.750197649002075,4.644352912902832,1.599501729011536,19.0,15.0,32108.0,6.18,426001340.0
-0.7598105072975159,0.9433267712593079,-0.3245590925216675,3.0,0.0,32115.0,1.254,426001360.0
-4.527317047119141,5.622803688049316,0.1260063797235489,10.0,1.0,32116.0,7.22,426001363.0
-1.827937006950378,2.271059036254883,-0.6730535626411438,4.0,2.0,32117.0,2.992,426001365.0
-4.127597332000732,5.128194808959961,0.3449986279010773,18.0,3.0,32117.0,6.592000000000001,426001367.0
-3.96536922454834,4.92840051651001,-1.229573130607605,13.0,4.0,32118.0,6.444,426001370.0
-3.628750562667847,4.511642932891846,0.5065491795539856,16.0,5.0,32119.0,5.812,426001372.0
-14.80754470825195,18.41687202453613,-3.74285101890564,36.0,6.0,32120.0,23.926,426001374.0
-7.415565013885498,9.226400375366211,1.453413844108582,9.0,7.0,32121.0,11.926,426001377.0
-14.92613220214844,18.57764053344727,-2.926082849502563,22.0,8.0,32122.0,24.01,426001379.0
-24.61945915222168,30.65328598022461,6.227030277252197,1.0,9.0,32123.0,39.806,426001381.0
-17.84104537963867,22.21359443664551,-2.492654323577881,73.0,10.0,32123.0,28.6,426001384.0
-6.353291511535645,7.913207054138184,1.972583413124084,7.0,11.0,32124.0,10.338,426001386.0
-6.246906280517578,7.783483982086182,-0.523045539855957,16.0,12.0,32125.0,9.994,426001388.0
-3.71336817741394,4.628415584564209,1.369951963424683,17.0,13.0,32126.0,6.09,426001390.0
-5.153329849243164,6.425508975982666,-0.1437729299068451,6.0,14.0,32127.0,8.238,426001393.0
-3.732754707336426,4.65590763092041,1.598984003067017,21.0,15.0,32128.0,6.178,426001395.0
-0.7639191150665283,0.9548923373222351,-0.3276649117469788,3.0,0.0,32134.0,1.266,426001416.0
-4.412478446960449,5.517534255981445,0.1233187019824982,7.0,1.0,32135.0,7.066,426001418.0
-1.83499801158905,2.295373678207397,-0.6784523725509644,3.0,2.0,32136.0,3.016,426001420.0
-4.121793270111084,5.15589427947998,0.3459406793117523,20.0,3.0,32136.0,6.61,426001423.0
-3.944101572036743,4.935388565063477,-1.228046655654907,8.0,4.0,32137.0,6.436,426001425.0
-3.616256713867188,4.526764869689941,0.5068978071212769,11.0,5.0,32138.0,5.816,426001427.0
-14.74639129638672,18.46587371826172,-3.74285101890564,15.0,6.0,32139.0,23.926,426001430.0
-3.627445220947266,4.544022083282471,0.7139106392860413,4.0,7.0,32140.0,5.858000000000001,426001432.0
-14.92511558532715,18.70306396484375,-2.938026189804077,17.0,8.0,32141.0,24.108,426001434.0
-17.79089164733887,22.30222702026367,-2.495966196060181,100.0,10.0,32142.0,28.638,426001439.0
-6.3429274559021,7.95418643951416,1.97754442691803,6.0,11.0,32143.0,10.364,426001441.0
-6.232265472412109,7.818212509155273,-0.5239875912666321,13.0,12.0,32144.0,10.012,426001443.0
-5.580396175384521,7.00296688079834,2.067300081253052,6.0,13.0,32145.0,9.19,426001446.0
-5.022351741790771,6.30492115020752,-0.1407012939453125,14.0,14.0,32146.0,8.062,426001448.0
-3.717294454574585,4.66826057434082,1.598984003067017,18.0,15.0,32147.0,6.178,426001450.0
-0.7677905559539795,0.9666293859481812,-0.33077073097229,3.0,0.0,32154.0,1.278,426001471.0
-4.383244037628174,5.520374298095703,0.1230394616723061,7.0,1.0,32155.0,7.05,426001473.0
-1.848781824111938,2.329239845275879,-0.6865506172180176,3.0,2.0,32156.0,3.052,426001476.0
-4.101287364959717,5.167121887207031,0.3457313179969788,18.0,3.0,32156.0,6.606,426001478.0
-13.44500637054443,16.94514274597168,-4.204667091369629,19.0,4.0,32157.0,22.036,426001480.0
-3.599195003509521,4.53779935836792,0.5067234635353088,3.0,5.0,32158.0,5.814,426001483.0
-14.68552494049072,18.52187919616699,-3.743789672851562,15.0,6.0,32159.0,23.932,426001485.0
-6.188606262207031,7.808077812194824,1.223324418067932,6.0,7.0,32160.0,10.038,426001487.0
-14.8831615447998,18.78461074829102,-2.942657232284546,12.0,8.0,32161.0,24.146,426001490.0
-6.372865676879883,8.043438911437988,1.625354051589966,12.0,9.0,32161.0,10.39,426001492.0
-17.72777938842773,22.38293647766113,-2.498057842254639,93.0,10.0,32162.0,28.662,426001494.0
-24.6011962890625,31.0723934173584,7.703722476959229,2.0,11.0,32163.0,40.374,426001496.0
-7.466747760772705,9.434213638305664,-0.63054358959198,13.0,12.0,32164.0,12.048,426001499.0
-5.531734943389893,6.991837978363037,2.058302164077759,10.0,13.0,32165.0,9.15,426001501.0
-3.709363460540771,4.691815853118896,1.602607488632202,17.0,15.0,32167.0,6.192,426001506.0
-0.775178074836731,0.9829557538032532,-0.3354294896125793,3.0,0.0,32174.0,1.296,426001526.0
-4.091587543487549,5.190154075622559,0.1153604090213776,15.0,1.0,32175.0,6.61,426001529.0
-1.931103944778442,2.450473308563232,-0.7202932834625244,3.0,2.0,32176.0,3.202,426001531.0
-4.079516887664795,5.176700592041016,0.345417320728302,13.0,3.0,32176.0,6.600000000000001,426001533.0
-15.10485935211182,19.17418670654297,-4.744656562805176,18.0,4.0,32177.0,24.866,426001536.0
-3.574704647064209,4.53937816619873,0.5055032968521118,5.0,5.0,32178.0,5.8,426001538.0
-14.63788795471191,18.59475898742676,-3.748169898986816,6.0,6.0,32179.0,23.96,426001540.0
-6.091340065002441,7.740712642669678,1.209431409835815,9.0,7.0,32180.0,9.924,426001542.0
-17.52375221252441,22.2767162322998,-3.480100870132446,45.0,8.0,32181.0,28.556,426001545.0
-6.348413944244385,8.070293426513672,1.626292705535889,5.0,9.0,32181.0,10.396,426001547.0
-17.64953994750977,22.44468116760254,-2.498057842254639,34.0,10.0,32182.0,28.662,426001549.0
-3.665333986282349,4.662830352783203,1.152867913246155,3.0,11.0,32183.0,6.042,426001552.0
-7.436238765716553,9.463360786437988,-0.6307529211044312,14.0,12.0,32184.0,12.052,426001554.0
-5.50127649307251,7.003442287445068,2.056052684783936,13.0,13.0,32185.0,9.14,426001556.0
-5.404281616210938,6.882435321807861,-0.1527434587478638,24.0,14.0,32186.0,8.752,426001559.0
-3.709294557571411,4.723843097686768,1.609336853027344,13.0,15.0,32186.0,6.218,426001561.0
-0.7657873630523682,0.9780502915382385,-0.3328412771224976,3.0,0.0,32194.0,1.286,426001582.0
-4.052493095397949,5.177635192871094,0.1147670224308968,27.0,1.0,32195.0,6.576000000000001,426001584.0
-2.025810241699219,2.589191198348999,-0.7589848637580872,4.0,2.0,32196.0,3.374,426001586.0
-4.055268287658691,5.18304443359375,0.3448939621448517,7.0,3.0,32196.0,6.59,426001589.0
-15.0523509979248,19.24535179138184,-4.749236106872559,12.0,4.0,32197.0,24.89,426001591.0
-3.563746213912964,4.558106899261475,0.5062005519866943,8.0,5.0,32198.0,5.808,426001593.0
-14.62033176422119,18.70644187927246,-3.760371685028076,3.0,6.0,32199.0,24.038,426001595.0
-5.956734180450439,7.624271869659424,1.187982320785522,13.0,7.0,32200.0,9.748,426001598.0
-17.44710731506348,22.33931541442871,-3.480344772338867,75.0,8.0,32201.0,28.558,426001600.0
-5.951789379119873,7.620684146881104,1.531493425369263,18.0,9.0,32201.0,9.790000000000001,426001602.0
-7.772180080413818,9.955097198486328,-1.104960560798645,9.0,10.0,32202.0,12.678,426001605.0
-6.31484842300415,8.091365814208984,1.995098829269409,4.0,11.0,32203.0,10.456,426001607.0
-7.47318696975708,9.579019546508789,-0.6367192268371582,21.0,12.0,32204.0,12.166,426001609.0
-5.432454586029053,6.96574592590332,2.039406299591064,6.0,13.0,32205.0,9.066,426001612.0
-5.374077320098877,6.893372535705566,-0.1525689363479614,22.0,14.0,32206.0,8.742,426001614.0
-3.700268268585205,4.748073101043701,1.612960338592529,15.0,15.0,32207.0,6.232,426001616.0
-0.7720271348953247,0.9927844405174255,-0.336982399225235,3.0,0.0,32213.0,1.302,426001637.0
-4.096665382385254,5.269984245300293,0.116512268781662,11.0,1.0,32214.0,6.676,426001639.0
-2.158310413360596,2.777468919754028,-0.812073290348053,5.0,2.0,32215.0,3.61,426001642.0
-4.008970737457275,5.160890579223633,0.3424865007400513,7.0,3.0,32216.0,6.544,426001644.0
-14.97520065307617,19.27810668945312,-4.745038032531738,30.0,4.0,32216.0,24.868,426001646.0
-3.552277326583862,4.574620723724365,0.5067234635353088,10.0,5.0,32217.0,5.814,426001648.0
-14.52672576904297,18.7142505645752,-3.75223708152771,3.0,6.0,32218.0,23.986,426001651.0
-5.92046594619751,7.629868507385254,1.185788750648499,15.0,7.0,32219.0,9.73,426001653.0
-17.39483261108398,22.4252815246582,-3.484731912612915,100.0,8.0,32220.0,28.594,426001655.0
-5.996707439422607,7.730908870697021,1.549639821052551,7.0,9.0,32220.0,9.906,426001658.0
-7.72081184387207,9.957198143005371,-1.102345824241638,14.0,10.0,32221.0,12.648,426001660.0
-6.237465858459473,8.047091484069824,1.979070901870728,13.0,11.0,32222.0,10.372,426001662.0
-7.541691780090332,9.733209609985352,-0.6453023552894592,30.0,12.0,32223.0,12.33,426001665.0
-5.312666416168213,6.858930587768555,2.00296425819397,3.0,13.0,32224.0,8.904,426001667.0
-5.34751558303833,6.906412124633789,-0.1524642258882523,19.0,14.0,32225.0,8.736,426001669.0
-3.68415093421936,4.7581467628479,1.61244261264801,12.0,15.0,32225.0,6.23,426001672.0
-0.7768210172653198,1.006177306175232,-0.3406058549880981,4.0,0.0,32233.0,1.316,426001692.0
-4.197977542877197,5.43939208984375,0.1199329346418381,18.0,1.0,32234.0,6.872,426001695.0
-2.441431045532227,3.164546251296997,-0.9227492213249207,8.0,2.0,32235.0,4.102,426001697.0
-4.00678825378418,5.195413112640381,0.343847244977951,7.0,3.0,32236.0,6.57,426001699.0
-14.40425491333008,18.67731857299805,-4.584758758544922,8.0,4.0,32236.0,24.028,426001701.0
-3.547235488891602,4.601193428039551,0.5082923173904419,14.0,5.0,32237.0,5.832,426001704.0
-12.82502460479736,16.6416130065918,-3.32767391204834,18.0,6.0,32238.0,21.272,426001706.0
-5.876835823059082,7.628472328186035,1.182376384735107,13.0,7.0,32239.0,9.702,426001708.0
-17.32371520996094,22.49530220031738,-3.486194372177124,100.0,8.0,32240.0,28.606,426001711.0
-5.856267929077148,7.607264995574951,1.520542979240417,10.0,9.0,32241.0,9.72,426001713.0
-7.667777061462402,9.960407257080078,-1.099731206893921,15.0,10.0,32241.0,12.618,426001715.0
-5.974662303924561,7.763861656188965,1.904273748397827,2.0,11.0,32242.0,9.98,426001718.0
-7.538115501403809,9.799052238464355,-0.6479191184043884,29.0,12.0,32243.0,12.38,426001720.0
-5.273248672485352,6.857350826263428,1.99711549282074,4.0,13.0,32244.0,8.878,426001722.0
-5.313625335693359,6.912353038787842,-0.1521849781274796,10.0,14.0,32245.0,8.72,426001725.0
-5.012119293212891,6.522487640380859,2.204102993011475,25.0,15.0,32246.0,8.516,426001727.0
-0.7825276851654053,1.02128541469574,-0.3447469770908356,3.0,0.0,32254.0,1.332,426001748.0
-4.188956260681152,5.469029426574707,0.1202470809221268,21.0,1.0,32255.0,6.890000000000001,426001750.0
-2.611074686050415,3.410207271575928,-0.9915842413902283,7.0,2.0,32256.0,4.408,426001752.0
-3.974365949630737,5.192617893218994,0.3426958322525024,15.0,3.0,32257.0,6.548,426001754.0
-14.34405517578125,18.74090003967285,-4.587430000305176,16.0,4.0,32257.0,24.042,426001757.0
-3.532768964767456,4.617328643798828,0.5086408853530884,14.0,5.0,32258.0,5.836,426001759.0
-12.78554534912109,16.71675109863281,-3.333305597305298,42.0,6.0,32259.0,21.308,426001761.0
-5.833162784576416,7.629459857940674,1.179207801818848,18.0,7.0,32260.0,9.676,426001764.0
-17.25199699401855,22.57283973693848,-3.488388061523438,100.0,8.0,32261.0,28.624,426001766.0
-5.725319385528564,7.491116046905518,1.493323445320129,27.0,9.0,32261.0,9.546,426001768.0
-7.645733833312988,10.00744247436523,-1.101822853088379,20.0,10.0,32262.0,12.642,426001771.0
-7.503361701965332,9.828202247619629,-0.648023784160614,27.0,12.0,32264.0,12.382,426001775.0
-5.269360542297363,6.904516696929932,2.005213737487793,4.0,13.0,32265.0,8.914,426001778.0
-5.280977249145508,6.922243118286133,-0.1519755572080612,12.0,14.0,32266.0,8.708,426001780.0
-4.986977577209473,6.536871433258057,2.203067779541016,36.0,15.0,32266.0,8.512,426001782.0
-0.7929932475090027,1.042461395263672,-0.3509586155414581,3.0,0.0,32274.0,1.356,426001803.0
-4.185575485229492,5.504311561584473,0.1207008436322212,14.0,1.0,32275.0,6.916,426001805.0
-2.744207620620728,3.610123872756958,-1.046922206878662,6.0,2.0,32276.0,4.654,426001807.0
-3.950174331665039,5.198507785797119,0.3421724736690521,16.0,3.0,32277.0,6.538,426001810.0
-3.520245313644409,4.634391784667969,0.5091638565063477,14.0,5.0,32278.0,5.842000000000001,426001814.0
-12.72353076934814,16.75655937194824,-3.332366943359375,34.0,6.0,32279.0,21.302,426001817.0
-5.79689359664917,7.637125492095947,1.177257895469666,21.0,7.0,32280.0,9.66,426001819.0
-17.18509674072266,22.64873695373535,-3.490825414657593,100.0,8.0,32281.0,28.644,426001821.0
-5.681111812591553,7.490015983581543,1.488943219184875,16.0,9.0,32282.0,9.518,426001824.0
-7.610754489898682,10.03407001495361,-1.101822853088379,16.0,10.0,32282.0,12.642,426001826.0
-5.75763463973999,7.593656539916992,1.852373719215393,15.0,11.0,32283.0,9.708,426001828.0
-7.475040912628174,9.862292289733887,-0.6485471725463867,28.0,12.0,32284.0,12.392,426001830.0
-5.329960823059082,7.034702777862549,2.037606716156006,6.0,13.0,32285.0,9.058,426001833.0
-5.24591588973999,6.92628812789917,-0.1516614109277725,13.0,14.0,32286.0,8.69,426001835.0
-4.954822540283203,6.544324398040771,2.19944429397583,34.0,15.0,32287.0,8.498,426001837.0
-0.7976834774017334,1.055875301361084,-0.3545821011066437,3.0,0.0,32293.0,1.37,426001858.0
-4.191401958465576,5.550076484680176,0.1213989406824112,14.0,1.0,32294.0,6.956,426001860.0
-2.884859085083008,3.821394205093384,-1.105409502983093,5.0,2.0,32295.0,4.914,426001863.0
-3.929304361343384,5.206796169281006,0.3418584764003754,22.0,3.0,32296.0,6.532,426001865.0
-14.7743501663208,19.57777214050293,-4.767553329467773,30.0,4.0,32296.0,24.986,426001867.0
-3.489259243011475,4.625362873077393,0.5068978071212769,15.0,5.0,32297.0,5.816,426001870.0
-12.67621994018555,16.80970001220703,-3.334557056427002,36.0,6.0,32298.0,21.316,426001872.0
-5.771536350250244,7.656306743621826,1.177257895469666,20.0,7.0,32299.0,9.66,426001874.0
-8.292123794555664,11.00401973724365,-1.691790223121643,8.0,8.0,32300.0,13.882,426001877.0
-5.646853923797607,7.49362850189209,1.486127376556396,20.0,9.0,32300.0,9.5,426001879.0
-7.5750412940979,10.05607032775879,-1.101474285125732,16.0,10.0,32301.0,12.638,426001881.0
-5.610781669616699,7.451169013977051,1.813067078590393,22.0,11.0,32302.0,9.502,426001883.0
-7.450703620910645,9.89819622039795,-0.6492798924446106,20.0,12.0,32303.0,12.406,426001886.0
-5.30660343170166,7.05233907699585,2.037606716156006,12.0,13.0,32304.0,9.058,426001888.0
-5.213302135467529,6.930861473083496,-0.151382178068161,21.0,14.0,32305.0,8.674,426001890.0
-4.911013126373291,6.52898120880127,2.189091444015503,29.0,15.0,32305.0,8.458,426001893.0
-0.7939929366111755,1.058653235435486,-0.3545821011066437,3.0,0.0,32313.0,1.37,426001913.0
-4.187597274780273,5.585472583770752,0.1218527033925056,17.0,1.0,32314.0,6.982,426001916.0
-3.049144983291626,4.068469524383545,-1.173794627189636,5.0,2.0,32315.0,5.218,426001918.0
-3.909907817840576,5.218881607055664,0.3417537808418274,22.0,3.0,32316.0,6.53,426001920.0
-14.70238971710205,19.62451171875,-4.766408920288086,36.0,4.0,32316.0,24.98,426001923.0
-3.475481271743774,4.640703678131104,0.5072464346885681,17.0,5.0,32317.0,5.82,426001925.0
-12.62693691253662,16.86649703979492,-3.33705997467041,36.0,6.0,32318.0,21.332,426001927.0
-3.49919867515564,4.675774097442627,0.717079222202301,12.0,7.0,32319.0,5.884,426001930.0
-17.05550765991211,22.7985668182373,-3.495944023132324,100.0,8.0,32320.0,28.686,426001932.0
-5.612252235412598,7.504783153533936,1.48425018787384,32.0,9.0,32321.0,9.488,426001934.0
-7.539892673492432,10.08245086669922,-1.101474285125732,15.0,10.0,32321.0,12.638,426001936.0
-5.577685356140137,7.461274147033691,1.810777306556702,28.0,11.0,32322.0,9.49,426001939.0
-7.428062438964844,9.940142631530762,-0.6503266096115112,14.0,12.0,32323.0,12.426,426001941.0
-5.277288913726807,7.064574718475342,2.035807132720947,12.0,13.0,32324.0,9.05,426001943.0
-5.178308963775635,6.934596538543701,-0.1510680317878723,19.0,14.0,32325.0,8.656,426001946.0
-4.884738922119141,6.543840885162354,2.188056230545044,22.0,15.0,32326.0,8.454,426001948.0
-0.8018298149108887,1.076913595199585,-0.3597584664821625,3.0,0.0,32333.0,1.39,426001969.0
-4.171656608581543,5.604868412017822,0.1219574138522148,21.0,1.0,32334.0,6.988,426001971.0
-3.121005535125732,4.194785118103027,-1.207087397575378,2.0,2.0,32335.0,5.366000000000001,426001973.0
-3.884515047073364,5.222882270812988,0.3411257565021515,24.0,3.0,32336.0,6.518,426001976.0
-14.65254402160645,19.70091819763184,-4.772514820098877,27.0,4.0,32336.0,25.012,426001978.0
-3.486602067947388,4.689581871032715,0.5112555623054504,16.0,5.0,32337.0,5.866000000000001,426001980.0
-12.59272956848145,16.94376564025879,-3.343630313873291,40.0,6.0,32338.0,21.374,426001983.0
-3.481672048568726,4.686366558074951,0.7168354988098145,20.0,7.0,32339.0,5.882000000000001,426001985.0
-16.99002456665039,22.8770866394043,-3.498868942260742,100.0,8.0,32340.0,28.71,426001987.0
-5.587334632873535,7.52335262298584,1.48425018787384,43.0,9.0,32340.0,9.488,426001989.0
-7.512966156005859,10.11990642547607,-1.102694511413574,10.0,10.0,32341.0,12.652,426001992.0
-5.531716823577881,7.453897476196289,1.804289817810059,37.0,11.0,32342.0,9.456,426001994.0
-5.490548610687256,7.401122570037842,-0.482956200838089,10.0,12.0,32343.0,9.228,426001996.0
-5.236345767974854,7.061038494110107,2.029508352279663,7.0,13.0,32344.0,9.022,426001999.0
-5.148116588592529,6.944597721099854,-0.15089350938797,16.0,14.0,32345.0,8.646,426002001.0
-4.875667095184326,6.577074527740479,2.193750143051147,36.0,15.0,32345.0,8.476,426002003.0
-0.8141419291496277,1.101455330848694,-0.3670054078102112,3.0,0.0,32353.0,1.418,426002024.0
-4.154443264007568,5.622612953186035,0.122027225792408,17.0,1.0,32354.0,6.992,426002026.0
-3.846092462539673,5.209095001220703,0.3393463492393494,24.0,3.0,32356.0,6.484,426002031.0
-14.58485221862793,19.75352478027344,-4.772896289825439,27.0,4.0,32356.0,25.014,426002033.0
-3.477310180664062,4.711342334747314,0.5123014450073242,15.0,5.0,32357.0,5.878,426002036.0
-12.5886287689209,17.06232833862305,-3.358335018157959,42.0,6.0,32358.0,21.468,426002038.0
-3.464114189147949,4.696893692016602,0.7165917158126831,14.0,7.0,32359.0,5.88,426002040.0
-16.91713333129883,22.94584083557129,-3.500331163406372,100.0,8.0,32360.0,28.722,426002042.0
-7.457500457763672,10.11880397796631,-1.099731206893921,9.0,10.0,32361.0,12.618,426002047.0
-5.502170562744141,7.468419075012207,1.803145051002502,37.0,11.0,32362.0,9.450000000000001,426002049.0
-5.456389427185059,7.408985614776611,-0.4822235107421875,13.0,12.0,32363.0,9.214,426002052.0
-5.195491313934326,7.057302951812744,2.023209810256958,9.0,13.0,32364.0,8.994,426002054.0
-5.104880332946777,6.936756610870361,-0.1503350287675858,14.0,14.0,32365.0,8.614,426002056.0
-4.825198173522949,6.559109210968018,2.181844472885132,31.0,15.0,32366.0,8.43,426002059.0
-0.8219162821769714,1.119722485542297,-0.37218177318573,3.0,0.0,32372.0,1.438,426002079.0
-4.14405632019043,5.64764404296875,0.1222715601325035,17.0,1.0,32373.0,7.006,426002082.0
-4.304897785186768,5.868991374969482,-1.680384397506714,2.0,2.0,32374.0,7.47,426002084.0
-3.814625263214111,5.202492713928223,0.3380902707576752,22.0,3.0,32375.0,6.46,426002086.0
-14.52391052246094,19.80811500549316,-4.774422645568848,27.0,4.0,32375.0,25.022,426002089.0
-3.460489988327026,4.721240520477295,0.512127161026001,16.0,5.0,32376.0,5.876,426002091.0
-14.61830711364746,19.95145606994629,-3.917431831359863,24.0,6.0,32377.0,25.042,426002093.0
-5.614987373352051,7.666291236877441,1.16677713394165,20.0,7.0,32378.0,9.574,426002095.0
-16.83391189575195,22.99220275878906,-3.498868942260742,67.0,8.0,32379.0,28.71,426002098.0
-3.484503269195557,4.75922679901123,0.9342266321182251,19.0,9.0,32379.0,5.972,426002100.0
-7.150906085968018,9.770474433898926,-1.059290885925293,9.0,10.0,32380.0,12.154,426002102.0
-5.479692459106445,7.489792823791504,1.803908228874207,34.0,11.0,32381.0,9.454,426002105.0
-5.429432392120361,7.42381477355957,-0.4820141494274139,20.0,12.0,32382.0,9.21,426002107.0
-5.160558700561523,7.058761596679688,2.018710851669312,9.0,13.0,32383.0,8.974,426002109.0
-5.064150333404541,6.929429531097412,-0.1498114615678787,14.0,14.0,32384.0,8.584,426002112.0
-4.804568767547607,6.574235916137695,2.181844472885132,31.0,15.0,32384.0,8.43,426002114.0
-0.8271042704582214,1.135075092315674,-0.3763228952884674,3.0,0.0,32392.0,1.454,426002135.0
-4.130203723907471,5.670156955718994,0.1224460825324059,17.0,1.0,32393.0,7.016,426002137.0
-4.672101974487305,6.416455745697021,-1.832451343536377,1.0,2.0,32394.0,8.146,426002139.0
-3.782337665557861,5.196398735046387,0.3368342220783234,22.0,3.0,32395.0,6.436,426002142.0
-14.45930004119873,19.86504173278809,-4.775949001312256,27.0,4.0,32395.0,25.03,426002144.0
-3.442816257476807,4.731679916381836,0.511952817440033,16.0,5.0,32396.0,5.874000000000001,426002146.0
-14.5625171661377,20.02153205871582,-3.921186208724976,35.0,6.0,32397.0,25.066,426002148.0
-5.585858345031738,7.682633399963379,1.166289567947388,24.0,7.0,32398.0,9.57,426002151.0
-16.7698917388916,23.07330513000488,-3.502281188964844,90.0,8.0,32399.0,28.738,426002153.0
-3.465546607971191,4.768165111541748,0.933600902557373,10.0,9.0,32399.0,5.968,426002155.0
-7.017213821411133,9.658366203308105,-1.044474363327026,5.0,10.0,32400.0,11.984,426002158.0
-3.498002529144287,4.816354751586914,1.157065749168396,15.0,11.0,32401.0,6.064,426002160.0
-5.399965286254883,7.437872886657715,-0.4817001521587372,18.0,12.0,32402.0,9.204,426002162.0
-5.131309509277344,7.070423603057861,2.016911268234253,7.0,13.0,32403.0,8.966,426002165.0
-5.003529071807861,6.89688777923584,-0.1487294137477875,9.0,14.0,32404.0,8.522,426002167.0
-4.662476539611816,6.426778793334961,2.127492666244507,8.0,15.0,32404.0,8.22,426002169.0
-0.8199381828308105,1.133116483688354,-0.3747699856758118,3.0,0.0,32411.0,1.448,426002190.0
-4.109034061431885,5.680581569671631,0.1223762705922127,17.0,1.0,32412.0,7.012,426002192.0
-4.759275436401367,6.581933498382568,-1.875192046165466,1.0,2.0,32413.0,8.336,426002195.0
-3.758064746856689,5.199201107025146,0.3362061977386475,22.0,3.0,32414.0,6.424,426002197.0
-11.07419300079346,15.32090473175049,-3.674599647521973,33.0,4.0,32414.0,19.258,426002199.0
-3.425939798355103,4.741456031799316,0.5117785334587097,16.0,5.0,32415.0,5.872,426002201.0
-14.50298309326172,20.07932090759277,-3.923063516616821,28.0,6.0,32416.0,25.078,426002204.0
-5.553378582000732,7.691457748413086,1.164827227592468,20.0,7.0,32417.0,9.558,426002206.0
-16.71303558349609,23.15615272521973,-3.50642466545105,100.0,8.0,32418.0,28.772,426002208.0
-5.461114406585693,7.569236755371094,1.478305697441101,27.0,9.0,32419.0,9.450000000000001,426002211.0
-6.61210823059082,9.164542198181152,-0.9886947274208069,10.0,10.0,32419.0,11.344,426002213.0
-3.476269483566284,4.819966316223145,1.155157685279846,16.0,11.0,32420.0,6.054,426002215.0
-5.379942893981934,7.462219715118408,-0.4821188151836395,16.0,12.0,32421.0,9.212,426002218.0
-3.493335008621216,4.847194194793701,1.37939989566803,4.0,13.0,32422.0,6.132000000000001,426002220.0
-4.605417728424072,6.392621517181396,-0.1375249624252319,5.0,14.0,32423.0,7.88,426002222.0
-4.61403751373291,6.404586315155029,2.115069150924683,8.0,15.0,32423.0,8.172,426002224.0
-0.8295023441314697,1.154799938201904,-0.3809816241264343,3.0,0.0,32431.0,1.472,426002245.0
-4.084514617919922,5.688392639160156,0.1222366541624069,17.0,1.0,32432.0,7.004,426002248.0
-4.840814590454102,6.744154930114746,-1.916582942008972,5.0,2.0,32433.0,8.52,426002250.0
-3.737564563751221,5.209041595458984,0.3359968364238739,22.0,3.0,32434.0,6.42,426002252.0
-10.56054592132568,14.71822738647461,-3.521189212799072,17.0,4.0,32434.0,18.454,426002254.0
-3.411690473556519,4.7566237449646,0.512127161026001,15.0,5.0,32435.0,5.876,426002257.0
-11.31005191802979,15.77443504333496,-3.074250221252441,6.0,6.0,32436.0,19.652,426002259.0
-5.519558429718018,7.701115131378174,1.163364768028259,15.0,7.0,32437.0,9.546,426002261.0
-16.64597702026367,23.23371505737305,-3.509349584579468,100.0,8.0,32438.0,28.796,426002264.0
-5.44386100769043,7.601101398468018,1.480808615684509,47.0,9.0,32439.0,9.466000000000001,426002266.0
-6.55223560333252,9.14869213104248,-0.9845112562179565,9.0,10.0,32439.0,11.296,426002268.0
-5.379420757293701,7.513895511627197,1.796275854110718,30.0,11.0,32440.0,9.414,426002271.0
-5.343400955200195,7.466335773468018,-0.4811767935752869,15.0,12.0,32441.0,9.194,426002273.0
-3.470724821090698,4.851433753967285,1.377150297164917,19.0,13.0,32442.0,6.122,426002275.0
-4.584238529205322,6.410285472869873,-0.1375598609447479,10.0,14.0,32443.0,7.882000000000001,426002277.0
-4.584915161132812,6.413596630096436,2.112481117248535,8.0,15.0,32444.0,8.162,426002280.0
-0.8366818428039551,1.173417806625366,-0.3861580193042755,3.0,0.0,32451.0,1.492,426002301.0
-4.054187774658203,5.687960147857666,0.1219225078821182,17.0,1.0,32452.0,6.986,426002303.0
-5.456150054931641,7.657718181610107,-2.170777559280396,5.0,2.0,32453.0,9.65,426002305.0
-3.710089445114136,5.209042072296143,0.3351594507694244,20.0,3.0,32454.0,6.404,426002307.0
-5.54783296585083,7.789271354675293,-1.858861207962036,13.0,4.0,32454.0,9.742,426002310.0
-3.401999473571777,4.778242111206055,0.51317298412323,15.0,5.0,32455.0,5.888,426002312.0
-11.25950145721436,15.82025623321533,-3.075501680374146,7.0,6.0,32456.0,19.66,426002314.0
-5.483436584472656,7.707395076751709,1.161414861679077,16.0,7.0,32457.0,9.53,426002317.0
-16.56937599182129,23.29815101623535,-3.510324478149414,100.0,8.0,32458.0,28.804,426002319.0
-5.406993865966797,7.605567932128906,1.47799277305603,31.0,9.0,32459.0,9.448,426002321.0
-6.457921028137207,9.083819389343262,-0.9750984311103821,11.0,10.0,32459.0,11.188,426002324.0
-5.34747314453125,7.524625778198242,1.794367790222168,32.0,11.0,32460.0,9.404,426002326.0
-5.302268981933594,7.463775634765625,-0.4798160493373871,13.0,12.0,32461.0,9.168000000000001,426002328.0
-3.446999073028564,4.853986263275146,1.374450922012329,24.0,13.0,32462.0,6.11,426002330.0
-4.569937229156494,6.437662601470947,-0.1378041952848434,17.0,14.0,32463.0,7.896,426002333.0
-4.53902006149292,6.39410924911499,2.101093053817749,8.0,15.0,32463.0,8.118,426002335.0
-0.8493216633796692,1.199984073638916,-0.3939225971698761,3.0,0.0,32471.0,1.522,426002356.0
-3.924586296081543,5.546996593475342,0.1186065524816513,14.0,1.0,32472.0,6.796,426002358.0
-5.502528190612793,7.780134201049805,-2.200021266937256,2.0,2.0,32473.0,9.78,426002360.0
-3.676895141601562,5.200759887695312,0.333798736333847,20.0,3.0,32474.0,6.378,426002363.0
-5.528542995452881,7.819811344146729,-1.86153256893158,4.0,4.0,32474.0,9.756,426002365.0
-3.387599468231201,4.793342113494873,0.5135216116905212,15.0,5.0,32475.0,5.892,426002367.0
-14.31699752807617,20.26558685302734,-3.929946660995483,24.0,6.0,32476.0,25.122,426002370.0
-5.449628829956055,7.71675968170166,1.159952402114868,23.0,7.0,32477.0,9.518,426002372.0
-16.49710845947266,23.36882019042969,-3.512274503707886,100.0,8.0,32478.0,28.82,426002374.0
-5.354216575622559,7.587274074554443,1.470796823501587,22.0,9.0,32479.0,9.402000000000001,426002377.0
-6.419280529022217,9.096539497375488,-0.9740526080131531,10.0,10.0,32479.0,11.176,426002379.0
-5.32909631729126,7.554475784301758,1.797039151191711,30.0,11.0,32480.0,9.418000000000001,426002381.0
-5.265824317932129,7.467548370361328,-0.478873997926712,15.0,12.0,32481.0,9.15,426002383.0
-3.435648202896118,4.873952865600586,1.376700401306152,6.0,13.0,32482.0,6.12,426002386.0
-4.557804584503174,6.468286991119385,-0.1381183415651321,19.0,14.0,32483.0,7.914000000000001,426002388.0
-4.442118167877197,6.304108619689941,2.066411256790161,5.0,15.0,32483.0,7.984,426002390.0
-0.8517910838127136,1.212425827980042,-0.3970284163951874,3.0,0.0,32491.0,1.534,426002411.0
-3.820154190063477,5.43956470489502,0.1160236001014709,15.0,1.0,32492.0,6.648000000000001,426002413.0
-5.891865730285645,8.392614364624023,-2.367384910583496,1.0,2.0,32493.0,10.524,426002416.0
-3.647005081176758,5.194943428039551,0.3326473236083984,18.0,3.0,32493.0,6.356,426002418.0
-13.10344219207764,18.6720085144043,-4.434019565582275,21.0,4.0,32494.0,23.238,426002420.0
-3.374279499053955,4.810031414031982,0.5140445828437805,15.0,5.0,32495.0,5.898,426002423.0
-14.24503612518311,20.31382179260254,-3.929633855819702,14.0,6.0,32496.0,25.12,426002425.0
-5.414682865142822,7.724357128143311,1.158246278762817,28.0,7.0,32497.0,9.504,426002427.0
-16.43138313293457,23.44902229309082,-3.515686750411987,100.0,8.0,32498.0,28.848,426002429.0
-5.323358535766602,7.596899032592773,1.469232439994812,20.0,9.0,32498.0,9.392,426002432.0
-6.36577033996582,9.087885856628418,-0.9707406759262085,12.0,10.0,32499.0,11.138,426002434.0
-5.300441741943359,7.569815635681152,1.796275854110718,32.0,11.0,32500.0,9.414,426002436.0
-5.213383674621582,7.448249816894531,-0.4764665365219116,15.0,12.0,32501.0,9.104000000000001,426002439.0
-3.421965599060059,4.890706062316895,1.378050208091736,6.0,13.0,32502.0,6.126,426002441.0
-4.543220996856689,6.495627880096436,-0.1383626759052277,21.0,14.0,32503.0,7.928,426002443.0
-4.393511772155762,6.281582832336426,2.053987979888916,9.0,15.0,32503.0,7.936,426002446.0
-0.8563939332962036,1.228068590164185,-0.4011695086956024,3.0,0.0,32511.0,1.55,426002466.0
-3.789707899093628,5.436461925506592,0.1156745478510857,18.0,1.0,32512.0,6.628,426002469.0
-7.171633243560791,10.29177474975586,-2.89601993560791,1.0,2.0,32513.0,12.874,426002471.0
-3.626798629760742,5.206636428833008,0.3325426578521729,20.0,3.0,32514.0,6.354,426002473.0
-13.5902795791626,19.51022148132324,-4.62177562713623,11.0,4.0,32514.0,24.222,426002476.0
-3.355191707611084,4.818510055541992,0.5136959552764893,15.0,5.0,32515.0,5.894,426002478.0
-10.08094787597656,14.48299694061279,-2.79485821723938,10.0,6.0,32516.0,17.866,426002480.0
-5.387686729431152,7.743210792541504,1.158246278762817,21.0,7.0,32517.0,9.504,426002482.0
-16.36416625976562,23.52742195129395,-3.518855333328247,100.0,8.0,32518.0,28.874,426002485.0
-5.303372383117676,7.627712249755859,1.471422553062439,35.0,9.0,32519.0,9.406,426002487.0
-6.66498327255249,9.586084365844727,-1.021465301513672,18.0,10.0,32519.0,11.72,426002489.0
-5.259419918060303,7.567313671112061,1.791314840316772,48.0,11.0,32520.0,9.388,426002492.0
-5.177096366882324,7.451640605926514,-0.4755244851112366,15.0,12.0,32521.0,9.086,426002494.0
-3.423770427703857,4.929831027984619,1.385698437690735,6.0,13.0,32522.0,6.16,426002496.0
-4.522799968719482,6.514732360839844,-0.1384324878454208,21.0,14.0,32523.0,7.932,426002499.0
-4.347329139709473,6.264314651489258,2.043117523193359,7.0,15.0,32524.0,7.894,426002501.0
-0.8628791570663452,1.247085690498352,-0.4063459038734436,3.0,0.0,32532.0,1.57,426002522.0
-3.765206575393677,5.443737030029297,0.1155349314212799,22.0,1.0,32533.0,6.62,426002524.0
-9.514404296875,13.761061668396,-3.862409591674805,1.0,2.0,32534.0,17.17,426002526.0
-3.599515199661255,5.206121921539307,0.3317053020000458,18.0,3.0,32534.0,6.338,426002529.0
-5.452791213989258,7.889532089233398,-1.864203929901123,11.0,4.0,32535.0,9.77,426002531.0
-3.340906143188477,4.835692882537842,0.5142188668251038,14.0,5.0,32536.0,5.9,426002533.0
-10.01432704925537,14.50034332275391,-2.791103839874268,15.0,6.0,32537.0,17.842,426002535.0
-5.351375579833984,7.751470565795898,1.156540036201477,18.0,7.0,32538.0,9.49,426002538.0
-16.29360961914062,23.61011505126953,-3.522267818450928,100.0,8.0,32539.0,28.902,426002540.0
-5.261919498443604,7.627586364746094,1.467668175697327,37.0,9.0,32540.0,9.382,426002542.0
-6.445391178131104,9.34312629699707,-0.9930525422096252,12.0,10.0,32540.0,11.394,426002545.0
-5.228305339813232,7.581690788269043,1.790169954299927,63.0,11.0,32541.0,9.382,426002547.0
-5.128212451934814,7.439321517944336,-0.4735357463359833,12.0,12.0,32542.0,9.048,426002549.0
-3.406784534454346,4.943951606750488,1.386148452758789,11.0,13.0,32543.0,6.162,426002552.0
-4.510235786437988,6.547733783721924,-0.1387815326452255,22.0,14.0,32544.0,7.952,426002554.0
-4.313381671905518,6.261950969696045,2.037423610687256,7.0,15.0,32544.0,7.872,426002556.0
-0.8782066106796265,1.278754472732544,-0.4156633913516998,3.0,0.0,32552.0,1.606,426002577.0
-3.756367444992065,5.471683979034424,0.115849070250988,26.0,1.0,32553.0,6.638,426002579.0
-5.391993045806885,7.857144355773926,-2.200021266937256,9.0,2.0,32554.0,9.78,426002581.0
-3.53385591506958,5.149489879608154,0.3273090720176697,5.0,3.0,32554.0,6.254,426002584.0
-5.426328659057617,7.910136699676514,-1.864585518836975,21.0,4.0,32555.0,9.772,426002586.0
-3.327386379241943,4.852254867553711,0.514741837978363,14.0,5.0,32556.0,5.906,426002588.0
-9.961416244506836,14.53195285797119,-2.790477991104126,17.0,6.0,32557.0,17.838,426002591.0
-5.319797039031982,7.763552665710449,1.155565142631531,19.0,7.0,32558.0,9.482,426002593.0
-16.21670532226562,23.67503547668457,-3.523486375808716,100.0,8.0,32559.0,28.912,426002595.0
-5.229681968688965,7.637758255004883,1.466103792190552,30.0,9.0,32560.0,9.372,426002598.0
-6.365461826324463,9.29652214050293,-0.9857314229011536,11.0,10.0,32560.0,11.31,426002600.0
-5.200699806213379,7.598274707794189,1.789788365364075,27.0,11.0,32561.0,9.38,426002602.0
-5.086423873901367,7.434100151062012,-0.4720703363418579,12.0,12.0,32562.0,9.02,426002605.0
-3.389506101608276,4.955813407897949,1.386148452758789,13.0,13.0,32563.0,6.162,426002607.0
-4.489609718322754,6.566739082336426,-0.1388513445854187,24.0,14.0,32564.0,7.956,426002609.0
-4.286045551300049,6.26899528503418,2.034835338592529,7.0,15.0,32564.0,7.862,426002611.0
-0.8796281814575195,1.289486646652222,-0.4182515740394592,3.0,0.0,32570.0,1.616,426002632.0
-3.739159107208252,5.483458042144775,0.115849070250988,22.0,1.0,32571.0,6.638,426002634.0
-5.377161026000977,7.888536930084229,-2.204070329666138,10.0,2.0,32572.0,9.798,426002637.0
-3.531380414962769,5.182637214660645,0.3286698162555695,7.0,3.0,32573.0,6.28,426002639.0
-5.398135185241699,7.922277450561523,-1.863440632820129,4.0,4.0,32573.0,9.766,426002641.0
-3.317734241485596,4.870917797088623,0.5156133770942688,13.0,5.0,32574.0,5.916,426002644.0
-9.920160293579102,14.5697078704834,-2.79172945022583,20.0,6.0,32575.0,17.846,426002646.0
-5.281977653503418,7.760534286499023,1.152640223503113,24.0,7.0,32576.0,9.458,426002648.0
-16.15006446838379,23.73735237121582,-3.525192737579346,100.0,8.0,32577.0,28.926,426002651.0
-5.20366382598877,7.648341655731201,1.465165257453918,27.0,9.0,32577.0,9.366,426002653.0
-6.307092666625977,9.273639678955078,-0.981199324131012,12.0,10.0,32578.0,11.258,426002655.0
-5.171284198760986,7.606457710266113,1.787880301475525,29.0,11.0,32579.0,9.370000000000001,426002658.0
-5.045081615447998,7.423612594604492,-0.470395565032959,12.0,12.0,32580.0,8.988,426002660.0
-3.371730089187622,4.963213443756104,1.38524854183197,14.0,13.0,32581.0,6.158,426002662.0
-4.474574565887451,6.589082717895508,-0.139025866985321,24.0,14.0,32582.0,7.966,426002664.0
-4.263062953948975,6.279977321624756,2.03380012512207,7.0,15.0,32583.0,7.858000000000001,426002667.0
-0.8762047290802002,1.294149041175842,-0.4187692105770111,4.0,0.0,32590.0,1.618,426002687.0
-3.730082988739014,5.511381149291992,0.1161632165312767,22.0,1.0,32591.0,6.656000000000001,426002690.0
-5.369247913360596,7.936311721801758,-2.21216869354248,3.0,2.0,32592.0,9.834,426002692.0
-3.489553213119507,5.157926082611084,0.3263670206069946,5.0,3.0,32592.0,6.236,426002694.0
-11.71754169464111,17.32627105712891,-4.065758228302002,15.0,4.0,32593.0,21.308,426002697.0
-3.297363758087158,4.877517223358154,0.5150904655456543,14.0,5.0,32594.0,5.91,426002699.0
-9.867030143737793,14.60097312927246,-2.791103839874268,18.0,6.0,32595.0,17.842,426002701.0
-5.255967617034912,7.780569553375244,1.152884006500244,31.0,7.0,32596.0,9.46,426002704.0
-16.02378082275391,23.72942161560059,-3.515686750411987,69.0,8.0,32597.0,28.848,426002706.0
-5.171175479888916,7.660813331604004,1.463913679122925,22.0,9.0,32598.0,9.358,426002708.0
-6.183277130126953,9.160186767578125,-0.9669058322906494,11.0,10.0,32598.0,11.094,426002711.0
-5.143603324890137,7.622835159301758,1.787498712539673,31.0,11.0,32599.0,9.368,426002713.0
-4.999034404754639,7.411373615264893,-0.4685114920139313,10.0,12.0,32600.0,8.952,426002715.0
-3.356563568115234,4.978184223175049,1.386148452758789,17.0,13.0,32601.0,6.162,426002717.0
-4.450429439544678,6.60300350189209,-0.1389909684658051,22.0,14.0,32602.0,7.964,426002720.0
-4.248672008514404,6.306035041809082,2.037423610687256,14.0,15.0,32603.0,7.872,426002722.0
-0.8781468868255615,1.306820392608643,-0.4218750298023224,4.0,0.0,32610.0,1.63,426002743.0
-3.717512130737305,5.534327983856201,0.1163726449012756,22.0,1.0,32611.0,6.668,426002745.0
-3.556662797927856,5.296865463256836,-1.472979545593262,8.0,2.0,32612.0,6.548,426002747.0
-3.496021747589111,5.206554412841797,0.3286698162555695,15.0,3.0,32612.0,6.28,426002750.0
-13.41637134552002,19.98826599121094,-4.679399967193604,31.0,4.0,32613.0,24.524,426002752.0
-3.275877475738525,4.882379531860352,0.5143932104110718,14.0,5.0,32614.0,5.902,426002754.0
-9.800599098205566,14.61235904693604,-2.786723613739014,12.0,6.0,32615.0,17.814,426002757.0
-5.229881763458252,7.800518035888672,1.153127670288086,15.0,7.0,32616.0,9.462,426002759.0
-15.95742988586426,23.80994606018066,-3.51934289932251,46.0,8.0,32617.0,28.878,426002761.0
-5.144643306732178,7.676278591156006,1.463600873947144,32.0,9.0,32617.0,9.356,426002764.0
-6.082510471343994,9.07908821105957,-0.9560984969139099,15.0,10.0,32618.0,10.97,426002766.0
-5.108223915100098,7.627693653106689,1.784445762634277,46.0,11.0,32619.0,9.352,426002768.0
-4.963133811950684,7.413840770721436,-0.4675694406032562,10.0,12.0,32620.0,8.934000000000001,426002770.0
-3.343501329421997,4.996348857879639,1.387948036193848,16.0,13.0,32621.0,6.17,426002773.0
-4.429577350616455,6.621822357177734,-0.1390607804059982,21.0,14.0,32622.0,7.968,426002775.0
-4.213747978210449,6.30155611038208,2.031211853027344,16.0,15.0,32623.0,7.848,426002777.0
-0.8939455151557922,1.340414762496948,-0.4317101538181305,4.0,0.0,32630.0,1.668,426002798.0
-3.72368335723877,5.5855393409729,0.1171754598617554,15.0,1.0,32631.0,6.714,426002800.0
-3.540313005447388,5.312491893768311,-1.473879337310791,12.0,2.0,32632.0,6.552,426002803.0
-3.48004150390625,5.222050189971924,0.3288791477680206,20.0,3.0,32632.0,6.284,426002805.0
-13.33780956268311,20.02190399169922,-4.676346778869629,40.0,4.0,32633.0,24.508,426002807.0
-3.259919166564941,4.895442962646484,0.514567494392395,14.0,5.0,32634.0,5.904,426002810.0
-9.770329475402832,14.67772388458252,-2.792668104171753,10.0,6.0,32635.0,17.852,426002812.0
-3.26827073097229,4.911700248718262,0.7243914008140564,4.0,7.0,32636.0,5.944,426002814.0
-15.89181137084961,23.89194869995117,-3.523242712020874,54.0,8.0,32637.0,28.91,426002817.0
-5.114534854888916,7.689255714416504,1.462662220001221,31.0,9.0,32637.0,9.35,426002819.0
-6.05078125,9.100264549255371,-0.9560984969139099,18.0,10.0,32638.0,10.97,426002821.0
-5.078306674957275,7.640573024749756,1.783300876617432,67.0,11.0,32639.0,9.346,426002823.0
-4.900750637054443,7.376222610473633,-0.4641152620315552,10.0,12.0,32640.0,8.868,426002826.0
-3.336821556091309,5.024222373962402,1.392446994781494,14.0,13.0,32641.0,6.19,426002828.0
-4.415284156799316,6.650571823120117,-0.1393400132656097,19.0,14.0,32642.0,7.984,426002830.0
-4.191725730895996,6.316226482391357,2.031211853027344,14.0,15.0,32643.0,7.848,426002833.0
-0.8954225182533264,1.353348970413208,-0.4348160028457642,4.0,0.0,32651.0,1.68,426002853.0
-3.768270492553711,5.697556018829346,0.1192348375916481,10.0,1.0,32652.0,6.832,426002856.0
-3.533714771270752,5.3449387550354,-1.479278087615967,13.0,2.0,32653.0,6.576000000000001,426002858.0
-3.446558952331543,5.21311092376709,0.3275184035301208,24.0,3.0,32653.0,6.258,426002860.0
-13.25459384918213,20.05591583251953,-4.672912120819092,40.0,4.0,32654.0,24.49,426002863.0
-3.247445821762085,4.915670394897461,0.5154390335083008,14.0,5.0,32655.0,5.914,426002865.0
-5.341553688049316,8.088598251342773,-1.535247802734375,4.0,6.0,32656.0,9.814,426002867.0
-5.144401073455811,7.793011665344238,1.146546840667725,6.0,7.0,32657.0,9.408,426002869.0
-15.81288242340088,23.96328926086426,-3.525192737579346,54.0,8.0,32658.0,28.926,426002872.0
-5.084141731262207,7.704652309417725,1.462036490440369,32.0,9.0,32658.0,9.346,426002874.0
-6.03384256362915,9.14732837677002,-0.958713173866272,16.0,10.0,32659.0,11.0,426002876.0
-5.054591655731201,7.665690422058105,1.784827351570129,32.0,11.0,32660.0,9.354000000000001,426002879.0
-4.808832168579102,7.29574728012085,-0.457939624786377,12.0,12.0,32661.0,8.75,426002881.0
-4.510644435882568,6.845949649810791,1.892738223075867,7.0,13.0,32662.0,8.414,426002883.0
-4.390878677368164,6.666709899902344,-0.1393400132656097,17.0,14.0,32663.0,7.984,426002886.0
-4.178153038024902,6.343727111816406,2.035352945327759,14.0,15.0,32663.0,7.864,426002888.0
-0.9161413908004761,1.395222544670105,-0.4472393095493317,4.0,0.0,32671.0,1.728,426002909.0
-3.770305395126343,5.744109630584717,0.1199329346418381,7.0,1.0,32672.0,6.872,426002911.0
-3.525726318359375,5.373534679412842,-1.483777165412903,13.0,2.0,32673.0,6.596,426002913.0
-3.421766757965088,5.215090751647949,0.3268903791904449,26.0,3.0,32673.0,6.246,426002916.0
-3.23026704788208,4.926976203918457,0.5154390335083008,8.0,5.0,32675.0,5.914,426002920.0
-5.304624080657959,8.093976974487305,-1.532744884490967,9.0,6.0,32676.0,9.798,426002922.0
-5.113903522491455,7.8059401512146,1.14581561088562,18.0,7.0,32677.0,9.402000000000001,426002925.0
-15.73783874511719,24.03162574768066,-3.527142524719238,65.0,8.0,32678.0,28.942,426002927.0
-5.050723075866699,7.712437152862549,1.460159301757812,18.0,9.0,32678.0,9.334,426002929.0
-6.006240844726562,9.175002098083496,-0.9594104290008545,15.0,10.0,32679.0,11.008,426002932.0
-5.023502349853516,7.676716327667236,1.783300876617432,26.0,11.0,32680.0,9.346,426002934.0
-4.75053596496582,7.262345790863037,-0.454799473285675,16.0,12.0,32681.0,8.69,426002936.0
-4.466456413269043,6.830663681030273,1.884190082550049,12.0,13.0,32682.0,8.376,426002939.0
-4.365392684936523,6.678648948669434,-0.1392702013254166,17.0,14.0,32683.0,7.98,426002941.0
-4.159101009368896,6.365467071533203,2.037423610687256,14.0,15.0,32684.0,7.872,426002943.0
-0.9154843688011169,1.40488612651825,-0.4493098556995392,3.0,0.0,32691.0,1.736,426002964.0
-3.676012992858887,5.64329719543457,0.1175594106316566,3.0,1.0,32692.0,6.736,426002966.0
-3.518644571304321,5.403772830963135,-1.488726019859314,15.0,2.0,32693.0,6.618,426002969.0
-3.392823696136475,5.212532043457031,0.3259483277797699,26.0,3.0,32694.0,6.228,426002971.0
-12.52414131164551,19.24134254455566,-4.462640762329102,13.0,4.0,32694.0,23.388,426002973.0
-5.254753112792969,8.076171875,0.8429703712463379,9.0,5.0,32695.0,9.672,426002975.0
-5.294647693634033,8.140595436096191,-1.538063645362854,7.0,6.0,32696.0,9.832,426002978.0
-5.093116760253906,7.833729267120361,1.14727795124054,22.0,7.0,32697.0,9.414,426002980.0
-15.66900157928467,24.10971832275391,-3.53055477142334,65.0,8.0,32698.0,28.97,426002982.0
-5.951383590698242,9.160825729370117,-0.9557498693466187,13.0,10.0,32699.0,10.966,426002987.0
-4.997744560241699,7.69585132598877,1.783682465553284,33.0,11.0,32700.0,9.348,426002989.0
-4.711019039154053,7.257105827331543,-0.4534387290477753,17.0,12.0,32701.0,8.664,426002992.0
-4.450011253356934,6.857656002044678,1.887339353561401,15.0,13.0,32702.0,8.39,426002994.0
-4.344229698181152,6.697201728820801,-0.1393400132656097,15.0,14.0,32703.0,7.984,426002996.0
-4.14322566986084,6.387327671051025,2.040011644363403,15.0,15.0,32703.0,7.882000000000001,426002999.0
-0.9168691039085388,1.417806386947632,-0.4524157047271729,3.0,0.0,32711.0,1.748,426003019.0
-3.625895023345947,5.609072685241699,0.1165820732712746,7.0,1.0,32712.0,6.68,426003022.0
-3.507164001464844,5.427479267120361,-1.491875410079956,18.0,2.0,32713.0,6.632000000000001,426003024.0
-3.361603498458862,5.204210758209229,0.3246922791004181,22.0,3.0,32714.0,6.204,426003026.0
-10.30724811553955,15.95699596405029,-3.692535638809204,35.0,4.0,32714.0,19.352,426003028.0
-5.191946029663086,8.04090404510498,0.8373923897743225,12.0,5.0,32715.0,9.608,426003031.0
-9.704333305358887,15.03511524200439,-2.834279537200928,23.0,6.0,32716.0,18.118,426003033.0
-5.05928373336792,7.841451644897461,1.14581561088562,19.0,7.0,32717.0,9.402000000000001,426003035.0
-15.62132835388184,24.22098541259766,-3.538841962814331,96.0,8.0,32718.0,29.038,426003038.0
-4.983631134033203,7.730118751525879,1.456717729568481,27.0,9.0,32719.0,9.312,426003040.0
-5.886982440948486,9.131307601928711,-0.9505205154418945,17.0,10.0,32719.0,10.906,426003042.0
-4.965532779693604,7.704998970031738,1.781774401664734,63.0,11.0,32720.0,9.338000000000001,426003045.0
-4.693230152130127,7.285259246826172,-0.4541714191436768,20.0,12.0,32721.0,8.678,426003047.0
-4.426046848297119,6.873147964477539,1.887339353561401,16.0,13.0,32722.0,8.39,426003049.0
-4.330566883087158,6.727458000183105,-0.1396541595458984,14.0,14.0,32723.0,8.002,426003052.0
-4.118741989135742,6.400846004486084,2.039494037628174,14.0,15.0,32724.0,7.88,426003054.0
-0.935123085975647,1.45660388469696,-0.4638037383556366,3.0,0.0,32730.0,1.792,426003075.0
-3.604034662246704,5.616016864776611,0.1164773628115654,15.0,1.0,32731.0,6.674,426003077.0
-3.489146709442139,5.439079761505127,-1.491875410079956,18.0,2.0,32732.0,6.632000000000001,426003079.0
-3.341093063354492,5.210286140441895,0.3243782520294189,16.0,3.0,32733.0,6.198,426003081.0
-5.34121036529541,8.32938003540039,-1.923354625701904,21.0,4.0,32733.0,10.08,426003084.0
-5.167403221130371,8.061431884765625,0.8377410173416138,22.0,5.0,32734.0,9.612,426003086.0
-9.737548828125,15.19694519042969,-2.858683347702026,11.0,6.0,32735.0,18.274,426003088.0
-5.037535190582275,7.864871978759766,1.146790504455566,10.0,7.0,32736.0,9.41,426003091.0
-15.59016132354736,24.34955596923828,-3.55005407333374,100.0,8.0,32737.0,29.13,426003093.0
-4.969973564147949,7.762372970581055,1.459846377372742,21.0,9.0,32737.0,9.332,426003095.0
-5.833040714263916,9.113861083984375,-0.9466856718063354,13.0,10.0,32738.0,10.862,426003098.0
-4.928316593170166,7.703231334686279,1.777576565742493,27.0,11.0,32739.0,9.316,426003100.0
-4.661512851715088,7.289004325866699,-0.4534387290477753,20.0,12.0,32740.0,8.664,426003102.0
-4.411627292633057,6.900922775268555,1.890938520431519,16.0,13.0,32741.0,8.406,426003105.0
-4.311464309692383,6.74683666229248,-0.1397588700056076,19.0,14.0,32742.0,8.008000000000001,426003107.0
-4.109015464782715,6.430032253265381,2.044670343399048,15.0,15.0,32742.0,7.9,426003109.0
-0.9331468343734741,1.464747190475464,-0.4653566479682922,4.0,0.0,32750.0,1.798,426003130.0
-3.583334922790527,5.626876354217529,0.1164424568414688,15.0,1.0,32751.0,6.672,426003132.0
-3.469092845916748,5.449582099914551,-1.491425514221191,18.0,2.0,32752.0,6.63,426003134.0
-3.300368309020996,5.186531066894531,0.3221801519393921,13.0,3.0,32753.0,6.156,426003137.0
-5.309995174407959,8.344661712646484,-1.9225914478302,27.0,4.0,32753.0,10.076,426003139.0
-5.146717548370361,8.091187477111816,0.8389611840248108,13.0,5.0,32754.0,9.626,426003141.0
-9.575270652770996,15.05914878845215,-2.826457977294922,9.0,6.0,32755.0,18.068,426003144.0
-3.185987710952759,5.012575149536133,0.7292661666870117,4.0,7.0,32756.0,5.984,426003146.0
-15.51252174377441,24.41555595397949,-3.551760196685791,100.0,8.0,32757.0,29.144,426003148.0
-4.934076309204102,7.768864631652832,1.457656383514404,20.0,9.0,32758.0,9.318,426003151.0
-5.778760433197021,9.098847389221191,-0.9430251121520996,11.0,10.0,32758.0,10.82,426003153.0
-4.084848403930664,6.434208869934082,1.481441020965576,5.0,11.0,32759.0,7.764,426003155.0
-4.625339031219482,7.288368225097656,-0.4523920118808746,10.0,12.0,32760.0,8.644,426003157.0
-4.379160404205322,6.903115749359131,1.887339353561401,16.0,13.0,32761.0,8.39,426003160.0
-4.296454429626465,6.775355815887451,-0.1400381028652191,19.0,14.0,32762.0,8.024000000000001,426003162.0
-4.090591907501221,6.453207492828369,2.047258615493774,15.0,15.0,32763.0,7.91,426003164.0
-0.9432520866394043,1.492653965950012,-0.4731212258338928,3.0,0.0,32771.0,1.828,426003185.0
-3.571230888366699,5.653497219085693,0.1167216971516609,15.0,1.0,32772.0,6.688,426003187.0
-3.456379175186157,5.473794460296631,-1.494574785232544,18.0,2.0,32773.0,6.644,426003190.0
-3.157673358917236,5.002674579620361,0.3100382089614868,5.0,3.0,32774.0,5.924,426003192.0
-5.110661029815674,8.096776008605957,-1.861150979995728,12.0,4.0,32774.0,9.754,426003194.0
-3.159734964370728,5.007876873016357,0.5180537104606628,4.0,5.0,32775.0,5.944,426003197.0
-13.40325736999512,21.25109481811523,-3.979379892349243,21.0,6.0,32776.0,25.438,426003199.0
-4.96101188659668,7.868813037872314,1.142159461975098,9.0,7.0,32777.0,9.372,426003201.0
-15.43457221984863,24.49072265625,-3.554441213607788,93.0,8.0,32778.0,29.166,426003204.0
-4.901661396026611,7.777684211730957,1.456092000007629,20.0,9.0,32778.0,9.308,426003206.0
-5.669971466064453,9.000277519226074,-0.9306490421295166,22.0,10.0,32779.0,10.678,426003208.0
-4.873067855834961,7.738300323486328,1.777576565742493,10.0,11.0,32780.0,9.316,426003210.0
-4.540075302124023,7.212308406829834,-0.4466350376605988,6.0,12.0,32781.0,8.534,426003213.0
-4.349678516387939,6.912522315979004,1.885539770126343,18.0,13.0,32782.0,8.382,426003215.0
-4.263075351715088,6.777515888214111,-0.1397588700056076,14.0,14.0,32783.0,8.008000000000001,426003217.0
-4.069069862365723,6.469082355499268,2.047776222229004,14.0,15.0,32783.0,7.912,426003220.0
-0.9534304738044739,1.520487785339355,-0.480885773897171,3.0,0.0,32791.0,1.858,426003240.0
-3.550412893295288,5.664234161376953,0.1166867911815643,11.0,1.0,32792.0,6.686,426003243.0
-3.442424297332764,5.494082927703857,-1.496824264526367,18.0,2.0,32793.0,6.654,426003245.0
-3.114747762680054,4.973042488098145,0.3075260818004608,5.0,3.0,32794.0,5.876,426003247.0
-5.06986141204834,8.094599723815918,-1.856571555137634,16.0,4.0,32794.0,9.73,426003250.0
-3.135891437530518,5.008743762969971,0.5170078873634338,2.0,5.0,32795.0,5.932,426003252.0
-5.277523517608643,8.432697296142578,-1.575607895851135,21.0,6.0,32796.0,10.072,426003254.0
-5.213162422180176,8.33632755279541,-1.207237720489502,7.0,8.0,32798.0,9.906,426003259.0
-3.69829535484314,5.91621208190918,1.105053067207336,24.0,9.0,32799.0,7.064,426003261.0
-5.585714817047119,8.935542106628418,-0.9219334721565247,22.0,10.0,32799.0,10.578,426003263.0
-4.844985961914062,7.753598213195801,1.777194976806641,19.0,11.0,32800.0,9.314,426003266.0
-4.470431804656982,7.156966209411621,-0.442238837480545,8.0,12.0,32801.0,8.45,426003268.0
-4.332747459411621,6.939234256744385,1.888689041137695,18.0,13.0,32802.0,8.396,426003270.0
-4.244685173034668,6.800837516784668,-0.1399333924055099,14.0,14.0,32803.0,8.018,426003273.0
-4.051467418670654,6.493786811828613,2.05088210105896,14.0,15.0,32804.0,7.924,426003275.0
-0.9688003659248352,1.556442856788635,-0.491238534450531,3.0,0.0,32810.0,1.898,426003296.0
-3.533722877502441,5.679372310638428,0.1167565956711769,3.0,1.0,32811.0,6.69,426003298.0
-3.428303241729736,5.512087345123291,-1.498623967170715,20.0,2.0,32812.0,6.662,426003300.0
-3.105621099472046,4.995217323303223,0.3082587718963623,8.0,3.0,32813.0,5.89,426003303.0
-5.036771297454834,8.101364135742188,-1.854281783103943,11.0,4.0,32813.0,9.718,426003305.0
-3.119264602661133,5.019114971160889,0.5170078873634338,1.0,5.0,32814.0,5.932,426003307.0
-5.252657890319824,8.455185890197754,-1.576546549797058,7.0,6.0,32815.0,10.078,426003310.0
-5.185489654541016,8.353569030761719,-1.207237720489502,22.0,8.0,32817.0,9.906,426003314.0
-4.846523761749268,7.807511806488037,1.455466270446777,28.0,9.0,32817.0,9.304,426003316.0
-5.562355995178223,8.964173316955566,-0.9229792952537537,22.0,10.0,32818.0,10.59,426003319.0
-4.431939601898193,7.147986888885498,-0.4407734274864197,8.0,12.0,32820.0,8.422,426003323.0
-4.302525997161865,6.94196891784668,1.885539770126343,12.0,13.0,32821.0,8.382,426003326.0
-4.216843605041504,6.806376457214355,-0.1397588700056076,11.0,14.0,32822.0,8.008000000000001,426003328.0
-4.034099102020264,6.511409759521484,2.052434921264648,15.0,15.0,32822.0,7.930000000000001,426003330.0
-0.9836641550064087,1.592687964439392,-0.5015913248062134,3.0,0.0,32830.0,1.938,426003351.0
-3.593713521957397,5.820990085601807,0.119409367442131,3.0,1.0,32831.0,6.842000000000001,426003353.0
-3.40597128868103,5.519045829772949,-1.497274160385132,17.0,2.0,32832.0,6.656000000000001,426003356.0
-3.102846145629883,5.029825210571289,0.3097241818904877,14.0,3.0,32833.0,5.918,426003358.0
-5.015676975250244,8.130592346191406,-1.856953144073486,11.0,4.0,32833.0,9.732,426003360.0
-3.103816986083984,5.033364295959473,0.5173565149307251,1.0,5.0,32834.0,5.936,426003363.0
-3.128186941146851,5.076849937438965,0.7321910262107849,5.0,7.0,32836.0,6.008,426003367.0
-5.16566801071167,8.38683032989502,-1.209431409835815,13.0,8.0,32837.0,9.924,426003369.0
-4.820982456207275,7.830269336700439,1.4564049243927,9.0,9.0,32838.0,9.31,426003372.0
-5.545655250549316,9.007287979125977,-0.9254196882247925,22.0,10.0,32838.0,10.618,426003374.0
-4.784893989562988,7.774693489074707,1.774523615837097,4.0,11.0,32839.0,9.3,426003376.0
-4.386030673980713,7.129391193389893,-0.4386799931526184,8.0,12.0,32840.0,8.382,426003379.0
-4.279288768768311,6.958605289459229,1.885989665985107,4.0,13.0,32841.0,8.384,426003381.0
-4.177350997924805,6.795501232147217,-0.1392353028059006,14.0,14.0,32842.0,7.978,426003383.0
-4.052685260772705,6.59528112411499,2.074175834655762,24.0,15.0,32843.0,8.014,426003386.0
-0.9952582716941833,1.624113917350769,-0.5103911757469177,3.0,0.0,32850.0,1.972,426003406.0
-3.546214580535889,5.789164066314697,0.1185018420219421,3.0,1.0,32851.0,6.79,426003409.0
-3.38770318031311,5.532563209533691,-1.497724175453186,18.0,2.0,32852.0,6.658,426003411.0
-3.085269927978516,5.04062557220459,0.3097241818904877,14.0,3.0,32853.0,5.918,426003413.0
-4.990340232849121,8.153074264526367,-1.858098030090332,14.0,4.0,32853.0,9.738,426003416.0
-3.509440898895264,5.7358717918396,0.5883012413978577,14.0,5.0,32854.0,6.75,426003418.0
-12.6719799041748,20.71935653686523,-3.846723556518555,22.0,6.0,32855.0,24.59,426003420.0
-3.114588022232056,5.094513416290283,0.733165979385376,5.0,7.0,32856.0,6.016,426003422.0
-5.238839626312256,8.572501182556152,-1.233561515808105,31.0,8.0,32857.0,10.122,426003425.0
-3.153053283691406,5.159453868865967,0.9576917886734009,5.0,9.0,32857.0,6.122,426003427.0
-5.527682781219482,9.048693656921387,-0.9276857376098633,28.0,10.0,32858.0,10.644,426003429.0
-4.748517513275146,7.776268482208252,1.77108907699585,14.0,11.0,32859.0,9.282,426003432.0
-4.342387199401855,7.113972187042236,-0.4367958903312683,10.0,12.0,32860.0,8.346,426003434.0
-3.176003932952881,5.205172538757324,1.407743692398071,6.0,13.0,32861.0,6.258,426003436.0
-4.166100025177002,6.830527782440186,-0.1396541595458984,16.0,14.0,32862.0,8.002,426003439.0
-4.091148376464844,6.707641124725342,2.105234146118164,27.0,15.0,32862.0,8.134,426003441.0
-1.013670206069946,1.667194604873657,-0.5228144526481628,3.0,0.0,32870.0,2.02,426003462.0
-3.51767635345459,5.78783655166626,0.11822260171175,21.0,1.0,32871.0,6.774,426003464.0
-3.372417449951172,5.551016330718994,-1.499523758888245,18.0,2.0,32872.0,6.666,426003466.0
-3.06765604019165,5.051364421844482,0.3097241818904877,17.0,3.0,32873.0,5.918,426003469.0
-4.989365100860596,8.215751647949219,-1.868401646614075,10.0,4.0,32873.0,9.792,426003471.0
-3.084110498428345,5.080457210540771,0.5199711322784424,3.0,5.0,32874.0,5.966,426003473.0
-5.07774829864502,8.367870330810547,-1.550265550613403,9.0,6.0,32875.0,9.91,426003475.0
-3.0988450050354,5.108748435974121,0.7336534261703491,2.0,7.0,32876.0,6.02,426003478.0
-15.07499027252197,24.86237907409668,-3.570040464401245,84.0,8.0,32877.0,29.294,426003480.0
-3.128879308700562,5.160294055938721,0.9558145999908447,5.0,9.0,32877.0,6.11,426003482.0
-5.510520935058594,9.091788291931152,-0.9301260709762573,7.0,10.0,32878.0,10.672,426003485.0
-4.726430892944336,7.801191806793213,1.772997140884399,15.0,11.0,32879.0,9.292,426003487.0
-4.326839923858643,7.144462108612061,-0.4377379417419434,10.0,12.0,32880.0,8.364,426003489.0
-3.139649391174316,5.186220169067383,1.399645447731018,11.0,13.0,32881.0,6.222,426003492.0
-4.132914066314697,6.829631328582764,-0.1393400132656097,15.0,14.0,32882.0,7.984,426003494.0
-4.086712837219238,6.753283977508545,2.115069150924683,24.0,15.0,32882.0,8.172,426003496.0
-1.0161212682724,1.683778882026672,-0.5269556045532227,4.0,0.0,32889.0,2.036,426003517.0
-3.498463869094849,5.799469947814941,0.11822260171175,25.0,1.0,32890.0,6.774,426003519.0
-3.362041473388672,5.575520038604736,-1.503122925758362,20.0,2.0,32891.0,6.682,426003522.0
-3.057074546813965,5.071772575378418,0.3103522062301636,15.0,3.0,32892.0,5.93,426003524.0
-5.016822338104248,8.32304859161377,-1.88900899887085,18.0,4.0,32892.0,9.9,426003526.0
-3.06827449798584,5.092363357543945,0.5201454758644104,4.0,5.0,32893.0,5.968,426003528.0
-5.044875621795654,8.376201629638672,-1.548701167106628,15.0,6.0,32894.0,9.9,426003531.0
-3.509869575500488,5.829874038696289,0.8355362415313721,11.0,7.0,32895.0,6.856,426003533.0
-15.01088523864746,24.94284820556641,-3.574427843093872,48.0,8.0,32896.0,29.33,426003535.0
-3.101682901382446,5.15595006942749,0.9529987573623657,1.0,9.0,32897.0,6.092000000000001,426003538.0
-5.482395172119141,9.113426208496094,-0.9304746985435486,6.0,10.0,32897.0,10.676,426003540.0
-3.136388063430786,5.215701580047607,1.183015823364258,3.0,11.0,32898.0,6.2,426003542.0
-4.371036052703857,7.271749973297119,-0.4446462988853455,15.0,12.0,32899.0,8.496,426003545.0
-3.125445127487183,5.201613903045654,1.400995135307312,14.0,13.0,32900.0,6.228,426003547.0
-4.099946975708008,6.826156139373779,-0.1389909684658051,15.0,14.0,32901.0,7.964,426003549.0
-4.059322357177734,6.758518218994141,2.112481117248535,32.0,15.0,32901.0,8.162,426003551.0
-1.021153688430786,1.70554792881012,-0.532649576663971,4.0,0.0,32909.0,2.058,426003572.0
-3.489494800567627,5.830521106719971,0.1186065524816513,29.0,1.0,32910.0,6.796,426003575.0
-3.344559907913208,5.590566158294678,-1.504022717475891,20.0,2.0,32911.0,6.686,426003577.0
-3.042427539825439,5.087554931640625,0.3106662333011627,15.0,3.0,32912.0,5.936,426003579.0
-4.829541683197021,8.075972557067871,-1.829095005989075,6.0,4.0,32912.0,9.586,426003581.0
-3.199732780456543,5.35272216796875,0.5455949306488037,9.0,5.0,32913.0,6.26,426003584.0
-5.016619682312012,8.395456314086914,-1.549014091491699,13.0,6.0,32914.0,9.902000000000001,426003586.0
-3.332735300064087,5.579639434814453,0.7980004549026489,7.0,7.0,32915.0,6.548,426003588.0
-5.058701038360596,8.47259521484375,-1.211624979972839,14.0,8.0,32916.0,9.942,426003591.0
-3.10593843460083,5.204062938690186,0.9598819017410278,3.0,9.0,32917.0,6.136,426003593.0
-5.937607765197754,9.948582649230957,-1.01362133026123,11.0,10.0,32917.0,11.63,426003595.0
-4.677244186401367,7.839926719665527,1.774523615837097,3.0,11.0,32918.0,9.3,426003598.0
-4.356878757476807,7.305832862854004,-0.4457976818084717,10.0,12.0,32919.0,8.518,426003600.0
-3.106271266937256,5.210818290710449,1.400545239448547,19.0,13.0,32920.0,6.226,426003602.0
-4.067905426025391,6.826683521270752,-0.1387117207050323,15.0,14.0,32921.0,7.948,426003604.0
-4.029580593109131,6.765052318572998,2.109892845153809,38.0,15.0,32922.0,8.152000000000001,426003607.0
-1.038190364837646,1.747122287750244,-0.5445552468299866,4.0,0.0,32928.0,2.104,426003628.0
-3.473204612731934,5.847218036651611,0.1187112703919411,29.0,1.0,32929.0,6.802,426003630.0
-3.32799220085144,5.604977607727051,-1.50492250919342,20.0,2.0,32930.0,6.69,426003632.0
-3.03165602684021,5.107921600341797,0.3112942576408386,15.0,3.0,32931.0,5.948,426003634.0
-5.023181438446045,8.46336555480957,-1.913051009178162,11.0,4.0,32931.0,10.026,426003637.0
-3.233811616897583,5.450692653656006,0.5544848442077637,4.0,5.0,32932.0,6.362,426003639.0
-5.048201560974121,8.512290000915527,-1.567473292350769,15.0,6.0,32933.0,10.02,426003641.0
-3.108721017837524,5.244019031524658,0.7485215067863464,6.0,7.0,32934.0,6.142,426003644.0
-5.032600879669189,8.4927396774292,-1.212112545967102,21.0,8.0,32935.0,9.946,426003646.0
-3.082623481750488,5.204136371612549,0.9580046534538269,5.0,9.0,32936.0,6.124000000000001,426003648.0
-5.925907611846924,10.00421619415283,-1.017281770706177,3.0,10.0,32936.0,11.672,426003651.0
-4.328558921813965,7.313365459442139,-0.4453789889812469,5.0,12.0,32938.0,8.51,426003655.0
-3.105843305587769,5.249602794647217,1.408193588256836,24.0,13.0,32939.0,6.26,426003657.0
-4.021832466125488,6.80054759979248,-0.1379089206457138,10.0,14.0,32940.0,7.902,426003660.0
-3.995523691177368,6.756061553955078,2.103163480758667,36.0,15.0,32940.0,8.126,426003662.0
-1.0575932264328,1.794004797935486,-0.5580138564109802,4.0,0.0,32948.0,2.156,426003683.0
-3.451757669448853,5.857583522796631,0.1186763644218445,25.0,1.0,32949.0,6.8,426003685.0
-3.31038498878479,5.619918823242188,-1.50582230091095,20.0,2.0,32950.0,6.694,426003687.0
-3.016847848892212,5.123635768890381,0.3116082847118378,15.0,3.0,32951.0,5.954,426003690.0
-3.155139207839966,5.360641479492188,0.5442004799842834,4.0,5.0,32952.0,6.244,426003694.0
-5.007439136505127,8.51113224029541,-1.564031839370728,16.0,6.0,32953.0,9.998,426003697.0
-3.140712738037109,5.340394020080566,0.7607084512710571,6.0,7.0,32954.0,6.242,426003699.0
-5.000913143157959,8.506832122802734,-1.211624979972839,14.0,8.0,32955.0,9.942,426003701.0
-3.076448440551758,5.235301971435547,0.961759090423584,5.0,9.0,32956.0,6.148,426003704.0
-5.047079086303711,8.588793754577637,-0.8715574145317078,5.0,10.0,32956.0,10.0,426003706.0
-4.617805480957031,7.861424922943115,1.772233963012695,15.0,11.0,32957.0,9.288,426003708.0
-4.297947406768799,7.31981897354126,-0.4448556303977966,2.0,12.0,32958.0,8.5,426003710.0
-3.090459108352661,5.265454292297363,1.40954327583313,24.0,13.0,32959.0,6.266,426003713.0
-3.977831602096558,6.780049800872803,-0.1372108161449432,5.0,14.0,32960.0,7.862,426003715.0
-3.734363794326782,6.365068912506104,1.977377533912659,6.0,15.0,32960.0,7.640000000000001,426003717.0
-1.07928478717804,1.846234679222107,-0.5730253458023071,4.0,0.0,32969.0,2.214,426003738.0
-3.44237208366394,5.890913963317871,0.1190952211618423,7.0,1.0,32970.0,6.824,426003740.0
-3.291730642318726,5.635379314422607,-1.506722211837769,18.0,2.0,32971.0,6.698,426003743.0
-2.993907690048218,5.125512599945068,0.3110849261283875,15.0,3.0,32971.0,5.944,426003745.0
-4.887256145477295,8.370243072509766,-1.884047985076904,3.0,4.0,32972.0,9.874,426003747.0
-3.052112102508545,5.229347705841064,0.5297325849533081,6.0,5.0,32973.0,6.078,426003750.0
-3.084116697311401,5.288422107696533,0.7516900897026062,7.0,7.0,32975.0,6.168,426003754.0
-5.060676574707031,8.681166648864746,-1.233805179595947,15.0,8.0,32976.0,10.124,426003756.0
-3.132768630981445,5.374001979827881,0.9852242469787598,5.0,9.0,32976.0,6.298,426003759.0
-5.021584033966064,8.617563247680664,-0.8726032972335815,5.0,10.0,32977.0,10.012,426003761.0
-4.56129264831543,7.830796718597412,1.761548638343811,30.0,11.0,32978.0,9.232,426003763.0
-4.271090030670166,7.335522651672363,-0.4448556303977966,2.0,12.0,32979.0,8.5,426003766.0
-3.066238164901733,5.268324375152588,1.407293796539307,22.0,13.0,32980.0,6.256,426003768.0
-3.920775890350342,6.739273071289062,-0.136093869805336,7.0,14.0,32981.0,7.798,426003770.0
-3.691580295562744,6.345316886901855,1.967024683952332,7.0,15.0,32981.0,7.600000000000001,426003773.0
-1.089308857917786,1.878400802612305,-0.5818251967430115,4.0,0.0,32989.0,2.248,426003793.0
-3.426802396774292,5.911544322967529,0.1192697435617447,14.0,1.0,32990.0,6.834000000000001,426003796.0
-3.279855489730835,5.660324573516846,-1.510321378707886,18.0,2.0,32991.0,6.714,426003798.0
-2.977103710174561,5.139907836914062,0.3112942576408386,14.0,3.0,32992.0,5.948,426003800.0
-4.753705024719238,8.207172393798828,-1.843596458435059,6.0,4.0,32992.0,9.662,426003803.0
-2.989914417266846,5.164103031158447,0.5220628976821899,8.0,5.0,32993.0,5.99,426003805.0
-4.962238311767578,8.574101448059082,-1.569037675857544,2.0,6.0,32994.0,10.03,426003807.0
-3.106393814086914,5.36960506439209,0.7616834044456482,7.0,7.0,32995.0,6.25,426003809.0
-4.890224456787109,8.456478118896484,-1.199438095092773,7.0,8.0,32996.0,9.842,426003812.0
-3.240578174591064,5.606065273284912,1.02558434009552,7.0,9.0,32997.0,6.556,426003814.0
-6.532986164093018,11.30179405212402,-1.142088890075684,14.0,10.0,32997.0,13.104,426003816.0
-3.135248184204102,5.426033973693848,1.218124628067017,3.0,11.0,32998.0,6.384,426003819.0
-4.233471393585205,7.329632759094238,-0.4435995519161224,2.0,12.0,32999.0,8.476,426003821.0
-3.053675889968872,5.289121627807617,1.409993171691895,14.0,13.0,33000.0,6.268,426003823.0
-3.849249362945557,6.669783592224121,-0.1344184279441833,7.0,14.0,33001.0,7.702,426003826.0
-3.591071367263794,6.224935054779053,1.925613641738892,3.0,15.0,33002.0,7.44,426003828.0
-1.100418567657471,1.912141561508179,-0.5911427140235901,3.0,0.0,33008.0,2.284,426003849.0
-3.394217491149902,5.900341987609863,0.1188159808516502,18.0,1.0,33009.0,6.808,426003851.0
-3.270781517028809,5.688063144683838,-1.514820456504822,20.0,2.0,33010.0,6.734,426003853.0
-3.650898694992065,6.34910774230957,0.3838318884372711,7.0,3.0,33010.0,7.334000000000001,426003856.0
-9.151590347290039,15.92153358459473,-3.569654703140259,5.0,4.0,33011.0,18.708,426003858.0
-2.960862398147583,5.15325927734375,0.5199711322784424,13.0,5.0,33012.0,5.966,426003860.0
-4.931810855865479,8.58708381652832,-1.568411946296692,7.0,6.0,33013.0,10.026,426003862.0
-3.053978443145752,5.319622039794922,0.7531525492668152,7.0,7.0,33014.0,6.18,426003865.0
-4.846346378326416,8.445099830627441,-1.195538282394409,17.0,8.0,33015.0,9.81,426003867.0
-3.155132293701172,5.500264167785645,1.004309296607971,7.0,9.0,33016.0,6.42,426003869.0
-6.49249792098999,11.31821060180664,-1.141565918922424,13.0,10.0,33016.0,13.098,426003872.0
-4.199210166931152,7.326303005218506,-0.4425528347492218,1.0,12.0,33018.0,8.456,426003876.0
-4.066888809204102,7.098315715789795,1.888689041137695,6.0,13.0,33019.0,8.396,426003879.0
-3.77543306350708,6.592277526855469,-0.1326033771038055,7.0,14.0,33020.0,7.598,426003881.0
-3.582058429718018,6.254626274108887,1.931307673454285,5.0,15.0,33020.0,7.462,426003883.0
-1.128215789794922,1.976369500160217,-0.6097776889801025,4.0,0.0,33028.0,2.356,426003904.0
-3.377565145492554,5.919101238250732,0.1189556047320366,14.0,1.0,33029.0,6.816,426003906.0
-3.245113372802734,5.689289569854736,-1.512120962142944,20.0,2.0,33030.0,6.722,426003908.0
-3.630693197250366,6.365282535552979,0.3840412497520447,9.0,3.0,33030.0,7.338,426003911.0
-9.098875045776367,15.95849800109863,-3.570799589157104,8.0,4.0,33031.0,18.714,426003913.0
-2.955681085586548,5.186066150665283,0.5222371816635132,9.0,5.0,33032.0,5.992,426003915.0
-4.733621597290039,8.309027671813965,-1.514598488807678,6.0,6.0,33033.0,9.682,426003918.0
-2.979398250579834,5.231925010681152,0.7392594218254089,20.0,7.0,33034.0,6.066,426003920.0
-4.885579586029053,8.582727432250977,-1.212599992752075,14.0,8.0,33035.0,9.950000000000001,426003922.0
-3.0450599193573,5.351572513580322,0.9752124547958374,5.0,9.0,33036.0,6.234,426003925.0
-6.466745376586914,11.3650484085083,-1.144006252288818,18.0,10.0,33036.0,13.126,426003927.0
-3.057475566864014,5.375575065612793,1.202096700668335,6.0,11.0,33037.0,6.3,426003929.0
-4.134125709533691,7.27146577835083,-0.4383659660816193,1.0,12.0,33038.0,8.376,426003932.0
-4.029569149017334,7.090443134307861,1.882840275764465,10.0,13.0,33039.0,8.370000000000001,426003934.0
-3.703999757766724,6.520218849182129,-0.1308930516242981,7.0,14.0,33040.0,7.5,426003936.0
-3.661351442337036,6.445144176483154,1.986177325248718,10.0,15.0,33040.0,7.674,426003938.0
-1.140347599983215,2.013916969299316,-0.6201304197311401,4.0,0.0,33048.0,2.396,426003959.0
-3.358852863311768,5.934335708618164,0.1190254092216492,14.0,1.0,33049.0,6.82,426003961.0
-3.225234270095825,5.700582027435303,-1.512120962142944,18.0,2.0,33050.0,6.722,426003964.0
-3.620120286941528,6.401147365570068,0.3854019939899445,7.0,3.0,33051.0,7.364,426003966.0
-9.046979904174805,15.99699687957764,-3.572325944900513,7.0,4.0,33051.0,18.722,426003968.0
-4.656366348266602,8.236806869506836,0.82780522108078,12.0,5.0,33052.0,9.498,426003971.0
-4.704588890075684,8.32550048828125,-1.514598488807678,9.0,6.0,33053.0,9.682,426003973.0
-2.951354265213013,5.225008964538574,0.7368220686912537,17.0,7.0,33054.0,6.046,426003975.0
-4.924886703491211,8.722458839416504,-1.229905366897583,3.0,8.0,33055.0,10.092,426003978.0
-2.997188806533813,5.308316707611084,0.9655135273933411,14.0,9.0,33055.0,6.172,426003980.0
-6.433889389038086,11.39969825744629,-1.14522647857666,19.0,10.0,33056.0,13.14,426003982.0
-3.062809467315674,5.428962707519531,1.211637139320374,7.0,11.0,33057.0,6.350000000000001,426003985.0
-4.065551280975342,7.209305763244629,-0.433760404586792,1.0,12.0,33058.0,8.288,426003987.0
-4.0794358253479,7.236878871917725,1.917932748794556,27.0,13.0,33059.0,8.526,426003989.0
-3.603666305541992,6.395477771759033,-0.1281355619430542,7.0,14.0,33060.0,7.342000000000001,426003991.0
-3.626327514648438,6.438321590423584,1.979965686798096,7.0,15.0,33061.0,7.65,426003994.0
-1.157906889915466,2.061679124832153,-0.6335890293121338,4.0,0.0,33068.0,2.448,426004014.0
-3.340075731277466,5.949511528015137,0.1190952211618423,18.0,1.0,33069.0,6.824,426004017.0
-3.211037874221802,5.722002506256104,-1.514820456504822,18.0,2.0,33070.0,6.734,426004019.0
-3.601805686950684,6.418342113494873,0.3857159912586212,9.0,3.0,33070.0,7.37,426004021.0
-4.600715637207031,8.201732635498047,-1.827950119972229,21.0,4.0,33071.0,9.58,426004024.0
-4.628560543060303,8.254748344421387,0.827979564666748,12.0,5.0,33072.0,9.5,426004026.0
-10.49934864044189,18.73259544372559,-3.401198148727417,29.0,6.0,33073.0,21.742,426004028.0
-4.523354530334473,8.073724746704102,1.136309742927551,18.0,7.0,33074.0,9.324,426004031.0
-18.34482002258301,32.75703430175781,-4.609829902648926,3.0,8.0,33075.0,37.826,426004033.0
-2.966133832931519,5.298582077026367,0.961759090423584,22.0,9.0,33076.0,6.148,426004035.0
-6.396004199981689,11.42556476593018,-1.145575046539307,18.0,10.0,33076.0,13.144,426004038.0
-3.055344343185425,5.460179805755615,1.216216564178467,7.0,11.0,33077.0,6.374000000000001,426004040.0
-3.927262306213379,7.021252155303955,-0.4216184616088867,2.0,12.0,33078.0,8.056000000000001,426004042.0
-4.081728935241699,7.30040168762207,1.93097984790802,4.0,13.0,33079.0,8.584,426004044.0
-3.505225658416748,6.271862506866455,-0.1254129856824875,7.0,14.0,33080.0,7.186,426004047.0
-3.589698791503906,6.425642967224121,1.972201108932495,7.0,15.0,33081.0,7.62,426004049.0
-1.175146222114563,2.109587907791138,-0.6470476388931274,4.0,0.0,33088.0,2.5,426004070.0
-3.328042984008789,5.976858139038086,0.119409367442131,18.0,1.0,33089.0,6.842000000000001,426004072.0
-3.196731328964233,5.743392467498779,-1.51751983165741,18.0,2.0,33090.0,6.746,426004074.0
-3.582293510437012,6.436111450195312,0.3860300183296204,9.0,3.0,33090.0,7.376,426004077.0
-4.557740688323975,8.192008018493652,-1.82222592830658,11.0,4.0,33091.0,9.55,426004079.0
-4.592939376831055,8.258666038513184,0.826759397983551,13.0,5.0,33092.0,9.486,426004081.0
-6.725260257720947,12.09780979156494,-2.192272663116455,16.0,6.0,33093.0,14.014,426004084.0
-4.491287708282471,8.082524299621582,1.135334849357605,25.0,7.0,33094.0,9.316,426004086.0
-18.25349998474121,32.86251831054688,-4.615679740905762,5.0,8.0,33095.0,37.874,426004088.0
-4.448718547821045,8.009208679199219,1.451086044311523,22.0,9.0,33095.0,9.276,426004091.0
-6.369622707366943,11.47220802307129,-1.14801549911499,18.0,10.0,33096.0,13.172,426004093.0
-2.972434997558594,5.355799198150635,1.190648078918457,16.0,11.0,33097.0,6.24,426004095.0
-3.888196229934692,7.008720874786377,-0.4200483858585358,5.0,12.0,33098.0,8.026,426004097.0
-3.057286739349365,5.513221740722656,1.455433368682861,6.0,13.0,33099.0,6.47,426004100.0
-3.481372356414795,6.280561923980713,-0.1253431886434555,7.0,14.0,33100.0,7.182,426004102.0
-3.572865009307861,6.448272705078125,1.975306987762451,7.0,15.0,33101.0,7.632000000000001,426004104.0
-1.192065000534058,2.157641410827637,-0.6605061888694763,4.0,0.0,33108.0,2.552,426004125.0
-3.308126449584961,5.990189552307129,0.119444265961647,14.0,1.0,33109.0,6.844,426004127.0
-3.186081647872925,5.771576881408691,-1.522018790245056,20.0,2.0,33110.0,6.766,426004130.0
-3.554014205932617,6.438085556030273,0.3854019939899445,7.0,3.0,33110.0,7.364,426004132.0
-8.86568832397461,16.06679344177246,-3.566983461380005,12.0,4.0,33111.0,18.694,426004134.0
-4.556385040283203,8.26069164276123,0.825364887714386,19.0,5.0,33112.0,9.47,426004137.0
-10.38548278808594,18.83657455444336,-3.406829833984375,58.0,6.0,33113.0,21.778,426004139.0
-4.467837810516357,8.10684585571289,1.136553525924683,21.0,7.0,33114.0,9.326,426004141.0
-18.15400123596191,32.95385360717773,-4.619579315185547,4.0,8.0,33115.0,37.906,426004144.0
-4.411202430725098,8.007387161254883,1.447957396507263,48.0,9.0,33115.0,9.256,426004146.0
-6.331460475921631,11.49786281585693,-1.148364067077637,18.0,10.0,33116.0,13.176,426004148.0
-2.954668521881104,5.367862224578857,1.191029787063599,21.0,11.0,33117.0,6.242,426004150.0
-3.868521451950073,7.030999660491943,-0.4205717444419861,16.0,12.0,33118.0,8.036,426004153.0
-3.036144971847534,5.520444869995117,1.454533576965332,6.0,13.0,33119.0,6.466,426004155.0
-3.451720952987671,6.27865743637085,-0.1250639408826828,7.0,14.0,33120.0,7.166,426004157.0
-3.547543287277222,6.455626010894775,1.973754048347473,7.0,15.0,33121.0,7.626,426004160.0
-1.215160369873047,2.217697858810425,-0.6775882840156555,3.0,0.0,33128.0,2.618,426004180.0
-3.288157224655151,6.003454208374023,0.1194791719317436,10.0,1.0,33129.0,6.846,426004183.0
-3.162172317504883,5.775825977325439,-1.520219206809998,20.0,2.0,33130.0,6.758,426004185.0
-4.697822570800781,8.580747604370117,0.5126830339431763,9.0,3.0,33130.0,9.796,426004187.0
-8.814263343811035,16.10625267028809,-3.568891525268555,15.0,4.0,33131.0,18.704,426004190.0
-4.531346797943115,8.283537864685059,0.8260621428489685,15.0,5.0,33132.0,9.478,426004192.0
-10.33293628692627,18.89697647094727,-3.411210060119629,67.0,6.0,33133.0,21.806,426004194.0
-4.43284797668457,8.110198974609375,1.134847283363342,20.0,7.0,33134.0,9.312,426004196.0
-18.05218505859375,33.04141235351562,-4.622991561889648,2.0,8.0,33135.0,37.934,426004199.0
-4.387959957122803,8.031403541564941,1.449521780014038,72.0,9.0,33135.0,9.266,426004201.0
-6.300836563110352,11.53737926483154,-1.150107145309448,18.0,10.0,33136.0,13.196,426004203.0
-4.27358341217041,7.828550338745117,1.733690500259399,10.0,11.0,33137.0,9.086,426004206.0
-3.840128421783447,7.037447452545166,-0.4201530516147614,15.0,12.0,33138.0,8.028,426004208.0
-3.940669775009155,7.224699020385742,1.899936556816101,18.0,13.0,33139.0,8.446,426004210.0
-3.421168327331543,6.274866580963135,-0.1247498020529747,7.0,14.0,33140.0,7.148000000000001,426004213.0
-3.520567655563354,6.457177639007568,1.970648169517517,7.0,15.0,33140.0,7.614,426004215.0
-1.23508358001709,2.272848606109619,-0.6931173801422119,3.0,0.0,33148.0,2.678,426004236.0
-3.260499954223633,6.002594947814941,0.1192348375916481,10.0,1.0,33149.0,6.832,426004238.0
-3.143851280212402,5.790253639221191,-1.521118998527527,20.0,2.0,33150.0,6.762,426004240.0
-4.662123203277588,8.586563110351562,0.512054979801178,10.0,3.0,33150.0,9.784,426004243.0
-8.753305435180664,16.1282958984375,-3.566983461380005,10.0,4.0,33151.0,18.694,426004245.0
-4.506204605102539,8.306309700012207,0.826759397983551,12.0,5.0,33152.0,9.486,426004247.0
-10.2782096862793,18.95376777648926,-3.414964437484741,69.0,6.0,33153.0,21.83,426004249.0
-4.400727272033691,8.11864185333252,1.133872389793396,27.0,7.0,33154.0,9.304,426004252.0
-17.93863105773926,33.10771560668945,-4.62347936630249,2.0,8.0,33155.0,37.938,426004254.0
-4.363662719726562,8.053619384765625,1.450773239135742,82.0,9.0,33155.0,9.274000000000001,426004256.0
-6.258627414703369,11.55579948425293,-1.149758577346802,18.0,10.0,33156.0,13.192,426004259.0
-4.249969005584717,7.850326061248779,1.735216975212097,7.0,11.0,33157.0,9.094,426004261.0
-3.809836387634277,7.04026985168457,-0.4195250272750854,20.0,12.0,33158.0,8.016,426004263.0
-3.910791158676147,7.229840278625488,1.897687077522278,30.0,13.0,33159.0,8.436,426004266.0
-3.388782024383545,6.267421245574951,-0.1243658512830734,10.0,14.0,33160.0,7.126,426004268.0
-3.495958805084229,6.468338489532471,1.970130562782288,12.0,15.0,33161.0,7.612,426004270.0
-1.255552649497986,2.329865694046021,-0.7091642022132874,3.0,0.0,33168.0,2.74,426004291.0
-3.245217084884644,6.024502754211426,0.119444265961647,14.0,1.0,33169.0,6.844,426004293.0
-3.127315998077393,5.808055877685547,-1.522918581962585,18.0,2.0,33170.0,6.77,426004296.0
-3.443621873855591,6.39817476272583,0.3807964324951172,15.0,3.0,33171.0,7.276,426004298.0
-6.772774696350098,12.58366870880127,-2.77779746055603,2.0,4.0,33171.0,14.558,426004300.0
-4.47340726852417,8.314970970153809,0.8260621428489685,13.0,5.0,33172.0,9.478,426004302.0
-18.30111503601074,34.03153610229492,-6.120028972625732,4.0,6.0,33173.0,39.122,426004305.0
-4.374240875244141,8.137451171875,1.134359836578369,25.0,7.0,33174.0,9.308,426004307.0
-17.84268569946289,33.20685195922852,-4.628597736358643,1.0,8.0,33175.0,37.98,426004309.0
-4.322433948516846,8.044441223144531,1.446393013000488,78.0,9.0,33175.0,9.246,426004312.0
-6.233335971832275,11.60565948486328,-1.152547597885132,18.0,10.0,33176.0,13.224,426004314.0
-4.22811222076416,7.875492095947266,1.737506747245789,12.0,11.0,33177.0,9.106,426004316.0
-3.79184889793396,7.065845012664795,-0.4202577173709869,16.0,12.0,33178.0,8.03,426004319.0
-3.878160953521729,7.229709625244141,1.894087910652161,40.0,13.0,33179.0,8.42,426004321.0
-3.370663642883301,6.286261081695557,-0.1245054677128792,10.0,14.0,33180.0,7.134,426004323.0
-3.473576784133911,6.478193283081055,1.969612956047058,14.0,15.0,33180.0,7.61,426004326.0
-1.284743547439575,2.404090642929077,-0.7303873300552368,3.0,0.0,33188.0,2.822,426004346.0
-3.234531879425049,6.055196285247803,0.1198282241821289,14.0,1.0,33189.0,6.866000000000001,426004349.0
-3.111612319946289,5.827532291412354,-1.525168180465698,18.0,2.0,33190.0,6.78,426004351.0
-3.430671215057373,6.427776336669922,0.3818431496620178,16.0,3.0,33191.0,7.296,426004353.0
-6.692756175994873,12.53968524932861,-2.762914180755615,5.0,4.0,33191.0,14.48,426004355.0
-3.44932222366333,6.465437412261963,0.6411176323890686,5.0,5.0,33192.0,7.356,426004358.0
-17.85781097412109,33.48689651489258,-6.010838031768799,5.0,6.0,33193.0,38.424,426004360.0
-4.350477695465088,8.161429405212402,1.135578513145447,25.0,7.0,33194.0,9.318,426004362.0
-18.31381797790527,34.37088775634766,-4.781909465789795,2.0,8.0,33195.0,39.238,426004365.0
-4.285491943359375,8.046280860900879,1.44389009475708,70.0,9.0,33196.0,9.23,426004367.0
-6.196532726287842,11.63438129425049,-1.153244733810425,19.0,10.0,33196.0,13.232,426004369.0
-4.202441215515137,7.893668651580811,1.738269925117493,16.0,11.0,33197.0,9.11,426004372.0
-3.769976377487183,7.084327220916748,-0.4205717444419861,16.0,12.0,33198.0,8.036,426004374.0
-3.874865293502808,7.284493923187256,1.904885530471802,28.0,13.0,33199.0,8.468,426004376.0
-3.361843347549438,6.322707653045654,-0.1249941363930702,10.0,14.0,33200.0,7.162,426004379.0
-3.450716257095337,6.492587089538574,1.970130562782288,13.0,15.0,33201.0,7.612,426004381.0
-1.320667624473572,2.492203235626221,-0.7557516098022461,3.0,0.0,33208.0,2.92,426004402.0
-3.275153398513794,6.183078289031982,0.1221319437026978,14.0,1.0,33209.0,6.998,426004404.0
-3.092163324356079,5.840080261230469,-1.525618076324463,13.0,2.0,33210.0,6.782,426004406.0
-4.554561138153076,8.605701446533203,0.5102756023406982,13.0,3.0,33211.0,9.75,426004408.0
-5.152013301849365,9.734567642211914,-2.14087700843811,9.0,4.0,33211.0,11.22,426004411.0
-3.420210838317871,6.465110301971436,0.6398974657058716,14.0,5.0,33212.0,7.342000000000001,426004413.0
-6.533220767974854,12.35474491119385,-2.213547706604004,3.0,6.0,33213.0,14.15,426004415.0
-4.323818206787109,8.180075645446777,1.13606595993042,12.0,7.0,33214.0,9.322000000000001,426004418.0
-6.10568904876709,11.55601501464844,-1.604775547981262,7.0,8.0,33215.0,13.168,426004420.0
-4.263400077819824,8.069181442260742,1.445454478263855,83.0,9.0,33215.0,9.24,426004422.0
-6.156814098358154,11.65770244598389,-1.153419137001038,18.0,10.0,33216.0,13.234,426004425.0
-4.16936206817627,7.897872924804688,1.735980272293091,17.0,11.0,33217.0,9.098,426004427.0
-3.743360280990601,7.093911170959473,-0.4203624129295349,18.0,12.0,33218.0,8.032,426004429.0
-3.864869832992554,7.327277660369873,1.91253387928009,27.0,13.0,33219.0,8.502,426004432.0
-3.363068103790283,6.378626346588135,-0.1258667558431625,14.0,14.0,33220.0,7.212,426004434.0
-3.424662351608276,6.495450019836426,1.967542409896851,12.0,15.0,33220.0,7.602,426004436.0
-1.326337814331055,2.524160146713257,-0.7640337944030762,3.0,0.0,33228.0,2.952,426004457.0
-3.279586315155029,6.244042873382568,0.1231092736124992,10.0,1.0,33229.0,7.054,426004459.0
-3.061794519424438,5.831859111785889,-1.520669102668762,11.0,2.0,33230.0,6.76,426004461.0
-4.526350021362305,8.625083923339844,0.5104849338531494,19.0,3.0,33231.0,9.754,426004464.0
-5.06691312789917,9.65514087677002,-2.119506359100342,21.0,4.0,33231.0,11.108,426004466.0
-4.3851637840271,8.359594345092773,0.8258877992630005,8.0,5.0,33232.0,9.476,426004468.0
-6.609306812286377,12.60490608215332,-2.254220724105835,2.0,6.0,33233.0,14.41,426004471.0
-3.434531450271606,6.552929878234863,0.9084140658378601,17.0,7.0,33234.0,7.454,426004473.0
-6.063471794128418,11.57374000549316,-1.604287981987,14.0,8.0,33235.0,13.164,426004475.0
-4.236545562744141,8.09000301361084,1.446393013000488,81.0,9.0,33236.0,9.246,426004478.0
-6.12809944152832,11.70206737518311,-1.155685186386108,19.0,10.0,33236.0,13.26,426004480.0
-4.136305332183838,7.901942253112793,1.733690500259399,20.0,11.0,33237.0,9.086,426004482.0
-3.717648983001709,7.105165004730225,-0.4202577173709869,16.0,12.0,33238.0,8.03,426004484.0
-3.841978788375854,7.345904350280762,1.913883566856384,22.0,13.0,33239.0,8.508000000000001,426004487.0
-3.359311103820801,6.425769329071045,-0.1265648454427719,15.0,14.0,33240.0,7.252,426004489.0
-3.40977931022644,6.52508020401001,1.972718715667725,13.0,15.0,33241.0,7.622,426004491.0
-1.354130506515503,2.596832513809204,-0.7847393155097961,4.0,0.0,33246.0,3.032,426004512.0
-3.255332469940186,6.245449066162109,0.1229347512125969,10.0,1.0,33247.0,7.044,426004514.0
-3.036254644393921,5.82762336730957,-1.517069935798645,12.0,2.0,33248.0,6.744,426004517.0
-4.494618892669678,8.630404472351074,0.5099615454673767,18.0,3.0,33249.0,9.744,426004519.0
-5.050158023834229,9.69713020324707,-2.125230550765991,27.0,4.0,33249.0,11.138,426004521.0
-4.347839832305908,8.35212230682373,0.8237960934638977,12.0,5.0,33250.0,9.452,426004524.0
-5.092523574829102,9.78681755065918,-1.747372984886169,12.0,6.0,33251.0,11.17,426004526.0
-3.413012027740479,6.561926364898682,0.9081703424453735,15.0,7.0,33252.0,7.452,426004528.0
-6.019756317138672,11.57864189147949,-1.602338075637817,14.0,8.0,33253.0,13.148,426004531.0
-4.211612224578857,8.100784301757812,1.446080207824707,72.0,9.0,33253.0,9.244,426004533.0
-6.096818447113037,11.7318696975708,-1.156731009483337,15.0,10.0,33254.0,13.272,426004535.0
-4.037249565124512,7.772036075592041,1.70239782333374,10.0,11.0,33255.0,8.922,426004537.0
-3.698070287704468,7.122127056121826,-0.4205717444419861,13.0,12.0,33256.0,8.036,426004540.0
-3.627668619155884,6.989522457122803,1.818054437637329,7.0,13.0,33257.0,8.082,426004542.0
-3.344632625579834,6.44694185256958,-0.1267742812633514,15.0,14.0,33258.0,7.264,426004544.0
-3.400190114974976,6.554031372070312,1.978412747383118,13.0,15.0,33258.0,7.644,426004547.0
-1.378772735595703,2.666753530502319,-0.8044095635414124,3.0,0.0,33266.0,3.108,426004567.0
-3.239020347595215,6.267433166503906,0.1231441795825958,10.0,1.0,33267.0,7.056,426004570.0
-3.020365953445435,5.846843242645264,-1.519319415092468,10.0,2.0,33268.0,6.754,426004572.0
-4.460800170898438,8.63894271850586,0.5095428824424744,12.0,3.0,33269.0,9.736,426004574.0
-6.601598262786865,12.78488731384277,-2.796878337860107,13.0,4.0,33269.0,14.658,426004577.0
-4.323227882385254,8.376100540161133,0.8246676325798035,19.0,5.0,33270.0,9.462,426004579.0
-4.231693267822266,8.205781936645508,1.133628606796265,16.0,7.0,33272.0,9.302,426004584.0
-5.962021350860596,11.56605911254883,-1.597707033157349,16.0,8.0,33273.0,13.11,426004586.0
-4.181892871856689,8.116166114807129,1.446080207824707,83.0,9.0,33274.0,9.244,426004588.0
-6.064955234527588,11.77079105377197,-1.158474087715149,19.0,10.0,33274.0,13.292,426004590.0
-4.118865013122559,7.997270584106445,1.748573660850525,30.0,11.0,33275.0,9.164,426004593.0
-3.671358585357666,7.13144063949585,-0.4203624129295349,11.0,12.0,33276.0,8.032,426004595.0
-3.585415124893188,6.967487335205078,1.809056401252747,9.0,13.0,33277.0,8.042,426004597.0
-3.320278882980347,6.455020904541016,-0.1267044693231583,15.0,14.0,33278.0,7.26,426004600.0
-3.384095668792725,6.581912040710449,1.983071565628052,15.0,15.0,33279.0,7.662,426004602.0
-1.391893982887268,2.716490983963013,-0.817868173122406,4.0,0.0,33287.0,3.16,426004623.0
-3.219673633575439,6.28638219833374,0.1232837960124016,14.0,1.0,33288.0,7.064,426004625.0
-3.002468109130859,5.86481237411499,-1.521118998527527,6.0,2.0,33289.0,6.762,426004627.0
-4.426377296447754,8.64989948272705,0.5092288255691528,16.0,3.0,33290.0,9.73,426004630.0
-15.74146366119385,30.76151657104492,-6.716858386993408,9.0,4.0,33290.0,35.202,426004632.0
-4.294313907623291,8.395437240600586,0.8250162601470947,13.0,5.0,33291.0,9.466000000000001,426004634.0
-3.384939670562744,6.62330150604248,0.9132888317108154,7.0,7.0,33293.0,7.494,426004639.0
-5.909655570983887,11.56838798522949,-1.595026016235352,11.0,8.0,33294.0,13.088,426004641.0
-4.151739597320557,8.127196311950684,1.445454478263855,83.0,9.0,33294.0,9.24,426004643.0
-6.023584365844727,11.79648971557617,-1.158822774887085,18.0,10.0,33295.0,13.296,426004646.0
-3.970820665359497,7.77974271774292,1.697818398475647,8.0,11.0,33296.0,8.898,426004648.0
-3.644288301467896,7.143069744110107,-0.4202577173709869,10.0,12.0,33297.0,8.03,426004650.0
-3.555427312850952,6.971901416778564,1.806806921958923,10.0,13.0,33298.0,8.032,426004653.0
-3.29841423034668,6.470710277557373,-0.1267742812633514,15.0,14.0,33299.0,7.264,426004655.0
-3.359345197677612,6.590242385864258,1.982036232948303,14.0,15.0,33299.0,7.658,426004657.0
-1.416525721549988,2.788505077362061,-0.8380560874938965,4.0,0.0,33307.0,3.238,426004678.0
-3.195899724960327,6.294016361236572,0.123213991522789,10.0,1.0,33308.0,7.06,426004680.0
-4.637455940246582,9.136972427368164,-2.365585327148438,5.0,2.0,33309.0,10.516,426004683.0
-4.394349575042725,8.661735534667969,0.5090194940567017,21.0,3.0,33310.0,9.726,426004685.0
-6.517049312591553,12.84580612182617,-2.799931287765503,12.0,4.0,33310.0,14.674,426004687.0
-4.259575366973877,8.399714469909668,0.823970377445221,15.0,5.0,33311.0,9.454,426004690.0
-6.356292247772217,12.5397834777832,-2.226688146591187,3.0,6.0,33312.0,14.234,426004692.0
-3.365388154983521,6.642159938812256,0.9142637848854065,10.0,7.0,33313.0,7.502,426004694.0
-4.121923923492432,8.142358779907227,1.445454478263855,75.0,9.0,33315.0,9.24,426004699.0
-5.955374240875244,11.76411628723145,-1.153593420982361,19.0,10.0,33315.0,13.236,426004701.0
-4.010120868682861,7.924937725067139,1.726439833641052,17.0,11.0,33316.0,9.048,426004703.0
-3.630149602890015,7.17713451385498,-0.4215137958526611,10.0,12.0,33317.0,8.054,426004706.0
-3.531948328018188,6.986008644104004,1.807256817817688,9.0,13.0,33318.0,8.034,426004708.0
-3.281218528747559,6.492892742156982,-0.1269837021827698,15.0,14.0,33319.0,7.276,426004710.0
-3.336039304733276,6.604235172271729,1.982553839683533,14.0,15.0,33320.0,7.66,426004713.0
-1.451601266860962,2.88117504119873,-0.8644556403160095,4.0,0.0,33326.0,3.34,426004733.0
-3.148027420043945,6.250999927520752,0.1221668422222137,14.0,1.0,33327.0,7.0,426004736.0
-4.557187080383301,9.053083419799805,-2.339940786361694,8.0,2.0,33328.0,10.402,426004738.0
-4.360215663909912,8.665555953979492,0.5083914995193481,24.0,3.0,33329.0,9.714,426004740.0
-6.43117618560791,12.78141212463379,-2.781231880187988,8.0,4.0,33329.0,14.576,426004743.0
-4.231697559356689,8.413793563842773,0.823970377445221,15.0,5.0,33330.0,9.454,426004745.0
-6.258776187896729,12.44960403442383,-2.206977367401123,2.0,6.0,33331.0,14.108,426004747.0
-3.344234943389893,6.655056953430176,0.9145075678825378,11.0,7.0,33332.0,7.504,426004749.0
-5.404872894287109,10.76042556762695,-1.478518843650818,7.0,8.0,33333.0,12.132,426004752.0
-4.09809684753418,8.158798217773438,1.446080207824707,75.0,9.0,33333.0,9.244,426004754.0
-4.31432580947876,8.593022346496582,-0.8412272334098816,6.0,10.0,33334.0,9.652000000000001,426004756.0
-4.004953384399414,7.980304718017578,1.735598564147949,18.0,11.0,33335.0,9.096,426004759.0
-3.626031160354614,7.228407859802246,-0.4238165616989136,10.0,12.0,33336.0,8.098,426004761.0
-3.502648115158081,6.985488891601562,1.804107427597046,12.0,13.0,33337.0,8.02,426004763.0
-3.258773326873779,6.501950263977051,-0.1269488036632538,14.0,14.0,33338.0,7.274,426004766.0
-3.322199821472168,6.628499507904053,1.986694931983948,14.0,15.0,33338.0,7.676,426004768.0
-1.466567873954773,2.936344623565674,-0.8794671297073364,4.0,0.0,33346.0,3.398,426004789.0
-3.133333683013916,6.276263236999512,0.1224460825324059,10.0,1.0,33347.0,7.016,426004791.0
-4.482051372528076,8.981751441955566,-2.317445755004883,8.0,2.0,33348.0,10.302,426004793.0
-4.188194751739502,8.3965482711792,0.4917486310005188,9.0,3.0,33349.0,9.396,426004796.0
-6.123629570007324,12.27673435211182,-2.666746616363525,3.0,4.0,33349.0,13.976,426004798.0
-4.194301128387451,8.412466049194336,0.8224015831947327,22.0,5.0,33350.0,9.436,426004800.0
-6.227616310119629,12.49612712860107,-2.211357593536377,2.0,6.0,33351.0,14.136,426004802.0
-3.32098388671875,6.666690349578857,0.9145075678825378,15.0,7.0,33352.0,7.504,426004805.0
-5.368163585662842,10.78100299835205,-1.478762626647949,14.0,8.0,33353.0,12.134,426004807.0
-4.073994636535645,8.18189525604248,1.447644591331482,66.0,9.0,33353.0,9.254,426004809.0
-4.290518760681152,8.620515823364258,-0.8424474000930786,16.0,10.0,33354.0,9.666,426004812.0
-3.979695796966553,7.999509334564209,1.736743450164795,15.0,11.0,33355.0,9.102,426004814.0
-3.623898983001709,7.28751802444458,-0.4265380501747131,11.0,12.0,33356.0,8.15,426004816.0
-3.472171068191528,6.985457420349121,1.800958156585693,13.0,13.0,33357.0,8.006,426004819.0
-3.197797775268555,6.436279773712158,-0.1254478991031647,14.0,14.0,33358.0,7.188,426004821.0
-3.307637453079224,6.657356739044189,1.991871356964111,14.0,15.0,33358.0,7.696,426004823.0
-1.512024402618408,3.053979396820068,-0.9131135940551758,3.0,0.0,33366.0,3.528,426004844.0
-3.146884202957153,6.358851909637451,0.1238422766327858,10.0,1.0,33367.0,7.096,426004846.0
-4.408334255218506,8.911752700805664,-2.295400619506836,7.0,2.0,33368.0,10.204,426004849.0
-4.28810453414917,8.67250919342041,0.507030725479126,18.0,3.0,33369.0,9.688,426004851.0
-6.059854507446289,12.25579738616943,-2.657587766647339,3.0,4.0,33369.0,13.928,426004853.0
-4.17638635635376,8.450276374816895,0.8246676325798035,17.0,5.0,33370.0,9.462,426004855.0
-6.190083026885986,12.53018665313721,-2.213547706604004,3.0,6.0,33371.0,14.15,426004858.0
-3.304723978042603,6.69248104095459,0.91645747423172,11.0,7.0,33372.0,7.52,426004860.0
-5.334891319274902,10.8085765838623,-1.479981303215027,15.0,8.0,33373.0,12.144,426004862.0
-4.040483474731445,8.189685821533203,1.446393013000488,66.0,9.0,33374.0,9.246,426004865.0
-5.885930061340332,11.93023586273193,-1.163877844810486,12.0,10.0,33374.0,13.354,426004867.0
-3.956958055496216,8.023917198181152,1.739033222198486,7.0,11.0,33375.0,9.114,426004869.0
-3.616099834442139,7.335952281951904,-0.4286314845085144,12.0,12.0,33376.0,8.19,426004872.0
-3.449488878250122,7.001030921936035,1.801857948303223,16.0,13.0,33377.0,8.01,426004874.0
-3.05780553817749,6.208809375762939,-0.1208055540919304,7.0,14.0,33378.0,6.922,426004876.0
-3.31510591506958,6.731252670288086,2.010506391525269,20.0,15.0,33378.0,7.768,426004878.0
-1.577954530715942,3.215322256088257,-0.9597010016441345,3.0,0.0,33386.0,3.708,426004899.0
-3.136998176574707,6.394932270050049,0.1243309453129768,10.0,1.0,33387.0,7.124000000000001,426004902.0
-4.336876392364502,8.844849586486816,-2.274255275726318,6.0,2.0,33388.0,10.11,426004904.0
-4.261322021484375,8.694599151611328,0.5074494481086731,25.0,3.0,33389.0,9.696,426004906.0
-6.020492553710938,12.28392791748047,-2.659114122390747,3.0,4.0,33389.0,13.936,426004908.0
-4.138975143432617,8.448699951171875,0.8230988383293152,17.0,5.0,33390.0,9.444,426004911.0
-6.13414478302002,12.52688026428223,-2.20916748046875,3.0,6.0,33391.0,14.122,426004913.0
-3.284833431243896,6.711108207702637,0.917432427406311,6.0,7.0,33392.0,7.528,426004915.0
-5.315450191497803,10.86457824707031,-1.485099792480469,15.0,8.0,33393.0,12.186,426004918.0
-4.007532119750977,8.194867134094238,1.444828748703003,72.0,9.0,33394.0,9.236,426004920.0
-4.224105358123779,8.63772964477539,-0.8412272334098816,11.0,10.0,33394.0,9.652000000000001,426004922.0
-3.922027826309204,8.02357006072998,1.735980272293091,7.0,11.0,33395.0,9.098,426004925.0
-3.610636711120605,7.389803886413574,-0.4310389459133148,16.0,12.0,33396.0,8.236,426004927.0
-3.434436798095703,7.032290935516357,1.806806921958923,18.0,13.0,33397.0,8.032,426004929.0
-3.021201133728027,6.188896179199219,-0.1202121749520302,7.0,14.0,33398.0,6.888,426004931.0
-3.359033346176147,6.883989334106445,2.052434921264648,30.0,15.0,33399.0,7.930000000000001,426004934.0
-1.626719832420349,3.344153642654419,-0.9964533448219299,3.0,0.0,33406.0,3.85,426004955.0
-3.109410047531128,6.395053386688232,0.1241215169429779,10.0,1.0,33407.0,7.112,426004957.0
-4.144980430603027,8.52867317199707,-2.189223766326904,8.0,2.0,33408.0,9.732,426004959.0
-4.23618221282959,8.720199584960938,0.5080774426460266,25.0,3.0,33409.0,9.708,426004961.0
-5.981008529663086,12.31193161010742,-2.660640716552734,3.0,4.0,33409.0,13.944,426004964.0
-4.10075569152832,8.445173263549805,0.8213557004928589,23.0,5.0,33410.0,9.424,426004966.0
-17.12051582336426,35.27397537231445,-6.210135459899902,2.0,6.0,33411.0,39.698,426004968.0
-5.274028301239014,10.87592220306396,-1.484124898910522,12.0,8.0,33413.0,12.178,426004973.0
-3.983210563659668,8.217694282531738,1.446393013000488,70.0,9.0,33414.0,9.246,426004975.0
-4.200880527496338,8.666765213012695,-0.8426217436790466,23.0,10.0,33414.0,9.668000000000001,426004978.0
-3.882012128829956,8.012475967407227,1.730637550354004,12.0,11.0,33415.0,9.07,426004980.0
-3.602230072021484,7.438313961029053,-0.4331323802471161,16.0,12.0,33416.0,8.276,426004982.0
-3.417510032653809,7.060022830963135,1.810855984687805,16.0,13.0,33417.0,8.05,426004984.0
-3.000450372695923,6.201204776763916,-0.1202470809221268,7.0,14.0,33418.0,6.890000000000001,426004987.0
-3.352173328399658,6.928131103515625,2.062270164489746,35.0,15.0,33418.0,7.968,426004989.0
-1.693061828613281,3.511646509170532,-1.044593691825867,3.0,0.0,33426.0,4.036,426005010.0
-3.084463834762573,6.400464057922363,0.1240167990326881,10.0,1.0,33427.0,7.106,426005012.0
-4.09996223449707,8.511487007141113,-2.181125402450562,11.0,2.0,33428.0,9.696,426005014.0
-4.20571756362915,8.734933853149414,0.5080774426460266,19.0,3.0,33429.0,9.708,426005017.0
-5.920109748840332,12.29558753967285,-2.652626752853394,3.0,4.0,33429.0,13.902,426005019.0
-4.07557201385498,8.468412399291992,0.8222272992134094,26.0,5.0,33430.0,9.434000000000001,426005021.0
-17.00841331481934,35.35666275024414,-6.214202880859375,1.0,6.0,33431.0,39.724,426005024.0
-4.006085872650146,8.331472396850586,1.135091066360474,46.0,7.0,33432.0,9.314,426005026.0
-5.18701696395874,10.7922830581665,-1.470231771469116,11.0,8.0,33433.0,12.064,426005028.0
-3.957922697067261,8.238670349121094,1.447644591331482,70.0,9.0,33434.0,9.254,426005031.0
-4.168014049530029,8.67598819732666,-0.8420987725257874,24.0,10.0,33434.0,9.662,426005033.0
-3.861668348312378,8.041906356811523,1.734072208404541,6.0,11.0,33435.0,9.088000000000001,426005035.0
-3.57883620262146,7.456244468688965,-0.4334463775157928,15.0,12.0,33436.0,8.282,426005037.0
-3.399588823318481,7.085965156555176,1.814455151557922,15.0,13.0,33437.0,8.066,426005040.0
-2.987432479858398,6.229671001434326,-0.1205961257219315,9.0,14.0,33438.0,6.91,426005042.0
-3.327969312667847,6.93979024887085,2.062270164489746,30.0,15.0,33438.0,7.968,426005044.0
-1.723271489143372,3.606432199478149,-1.070993185043335,3.0,0.0,33446.0,4.138,426005065.0
-3.074168920516968,6.436453819274902,0.1245054677128792,6.0,1.0,33447.0,7.134,426005067.0
-4.074424266815186,8.534540176391602,-2.183374881744385,7.0,2.0,33448.0,9.706,426005070.0
-4.172425746917725,8.73982048034668,0.5075541138648987,25.0,3.0,33448.0,9.698,426005072.0
-3.930191040039062,8.239816665649414,0.7986952066421509,8.0,5.0,33450.0,9.164,426005077.0
-16.91209602355957,35.47287750244141,-6.224214553833008,1.0,6.0,33451.0,39.788,426005079.0
-3.971001386642456,8.33286190032959,1.133384943008423,45.0,7.0,33452.0,9.3,426005081.0
-4.380160331726074,9.195585250854492,-1.250623226165771,9.0,8.0,33453.0,10.262,426005083.0
-3.934828042984009,8.260666847229004,1.449208855628967,72.0,9.0,33453.0,9.264,426005086.0
-4.136847019195557,8.688685417175293,-0.8419244885444641,19.0,10.0,33454.0,9.66,426005088.0
-3.82429313659668,8.035837173461914,1.7298743724823,5.0,11.0,33455.0,9.066,426005090.0
-3.556219100952148,7.475905895233154,-0.4338650703430176,15.0,12.0,33456.0,8.290000000000001,426005093.0
-3.374833345413208,7.09778881072998,1.814455151557922,15.0,13.0,33457.0,8.066,426005095.0
-2.973394155502319,6.256316184997559,-0.1209102720022202,7.0,14.0,33458.0,6.928,426005097.0
-3.301236867904663,6.946130275726318,2.060717344284058,32.0,15.0,33458.0,7.962,426005100.0
-1.801621437072754,3.804482936859131,-1.127933382987976,3.0,0.0,33466.0,4.358,426005120.0
-3.056816101074219,6.457990169525146,0.1247148960828781,6.0,1.0,33467.0,7.146,426005123.0
-4.059609889984131,8.580418586730957,-2.191473245620728,12.0,2.0,33468.0,9.742,426005125.0
-4.13694953918457,8.747832298278809,0.5071353912353516,25.0,3.0,33469.0,9.69,426005127.0
-5.916380405426025,12.51054763793945,-2.690025329589844,10.0,4.0,33469.0,14.098,426005130.0
-3.198096036911011,6.765624523162842,0.6547139286994934,2.0,5.0,33470.0,7.512,426005132.0
-16.81264114379883,35.58349227905273,-6.233287811279297,1.0,6.0,33471.0,39.846,426005134.0
-3.946128606796265,8.355647087097168,1.1346036195755,47.0,7.0,33472.0,9.31,426005136.0
-4.327697277069092,9.16773509979248,-1.244773507118225,22.0,8.0,33473.0,10.214,426005139.0
-3.903681755065918,8.273246765136719,1.448896050453186,70.0,9.0,33474.0,9.262,426005141.0
-4.109043121337891,8.708478927612305,-0.8424474000930786,19.0,10.0,33474.0,9.666,426005143.0
-3.793707132339478,8.04380989074707,1.728729486465454,5.0,11.0,33475.0,9.06,426005146.0
-3.538618087768555,7.506339550018311,-0.4349117875099182,15.0,12.0,33476.0,8.31,426005148.0
-3.350036859512329,7.10952615737915,1.814455151557922,15.0,13.0,33477.0,8.066,426005150.0
-2.946424961090088,6.255802631378174,-0.1207008436322212,7.0,14.0,33478.0,6.916,426005153.0
-3.277401685714722,6.961678981781006,2.061752557754517,32.0,15.0,33479.0,7.966,426005155.0
-1.870276093482971,3.983558654785156,-1.179179549217224,4.0,0.0,33485.0,4.556,426005176.0
-3.046427726745605,6.49162483215332,0.1251686662435532,6.0,1.0,33486.0,7.172,426005178.0
-4.025341033935547,8.581482887268066,-2.188323974609375,42.0,2.0,33487.0,9.728,426005180.0
-4.10520601272583,8.751744270324707,0.5066120624542236,18.0,3.0,33487.0,9.68,426005183.0
-4.072981834411621,8.686989784240723,-1.864967107772827,13.0,4.0,33488.0,9.774000000000001,426005185.0
-3.983081340789795,8.499106407165527,0.8211814165115356,13.0,5.0,33489.0,9.422,426005187.0
-16.71466064453125,35.68198013305664,-6.240796566009521,0.0,6.0,33490.0,39.894,426005189.0
-3.920082092285156,8.372282981872559,1.135091066360474,46.0,7.0,33491.0,9.314,426005192.0
-4.341868877410889,9.277326583862305,-1.257691621780396,17.0,8.0,33492.0,10.32,426005194.0
-3.874551296234131,8.282567977905273,1.448270320892334,67.0,9.0,33493.0,9.258000000000001,426005196.0
-4.075077056884766,8.711228370666504,-0.8414015173912048,20.0,10.0,33493.0,9.654,426005199.0
-3.764517307281494,8.051011085510254,1.727584600448608,6.0,11.0,33494.0,9.054,426005201.0
-3.517089366912842,7.525270462036133,-0.4353304803371429,15.0,12.0,33495.0,8.318,426005203.0
-3.334690570831299,7.138251781463623,1.818954229354858,15.0,13.0,33496.0,8.086,426005206.0
-2.934970378875732,6.285470008850098,-0.1210847944021225,7.0,14.0,33497.0,6.938,426005208.0
-3.247341156005859,6.954436302185059,2.056576013565063,37.0,15.0,33497.0,7.946,426005210.0
-1.938665151596069,4.166970729827881,-1.231461048126221,2.0,0.0,33505.0,4.758,426005231.0
-3.020376205444336,6.494966506958008,0.1250290423631668,6.0,1.0,33506.0,7.164000000000001,426005233.0
-4.000289916992188,8.606084823608398,-2.191023349761963,31.0,2.0,33507.0,9.74,426005235.0
-4.071264266967773,8.758776664733887,0.5061933398246765,10.0,3.0,33507.0,9.672,426005238.0
-4.025261878967285,8.663763999938965,-1.856953144073486,40.0,4.0,33508.0,9.732,426005240.0
-3.950032949447632,8.505729675292969,0.8204841613769531,13.0,5.0,33509.0,9.414,426005242.0
-4.078678131103516,8.786759376525879,-1.534309267997742,7.0,6.0,33510.0,9.808,426005245.0
-3.896681785583496,8.398520469665527,1.136797189712524,39.0,7.0,33511.0,9.328,426005247.0
-4.307788372039795,9.288824081420898,-1.257204174995422,34.0,8.0,33512.0,10.316,426005249.0
-3.848939180374146,8.303211212158203,1.449521780014038,70.0,9.0,33513.0,9.266,426005252.0
-4.03961706161499,8.714554786682129,-0.8403556942939758,15.0,10.0,33513.0,9.642,426005254.0
-3.632396221160889,7.839654445648193,1.679500818252563,9.0,11.0,33514.0,8.802,426005256.0
-3.497514486312866,7.552000045776367,-0.4361678659915924,16.0,12.0,33515.0,8.334,426005259.0
-3.319576740264893,7.171070098876953,1.824353098869324,15.0,13.0,33516.0,8.11,426005261.0
-2.956677913665771,6.390048027038574,-0.1228998452425003,7.0,14.0,33517.0,7.042,426005263.0
-3.216556072235107,6.951703071594238,2.052434921264648,32.0,15.0,33517.0,7.930000000000001,426005265.0
-1.973443984985352,4.280730724334717,-1.263036966323853,3.0,0.0,33525.0,4.88,426005286.0
-3.00438117980957,6.519999504089355,0.1253082752227783,6.0,1.0,33526.0,7.18,426005288.0
-5.837942600250244,12.67511081695557,-3.221749067306519,6.0,2.0,33527.0,14.322,426005291.0
-4.044145584106445,8.784524917602539,0.5068213939666748,16.0,3.0,33528.0,9.684000000000001,426005293.0
-3.997458219528198,8.683112144470215,-1.858098030090332,49.0,4.0,33528.0,9.738,426005295.0
-3.926148414611816,8.532135963439941,0.8217043280601501,11.0,5.0,33529.0,9.428,426005298.0
-4.023218154907227,8.747103691101074,-1.524923205375671,23.0,6.0,33530.0,9.748,426005300.0
-3.862366676330566,8.401249885559082,1.135334849357605,20.0,7.0,33531.0,9.316,426005302.0
-4.28196907043457,9.31823444366455,-1.259154081344604,48.0,8.0,33532.0,10.332,426005305.0
-3.823033094406128,8.31951904296875,1.45014750957489,70.0,9.0,33532.0,9.27,426005307.0
-4.00335168838501,8.71592903137207,-0.839135468006134,12.0,10.0,33533.0,9.628,426005309.0
-3.661528825759888,7.975396156311035,1.705832362174988,30.0,11.0,33534.0,8.94,426005312.0
-3.47613000869751,7.575054168701172,-0.4367958903312683,16.0,12.0,33535.0,8.346,426005314.0
-3.296149730682373,7.186156272888184,1.825252890586853,16.0,13.0,33536.0,8.114,426005316.0
-2.995191812515259,6.533026218414307,-0.1254478991031647,7.0,14.0,33537.0,7.188,426005318.0
-3.188640594482422,6.958177089691162,2.05088210105896,35.0,15.0,33538.0,7.924,426005321.0
-2.106981515884399,4.612677097320557,-1.358799934387207,3.0,0.0,33545.0,5.25,426005341.0
-2.989909172058105,6.548637390136719,0.125657320022583,6.0,1.0,33546.0,7.2,426005344.0
-5.490265846252441,12.03059196472168,-3.053035736083984,7.0,2.0,33547.0,13.572,426005346.0
-4.019138813018799,8.80697250366211,0.5073447823524475,22.0,3.0,33547.0,9.694,426005348.0
-5.837840557098389,12.79813098907471,-2.734292984008789,21.0,4.0,33548.0,14.33,426005351.0
-3.897168397903442,8.547601699829102,0.8218786716461182,12.0,5.0,33549.0,9.43,426005353.0
-3.999214172363281,8.775474548339844,-1.52742612361908,20.0,6.0,33550.0,9.764,426005355.0
-3.133561611175537,6.879154682159424,0.9281569123268127,5.0,7.0,33551.0,7.616000000000001,426005358.0
-4.04212760925293,8.877850532531738,-1.197731852531433,10.0,8.0,33552.0,9.828,426005360.0
-3.796606063842773,8.342464447021484,1.451711893081665,72.0,9.0,33553.0,9.28,426005362.0
-3.955571889877319,8.691767692565918,-0.835474967956543,12.0,10.0,33553.0,9.586,426005365.0
-3.571073770523071,7.850525379180908,1.676447868347168,13.0,11.0,33554.0,8.786,426005367.0
-3.452146768569946,7.592596530914307,-0.4371099174022675,17.0,12.0,33555.0,8.352,426005369.0
-3.272657871246338,7.20116662979126,1.826152682304382,16.0,13.0,33556.0,8.118,426005371.0
-3.006277322769165,6.618088722229004,-0.1268789917230606,7.0,14.0,33557.0,7.27,426005374.0
-3.16033935546875,6.960470199584961,2.048293828964233,31.0,15.0,33558.0,7.914000000000001,426005376.0
-2.172909021377563,4.801284313201904,-1.412116765975952,3.0,0.0,33565.0,5.456,426005397.0
-2.962086915969849,6.548102855682373,0.1254478991031647,6.0,1.0,33566.0,7.188,426005399.0
-5.436194896697998,12.02304840087891,-3.046287059783936,9.0,2.0,33567.0,13.542,426005401.0
-3.976029396057129,8.793649673461914,0.5057746767997742,18.0,3.0,33567.0,9.664,426005404.0
-5.510953426361084,12.19405841827393,-2.601108312606812,18.0,4.0,33568.0,13.632,426005406.0
-3.875509977340698,8.579310417175293,0.8236217498779297,20.0,5.0,33569.0,9.450000000000001,426005408.0
-3.971809148788452,8.796582221984863,-1.528677582740784,16.0,6.0,33570.0,9.772,426005411.0
-3.098097801208496,6.864719867706299,0.9247446060180664,8.0,7.0,33571.0,7.588,426005413.0
-3.984176874160767,8.832192420959473,-1.189688563346863,26.0,8.0,33572.0,9.762,426005415.0
-3.768108367919922,8.3532075881958,1.451398968696594,70.0,9.0,33572.0,9.278,426005418.0
-3.912923812866211,8.678277969360352,-0.8328602910041809,12.0,10.0,33573.0,9.556000000000001,426005420.0
-3.559781789779663,7.898740768432617,1.684080243110657,15.0,11.0,33574.0,8.826,426005422.0
-3.433005571365356,7.620989799499512,-0.4380519390106201,16.0,12.0,33575.0,8.370000000000001,426005424.0
-3.253901720046997,7.226761817932129,1.8297518491745,13.0,13.0,33576.0,8.134,426005427.0
-2.976592302322388,6.613954067230225,-0.1265997588634491,7.0,14.0,33577.0,7.254,426005429.0
-3.074206590652466,6.834038734436035,2.007918119430542,12.0,15.0,33578.0,7.758,426005431.0
-2.156136035919189,4.808839797973633,-1.412116765975952,1.0,0.0,33585.0,5.456,426005452.0
-2.944118499755859,6.569351196289062,0.125657320022583,6.0,1.0,33586.0,7.2,426005454.0
-5.40693998336792,12.07040596008301,-3.053485631942749,3.0,2.0,33587.0,13.574,426005457.0
-3.946126222610474,8.809297561645508,0.5058793425559998,15.0,3.0,33587.0,9.666,426005459.0
-5.445088386535645,12.16125679016113,-2.590041399002075,7.0,4.0,33588.0,13.574,426005461.0
-3.852863788604736,8.609153747558594,0.825190544128418,13.0,5.0,33589.0,9.468,426005464.0
-16.20311164855957,36.22250747680664,-6.284911155700684,4.0,6.0,33590.0,40.176,426005466.0
-3.082219123840332,6.893614768981934,0.9271819591522217,12.0,7.0,33591.0,7.608000000000001,426005468.0
-4.188205242156982,9.371624946594238,-1.260372757911682,46.0,8.0,33592.0,10.342,426005471.0
-3.734091281890869,8.355489730834961,1.449521780014038,66.0,9.0,33592.0,9.266,426005473.0
-3.868792772293091,8.660958290100098,-0.8298969864845276,13.0,10.0,33593.0,9.522,426005475.0
-3.590617895126343,8.041984558105469,1.711938261985779,31.0,11.0,33594.0,8.972,426005477.0
-3.409638166427612,7.640222072601318,-0.4384706318378448,16.0,12.0,33595.0,8.378,426005480.0
-3.228655815124512,7.238076210021973,1.8297518491745,12.0,13.0,33596.0,8.134,426005482.0
-2.87694239616394,6.45262336730957,-0.1233187019824982,5.0,14.0,33597.0,7.066,426005484.0
-3.003936767578125,6.740618705749512,1.977377533912659,7.0,15.0,33598.0,7.640000000000001,426005487.0
-2.270408391952515,5.109016895294189,-1.498044610023499,1.0,0.0,33604.0,5.788,426005507.0
-2.923941135406494,6.582733154296875,0.1257271319627762,6.0,1.0,33605.0,7.204,426005510.0
-5.728260517120361,12.90222835540771,-3.259090900421143,7.0,2.0,33606.0,14.488,426005512.0
-3.929048538208008,8.849717140197754,0.5074494481086731,25.0,3.0,33606.0,9.696,426005514.0
-5.407915592193604,12.18642520904541,-2.591567754745483,5.0,4.0,33607.0,13.582,426005517.0
-3.809752702713013,8.589099884033203,0.8220529556274414,11.0,5.0,33608.0,9.432,426005519.0
-5.441830635070801,12.27440452575684,-2.126570224761963,4.0,6.0,33609.0,13.594,426005521.0
-3.065776109695435,6.918316841125488,0.9291318655014038,12.0,7.0,33610.0,7.624000000000001,426005523.0
-4.165143966674805,9.40361213684082,-1.262810111045837,36.0,8.0,33611.0,10.362,426005526.0
-3.714362859725952,8.385887145996094,1.452650427818298,67.0,9.0,33611.0,9.286,426005528.0
-3.821499824523926,8.631837844848633,-0.8258877992630005,12.0,10.0,33612.0,9.476,426005530.0
-3.563135385513306,8.052051544189453,1.711556673049927,41.0,11.0,33613.0,8.97,426005533.0
-3.392362594604492,7.669752597808838,-0.4395173490047455,15.0,12.0,33614.0,8.398,426005535.0
-3.228274583816528,7.302212715148926,1.843248963356018,15.0,13.0,33615.0,8.194,426005537.0
-2.828048467636108,6.39993953704834,-0.1221319437026978,5.0,14.0,33616.0,6.998,426005540.0
-2.98586893081665,6.757091045379639,1.979448080062866,10.0,15.0,33616.0,7.648000000000001,426005542.0
-2.908998966217041,6.611203193664551,0.1260761767625809,6.0,1.0,33625.0,7.224,426005565.0
-4.52599573135376,10.29097938537598,-2.595485210418701,4.0,2.0,33626.0,11.538,426005567.0
-3.898937463760376,8.865205764770508,0.5075541138648987,25.0,3.0,33626.0,9.698,426005570.0
-3.786159753799438,8.616938591003418,0.8234474658966064,17.0,5.0,33628.0,9.448,426005574.0
-5.401334762573242,12.29875183105469,-2.127508640289307,5.0,6.0,33629.0,13.6,426005576.0
-3.047193288803101,6.941699981689453,0.9308380484580994,17.0,7.0,33630.0,7.638,426005579.0
-4.142662525177002,9.441725730895996,-1.265978693962097,27.0,8.0,33631.0,10.388,426005581.0
-3.684274435043335,8.396992683410645,1.452337622642517,61.0,9.0,33631.0,9.284,426005583.0
-3.778542518615723,8.615930557250977,-0.8230988383293152,12.0,10.0,33632.0,9.444,426005586.0
-3.527913093566895,8.048257827758789,1.708122134208679,41.0,11.0,33633.0,8.952,426005588.0
-3.366370916366577,7.683376789093018,-0.4396220445632935,17.0,12.0,33634.0,8.4,426005590.0
-3.262177228927612,7.449102401733398,1.87744152545929,28.0,13.0,33635.0,8.346,426005593.0
-2.798474788665771,6.393285751342773,-0.1218177974224091,7.0,14.0,33636.0,6.98,426005595.0
-2.947919130325317,6.737901210784912,1.970648169517517,8.0,15.0,33637.0,7.614,426005597.0
-2.084110736846924,4.779433250427246,-1.39710521697998,4.0,0.0,33644.0,5.398,426005618.0
-2.88750171661377,6.624983310699463,0.126145988702774,6.0,1.0,33645.0,7.228,426005620.0
-3.860039710998535,8.864787101745605,0.5067167282104492,24.0,3.0,33647.0,9.682,426005625.0
-5.613492965698242,12.89168643951416,-2.733148097991943,11.0,4.0,33647.0,14.324,426005627.0
-3.75764799118042,8.633755683898926,0.8237960934638977,22.0,5.0,33648.0,9.452,426005629.0
-15.89308643341064,36.53415679931641,-6.310253620147705,4.0,6.0,33649.0,40.338,426005632.0
-3.028484582901001,6.96503734588623,0.9325442314147949,16.0,7.0,33650.0,7.652,426005634.0
-4.070117950439453,9.365099906921387,-1.253791809082031,15.0,8.0,33651.0,10.288,426005636.0
-3.662027359008789,8.426107406616211,1.455153346061707,70.0,9.0,33651.0,9.302,426005639.0
-3.720660448074341,8.565108299255371,-0.8169979453086853,11.0,10.0,33652.0,9.374,426005641.0
-3.497452259063721,8.055120468139648,1.706977248191833,38.0,11.0,33653.0,8.946,426005643.0
-3.316471815109253,7.641948223114014,-0.4365865588188171,8.0,12.0,33654.0,8.342,426005646.0
-3.232277631759644,7.451505184173584,1.875192046165466,31.0,13.0,33655.0,8.336,426005648.0
-2.79125452041626,6.437873840332031,-0.1224809885025024,14.0,14.0,33656.0,7.018,426005650.0
-3.024691581726074,6.976283550262451,2.037423610687256,37.0,15.0,33656.0,7.872,426005653.0
-2.071244716644287,4.795546531677246,-1.399693369865417,6.0,0.0,33664.0,5.408,426005673.0
-2.872284412384033,6.65338134765625,0.1264950484037399,3.0,1.0,33665.0,7.248,426005676.0
-4.425475120544434,10.25612258911133,-2.57883882522583,38.0,2.0,33666.0,11.464,426005678.0
-3.829863309860229,8.880041122436523,0.5068213939666748,25.0,3.0,33667.0,9.684000000000001,426005680.0
-4.466740131378174,10.35672378540039,-2.192395448684692,23.0,4.0,33667.0,11.49,426005682.0
-3.733008861541748,8.659627914428711,0.8250162601470947,22.0,5.0,33668.0,9.466000000000001,426005685.0
-15.78265857696533,36.62932586669922,-6.317136764526367,1.0,6.0,33669.0,40.382,426005687.0
-3.006509065628052,6.981036186218262,0.9332754611968994,8.0,7.0,33670.0,7.658,426005689.0
-4.000513553619385,9.293553352355957,-1.24233603477478,15.0,8.0,33671.0,10.194,426005692.0
-3.632680892944336,8.44310188293457,1.455779075622559,66.0,9.0,33672.0,9.306000000000001,426005694.0
-3.638768911361694,8.45725154876709,-0.8054933547973633,13.0,10.0,33672.0,9.242,426005696.0
-3.470864534378052,8.070887565612793,1.707740545272827,35.0,11.0,33673.0,8.950000000000001,426005699.0
-3.265325784683228,7.596595287322998,-0.4333417117595673,7.0,12.0,33674.0,8.28,426005701.0
-3.180092811584473,7.401866436004639,1.859895348548889,39.0,13.0,33675.0,8.268,426005703.0
-2.789280414581299,6.495351314544678,-0.1233885139226913,17.0,14.0,33676.0,7.07,426005706.0
-3.00748348236084,7.006850242614746,2.043117523193359,26.0,15.0,33677.0,7.894,426005708.0
-3.564274787902832,8.336159706115723,-2.429275512695312,2.0,0.0,33685.0,9.386000000000001,426005729.0
-2.854166030883789,6.678574562072754,0.1267742812633514,6.0,1.0,33686.0,7.264,426005731.0
-4.402399063110352,10.30632400512695,-2.587387084960938,5.0,2.0,33687.0,11.502,426005733.0
-3.798074722290039,8.895855903625488,0.5069260597229004,33.0,3.0,33688.0,9.686,426005735.0
-4.424896240234375,10.36399841308594,-2.190487384796143,48.0,4.0,33688.0,11.48,426005738.0
-3.702026605606079,8.675084114074707,0.825190544128418,20.0,5.0,33689.0,9.468,426005740.0
-4.460203170776367,10.45680046081543,-1.800560712814331,18.0,6.0,33690.0,11.51,426005742.0
-3.931405544281006,9.225974082946777,-1.231367826461792,13.0,8.0,33692.0,10.104,426005747.0
-3.600089311599731,8.448461532592773,1.454527616500854,70.0,9.0,33692.0,9.298,426005749.0
-3.582763671875,8.411873817443848,-0.7999154329299927,16.0,10.0,33693.0,9.178,426005752.0
-3.438184022903442,8.076329231262207,1.706214070320129,36.0,11.0,33694.0,8.942,426005754.0
-3.208527088165283,7.540513515472412,-0.4294688701629639,6.0,12.0,33695.0,8.206,426005756.0
-3.14836597442627,7.402712345123291,1.857195854187012,28.0,13.0,33696.0,8.256,426005759.0
-2.770148754119873,6.516572952270508,-0.1235979422926903,24.0,14.0,33697.0,7.082,426005761.0
-2.983006715774536,7.017305374145508,2.043117523193359,38.0,15.0,33697.0,7.894,426005763.0
-3.650406837463379,8.620728492736816,-2.508474111557007,2.0,0.0,33705.0,9.692,426005784.0
-2.83239483833313,6.692180156707764,0.1268440932035446,3.0,1.0,33706.0,7.268,426005786.0
-4.449913024902344,10.51905155181885,-2.636876344680786,14.0,2.0,33707.0,11.722,426005788.0
-3.763888120651245,8.901700973510742,0.506507396697998,25.0,3.0,33708.0,9.678,426005791.0
-4.389456748962402,10.38118934631348,-2.190868854522705,19.0,4.0,33708.0,11.482,426005793.0
-3.666293144226074,8.6751070022583,0.823970377445221,24.0,5.0,33709.0,9.454,426005795.0
-4.410607814788818,10.44137096405029,-1.795241951942444,21.0,6.0,33710.0,11.476,426005798.0
-3.617418766021729,8.567800521850586,1.141915798187256,56.0,7.0,33711.0,9.370000000000001,426005800.0
-3.852096796035767,9.128077507019043,-1.216499805450439,11.0,8.0,33712.0,9.982000000000001,426005802.0
-3.572170734405518,8.468880653381348,1.455779075622559,67.0,9.0,33713.0,9.306000000000001,426005805.0
-3.548732995986938,8.413313865661621,-0.7988695502281189,20.0,10.0,33713.0,9.166,426005807.0
-3.402344465255737,8.0701904296875,1.70239782333374,36.0,11.0,33714.0,8.922,426005809.0
-3.155040979385376,7.487249374389648,-0.4258053302764893,7.0,12.0,33715.0,8.136000000000001,426005811.0
-3.096031904220581,7.350799083709717,1.841449379920959,25.0,13.0,33716.0,8.186,426005814.0
-2.745833158493042,6.52251672744751,-0.1235281303524971,8.0,14.0,33717.0,7.078,426005816.0
-2.945279121398926,6.999701499938965,2.034835338592529,21.0,15.0,33718.0,7.862,426005818.0
-3.698779344558716,8.816272735595703,-2.561790943145752,2.0,0.0,33724.0,9.898,426005839.0
-2.817147016525269,6.718132972717285,0.1271582394838333,6.0,1.0,33725.0,7.286,426005841.0
-5.229308128356934,12.47658920288086,-3.123220443725586,28.0,2.0,33726.0,13.884,426005844.0
-3.739750146865845,8.92702865600586,0.5072401165962219,18.0,3.0,33727.0,9.692,426005846.0
-3.642891883850098,8.700081825256348,0.825190544128418,20.0,5.0,33728.0,9.468,426005851.0
-4.384347438812256,10.47598361968994,-1.798683524131775,14.0,6.0,33729.0,11.498,426005853.0
-3.580560207366943,8.55960464477539,1.139234662055969,38.0,7.0,33730.0,9.348,426005855.0
-3.797302007675171,9.082195281982422,-1.208700180053711,20.0,8.0,33731.0,9.918000000000001,426005858.0
-3.553167343139648,8.498286247253418,1.458907842636108,61.0,9.0,33731.0,9.326,426005860.0
-3.523118734359741,8.430550575256348,-0.7993924617767334,19.0,10.0,33732.0,9.172,426005862.0
-3.37253737449646,8.074182510375977,1.700871348381042,36.0,11.0,33733.0,8.914,426005864.0
-3.100185871124268,7.425790309906006,-0.4217231273651123,6.0,12.0,33734.0,8.058,426005867.0
-2.959820032119751,7.093057632446289,1.77441394329071,6.0,13.0,33735.0,7.888,426005869.0
-3.842895269393921,9.25015926361084,-2.683953523635864,2.0,0.0,33744.0,10.37,426005894.0
-2.795979738235474,6.733466148376465,0.1272629499435425,6.0,1.0,33745.0,7.292,426005897.0
-5.186471462249756,12.49656677246094,-3.123670339584351,26.0,2.0,33746.0,13.886,426005899.0
-3.703974723815918,8.928959846496582,0.5066120624542236,21.0,3.0,33747.0,9.68,426005901.0
-5.530575275421143,13.33224105834961,-2.805655479431152,5.0,4.0,33747.0,14.704,426005904.0
-3.616316318511963,8.721946716308594,0.8260621428489685,19.0,5.0,33748.0,9.478,426005906.0
-3.549140453338623,8.56838321685791,1.138747096061707,51.0,7.0,33750.0,9.344,426005911.0
-3.766335487365723,9.09722900390625,-1.208943843841553,27.0,8.0,33751.0,9.92,426005913.0
-3.521995782852173,8.511252403259277,1.458907842636108,63.0,9.0,33752.0,9.326,426005915.0
-3.495954513549805,8.448320388793945,-0.7999154329299927,19.0,10.0,33752.0,9.178,426005917.0
-3.342832088470459,8.082277297973633,1.700108170509338,35.0,11.0,33753.0,8.91,426005920.0
-3.042961835861206,7.36089038848877,-0.4174315929412842,9.0,12.0,33754.0,7.976,426005922.0
-2.919414758682251,7.065524101257324,1.764966011047363,8.0,13.0,33755.0,7.846,426005924.0
-2.716638803482056,6.57802152633667,-0.1242262274026871,1.0,14.0,33756.0,7.118,426005927.0
-2.422869205474854,5.869596004486084,1.701476454734802,3.0,15.0,33757.0,6.574,426005929.0
-3.975205659866333,9.663715362548828,-2.799904346466064,2.0,0.0,33764.0,10.818,426005950.0
-2.774739742279053,6.748733520507812,0.1273676604032516,13.0,1.0,33765.0,7.298,426005952.0
-5.148004055023193,12.52721214294434,-3.126819610595703,21.0,2.0,33766.0,13.9,426005954.0
-3.675060749053955,8.94737720489502,0.5069260597229004,22.0,3.0,33767.0,9.686,426005957.0
-5.504889011383057,13.40231418609619,-2.816340684890747,5.0,4.0,33767.0,14.76,426005959.0
-3.589632272720337,8.743732452392578,0.8269336819648743,19.0,5.0,33768.0,9.488,426005961.0
-4.246614933013916,10.34917163848877,-1.771776795387268,1.0,6.0,33769.0,11.326,426005964.0
-3.520716190338135,8.584393501281738,1.139234662055969,51.0,7.0,33770.0,9.348,426005966.0
-3.739074945449829,9.12134075164795,-1.210406303405762,31.0,8.0,33771.0,9.932,426005968.0
-3.499746084213257,8.537507057189941,1.461410760879517,60.0,9.0,33771.0,9.342,426005970.0
-3.469464540481567,8.467846870422363,-0.8006126284599304,22.0,10.0,33772.0,9.186,426005973.0
-3.30641508102417,8.073911666870117,1.695910334587097,19.0,11.0,33773.0,8.888,426005975.0
-2.973367214202881,7.264259815216064,-0.4113606214523315,8.0,12.0,33774.0,7.86,426005977.0
-2.888830661773682,7.061242580413818,1.761366724967957,8.0,13.0,33775.0,7.83,426005980.0
-2.6951744556427,6.591166019439697,-0.1242960393428802,1.0,14.0,33776.0,7.122,426005982.0
-2.401929140090942,5.874022006988525,1.700441122055054,6.0,15.0,33776.0,6.57,426005984.0
-4.044921875,9.93159294128418,-2.873409032821655,2.0,0.0,33784.0,11.102,426006005.0
-2.759458780288696,6.778750896453857,0.1277516186237335,6.0,1.0,33785.0,7.32,426006007.0
-5.102041244506836,12.53969097137451,-3.125469923019409,9.0,2.0,33786.0,13.894,426006010.0
-3.644558429718018,8.962000846862793,0.507030725479126,21.0,3.0,33787.0,9.688,426006012.0
-4.226678371429443,10.3934383392334,-2.180946826934814,4.0,4.0,33787.0,11.43,426006014.0
-3.555337905883789,8.746980667114258,0.8260621428489685,17.0,5.0,33788.0,9.478,426006017.0
-15.16525268554688,37.32882308959961,-6.381587505340576,3.0,6.0,33789.0,40.794,426006019.0
-3.496704339981079,8.611344337463379,1.141184568405151,48.0,7.0,33790.0,9.364,426006021.0
-3.712438344955444,9.147212982177734,-1.212112545967102,26.0,8.0,33791.0,9.946,426006023.0
-3.465460777282715,8.542954444885254,1.460159301757812,60.0,9.0,33792.0,9.334,426006026.0
-3.438387155532837,8.476213455200195,-0.8002640008926392,22.0,10.0,33792.0,9.182,426006028.0
-3.202231407165527,7.898005962371826,1.656603693962097,8.0,11.0,33793.0,8.682,426006030.0
-2.923988103866577,7.21536111831665,-0.4080111086368561,5.0,12.0,33794.0,7.796,426006033.0
-2.862701416015625,7.067670822143555,1.760466933250427,8.0,13.0,33795.0,7.826000000000001,426006035.0
-2.672150611877441,6.600533962249756,-0.1242960393428802,8.0,14.0,33796.0,7.122,426006037.0
-2.385456085205078,5.895321846008301,1.704064607620239,4.0,15.0,33797.0,6.584000000000001,426006040.0
-3.999392986297607,9.918776512145996,-2.865644454956055,1.0,0.0,33804.0,11.072,426006060.0
-2.749234437942505,6.821727275848389,0.1283798962831497,6.0,1.0,33805.0,7.356,426006063.0
-2.187995672225952,5.431849479675293,-1.351955890655518,5.0,2.0,33806.0,6.01,426006065.0
-3.614744901657104,8.978373527526855,0.5072401165962219,16.0,3.0,33807.0,9.692,426006067.0
-4.152978420257568,10.31524753570557,-2.161484241485596,4.0,4.0,33807.0,11.328,426006070.0
-3.525527477264404,8.761186599731445,0.8262364268302917,12.0,5.0,33808.0,9.48,426006072.0
-15.05992031097412,37.44384384155273,-6.39222526550293,4.0,6.0,33809.0,40.862,426006074.0
-3.469585418701172,8.630865097045898,1.142159461975098,49.0,7.0,33810.0,9.372,426006076.0
-3.687886953353882,9.178535461425781,-1.214549899101257,34.0,8.0,33811.0,9.966000000000001,426006079.0
-3.43858528137207,8.558065414428711,1.460785031318665,60.0,9.0,33811.0,9.338000000000001,426006081.0
-3.40877890586853,8.488163948059082,-0.8002640008926392,17.0,10.0,33812.0,9.182,426006083.0
-3.190000534057617,7.947397232055664,1.664617657661438,7.0,11.0,33813.0,8.724,426006086.0
-2.894322156906128,7.214401721954346,-0.4073830842971802,5.0,12.0,33814.0,7.784,426006088.0
-2.837287902832031,7.075811862945557,1.760017037391663,9.0,13.0,33815.0,7.824,426006090.0
-2.655045509338379,6.624670505523682,-0.1245752796530724,19.0,14.0,33816.0,7.138,426006093.0
-2.366611957550049,5.904993057250977,1.704582214355469,3.0,15.0,33816.0,6.586,426006095.0
-3.964029550552368,9.930882453918457,-2.865126848220825,2.0,0.0,33824.0,11.07,426006116.0
-2.746894359588623,6.88514518737793,0.129392147064209,6.0,1.0,33825.0,7.414000000000001,426006118.0
-2.153141975402832,5.399631023406982,-1.342057943344116,19.0,2.0,33826.0,5.966,426006120.0
-3.59003758430481,9.007634162902832,0.5081821084022522,22.0,3.0,33827.0,9.71,426006123.0
-2.176224708557129,5.460287094116211,-1.142564296722412,2.0,4.0,33827.0,5.988,426006125.0
-3.494186401367188,8.771588325500488,0.8260621428489685,13.0,5.0,33828.0,9.478,426006127.0
-14.95104598999023,37.55123901367188,-6.401611328125,5.0,6.0,33829.0,40.922,426006129.0
-3.4394371509552,8.642923355102539,1.142159461975098,48.0,7.0,33830.0,9.372,426006132.0
-3.66683030128479,9.21902084350586,-1.21820592880249,24.0,8.0,33831.0,9.996,426006134.0
-3.413071632385254,8.581028938293457,1.462662220001221,63.0,9.0,33831.0,9.35,426006136.0
-3.373976469039917,8.487051010131836,-0.7990438342094421,12.0,10.0,33832.0,9.168000000000001,426006139.0
-3.133241415023804,7.885503768920898,1.64935290813446,7.0,11.0,33833.0,8.644,426006141.0
-2.858063697814941,7.196617603302002,-0.4058130085468292,5.0,12.0,33834.0,7.754,426006143.0
-2.807538747787476,7.072993755340576,1.75686776638031,11.0,13.0,33835.0,7.81,426006146.0
-2.637804269790649,6.648767948150635,-0.1248545125126839,17.0,14.0,33836.0,7.154,426006148.0
-2.355959177017212,5.938357830047607,1.71182918548584,3.0,15.0,33836.0,6.614,426006150.0
-2.137056350708008,5.405856132507324,-1.557572960853577,5.0,0.0,33843.0,6.018,426006171.0
-3.685216426849365,9.326812744140625,0.1750476360321045,7.0,1.0,33844.0,10.03,426006173.0
-2.120908498764038,5.370491027832031,-1.333059906959534,19.0,2.0,33845.0,5.926,426006176.0
-3.560147523880005,9.019490242004395,0.5081821084022522,28.0,3.0,33846.0,9.71,426006178.0
-2.153059959411621,5.454690933227539,-1.139892935752869,13.0,4.0,33846.0,5.974,426006180.0
-3.470197677612305,8.796101570129395,0.8272823095321655,23.0,5.0,33847.0,9.492,426006182.0
-3.409301519393921,8.650588035583496,1.141672015190125,47.0,7.0,33849.0,9.368,426006187.0
-3.639148950576782,9.238517761230469,-1.219180941581726,24.0,8.0,33850.0,10.004,426006189.0
-3.388886690139771,8.607595443725586,1.465165257453918,61.0,9.0,33851.0,9.366,426006192.0
-3.330486297607422,8.459260940551758,-0.7953833341598511,12.0,10.0,33851.0,9.126,426006194.0
-2.829066038131714,7.193045139312744,-0.4050802886486053,5.0,12.0,33853.0,7.74,426006199.0
-2.784781455993652,7.084078788757324,1.757317662239075,14.0,13.0,33854.0,7.812,426006201.0
-2.622323036193848,6.674229621887207,-0.1251686662435532,17.0,14.0,33855.0,7.172,426006203.0
-2.34190559387207,5.960522174835205,1.715970277786255,3.0,15.0,33855.0,6.63,426006205.0
-2.105502367019653,5.380900382995605,-1.548255562782288,10.0,0.0,33863.0,5.982,426006226.0
-3.646810531616211,9.324721336364746,0.174768403172493,11.0,1.0,33864.0,10.014,426006229.0
-2.085121870040894,5.334301471710205,-1.322262287139893,21.0,2.0,33865.0,5.878,426006231.0
-3.52355432510376,9.018839836120605,0.5074494481086731,28.0,3.0,33866.0,9.696,426006233.0
-2.124718904495239,5.438400745391846,-1.134931921958923,26.0,4.0,33866.0,5.948,426006235.0
-3.442371368408203,8.815584182739258,0.827979564666748,20.0,5.0,33867.0,9.5,426006238.0
-2.16393780708313,5.544494152069092,-0.9426741003990173,28.0,6.0,33868.0,6.026,426006240.0
-3.3848557472229,8.677230834960938,1.143621921539307,46.0,7.0,33869.0,9.384,426006242.0
-3.611204862594604,9.262261390686035,-1.220643401145935,25.0,8.0,33870.0,10.016,426006245.0
-3.355950832366943,8.61201000213623,1.463913679122925,60.0,9.0,33871.0,9.358,426006247.0
-3.294426918029785,8.454127311706543,-0.793814480304718,11.0,10.0,33871.0,9.108,426006249.0
-3.144333124160767,8.07312297821045,1.684080243110657,28.0,11.0,33872.0,8.826,426006252.0
-3.017677307128906,7.751933097839355,-0.4359585046768188,11.0,12.0,33873.0,8.33,426006254.0
-2.770635604858398,7.120997905731201,1.764066219329834,16.0,13.0,33874.0,7.842000000000001,426006256.0
-2.605532646179199,6.700116157531738,-0.1254827976226807,10.0,14.0,33875.0,7.19,426006258.0
-2.577592611312866,6.631694793701172,1.906461119651794,4.0,15.0,33876.0,7.366000000000001,426006261.0
-2.084613561630249,5.3828125,-1.54670262336731,8.0,0.0,33883.0,5.976,426006282.0
-3.61568284034729,9.341123580932617,0.1748382151126862,16.0,1.0,33884.0,10.018,426006284.0
-2.050317049026489,5.299745559692383,-1.311914563179016,22.0,2.0,33885.0,5.832,426006286.0
-3.495652675628662,9.040398597717285,0.507972776889801,25.0,3.0,33886.0,9.706,426006288.0
-2.0851891040802,5.39268159866333,-1.123865008354187,16.0,4.0,33886.0,5.89,426006291.0
-3.408705234527588,8.820113182067871,0.8272823095321655,19.0,5.0,33887.0,9.492,426006293.0
-3.360265493392944,8.703808784484863,1.145571827888489,48.0,7.0,33889.0,9.4,426006298.0
-3.329422950744629,8.63288688659668,1.4654780626297,55.0,9.0,33891.0,9.368,426006302.0
-3.256293296813965,8.443268775939941,-0.7917227745056152,11.0,10.0,33891.0,9.084,426006305.0
-3.034929037094116,7.873384475708008,1.640194177627563,12.0,11.0,33892.0,8.596,426006307.0
-2.996343851089478,7.777328968048096,-0.4367958903312683,11.0,12.0,33893.0,8.346,426006309.0
-2.749963521957397,7.141537189483643,1.766765594482422,14.0,13.0,33894.0,7.854,426006311.0
-2.585720300674438,6.718501567840576,-0.125657320022583,7.0,14.0,33895.0,7.2,426006314.0
-2.537545919418335,6.593329906463623,1.893002510070801,7.0,15.0,33895.0,7.314,426006316.0
-4.829905986785889,12.60205364227295,-3.616219758987427,2.0,0.0,33903.0,13.972,426006337.0
-2.686038732528687,7.011998176574707,0.1310675740242004,9.0,1.0,33904.0,7.51,426006339.0
-2.024140357971191,5.286851406097412,-1.306965589523315,21.0,2.0,33905.0,5.81,426006341.0
-3.523319959640503,9.207369804382324,0.5166605710983276,36.0,3.0,33906.0,9.872,426006344.0
-2.055827856063843,5.372423648834229,-1.118140697479248,24.0,4.0,33906.0,5.86,426006346.0
-3.380031824111938,8.837540626525879,0.82780522108078,20.0,5.0,33907.0,9.498,426006348.0
-2.112481355667114,5.526253223419189,-0.9370424747467041,31.0,6.0,33908.0,5.99,426006351.0
-3.335530996322632,8.73031997680664,1.147521734237671,47.0,7.0,33909.0,9.416,426006353.0
-2.120932817459106,5.554173946380615,-0.7299973964691162,30.0,8.0,33910.0,5.99,426006355.0
-3.303494453430176,8.655529975891113,1.467355251312256,51.0,9.0,33911.0,9.38,426006358.0
-2.161146640777588,5.662448883056641,-0.5302555561065674,4.0,10.0,33911.0,6.084000000000001,426006360.0
-2.934655666351318,7.693160533905029,1.600505828857422,10.0,11.0,33912.0,8.388,426006362.0
-2.958504915237427,7.759747505187988,-0.4352258145809174,11.0,12.0,33913.0,8.316,426006364.0
-2.734039068222046,7.174766063690186,1.772614359855652,14.0,13.0,33914.0,7.88,426006367.0
-2.562252521514893,6.727486133575439,-0.125657320022583,14.0,14.0,33915.0,7.2,426006369.0
-2.319240093231201,6.089429378509521,1.745993256568909,1.0,15.0,33915.0,6.746,426006371.0
-4.78137731552124,12.5936861038208,-3.609490394592285,8.0,0.0,33921.0,13.946,426006392.0
-2.678895235061646,7.059663772583008,0.131800577044487,6.0,1.0,33922.0,7.552,426006394.0
-1.99024486541748,5.247632026672363,-1.29571807384491,22.0,2.0,33923.0,5.76,426006397.0
-2.022238492965698,5.33479642868042,-1.108981847763062,20.0,4.0,33924.0,5.812,426006401.0
-3.355780601501465,8.857431411743164,0.8286768198013306,22.0,5.0,33925.0,9.508000000000001,426006404.0
-2.100706100463867,5.547641277313232,-0.9395453929901123,45.0,6.0,33926.0,6.006,426006406.0
-3.306682109832764,8.737042427062988,1.147034287452698,51.0,7.0,33927.0,9.412,426006408.0
-2.114710569381714,5.590516567230225,-0.7338972091674805,41.0,8.0,33928.0,6.022,426006410.0
-3.277798414230347,8.665292739868164,1.467355251312256,46.0,9.0,33928.0,9.38,426006413.0
-2.902145147323608,7.680304050445557,1.595926403999329,9.0,11.0,33930.0,8.364,426006417.0
-2.92917275428772,7.755924701690674,-0.4344930946826935,3.0,12.0,33931.0,8.302,426006420.0
-2.716302633285522,7.19608211517334,1.775763630867004,16.0,13.0,33932.0,7.894,426006422.0
-2.546046018600464,6.748599529266357,-0.1259016543626785,14.0,14.0,33933.0,7.214,426006424.0
-2.29123330116272,6.073187828063965,1.739264011383057,1.0,15.0,33933.0,6.72,426006427.0
-4.750976085662842,12.64646816253662,-3.619843244552612,6.0,0.0,33941.0,13.986,426006447.0
-2.671106100082397,7.113901615142822,0.1326382905244827,12.0,1.0,33942.0,7.600000000000001,426006450.0
-1.956851840019226,5.214408397674561,-1.285820245742798,24.0,2.0,33943.0,5.716,426006452.0
-3.479712724685669,9.2772855758667,0.5192773342132568,7.0,3.0,33944.0,9.922,426006454.0
-1.988435864448547,5.301382541656494,-1.100586295127869,20.0,4.0,33944.0,5.768,426006457.0
-2.701696395874023,7.206836700439453,0.6733652949333191,4.0,5.0,33945.0,7.726,426006459.0
-2.085486888885498,5.566039085388184,-0.9414225816726685,51.0,6.0,33946.0,6.018,426006461.0
-3.271986961364746,8.737377166748047,1.145571827888489,51.0,7.0,33947.0,9.4,426006463.0
-2.093791484832764,5.594146251678467,-0.7334097027778625,37.0,8.0,33948.0,6.018,426006466.0
-3.250861406326294,8.690199851989746,1.469545364379883,28.0,9.0,33949.0,9.394,426006468.0
-2.122846603393555,5.674791812896729,-0.5300812125205994,48.0,10.0,33949.0,6.082,426006470.0
-2.871192693710327,7.679354190826416,1.593636751174927,9.0,11.0,33950.0,8.352,426006473.0
-2.133739709854126,5.709983825683594,-0.3194586634635925,13.0,12.0,33951.0,6.104,426006475.0
-2.528767347335815,6.774306774139404,-0.1262158006429672,15.0,14.0,33953.0,7.232,426006480.0
-2.268958568572998,6.081544876098633,1.739264011383057,3.0,15.0,33954.0,6.72,426006482.0
-4.892010688781738,13.17533111572266,-3.765817165374756,3.0,0.0,33963.0,14.55,426006503.0
-2.643771171569824,7.124105453491211,0.1326382905244827,12.0,1.0,33964.0,7.600000000000001,426006505.0
-1.928683400154114,5.199958324432373,-1.280421376228333,20.0,2.0,33965.0,5.692,426006507.0
-2.671257734298706,7.2020263671875,0.4025681614875793,13.0,3.0,33965.0,7.692,426006510.0
-1.953734755516052,5.270320892333984,-1.092572331428528,22.0,4.0,33966.0,5.726,426006512.0
-2.666389942169189,7.196606159210205,0.6714478135108948,9.0,5.0,33967.0,7.704,426006514.0
-2.068215370178223,5.585120677947998,-0.9432998299598694,49.0,6.0,33968.0,6.03,426006516.0
-3.244615077972412,8.766632080078125,1.147765517234802,15.0,7.0,33969.0,9.418000000000001,426006519.0
-2.079871892929077,5.622624397277832,-0.7360908389091492,41.0,8.0,33970.0,6.04,426006521.0
-3.200344324111938,8.65629768371582,1.461723685264587,12.0,9.0,33971.0,9.344,426006523.0
-2.107950448989868,5.70158863067627,-0.5318243503570557,40.0,10.0,33971.0,6.102,426006526.0
-2.838963270187378,7.682955741882324,1.592110276222229,9.0,11.0,33972.0,8.344,426006528.0
-2.093808889389038,5.669422149658203,-0.3167372047901154,13.0,12.0,33973.0,6.052,426006530.0
-2.239698648452759,6.067707538604736,1.49322509765625,3.0,13.0,33974.0,6.638,426006533.0
-2.507582187652588,6.797099113464355,-0.1264601349830627,14.0,14.0,33975.0,7.246,426006535.0
-2.247990608215332,6.093445301055908,1.740299224853516,4.0,15.0,33975.0,6.724,426006537.0
-2.364710092544556,6.437492847442627,-1.837615251541138,1.0,0.0,33983.0,7.100000000000001,426006558.0
-3.460377216339111,9.425329208374023,0.175257071852684,23.0,1.0,33984.0,10.042,426006560.0
-1.890381336212158,5.151774883270264,-1.266924381256104,22.0,2.0,33985.0,5.632,426006562.0
-2.650229692459106,7.222557067871094,0.4031962156295776,15.0,3.0,33985.0,7.704,426006565.0
-1.923158407211304,5.243930816650391,-1.085703134536743,24.0,4.0,33986.0,5.69,426006567.0
-2.670051574707031,7.284438133239746,0.6787689328193665,6.0,5.0,33987.0,7.788,426006569.0
-2.052104711532593,5.601580142974854,-0.9448641538619995,43.0,6.0,33988.0,6.04,426006572.0
-3.224914312362671,8.80772876739502,1.151665329933167,14.0,7.0,33989.0,9.450000000000001,426006574.0
-2.06432580947876,5.641035079956055,-0.7375532388687134,41.0,8.0,33990.0,6.052,426006576.0
-3.141610383987427,8.589498519897461,1.448583126068115,6.0,9.0,33991.0,9.26,426006579.0
-2.088035345077515,5.708911895751953,-0.5318243503570557,45.0,10.0,33991.0,6.102,426006581.0
-2.814823627471924,7.700194358825684,1.593636751174927,13.0,11.0,33992.0,8.352,426006583.0
-2.057556629180908,5.631672859191895,-0.3142250776290894,12.0,12.0,33993.0,6.004,426006586.0
-2.215162515640259,6.066335678100586,1.490975618362427,4.0,13.0,33994.0,6.628,426006588.0
-2.483155012130737,6.803932189941406,-0.1264252364635468,12.0,14.0,33995.0,7.244,426006590.0
-2.233992338180542,6.121217250823975,1.745993256568909,4.0,15.0,33995.0,6.746,426006592.0
-2.339388847351074,6.43440580368042,-1.834509372711182,4.0,0.0,34002.0,7.088,426006613.0
-3.427053689956665,9.431114196777344,0.1751523464918137,16.0,1.0,34003.0,10.036,426006615.0
-1.866634726524353,5.139698505401611,-1.262425303459167,22.0,2.0,34004.0,5.612,426006618.0
-3.40596079826355,9.383270263671875,0.5231502056121826,25.0,3.0,34005.0,9.996,426006620.0
-1.889011859893799,5.204143524169922,-1.076162695884705,20.0,4.0,34005.0,5.64,426006622.0
-2.637727022171021,7.270777225494385,0.6766771674156189,10.0,5.0,34006.0,7.764,426006625.0
-1.972242951393127,5.439360618591309,-0.9163931012153625,18.0,6.0,34007.0,5.858000000000001,426006627.0
-3.193660259246826,8.812775611877441,1.150934100151062,46.0,7.0,34008.0,9.444,426006629.0
-2.053044080734253,5.668380737304688,-0.740234375,44.0,8.0,34009.0,6.074,426006632.0
-2.669281482696533,7.369789600372314,1.241463899612427,9.0,9.0,34009.0,7.936,426006634.0
-2.065701484680176,5.706437587738037,-0.5309528112411499,42.0,10.0,34010.0,6.092000000000001,426006636.0
-2.785265684127808,7.698409557342529,1.591346979141235,16.0,11.0,34011.0,8.34,426006639.0
-2.029361724853516,5.612169742584229,-0.312759667634964,13.0,12.0,34012.0,5.976,426006641.0
-2.197020769119263,6.079146385192871,1.492325305938721,6.0,13.0,34013.0,6.634,426006643.0
-2.461937427520752,6.815890789031982,-0.1264950484037399,8.0,14.0,34014.0,7.248,426006645.0
-2.215235471725464,6.136246681213379,1.748063802719116,3.0,15.0,34015.0,6.754,426006648.0
-2.322144508361816,6.457075595855713,-1.838650465011597,6.0,0.0,34022.0,7.104,426006668.0
-3.392082929611206,9.437374114990234,0.1750476360321045,14.0,1.0,34023.0,10.03,426006671.0
-1.834847092628479,5.107669353485107,-1.25297737121582,24.0,2.0,34024.0,5.57,426006673.0
-3.384279251098633,9.420828819274902,0.5246156454086304,28.0,3.0,34024.0,10.024,426006675.0
-1.858892917633057,5.177445888519287,-1.069293618202209,20.0,4.0,34025.0,5.604,426006678.0
-3.212588787078857,8.952713966369629,0.8321630358695984,12.0,5.0,34026.0,9.548,426006680.0
-1.913899064064026,5.336506843566895,-0.897933840751648,22.0,6.0,34027.0,5.74,426006682.0
-3.158859491348267,8.812658309936523,1.149471640586853,39.0,7.0,34028.0,9.432,426006685.0
-2.03592324256897,5.682987689971924,-0.7412093281745911,44.0,8.0,34029.0,6.082,426006687.0
-2.04979944229126,5.724868297576904,-0.5319986343383789,42.0,10.0,34030.0,6.104,426006692.0
-2.6756911277771,7.477027416229248,1.543644785881042,8.0,11.0,34031.0,8.09,426006694.0
-1.994961738586426,5.577846050262451,-0.3104569017887115,19.0,12.0,34032.0,5.932,426006696.0
-2.182346820831299,6.105128765106201,1.496824264526367,4.0,13.0,34033.0,6.654,426006698.0
-2.436784982681274,6.820676803588867,-0.1264252364635468,7.0,14.0,34034.0,7.244,426006701.0
-2.205495834350586,6.176690101623535,1.757381319999695,3.0,15.0,34035.0,6.79,426006703.0
-2.303475379943848,6.476062774658203,-1.841756343841553,11.0,0.0,34042.0,7.116000000000001,426006724.0
-3.359789609909058,9.451041221618652,0.1750825345516205,21.0,1.0,34043.0,10.032,426006726.0
-1.803305864334106,5.075480937957764,-1.243529438972473,23.0,2.0,34044.0,5.528,426006728.0
-3.356723308563232,9.447640419006348,0.5254529714584351,25.0,3.0,34044.0,10.04,426006731.0
-1.83292543888092,5.161702156066895,-1.064714193344116,20.0,4.0,34045.0,5.58,426006733.0
-2.610227108001709,7.354732036590576,0.6827780604362488,3.0,5.0,34046.0,7.834000000000001,426006735.0
-1.879410624504089,5.298473834991455,-0.8904249668121338,20.0,6.0,34047.0,5.692,426006738.0
-3.130731582641602,8.831114768981934,1.150446653366089,40.0,7.0,34048.0,9.44,426006740.0
-2.018725395202637,5.697544097900391,-0.7421842813491821,44.0,8.0,34049.0,6.09,426006742.0
-2.037784337997437,5.754525661468506,-0.5340903997421265,42.0,10.0,34050.0,6.128,426006747.0
-2.732108354568481,7.719517230987549,1.591728687286377,12.0,11.0,34051.0,8.342,426006749.0
-1.957496166229248,5.533936977386475,-0.3076307475566864,17.0,12.0,34052.0,5.878,426006751.0
-2.166218996047974,6.127407550811768,1.500423550605774,4.0,13.0,34053.0,6.67,426006754.0
-2.416958808898926,6.8404541015625,-0.1266346573829651,8.0,14.0,34054.0,7.256,426006756.0
-2.189711332321167,6.200745582580566,1.762040019035339,3.0,15.0,34055.0,6.808,426006758.0
-2.291112422943115,6.513222217559814,-1.850038528442383,11.0,0.0,34062.0,7.148000000000001,426006779.0
-3.334074258804321,9.483463287353516,0.1754664927721024,19.0,1.0,34063.0,10.054,426006781.0
-1.775241851806641,5.052328109741211,-1.236330986022949,21.0,2.0,34064.0,5.496,426006784.0
-3.327034950256348,9.468721389770508,0.5259763598442078,36.0,3.0,34064.0,10.05,426006786.0
-1.799934983253479,5.12546443939209,-1.055936932563782,22.0,4.0,34065.0,5.534,426006788.0
-2.586517810821533,7.369438648223877,0.6833010315895081,5.0,5.0,34066.0,7.84,426006791.0
-1.847826719284058,5.267721176147461,-0.8841676115989685,22.0,6.0,34067.0,5.652,426006793.0
-3.110394239425659,8.871962547302246,1.154346466064453,47.0,7.0,34068.0,9.472,426006795.0
-1.998824954032898,5.704555988311768,-0.7421842813491821,41.0,8.0,34069.0,6.09,426006798.0
-3.067501544952393,8.754510879516602,1.469232439994812,7.0,9.0,34069.0,9.392,426006800.0
-2.022953033447266,5.776647090911865,-0.5354849100112915,40.0,10.0,34070.0,6.144,426006802.0
-2.716171026229858,7.76050853729248,1.59821617603302,15.0,11.0,34071.0,8.376,426006804.0
-1.924318432807922,5.501145839691162,-0.3054326474666595,15.0,12.0,34072.0,5.836,426006807.0
-2.147389650344849,6.142290115356445,1.502223134040833,4.0,13.0,34073.0,6.678,426006809.0
-2.408896923065186,6.894155502319336,-0.1274723708629608,15.0,14.0,34074.0,7.304,426006811.0
-2.171237945556641,6.217470169067383,1.764628291130066,3.0,15.0,34075.0,6.818000000000001,426006814.0
-2.275216341018677,6.537204742431641,-1.854697227478027,11.0,0.0,34081.0,7.166,426006834.0
-3.305892467498779,9.503911018371582,0.1756410151720047,14.0,1.0,34082.0,10.064,426006837.0
-1.748239398002625,5.028736114501953,-1.229132533073425,19.0,2.0,34083.0,5.464,426006839.0
-3.299552202224731,9.491021156311035,0.526604413986206,30.0,3.0,34083.0,10.062,426006841.0
-1.771330118179321,5.098024368286133,-1.049067854881287,22.0,4.0,34084.0,5.498,426006844.0
-2.564680099487305,7.385503768920898,0.6839982867240906,9.0,5.0,34085.0,7.848,426006846.0
-1.817394614219666,5.236496448516846,-0.8779101967811584,23.0,6.0,34086.0,5.612,426006848.0
-3.083558797836304,8.889729499816895,1.155321359634399,45.0,7.0,34087.0,9.48,426006850.0
-1.987049341201782,5.731784343719482,-0.7448654174804688,46.0,8.0,34088.0,6.112,426006853.0
-3.017101526260376,8.703042984008789,1.458907842636108,8.0,9.0,34088.0,9.326,426006855.0
-2.002481460571289,5.779558658599854,-0.5351362824440002,40.0,10.0,34089.0,6.140000000000001,426006857.0
-2.698130369186401,7.791735172271729,1.602795600891113,17.0,11.0,34090.0,8.4,426006860.0
-1.894960761070251,5.475410938262939,-0.303653210401535,15.0,12.0,34091.0,5.802,426006862.0
-2.133379459381104,6.167794227600098,1.506722211837769,3.0,13.0,34092.0,6.698,426006864.0
-2.431102752685547,7.032512664794922,-0.1298808157444,15.0,14.0,34093.0,7.442,426006867.0
-2.15295672416687,6.227912425994873,1.765663504600525,3.0,15.0,34093.0,6.822,426006869.0
-2.259926795959473,6.567027568817139,-1.860908985137939,12.0,0.0,34101.0,7.19,426006890.0
-3.266193866729736,9.496482849121094,0.1752919703722,14.0,1.0,34102.0,10.044,426006892.0
-1.719272494316101,5.001636028289795,-1.221034288406372,22.0,2.0,34103.0,5.428,426006894.0
-1.742042064666748,5.070755004882812,-1.042198777198792,22.0,4.0,34104.0,5.462,426006899.0
-2.543413400650024,7.407601833343506,0.6852184534072876,9.0,5.0,34105.0,7.862,426006901.0
-1.770252346992493,5.158729076385498,-0.863831102848053,22.0,6.0,34106.0,5.522,426006903.0
-3.057660818099976,8.915461540222168,1.157271265983582,46.0,7.0,34107.0,9.496,426006906.0
-1.97089147567749,5.749952793121338,-0.7463278770446777,46.0,8.0,34108.0,6.124000000000001,426006908.0
-2.985422849655151,8.709784507751465,1.458282113075256,4.0,9.0,34108.0,9.322000000000001,426006910.0
-1.98423182964325,5.792168140411377,-0.5356591939926147,36.0,10.0,34109.0,6.146,426006913.0
-2.67345929145813,7.808535575866699,1.604322075843811,16.0,11.0,34110.0,8.408,426006915.0
-1.864197373390198,5.447977542877197,-0.3017691373825073,20.0,12.0,34111.0,5.766,426006917.0
-2.576579570770264,7.534153938293457,1.838299989700317,19.0,13.0,34112.0,8.172,426006920.0
-2.413654088973999,7.061770439147949,-0.1302647590637207,7.0,14.0,34113.0,7.464,426006922.0
-2.135736227035522,6.252214908599854,1.770322322845459,4.0,15.0,34114.0,6.84,426006924.0
-2.246945858001709,6.604138374328613,-1.86919116973877,12.0,0.0,34121.0,7.222,426006945.0
-3.233668804168701,9.509719848632812,0.175326868891716,23.0,1.0,34122.0,10.046,426006947.0
-1.690516233444214,4.974394798278809,-1.212936043739319,24.0,2.0,34123.0,5.392,426006950.0
-3.311842918395996,9.75078296661377,0.5396884083747864,6.0,3.0,34124.0,10.312,426006952.0
-1.713597655296326,5.045202732086182,-1.035711169242859,20.0,4.0,34124.0,5.428,426006954.0
-2.525866031646729,7.440961360931396,0.6874845027923584,6.0,5.0,34125.0,7.888,426006956.0
-1.738272190093994,5.123722553253174,-0.8569480180740356,22.0,6.0,34126.0,5.478,426006959.0
-3.027796268463135,8.929840087890625,1.157758712768555,47.0,7.0,34127.0,9.5,426006961.0
-1.954631090164185,5.768077850341797,-0.7477902770042419,45.0,8.0,34128.0,6.136,426006963.0
-2.956903696060181,8.725765228271484,1.45922064781189,3.0,9.0,34128.0,9.328,426006966.0
-1.972948908805847,5.825478076934814,-0.5380995273590088,43.0,10.0,34129.0,6.174,426006968.0
-2.652480602264404,7.836416244506836,1.608138203620911,16.0,11.0,34130.0,8.428,426006970.0
-1.832368731498718,5.416613101959229,-0.2996756732463837,22.0,12.0,34131.0,5.726,426006973.0
-2.532164573669434,7.489565372467041,1.825252890586853,4.0,13.0,34132.0,8.114,426006975.0
-2.412034273147583,7.13835334777832,-0.1315213292837143,10.0,14.0,34133.0,7.536,426006977.0
-2.132925510406494,6.312338352203369,1.785333752632141,4.0,15.0,34133.0,6.898000000000001,426006980.0
-2.225111246109009,6.615603446960449,-1.870226383209229,13.0,0.0,34141.0,7.226,426007000.0
-3.206188440322876,9.538008689880371,0.1756410151720047,23.0,1.0,34142.0,10.064,426007003.0
-1.661971211433411,4.947014808654785,-1.204837799072266,23.0,2.0,34143.0,5.356,426007005.0
-3.275243282318115,9.754711151123047,0.5392696857452393,12.0,3.0,34144.0,10.304,426007007.0
-1.687227487564087,5.025097370147705,-1.030368566513062,20.0,4.0,34144.0,5.4,426007009.0
-2.507483005523682,7.472399711608887,0.6895762085914612,2.0,5.0,34145.0,7.912,426007012.0
-1.714723587036133,5.112903594970703,-0.8541321754455566,23.0,6.0,34146.0,5.46,426007014.0
-2.9953453540802,8.936590194702148,1.157271265983582,46.0,7.0,34147.0,9.496,426007016.0
-1.933854222297668,5.772983551025391,-0.7475465536117554,38.0,8.0,34148.0,6.134,426007019.0
-2.929919481277466,8.751529693603516,1.461723685264587,5.0,9.0,34149.0,9.344,426007021.0
-1.957029819488525,5.845554828643799,-0.5393197536468506,37.0,10.0,34149.0,6.188,426007023.0
-2.631962776184082,7.86610746383667,1.612336039543152,15.0,11.0,34150.0,8.45,426007026.0
-1.798248171806335,5.377516269683838,-0.2971635460853577,22.0,12.0,34151.0,5.678,426007028.0
-2.448559522628784,7.326471328735352,1.783411979675293,9.0,13.0,34152.0,7.928,426007030.0
-2.400405883789062,7.186560153961182,-0.1322543323040009,14.0,14.0,34153.0,7.578,426007033.0
-2.203978061676025,6.602310657501221,1.865050077438354,13.0,15.0,34154.0,7.206,426007035.0
-2.212307691574097,6.650442123413086,-1.877990961074829,15.0,0.0,34160.0,7.256,426007056.0
-3.179588556289673,9.56376838684082,0.1759202629327774,16.0,1.0,34161.0,10.08,426007058.0
-1.634496688842773,4.919210910797119,-1.196739554405212,21.0,2.0,34162.0,5.32,426007060.0
-3.107547760009766,9.357990264892578,0.5167652368545532,13.0,3.0,34163.0,9.874,426007062.0
-1.660036087036133,4.998990058898926,-1.023881077766418,22.0,4.0,34163.0,5.366000000000001,426007065.0
-3.005460500717163,9.055850982666016,0.8347777128219604,16.0,5.0,34164.0,9.578,426007067.0
-1.68532133102417,5.081062793731689,-0.8478748202323914,23.0,6.0,34165.0,5.42,426007069.0
-2.970690965652466,8.9615478515625,1.159221172332764,49.0,7.0,34166.0,9.512,426007072.0
-1.739274024963379,5.249856472015381,-0.6790559887886047,16.0,8.0,34167.0,5.572,426007074.0
-2.906759977340698,8.77381706237793,1.463913679122925,7.0,9.0,34167.0,9.358,426007076.0
-1.940765857696533,5.861469745635986,-0.5401912927627563,27.0,10.0,34168.0,6.198,426007079.0
-2.61079740524292,7.889702796936035,1.615388989448547,9.0,11.0,34169.0,8.466,426007081.0
-1.767236232757568,5.343628883361816,-0.2949654459953308,19.0,12.0,34170.0,5.636,426007083.0
-2.087888956069946,6.316891193389893,1.535965800285339,1.0,13.0,34171.0,6.828,426007086.0
-2.380951881408691,7.207771778106689,-0.1324986666440964,14.0,14.0,34172.0,7.592000000000001,426007088.0
-2.211099147796631,6.693582534790039,1.888861417770386,15.0,15.0,34172.0,7.298,426007090.0
-2.192096710205078,6.667300224304199,-1.880579233169556,16.0,0.0,34180.0,7.266,426007111.0
-3.147433996200562,9.578608512878418,0.1759900599718094,14.0,1.0,34181.0,10.084,426007113.0
-1.607587337493896,4.895262718200684,-1.189541220664978,23.0,2.0,34182.0,5.288,426007115.0
-3.048704862594604,9.289078712463379,0.5123690366744995,22.0,3.0,34183.0,9.790000000000001,426007118.0
-1.627883076667786,4.959985733032227,-1.014722228050232,22.0,4.0,34183.0,5.318000000000001,426007120.0
-2.978178262710571,9.07953929901123,0.8359978795051575,27.0,5.0,34184.0,9.592,426007122.0
-1.656498670578003,5.053127288818359,-0.8422431349754333,23.0,6.0,34185.0,5.384,426007125.0
-2.944335460662842,8.986954689025879,1.161171078681946,43.0,7.0,34186.0,9.528,426007127.0
-1.729585886001587,5.282307147979736,-0.6824682950973511,14.0,8.0,34187.0,5.600000000000001,426007129.0
-2.872739553451538,8.778779983520508,1.462975144386292,7.0,9.0,34188.0,9.352,426007132.0
-1.923391938209534,5.877676486968994,-0.5410628318786621,15.0,10.0,34188.0,6.208,426007134.0
-2.065128564834595,6.314536094665527,1.291395306587219,3.0,11.0,34189.0,6.768,426007136.0
-1.738024234771729,5.31749153137207,-0.2931860387325287,17.0,12.0,34190.0,5.602,426007138.0
-2.05614447593689,6.294502258300781,1.528767347335815,3.0,13.0,34191.0,6.796,426007141.0
-2.363845109939575,7.24075174331665,-0.1329524368047714,10.0,14.0,34192.0,7.618,426007143.0
-2.187150239944458,6.703478336334229,1.889379024505615,15.0,15.0,34193.0,7.3,426007145.0
-2.167672634124756,6.679342746734619,-1.881614446640015,17.0,0.0,34202.0,7.27,426007166.0
-3.106312990188599,9.577308654785156,0.1757457256317139,21.0,1.0,34203.0,10.07,426007168.0
-1.582769989967346,4.882861614227295,-1.185042142868042,22.0,2.0,34204.0,5.268,426007171.0
-3.016708374023438,9.312116622924805,0.512997031211853,22.0,3.0,34205.0,9.802,426007173.0
-1.599750399589539,4.938184261322021,-1.008997917175293,23.0,4.0,34205.0,5.288,426007175.0
-2.948816776275635,9.107967376708984,0.8375666737556458,31.0,5.0,34206.0,9.61,426007178.0
-1.623096942901611,5.016223430633545,-0.83504718542099,23.0,6.0,34207.0,5.338,426007180.0
-2.912249565124512,9.005748748779297,1.162146091461182,48.0,7.0,34208.0,9.536,426007182.0
-1.714174270629883,5.304020404815674,-0.684418261051178,13.0,8.0,34209.0,5.616000000000001,426007185.0
-2.816853046417236,8.715943336486816,1.450773239135742,5.0,9.0,34209.0,9.274000000000001,426007187.0
-2.688934564590454,8.325101852416992,-0.7654017210006714,12.0,10.0,34210.0,8.782,426007189.0
-2.033026933670044,6.298130989074707,1.286434292793274,4.0,11.0,34211.0,6.742,426007191.0
-1.709008812904358,5.297514915466309,-0.2917206287384033,20.0,12.0,34212.0,5.574,426007194.0
-2.034950256347656,6.311624050140381,1.531016826629639,4.0,13.0,34213.0,6.806,426007196.0
-1.727027416229248,5.35977029800415,-0.09829195588827133,13.0,14.0,34214.0,5.632,426007198.0
-2.157233715057373,6.694900989532471,1.884720325469971,15.0,15.0,34214.0,7.282,426007201.0
-2.152013063430786,6.7107834815979,-1.888343811035156,19.0,0.0,34222.0,7.296,426007221.0
-3.07591438293457,9.597614288330078,0.1759202629327774,21.0,1.0,34223.0,10.08,426007224.0
-1.555016398429871,4.85495138168335,-1.176943898200989,22.0,2.0,34224.0,5.232,426007226.0
-2.990882396697998,9.343513488769531,0.5141484141349792,24.0,3.0,34225.0,9.824,426007228.0
-1.573525309562683,4.915691375732422,-1.003273725509644,22.0,4.0,34225.0,5.258,426007231.0
-2.916399002075195,9.116307258605957,0.8373923897743225,31.0,5.0,34226.0,9.608,426007233.0
-1.593545913696289,4.984227180480957,-0.8287897706031799,25.0,6.0,34227.0,5.298,426007235.0
-2.883212804794312,9.023423194885254,1.163120985031128,49.0,7.0,34228.0,9.544,426007238.0
-1.701084136962891,5.326991081237793,-0.6866118907928467,13.0,8.0,34229.0,5.634,426007240.0
-2.781285047531128,8.71491813659668,1.448896050453186,4.0,9.0,34230.0,9.262,426007242.0
-3.309830188751221,10.37106895446777,-0.9524379372596741,10.0,10.0,34230.0,10.928,426007244.0
-2.012223243713379,6.308929920196533,1.287197470664978,7.0,11.0,34231.0,6.746,426007247.0
-1.675948977470398,5.257778167724609,-0.2892085015773773,21.0,12.0,34232.0,5.526,426007249.0
-2.017046689987183,6.331686496734619,1.534166216850281,4.0,13.0,34233.0,6.82,426007251.0
-1.696781635284424,5.329562664031982,-0.09762876480817795,21.0,14.0,34234.0,5.594,426007254.0
-2.144396066665649,6.739580631256104,1.895073056221008,15.0,15.0,34235.0,7.322,426007256.0
-2.135593175888062,6.732242584228516,-1.892484903335571,19.0,0.0,34240.0,7.312,426007277.0
-3.046956300735474,9.611042976379395,0.1759900599718094,19.0,1.0,34241.0,10.084,426007279.0
-1.527984619140625,4.822658061981201,-1.167945861816406,25.0,2.0,34242.0,5.192,426007281.0
-2.962719917297363,9.356672286987305,0.5143578052520752,25.0,3.0,34243.0,9.828,426007284.0
-1.5521479845047,4.901894092559814,-0.9994575381278992,22.0,4.0,34243.0,5.238,426007286.0
-2.895559310913086,9.150118827819824,0.8396584391593933,30.0,5.0,34244.0,9.634,426007288.0
-1.571923136711121,4.970374584197998,-0.8256611227989197,25.0,6.0,34245.0,5.278,426007291.0
-2.858440160751343,9.043793678283691,1.164583444595337,55.0,7.0,34246.0,9.556000000000001,426007293.0
-1.683144688606262,5.3285231590271,-0.6861243844032288,14.0,8.0,34247.0,5.63,426007295.0
-2.740540504455566,8.676040649414062,1.441074252128601,4.0,9.0,34247.0,9.212,426007297.0
-3.281430721282959,10.39471530914307,-0.9536581635475159,10.0,10.0,34248.0,10.942,426007300.0
-1.996528029441833,6.328326225280762,1.289868831634521,4.0,11.0,34249.0,6.76,426007302.0
-1.647411227226257,5.224920749664307,-0.287115067243576,21.0,12.0,34250.0,5.486,426007304.0
-2.316337108612061,7.350955963134766,1.779362797737122,6.0,13.0,34251.0,7.91,426007307.0
-1.673422694206238,5.313886165618896,-0.09724480658769608,24.0,14.0,34252.0,5.572,426007309.0
-2.128451824188232,6.758811950683594,1.898696541786194,15.0,15.0,34252.0,7.336,426007311.0
-2.117279529571533,6.756247043609619,-1.897143602371216,17.0,0.0,34260.0,7.33,426007332.0
-3.014584064483643,9.625436782836914,0.1760598719120026,19.0,1.0,34261.0,10.088,426007334.0
-1.502991557121277,4.801925659179688,-1.161647200584412,26.0,2.0,34262.0,5.164,426007337.0
-2.931829929351807,9.372674942016602,0.514671802520752,33.0,3.0,34263.0,9.834,426007339.0
-1.520961046218872,4.862312793731689,-0.9902986884117126,19.0,4.0,34263.0,5.19,426007341.0
-2.87192440032959,9.186793327331543,0.8420987725257874,18.0,5.0,34264.0,9.662,426007344.0
-1.545727610588074,4.947548866271973,-0.8209680914878845,25.0,6.0,34265.0,5.248,426007346.0
-2.831587076187134,9.068875312805176,1.166533350944519,55.0,7.0,34266.0,9.572000000000001,426007348.0
-1.666308403015137,5.34005069732666,-0.6868556141853333,16.0,8.0,34267.0,5.636,426007350.0
-2.714603662490845,8.704885482788086,1.444203019142151,11.0,9.0,34268.0,9.232,426007353.0
-2.605117082595825,8.353796005249023,-0.7655760645866394,13.0,10.0,34268.0,8.784,426007355.0
-1.983772277832031,6.365246295928955,1.295974731445312,4.0,11.0,34269.0,6.792,426007357.0
-1.619065880775452,5.198222160339355,-0.2853356301784515,20.0,12.0,34270.0,5.452,426007360.0
-2.36537766456604,7.599024295806885,1.837400197982788,4.0,13.0,34271.0,8.168000000000001,426007362.0
-1.642983794212341,5.281506061553955,-0.0965467095375061,24.0,14.0,34272.0,5.532,426007364.0
-2.109973907470703,6.78685998916626,1.904390573501587,15.0,15.0,34273.0,7.358000000000001,426007367.0
-2.094786167144775,6.771344184875488,-1.899214148521423,17.0,0.0,34281.0,7.338,426007387.0
-2.98755407333374,9.663167953491211,0.1765485405921936,21.0,1.0,34282.0,10.116,426007390.0
-1.476177096366882,4.77761173248291,-1.154448866844177,23.0,2.0,34283.0,5.132,426007392.0
-2.899225473403931,9.389082908630371,0.5149857997894287,45.0,3.0,34284.0,9.84,426007394.0
-1.492123961448669,4.832213401794434,-0.9830479621887207,20.0,4.0,34284.0,5.152,426007397.0
-2.35178017616272,7.620911121368408,0.6977688670158386,3.0,5.0,34285.0,8.006,426007399.0
-1.521762013435364,4.934304714202881,-0.8178393840789795,25.0,6.0,34286.0,5.228,426007401.0
-2.801837205886841,9.090575218200684,1.167995810508728,52.0,7.0,34287.0,9.584,426007403.0
-1.655490279197693,5.374578952789307,-0.6905117034912109,13.0,8.0,34288.0,5.666,426007406.0
-2.675478935241699,8.685990333557129,1.439509987831116,9.0,9.0,34288.0,9.202,426007408.0
-2.575653791427612,8.367096900939941,-0.7659246921539307,13.0,10.0,34289.0,8.788,426007410.0
-1.967356443405151,6.394991874694824,1.300554156303406,4.0,11.0,34290.0,6.816,426007413.0
-1.5894376039505,5.169758319854736,-0.2834515273571014,20.0,12.0,34291.0,5.416,426007415.0
-2.328924655914307,7.579700946807861,1.830651640892029,6.0,13.0,34292.0,8.138,426007417.0
-1.609527230262756,5.241613864898682,-0.09570899605751038,25.0,14.0,34293.0,5.484,426007420.0
-2.087404489517212,6.797877311706543,1.905425786972046,14.0,15.0,34293.0,7.362,426007422.0
-2.071701526641846,6.780462741851807,-1.899731755256653,10.0,0.0,34301.0,7.34,426007443.0
-2.954973220825195,9.677362442016602,0.1766183525323868,19.0,1.0,34302.0,10.12,426007445.0
-1.451528191566467,4.756640911102295,-1.148150205612183,23.0,2.0,34303.0,5.104,426007447.0
-2.867599010467529,9.402966499328613,0.5151951313018799,22.0,3.0,34304.0,9.844,426007450.0
-1.470093131065369,4.820491790771484,-0.9796133637428284,22.0,4.0,34304.0,5.134,426007452.0
-2.319936275482178,7.611921310424805,0.6962000727653503,5.0,5.0,34305.0,7.988,426007454.0
-1.490715146064758,4.894234657287598,-0.8103305101394653,25.0,6.0,34306.0,5.18,426007456.0
-2.775290489196777,9.117391586303711,1.170189380645752,51.0,7.0,34307.0,9.602,426007459.0
-1.637874960899353,5.3841233253479,-0.6909991502761841,13.0,8.0,34308.0,5.67,426007461.0
-2.645142793655396,8.695276260375977,1.439509987831116,12.0,9.0,34308.0,9.202,426007463.0
-2.534841060638428,8.337911605834961,-0.7624384164810181,12.0,10.0,34309.0,8.748,426007466.0
-1.95015823841095,6.418726921081543,1.303988695144653,3.0,11.0,34310.0,6.834000000000001,426007468.0
-1.564418792724609,5.152341365814209,-0.2821954786777496,21.0,12.0,34311.0,5.392,426007470.0
-2.288305997848511,7.541164875030518,1.819404125213623,4.0,13.0,34312.0,8.088000000000001,426007473.0
-1.581355452537537,5.214668750762939,-0.09511561691761017,23.0,14.0,34313.0,5.45,426007475.0
-2.067026615142822,6.816214561462402,1.908531665802002,14.0,15.0,34313.0,7.374000000000001,426007477.0
-1.387540936470032,4.595757007598877,-1.286330699920654,4.0,0.0,34320.0,4.97,426007498.0
-2.918822050094604,9.673707008361816,0.1763740181922913,16.0,1.0,34321.0,10.106,426007500.0
-1.424494624137878,4.724112987518311,-1.1391521692276,22.0,2.0,34322.0,5.064,426007503.0
-2.840435743331909,9.425810813903809,0.5159278512001038,15.0,3.0,34323.0,9.858,426007505.0
-1.446735739707947,4.8009033203125,-0.9746523499488831,23.0,4.0,34323.0,5.108000000000001,426007507.0
-2.300426721572876,7.638649940490723,0.6979432106018066,10.0,5.0,34324.0,8.008000000000001,426007509.0
-1.464799046516418,4.866994380950928,-0.8050117492675781,24.0,6.0,34325.0,5.146,426007512.0
-2.74961519241333,9.141752243041992,1.172139286994934,51.0,7.0,34326.0,9.618,426007514.0
-1.625154376029968,5.40663480758667,-0.6931928396224976,11.0,8.0,34327.0,5.688,426007516.0
-2.620457649230957,8.72337532043457,1.442638635635376,17.0,9.0,34328.0,9.222,426007519.0
-2.487688779830933,8.281394958496094,-0.7565118670463562,9.0,10.0,34328.0,8.68,426007521.0
-1.940716624259949,6.464645862579346,1.312002658843994,0.0,11.0,34329.0,6.876,426007523.0
-1.53412401676178,5.11350154876709,-0.2797880172729492,21.0,12.0,34330.0,5.346,426007526.0
-2.242578506469727,7.479645729064941,1.802757740020752,6.0,13.0,34331.0,8.014,426007528.0
-1.558314681053162,5.200728416442871,-0.09476656466722488,23.0,14.0,34332.0,5.43,426007530.0
-2.048293352127075,6.835985660552979,1.912155151367188,14.0,15.0,34332.0,7.388,426007532.0
-1.370386481285095,4.596869945526123,-1.285295367240906,9.0,0.0,34340.0,4.966,426007553.0
-2.887891530990601,9.693418502807617,0.1765485405921936,28.0,1.0,34341.0,10.116,426007556.0
-1.39909839630127,4.699172973632812,-1.131953716278076,24.0,2.0,34342.0,5.032,426007558.0
-2.810364007949829,9.445240020751953,0.5164512395858765,31.0,3.0,34343.0,9.868,426007560.0
-1.421570181846619,4.777698040008545,-0.9689280986785889,22.0,4.0,34343.0,5.078,426007562.0
-2.279427528381348,7.665730953216553,0.6996862888336182,11.0,5.0,34344.0,8.028,426007565.0
-1.438235402107239,4.839887619018555,-0.7996929883956909,24.0,6.0,34345.0,5.112,426007567.0
-2.717122554779053,9.149391174316406,1.171895623207092,55.0,7.0,34346.0,9.616,426007569.0
-1.609660625457764,5.423693180084229,-0.6946552395820618,13.0,8.0,34347.0,5.7,426007572.0
-2.597855091094971,8.75898265838623,1.44701874256134,20.0,9.0,34348.0,9.25,426007574.0
-2.446868896484375,8.24991512298584,-0.7528513073921204,10.0,10.0,34348.0,8.638,426007576.0
-1.506054639816284,5.084355354309082,-0.2779039144515991,22.0,12.0,34350.0,5.31,426007581.0
-2.179948329925537,7.364101409912109,1.773064255714417,8.0,13.0,34351.0,7.882000000000001,426007583.0
-1.53107488155365,5.175455570220947,-0.09420809149742126,24.0,14.0,34352.0,5.398,426007585.0
-2.072517871856689,7.010179996490479,1.958742499351501,27.0,15.0,34353.0,7.568000000000001,426007588.0
-1.361422777175903,4.625717639923096,-1.292024731636047,7.0,0.0,34360.0,4.992,426007609.0
-2.859116077423096,9.72070598602295,0.1768626868724823,26.0,1.0,34361.0,10.134,426007611.0
-1.377191185951233,4.68533182144165,-1.12745463848114,22.0,2.0,34362.0,5.012,426007613.0
-2.779065608978271,9.46074104309082,0.5167652368545532,36.0,3.0,34363.0,9.874,426007615.0
-1.393817782402039,4.74495792388916,-0.9612957239151001,23.0,4.0,34363.0,5.038,426007618.0
-2.263318061828613,7.709963798522949,0.7029982209205627,12.0,5.0,34364.0,8.066,426007620.0
-1.416883707046509,4.829714775085449,-0.7971900105476379,26.0,6.0,34365.0,5.096,426007622.0
-2.689078092575073,9.172154426574707,1.173601746559143,51.0,7.0,34366.0,9.63,426007625.0
-1.594067454338074,5.440709114074707,-0.6961176991462708,13.0,8.0,34367.0,5.712,426007627.0
-2.563934087753296,8.756623268127441,1.445141553878784,11.0,9.0,34368.0,9.238,426007629.0
-2.401820182800293,8.202954292297363,-0.7477962970733643,10.0,10.0,34368.0,8.58,426007632.0
-2.26383900642395,7.73671293258667,1.566923499107361,7.0,11.0,34369.0,8.212,426007634.0
-1.478207588195801,5.055075645446777,-0.2760198414325714,19.0,12.0,34370.0,5.274,426007636.0
-1.913170099258423,6.546772956848145,1.574657320976257,1.0,13.0,34371.0,7.0,426007638.0
-1.501788258552551,5.142377853393555,-0.09350999444723129,24.0,14.0,34372.0,5.358000000000001,426007641.0
-2.081753492355347,7.12827730178833,1.989800810813904,42.0,15.0,34372.0,7.688,426007643.0
-1.346345663070679,4.634151935577393,-1.293059945106506,9.0,0.0,34380.0,4.996,426007664.0
-2.825166940689087,9.730627059936523,0.1768626868724823,16.0,1.0,34381.0,10.134,426007666.0
-1.353225588798523,4.663908958435059,-1.121156096458435,23.0,2.0,34382.0,4.984,426007668.0
-2.747137069702148,9.474221229553223,0.5169745683670044,25.0,3.0,34383.0,9.878,426007671.0
-1.36849844455719,4.719624996185303,-0.9551898241043091,19.0,4.0,34383.0,5.006,426007673.0
-2.235282421112061,7.713989734649658,0.7026495933532715,17.0,5.0,34384.0,8.062,426007675.0
-1.391224980354309,4.804272651672363,-0.7921841144561768,26.0,6.0,34385.0,5.064,426007678.0
-2.66256308555603,9.200553894042969,1.176039218902588,49.0,7.0,34386.0,9.65,426007680.0
-1.578926563262939,5.459588527679443,-0.6978238821029663,13.0,8.0,34387.0,5.726,426007682.0
-2.357129573822021,8.155780792236328,-0.7427412271499634,13.0,10.0,34388.0,8.522,426007687.0
-2.234640121459961,7.73702335357666,1.565397024154663,7.0,11.0,34389.0,8.204,426007689.0
-1.45501434803009,5.041015625,-0.2749731242656708,20.0,12.0,34390.0,5.254,426007691.0
-1.902727961540222,6.596476554870605,1.585005164146423,3.0,13.0,34391.0,7.046,426007694.0
-1.47441303730011,5.11492395401001,-0.09291661530733109,25.0,14.0,34392.0,5.324,426007696.0
-2.050437450408936,7.11322546005249,1.983589172363281,39.0,15.0,34392.0,7.664000000000001,426007698.0
-1.328306794166565,4.629306793212891,-1.290471792221069,9.0,0.0,34399.0,4.986,426007719.0
-2.796190738677979,9.75147533416748,0.1770721226930618,16.0,1.0,34400.0,10.146,426007721.0
-1.33453106880188,4.657130718231201,-1.118456602096558,40.0,2.0,34401.0,4.972,426007724.0
-2.720660448074341,9.494324684143066,0.5176026225090027,18.0,3.0,34401.0,9.89,426007726.0
-1.34689474105835,4.703375816345215,-0.9509920477867126,20.0,4.0,34402.0,4.984,426007728.0
-2.212978601455688,7.732852935791016,0.7036954760551453,3.0,5.0,34403.0,8.074,426007731.0
-1.367138266563416,4.780371189117432,-0.7874910831451416,27.0,6.0,34404.0,5.034,426007733.0
-2.637493371963501,9.228419303894043,1.178476572036743,47.0,7.0,34405.0,9.67,426007735.0
-1.564629435539246,5.478156089782715,-0.6995300054550171,9.0,8.0,34406.0,5.74,426007737.0
-1.860228538513184,6.513121604919434,1.072827577590942,3.0,9.0,34406.0,6.858000000000001,426007740.0
-2.303276062011719,8.069674491882324,-0.7342000007629395,10.0,10.0,34407.0,8.424,426007742.0
-2.210047960281372,7.748167037963867,1.566160202026367,9.0,11.0,34408.0,8.208,426007744.0
-1.431719779968262,5.022763729095459,-0.2737170457839966,20.0,12.0,34409.0,5.23,426007747.0
-1.879775047302246,6.599001407623291,1.584105372428894,3.0,13.0,34410.0,7.042,426007749.0
-1.44485068321228,5.075549602508545,-0.09211380034685135,26.0,14.0,34411.0,5.278,426007751.0
-1.986110687255859,6.976917266845703,1.943731069564819,13.0,15.0,34411.0,7.51,426007754.0
-1.316145420074463,4.65425968170166,-1.116657018661499,46.0,2.0,34421.0,4.964,426007779.0
-2.691275119781494,9.523451805114746,0.5186493396759033,19.0,3.0,34422.0,9.91,426007781.0
-1.324595808982849,4.687266826629639,-0.9467942118644714,27.0,4.0,34422.0,4.962,426007784.0
-1.339712738990784,4.747091770172119,-0.7812337279319763,27.0,6.0,34424.0,4.994,426007788.0
-2.608497142791748,9.249032974243164,1.179939031600952,46.0,7.0,34425.0,9.682,426007790.0
-1.55195951461792,5.50651216506958,-0.7024549245834351,10.0,8.0,34426.0,5.764,426007793.0
-1.827775716781616,6.489473819732666,1.067821621894836,3.0,9.0,34427.0,6.826000000000001,426007795.0
-2.254568099975586,8.004789352416992,-0.7275761365890503,7.0,10.0,34427.0,8.348,426007797.0
-2.177669048309326,7.736936092376709,1.562344074249268,12.0,11.0,34428.0,8.188,426007800.0
-1.403362393379211,4.989277839660645,-0.2716236114501953,21.0,12.0,34429.0,5.19,426007802.0
-1.856201410293579,6.603646755218506,1.583655476570129,4.0,13.0,34430.0,7.04,426007804.0
-1.419553995132446,5.053609848022461,-0.09162513166666031,26.0,14.0,34431.0,5.25,426007807.0
-1.988197565078735,7.082727909088135,1.971165895462036,24.0,15.0,34432.0,7.616000000000001,426007809.0
-1.295375108718872,4.642640590667725,-1.291507005691528,22.0,0.0,34441.0,4.99,426007830.0
-2.000105857849121,7.173240661621094,0.1299855262041092,3.0,1.0,34442.0,7.448,426007832.0
-1.301926255226135,4.672419548034668,-1.119806289672852,46.0,2.0,34443.0,4.978,426007834.0
-1.308168172836304,4.697992324829102,-0.9479390978813171,38.0,4.0,34444.0,4.968,426007839.0
-2.602757692337036,9.353536605834961,0.849419891834259,24.0,5.0,34445.0,9.746,426007841.0
-1.318300127983093,4.740781784057617,-0.7793564796447754,40.0,6.0,34446.0,4.982,426007843.0
-2.572964191436768,9.258980751037598,1.179939031600952,46.0,7.0,34447.0,9.682,426007846.0
-1.33533763885498,4.808553218841553,-0.6127590537071228,11.0,8.0,34448.0,5.028,426007848.0
-1.810767889022827,6.524995803833008,1.072514653205872,6.0,9.0,34449.0,6.856,426007850.0
-2.2232825756073,8.011467933654785,-0.727401852607727,4.0,10.0,34449.0,8.346,426007853.0
-2.146896123886108,7.741456985473633,1.561580777168274,15.0,11.0,34450.0,8.184000000000001,426007855.0
-1.374593377113342,4.95998477935791,-0.2697395086288452,21.0,12.0,34451.0,5.154,426007857.0
-1.82615053653717,6.593822956085205,1.579606294631958,6.0,13.0,34452.0,7.022,426007860.0
-1.392138242721558,5.030114650726318,-0.09110156446695328,26.0,14.0,34453.0,5.22,426007862.0
-1.976137518882751,7.140237331390381,1.985142111778259,43.0,15.0,34453.0,7.67,426007864.0
-1.97028124332428,7.162826061248779,0.1296713799238205,6.0,1.0,34462.0,7.43,426007887.0
-1.28767454624176,4.684452056884766,-1.1216059923172,46.0,2.0,34463.0,4.986,426007889.0
-1.992042183876038,7.246882438659668,0.3938803970813751,3.0,3.0,34463.0,7.526,426007892.0
-1.293841361999512,4.710102558135986,-0.9494655728340149,31.0,4.0,34464.0,4.976,426007894.0
-1.303833961486816,4.752974510192871,-0.7806079983711243,48.0,6.0,34466.0,4.99,426007899.0
-2.544827222824097,9.283221244812012,1.181888937950134,38.0,7.0,34467.0,9.698,426007901.0
-1.307530403137207,4.772979259490967,-0.6076405644416809,22.0,8.0,34468.0,4.986,426007903.0
-1.792153000831604,6.546518802642822,1.075017690658569,4.0,9.0,34469.0,6.872,426007906.0
-1.33885645866394,4.890681266784668,-0.4436227381229401,8.0,10.0,34469.0,5.09,426007908.0
-2.125040769577026,7.76784086227417,1.565397024154663,6.0,11.0,34470.0,8.204,426007910.0
-1.349897742271423,4.937780857086182,-0.2682740986347198,21.0,12.0,34471.0,5.126,426007913.0
-1.812366843223572,6.633994579315186,1.587704539299011,4.0,13.0,34472.0,7.058,426007915.0
-1.365091681480408,5.000219345092773,-0.09047327190637589,27.0,14.0,34473.0,5.184,426007917.0
-1.943569540977478,7.119137287139893,1.977377533912659,39.0,15.0,34473.0,7.640000000000001,426007919.0
-1.893032312393188,6.962713241577148,-1.933378219604492,5.0,0.0,34479.0,7.47,426007940.0
-1.952487587928772,7.186347961425781,0.1299855262041092,6.0,1.0,34480.0,7.448,426007942.0
-1.279078960418701,4.711041927337646,-1.127004742622375,44.0,2.0,34481.0,5.01,426007945.0
-1.970614671707153,7.263086318969727,0.3944037556648254,5.0,3.0,34482.0,7.536,426007947.0
-1.280065894126892,4.717933654785156,-0.9502288103103638,34.0,4.0,34482.0,4.98,426007949.0
-1.985400438308716,7.322638988494873,0.6637781262397766,2.0,5.0,34483.0,7.616000000000001,426007952.0
-1.293545007705688,4.77420711517334,-0.7834237813949585,45.0,6.0,34484.0,5.008,426007954.0
-1.297195315361023,4.794309616088867,-0.6098341941833496,22.0,8.0,34486.0,5.004,426007959.0
-1.775300860404968,6.561341285705566,1.076581954956055,4.0,9.0,34486.0,6.882000000000001,426007961.0
-1.314644813537598,4.862166404724121,-0.4406594336032867,22.0,10.0,34487.0,5.056,426007963.0
-2.083727598190308,7.711934089660645,1.552803635597229,2.0,11.0,34488.0,8.138,426007966.0
-1.325527906417847,4.909217834472656,-0.2664946913719177,21.0,12.0,34489.0,5.092000000000001,426007968.0
-1.7935471534729,6.647181510925293,1.58950412273407,4.0,13.0,34490.0,7.066,426007970.0
-1.341046810150146,4.973591327667236,-0.08991479873657227,27.0,14.0,34491.0,5.152,426007972.0
-1.901354670524597,7.056526184082031,1.958224892616272,18.0,15.0,34492.0,7.566,426007975.0
-1.285836935043335,4.795461177825928,-1.330329895019531,1.0,0.0,34499.0,5.14,426007995.0
-1.893749356269836,7.067568778991699,0.1277167052030563,3.0,1.0,34500.0,7.318000000000001,426007998.0
-1.264642715454102,4.723007678985596,-1.128804445266724,44.0,2.0,34501.0,5.018,426008000.0
-2.577793836593628,9.627178192138672,0.5223128199577332,4.0,3.0,34501.0,9.98,426008002.0
-1.266634225845337,4.733752250671387,-0.9525185227394104,33.0,4.0,34502.0,4.992,426008005.0
-1.944387674331665,7.271781444549561,0.6585487723350525,2.0,5.0,34503.0,7.556,426008007.0
-1.277891874313354,4.782510280609131,-0.7840495109558105,45.0,6.0,34504.0,5.012,426008009.0
-1.97775411605835,7.406928062438965,0.9413188099861145,2.0,7.0,34505.0,7.724,426008012.0
-1.281475782394409,4.8026442527771,-0.6103217005729675,24.0,8.0,34506.0,5.008,426008014.0
-1.757347702980042,6.590708255767822,1.080336451530457,4.0,9.0,34507.0,6.906000000000001,426008016.0
-1.297664642333984,4.866725921630859,-0.4406594336032867,26.0,10.0,34507.0,5.056,426008019.0
-2.040114402770996,7.656557083129883,1.540210247039795,3.0,11.0,34508.0,8.072000000000001,426008021.0
-1.308383464813232,4.913815021514893,-0.2664946913719177,37.0,12.0,34509.0,5.092000000000001,426008023.0
-1.775845170021057,6.674117088317871,1.594453096389771,4.0,13.0,34510.0,7.088,426008025.0
-1.316483616828918,4.951186656951904,-0.08942613005638123,28.0,14.0,34511.0,5.124,426008028.0
-1.834047317504883,6.902552127838135,1.913707971572876,13.0,15.0,34512.0,7.394,426008030.0
-1.852278590202332,7.005642414093018,-1.941660523414612,5.0,0.0,34519.0,7.502,426008051.0
-1.852210521697998,7.010335445404053,0.1265648454427719,9.0,1.0,34520.0,7.252,426008053.0
-1.248148560523987,4.727393627166748,-1.128804445266724,44.0,2.0,34521.0,5.018,426008055.0
-2.072557926177979,7.849863529205322,0.4254913330078125,3.0,3.0,34521.0,8.13,426008058.0
-1.256112694740295,4.760924339294434,-0.9570979475975037,38.0,4.0,34522.0,5.016,426008060.0
-1.908833861351013,7.239993095397949,0.6550625562667847,2.0,5.0,34523.0,7.516,426008062.0
-1.26219654083252,4.790761947631836,-0.7846753001213074,43.0,6.0,34524.0,5.016,426008065.0
-1.950876355171204,7.409947395324707,0.9408313035964966,5.0,7.0,34525.0,7.72,426008067.0
-1.275310158729553,4.847403049468994,-0.6154401898384094,26.0,8.0,34526.0,5.05,426008069.0
-1.74653959274292,6.638527870178223,1.087219476699829,3.0,9.0,34526.0,6.95,426008072.0
-1.284721493721008,4.886641502380371,-0.4420539140701294,23.0,10.0,34527.0,5.072,426008074.0
-1.999906659126282,7.612363815307617,1.529906511306763,3.0,11.0,34528.0,8.018,426008076.0
-1.292744517326355,4.924147605895996,-0.2668087184429169,46.0,12.0,34529.0,5.098,426008078.0
-1.761438488960266,6.71420431137085,1.602551341056824,4.0,13.0,34530.0,7.124000000000001,426008081.0
-1.298178553581238,4.951883316040039,-0.08935631811618805,42.0,14.0,34531.0,5.12,426008083.0
-1.815816640853882,6.931337833404541,1.919919729232788,15.0,15.0,34532.0,7.418,426008085.0
-1.833660483360291,7.034497737884521,-1.947872161865234,11.0,0.0,34539.0,7.526,426008106.0
-1.830752968788147,7.028368949890137,0.1267742812633514,22.0,1.0,34540.0,7.264,426008108.0
-1.23360288143158,4.739264965057373,-1.130604028701782,41.0,2.0,34541.0,5.026,426008111.0
-1.242945909500122,4.778580188751221,-0.9597692489624023,39.0,4.0,34542.0,5.03,426008115.0
-1.87152087688446,7.200332641601562,0.6508790850639343,2.0,5.0,34543.0,7.468,426008118.0
-1.249935269355774,4.8123459815979,-0.7874910831451416,47.0,6.0,34544.0,5.034,426008120.0
-1.257883429527283,4.849903583526611,-0.6151964664459229,24.0,8.0,34546.0,5.048,426008125.0
-1.938093900680542,7.472527980804443,1.222691774368286,3.0,9.0,34546.0,7.816,426008127.0
-1.267656087875366,4.891096115112305,-0.4420539140701294,20.0,10.0,34547.0,5.072,426008129.0
-1.959047913551331,7.564182758331299,1.518839597702026,3.0,11.0,34548.0,7.96,426008131.0
-1.895557641983032,7.32430362701416,-0.3964971899986267,5.0,12.0,34549.0,7.576000000000001,426008134.0
-1.737990856170654,6.720312118530273,1.602551341056824,9.0,13.0,34550.0,7.124000000000001,426008136.0
-1.280885338783264,4.956384658813477,-0.08935631811618805,31.0,14.0,34551.0,5.12,426008138.0
-1.794508934020996,6.948856830596924,1.923025488853455,15.0,15.0,34552.0,7.43,426008141.0
-1.814382791519165,7.061437606811523,-1.953566193580627,11.0,0.0,34559.0,7.548,426008161.0
-1.808197379112244,7.042463779449463,0.1269139051437378,13.0,1.0,34560.0,7.272,426008164.0
-1.218020796775818,4.747317790985107,-1.131503820419312,44.0,2.0,34561.0,5.03,426008166.0
-1.226257920265198,4.782889842987061,-0.9597692489624023,42.0,4.0,34562.0,5.03,426008171.0
-1.837474942207336,7.172080516815186,0.6477414965629578,2.0,5.0,34563.0,7.432,426008173.0
-1.235579133033752,4.826248168945312,-0.7890554666519165,45.0,6.0,34564.0,5.044,426008175.0
-1.244387984275818,4.867727756500244,-0.6169025897979736,26.0,8.0,34566.0,5.062,426008180.0
-1.907105565071106,7.460109233856201,1.219563126564026,3.0,9.0,34566.0,7.796,426008182.0
-1.254027128219604,4.909003734588623,-0.4432741105556488,21.0,10.0,34567.0,5.086,426008184.0
-1.925348162651062,7.542440891265869,1.513115286827087,3.0,11.0,34568.0,7.930000000000001,426008187.0
-1.86800491809845,7.323134899139404,-0.3960785269737244,6.0,12.0,34569.0,7.568000000000001,426008189.0
-1.718854069709778,6.743332862854004,1.606600403785706,4.0,13.0,34570.0,7.142,426008191.0
-1.953114151954651,7.66796350479126,-0.1381183415651321,8.0,14.0,34571.0,7.914000000000001,426008194.0
-1.782899975776672,6.999699115753174,1.9354487657547,10.0,15.0,34571.0,7.478,426008196.0
-1.792093753814697,7.077091693878174,-1.956154346466064,10.0,0.0,34579.0,7.558,426008217.0
-2.512055635452271,9.927547454833984,0.1787475496530533,26.0,1.0,34580.0,10.242,426008219.0
-1.20526385307312,4.766654491424561,-1.135102987289429,46.0,2.0,34581.0,5.046,426008221.0
-1.766003251075745,6.984302520751953,0.3775515854358673,3.0,3.0,34581.0,7.214,426008224.0
-1.21147882938385,4.794754981994629,-0.9612957239151001,39.0,4.0,34582.0,5.038,426008226.0
-1.799259662628174,7.126293182373047,0.6430350542068481,2.0,5.0,34583.0,7.378,426008228.0
-1.223557233810425,4.849685192108154,-0.7921841144561768,43.0,6.0,34584.0,5.064,426008230.0
-1.823190331459045,7.231709003448486,0.9157262444496155,5.0,7.0,34585.0,7.514,426008233.0
-1.229328632354736,4.879741668701172,-0.6178775429725647,26.0,8.0,34586.0,5.07,426008235.0
-1.653763294219971,6.564507961273193,1.07220184803009,3.0,9.0,34586.0,6.854,426008237.0
-1.238829374313354,4.921079635620117,-0.4439713656902313,21.0,10.0,34587.0,5.094,426008240.0
-1.902361035346985,7.562443256378174,1.515786647796631,2.0,11.0,34588.0,7.944,426008242.0
-1.859472513198853,7.397405624389648,-0.3997420370578766,9.0,12.0,34589.0,7.638,426008244.0
-1.70527446269989,6.788982391357422,1.616048336029053,4.0,13.0,34590.0,7.184,426008247.0
-1.929257035255432,7.686371803283691,-0.1383277773857117,10.0,14.0,34591.0,7.926,426008249.0
-1.771332025527954,7.062401294708252,1.950977921485901,4.0,15.0,34592.0,7.538,426008251.0
-1.767846941947937,7.085178375244141,-1.956671953201294,8.0,0.0,34599.0,7.56,426008272.0
-2.475935459136963,9.930434226989746,0.1786428391933441,21.0,1.0,34600.0,10.236,426008274.0
-1.193328976631165,4.789741992950439,-1.139602065086365,44.0,2.0,34601.0,5.066,426008277.0
-1.746665239334106,7.015923976898193,0.3789123296737671,15.0,3.0,34602.0,7.24,426008279.0
-1.198054671287537,4.812290191650391,-0.9639670252799988,44.0,4.0,34602.0,5.052,426008281.0
-1.771006345748901,7.118996143341064,0.6418148875236511,3.0,5.0,34603.0,7.364,426008283.0
-1.207097768783569,4.855844020843506,-0.7924969792366028,43.0,6.0,34604.0,5.066,426008286.0
-1.794585943222046,7.224543571472168,0.9140200614929199,8.0,7.0,34605.0,7.5,426008288.0
-1.214200615882874,4.891709804534912,-0.6188524961471558,26.0,8.0,34606.0,5.078,426008290.0
-1.624176502227783,6.543399810791016,1.067821621894836,4.0,9.0,34606.0,6.826000000000001,426008293.0
-1.223083019256592,4.931175708770752,-0.4444942772388458,21.0,10.0,34607.0,5.100000000000001,426008295.0
-1.879729986190796,7.584282398223877,1.518839597702026,3.0,11.0,34608.0,7.96,426008297.0
-1.844202399253845,7.446502685546875,-0.402044802904129,20.0,12.0,34609.0,7.682,426008300.0
-1.685311317443848,6.810027122497559,1.619647622108459,3.0,13.0,34610.0,7.2,426008302.0
-1.906255125999451,7.70858907699585,-0.1386070102453232,10.0,14.0,34611.0,7.942,426008304.0
-1.741873621940613,7.043856620788574,1.944248676300049,7.0,15.0,34611.0,7.512,426008307.0
-1.749560117721558,7.117570400238037,-1.963918924331665,6.0,0.0,34619.0,7.588,426008327.0
-2.445072650909424,9.95455265045166,0.1789220720529556,19.0,1.0,34620.0,10.252,426008330.0
-1.176602363586426,4.793878555297852,-1.139602065086365,44.0,2.0,34621.0,5.066,426008332.0
-1.718834280967712,7.008399486541748,0.3781796097755432,3.0,3.0,34622.0,7.226,426008334.0
-1.185458064079285,4.833603382110596,-0.9674016237258911,42.0,4.0,34622.0,5.07,426008336.0
-1.743300199508667,7.113523960113525,0.6407690048217773,2.0,5.0,34623.0,7.352,426008339.0
-1.192489624023438,4.869621276855469,-0.7940613627433777,43.0,6.0,34624.0,5.076000000000001,426008341.0
-1.745765209197998,7.134353637695312,0.9018331170082092,5.0,7.0,34625.0,7.4,426008343.0
-1.202775835990906,4.919057369232178,-0.6217774152755737,28.0,8.0,34626.0,5.102,426008346.0
-1.598776340484619,6.543551921844482,1.066883087158203,3.0,9.0,34627.0,6.82,426008348.0
-1.20917272567749,4.948963165283203,-0.4457144737243652,22.0,10.0,34627.0,5.114,426008350.0
-1.821985006332397,7.468417644500732,-0.4028821885585785,26.0,12.0,34629.0,7.698,426008355.0
-1.835528612136841,7.529641151428223,1.789260745048523,9.0,13.0,34630.0,7.954,426008357.0
-1.882648348808289,7.728796005249023,-0.1388513445854187,8.0,14.0,34631.0,7.956,426008360.0
-1.726096391677856,7.091488838195801,1.955636739730835,18.0,15.0,34632.0,7.556,426008362.0
-1.733341693878174,7.159308433532715,-1.973754048347473,5.0,0.0,34639.0,7.626,426008383.0
-2.415482044219971,9.984406471252441,0.1793060302734375,7.0,1.0,34640.0,10.274,426008385.0
-1.163066744804382,4.811215400695801,-1.142751336097717,46.0,2.0,34641.0,5.08,426008387.0
-1.69951856136322,7.035712242126465,0.3793310225009918,1.0,3.0,34642.0,7.248,426008389.0
-1.173188209533691,4.856795787811279,-0.9712178111076355,46.0,4.0,34642.0,5.09,426008392.0
-1.693214774131775,7.014980316162109,0.6313561797142029,2.0,5.0,34643.0,7.244,426008394.0
-1.178726196289062,4.88719654083252,-0.7962514162063599,40.0,6.0,34644.0,5.09,426008396.0
-1.631087779998779,6.767944812774658,0.8547915816307068,3.0,7.0,34645.0,7.014,426008399.0
-1.18513298034668,4.921296119689941,-0.6215336322784424,28.0,8.0,34646.0,5.100000000000001,426008401.0
-1.63719117641449,6.798479557037354,1.107555985450745,1.0,9.0,34646.0,7.08,426008403.0
-1.196551561355591,4.972524642944336,-0.4474575817584991,21.0,10.0,34647.0,5.134,426008406.0
-1.959381222724915,8.14887809753418,1.629127144813538,9.0,11.0,34648.0,8.538,426008408.0
-1.797304034233093,7.480557918548584,-0.4031962156295776,22.0,12.0,34649.0,7.704,426008410.0
-1.793766736984253,7.47157621383667,1.773964047431946,9.0,13.0,34650.0,7.886,426008413.0
-1.86312210559845,7.766433238983154,-0.1394098252058029,8.0,14.0,34651.0,7.988,426008415.0
-1.701218605041504,7.091537952423096,1.954083800315857,16.0,15.0,34651.0,7.55,426008417.0
-1.273750901222229,5.342510223388672,-1.47164511680603,5.0,0.0,34659.0,5.686,426008438.0
-1.889847993850708,7.932751655578613,0.142341822385788,13.0,1.0,34660.0,8.156,426008440.0
-1.148070454597473,4.822829246520996,-1.144550919532776,46.0,2.0,34661.0,5.088,426008442.0
-1.911124110221863,8.034499168395996,0.4328183531761169,14.0,3.0,34662.0,8.27,426008445.0
-1.157136201858521,4.864681243896484,-0.9719810485839844,46.0,4.0,34662.0,5.094,426008447.0
-1.64752471446991,6.931682109832764,0.6233378648757935,2.0,5.0,34663.0,7.152,426008449.0
-1.162572503089905,4.895124912261963,-0.7968771457672119,42.0,6.0,34664.0,5.094,426008452.0
-1.607453227043152,6.773597240447998,0.8547915816307068,3.0,7.0,34665.0,7.014,426008454.0
-1.169321298599243,4.931197643280029,-0.6222648620605469,28.0,8.0,34666.0,5.106,426008456.0
-1.630024671554565,6.879398822784424,1.119757890701294,3.0,9.0,34667.0,7.158,426008459.0
-1.183321237564087,4.994119644165039,-0.4490263760089874,21.0,10.0,34667.0,5.152,426008461.0
-1.770721197128296,7.484842300415039,-0.4030915498733521,4.0,12.0,34669.0,7.702,426008465.0
-1.72912073135376,7.314695358276367,1.735272407531738,8.0,13.0,34670.0,7.714,426008468.0
-1.835081458091736,7.768997192382812,-0.1393400132656097,8.0,14.0,34671.0,7.984,426008470.0
-1.684534549713135,7.137209892272949,1.964954137802124,15.0,15.0,34672.0,7.592000000000001,426008472.0
-1.24666166305542,5.315168857574463,-1.462845206260681,5.0,0.0,34680.0,5.652,426008493.0
-2.349905729293823,10.02674579620361,0.1797597855329514,9.0,1.0,34681.0,10.3,426008495.0
-1.133052229881287,4.838388919830322,-1.147250413894653,47.0,2.0,34682.0,5.100000000000001,426008498.0
-1.874382495880127,8.010334014892578,0.4311436116695404,12.0,3.0,34683.0,8.238,426008500.0
-1.139298558235168,4.868889808654785,-0.9719810485839844,42.0,4.0,34683.0,5.094,426008502.0
-1.618932485580444,6.924093723297119,0.6221176981925964,5.0,5.0,34684.0,7.138,426008505.0
-1.14642071723938,4.907047271728516,-0.7981286644935608,43.0,6.0,34685.0,5.102,426008507.0
-1.580810904502869,6.771710872650146,0.8538166284561157,5.0,7.0,34686.0,7.006,426008509.0
-1.153945326805115,4.947049617767334,-0.6237273216247559,26.0,8.0,34687.0,5.118,426008512.0
-1.595231771469116,6.838876724243164,1.11224901676178,3.0,9.0,34687.0,7.11,426008514.0
-1.166817903518677,5.006184577941895,-0.4497236311435699,21.0,10.0,34688.0,5.16,426008516.0
-1.615577101707458,6.937044143676758,1.384510040283203,2.0,11.0,34689.0,7.256,426008518.0
-1.751876950263977,7.528242588043213,-0.4050802886486053,1.0,12.0,34690.0,7.74,426008521.0
-1.671404600143433,7.188116550445557,1.703779339790344,9.0,13.0,34691.0,7.574,426008523.0
-1.814740300178528,7.810731410980225,-0.1399683058261871,8.0,14.0,34692.0,8.02,426008525.0
-1.660485148429871,7.146809577941895,1.965989470481873,14.0,15.0,34692.0,7.596,426008528.0
-1.218105554580688,5.27619457244873,-1.450939536094666,7.0,0.0,34700.0,5.606,426008548.0
-2.312194585800171,10.02319622039795,0.179550364613533,19.0,1.0,34701.0,10.288,426008551.0
-1.120533347129822,4.86130428314209,-1.1517493724823,44.0,2.0,34702.0,5.12,426008553.0
-1.849547624588013,8.030451774597168,0.4318763017654419,5.0,3.0,34703.0,8.252,426008555.0
-1.125380396842957,4.886229038238525,-0.9746523499488831,44.0,4.0,34703.0,5.108000000000001,426008558.0
-1.59475302696228,6.929702281951904,0.6221176981925964,4.0,5.0,34704.0,7.138,426008560.0
-1.133269071578979,4.928345680236816,-0.800944447517395,42.0,6.0,34705.0,5.12,426008562.0
-1.557163596153259,6.777187824249268,0.8538166284561157,5.0,7.0,34706.0,7.006,426008565.0
-1.141555905342102,4.972329616546631,-0.6264083981513977,28.0,8.0,34707.0,5.14,426008567.0
-1.56441342830658,6.819648265838623,1.108181715011597,4.0,9.0,34708.0,7.084000000000001,426008569.0
-1.150226950645447,5.014111042022705,-0.4500722587108612,21.0,10.0,34708.0,5.164,426008571.0
-1.583895683288574,6.910109519958496,1.37802255153656,3.0,11.0,34709.0,7.222,426008574.0
-1.731830239295959,7.561567783355713,-0.4065456986427307,1.0,12.0,34710.0,7.768,426008576.0
-1.644129633903503,7.184408664703369,1.701529741287231,11.0,13.0,34711.0,7.564,426008578.0
-1.792367935180664,7.838461875915527,-0.1403522491455078,11.0,14.0,34712.0,8.042,426008581.0
-1.638582587242126,7.171680927276611,1.971165895462036,15.0,15.0,34713.0,7.616000000000001,426008583.0
-1.195890665054321,5.259483337402344,-1.445245504379272,8.0,0.0,34719.0,5.584000000000001,426008604.0
-2.284703254699707,10.05615901947021,0.1800041198730469,16.0,1.0,34720.0,10.314,426008606.0
-1.10613214969635,4.872594833374023,-1.153548955917358,47.0,2.0,34721.0,5.128,426008608.0
-1.845881581306458,8.137825965881348,0.4373192489147186,10.0,3.0,34722.0,8.356,426008611.0
-1.11307954788208,4.907166004180908,-0.9780868887901306,42.0,4.0,34722.0,5.126,426008613.0
-1.576168417930603,6.954383850097656,0.6238608360290527,4.0,5.0,34723.0,7.158,426008615.0
-1.11779248714447,4.935929775238037,-0.8015701770782471,42.0,6.0,34724.0,5.124,426008618.0
-1.543443083763123,6.821037292480469,0.858691394329071,5.0,7.0,34725.0,7.046,426008620.0
-1.129438519477844,4.995450019836426,-0.6288458108901978,28.0,8.0,34726.0,5.16,426008622.0
-1.549515604972839,6.853430271148682,1.112874746322632,4.0,9.0,34726.0,7.114,426008624.0
-1.139739751815796,5.045105457305908,-0.4525126218795776,21.0,10.0,34727.0,5.192,426008627.0
-1.557081699371338,6.898087978363037,1.374588012695312,3.0,11.0,34728.0,7.204,426008629.0
-1.708503365516663,7.57506275177002,-0.4069643914699554,11.0,12.0,34729.0,7.776,426008631.0
-1.624152064323425,7.206931114196777,1.705578923225403,16.0,13.0,34730.0,7.582,426008634.0
-1.768561244010925,7.854116439819336,-0.1405267715454102,9.0,14.0,34731.0,8.052,426008636.0
-1.630473017692566,7.240871906280518,1.988765597343445,16.0,15.0,34731.0,7.684,426008638.0
-1.172463417053223,5.241003036499023,-1.43903386592865,9.0,0.0,34739.0,5.56,426008659.0
-2.252203941345215,10.07578182220459,0.1802135556936264,21.0,1.0,34740.0,10.326,426008661.0
-1.090815901756287,4.884033679962158,-1.155348658561707,47.0,2.0,34741.0,5.136,426008664.0
-1.823119163513184,8.169560432434082,0.4386799931526184,3.0,3.0,34742.0,8.382,426008666.0
-1.098509192466736,4.922517776489258,-0.9803766012191772,39.0,4.0,34742.0,5.138,426008668.0
-2.16240382194519,9.697887420654297,0.869291365146637,15.0,5.0,34743.0,9.974,426008671.0
-1.105281352996826,4.961010456085205,-0.8050117492675781,45.0,6.0,34744.0,5.146,426008673.0
-1.519623875617981,6.826383113861084,0.858691394329071,8.0,7.0,34745.0,7.046,426008675.0
-1.112856268882751,5.003237724304199,-0.6293333172798157,30.0,8.0,34746.0,5.164,426008677.0
-1.580098867416382,7.109745979309082,1.153547763824463,4.0,9.0,34747.0,7.374000000000001,426008680.0
-1.122986555099487,5.052943229675293,-0.4528612494468689,21.0,10.0,34747.0,5.196,426008682.0
-1.544484496116638,6.955228805541992,1.384891629219055,3.0,11.0,34748.0,7.258,426008684.0
-1.682051062583923,7.58098030090332,-0.4069643914699554,16.0,12.0,34749.0,7.776,426008687.0
-1.599828839302063,7.216361522674561,1.706478714942932,16.0,13.0,34750.0,7.586,426008689.0
-1.746324181556702,7.883670806884766,-0.140945628285408,8.0,14.0,34751.0,8.076,426008691.0
-1.612272381782532,7.284523487091064,1.999118328094482,16.0,15.0,34752.0,7.724,426008694.0
-1.149260282516479,5.218449115753174,-1.431787014007568,11.0,0.0,34758.0,5.532,426008714.0
-2.222646951675415,10.1007719039917,0.1805276870727539,30.0,1.0,34759.0,10.344,426008717.0
-1.077961564064026,4.90285062789917,-1.158947825431824,49.0,2.0,34760.0,5.152,426008719.0
-1.799446225166321,8.191166877746582,0.4395173490047455,17.0,3.0,34761.0,8.398,426008721.0
-1.083021879196167,4.92996883392334,-0.9811398386955261,39.0,4.0,34761.0,5.142,426008724.0
-2.134076833724976,9.722518920898438,0.8708601593971252,31.0,5.0,34762.0,9.992,426008726.0
-1.091362953186035,4.97622537612915,-0.806888997554779,43.0,6.0,34763.0,5.158,426008728.0
-1.508451104164124,6.883739948272705,0.8652723431587219,3.0,7.0,34764.0,7.100000000000001,426008730.0
-1.097957134246826,5.014657020568848,-0.6303082704544067,28.0,8.0,34765.0,5.172,426008733.0
-1.434385299682617,6.551212787628174,1.062190055847168,4.0,9.0,34765.0,6.79,426008735.0
-1.110482215881348,5.076102733612061,-0.4546043574810028,20.0,10.0,34766.0,5.216,426008737.0
-1.5570467710495,7.123339653015137,1.41732919216156,2.0,11.0,34767.0,7.428,426008740.0
-1.662016272544861,7.609931468963623,-0.4082204699516296,16.0,12.0,34768.0,7.8,426008742.0
-1.580875396728516,7.244474411010742,1.711877465248108,16.0,13.0,34769.0,7.61,426008744.0
-1.722301363945007,7.899187088012695,-0.1411201655864716,8.0,14.0,34770.0,8.086,426008747.0
-1.593083381652832,7.306540012359619,2.003777027130127,15.0,15.0,34770.0,7.742,426008749.0
-1.124494910240173,5.192219734191895,-1.423504710197449,11.0,0.0,34778.0,5.5,426008770.0
-2.191604375839233,10.12801361083984,0.1808767467737198,16.0,1.0,34779.0,10.364,426008772.0
-1.062488198280334,4.914202213287354,-1.160747408866882,47.0,2.0,34780.0,5.16,426008774.0
-1.767047166824341,8.179828643798828,0.4385753273963928,10.0,3.0,34781.0,8.38,426008777.0
-1.066635608673096,4.937557220458984,-0.981903076171875,39.0,4.0,34781.0,5.146,426008779.0
-2.103068590164185,9.743542671203613,0.872080385684967,31.0,5.0,34782.0,10.006,426008781.0
-1.078150391578674,4.999314785003662,-0.8100176453590393,45.0,6.0,34783.0,5.178,426008783.0
-1.486503958702087,6.898666381835938,0.8664910197257996,3.0,7.0,34784.0,7.11,426008786.0
-1.082117199897766,5.026221752166748,-0.6312832236289978,30.0,8.0,34785.0,5.18,426008788.0
-1.410261392593384,6.550386428833008,1.061251401901245,6.0,9.0,34785.0,6.784,426008790.0
-1.093175530433655,5.08189582824707,-0.4547786712646484,18.0,10.0,34786.0,5.218,426008793.0
-1.518558382987976,7.065390586853027,1.404735803604126,3.0,11.0,34787.0,7.362,426008795.0
-1.644668102264404,7.658647060394287,-0.4105232357978821,13.0,12.0,34788.0,7.844,426008797.0
-1.560483694076538,7.272812843322754,1.717276334762573,14.0,13.0,34789.0,7.634,426008800.0
-1.696394205093384,7.912971973419189,-0.1412597745656967,8.0,14.0,34790.0,8.094,426008802.0
-1.56473445892334,7.298833847045898,2.000153541564941,12.0,15.0,34790.0,7.728,426008804.0
-1.099926829338074,5.165881156921387,-1.415222525596619,11.0,0.0,34798.0,5.468,426008825.0
-2.158734321594238,10.14733695983887,0.1810861676931381,21.0,1.0,34799.0,10.376,426008827.0
-1.049379587173462,4.936942577362061,-1.165246486663818,47.0,2.0,34800.0,5.18,426008830.0
-1.741387963294983,8.199623107910156,0.4393080174922943,12.0,3.0,34801.0,8.394,426008832.0
-1.05224883556366,4.95469331741333,-0.9845744371414185,38.0,4.0,34801.0,5.16,426008834.0
-2.067803621292114,9.744976997375488,0.8715574145317078,31.0,5.0,34802.0,10.0,426008836.0
-1.061512351036072,5.006912708282471,-0.8106433749198914,45.0,6.0,34803.0,5.182,426008839.0
-1.466527700424194,6.923233509063721,0.8689284324645996,2.0,7.0,34804.0,7.13,426008841.0
-1.067854046821594,5.045505046844482,-0.6332331299781799,28.0,8.0,34805.0,5.196,426008843.0
-1.770811676979065,8.374124526977539,1.355661034584045,2.0,9.0,34806.0,8.666,426008846.0
-1.076666355133057,5.09152889251709,-0.4553016126155853,20.0,10.0,34806.0,5.224,426008848.0
-1.489422082901001,7.049518585205078,1.400537967681885,7.0,11.0,34807.0,7.34,426008850.0
-1.622049689292908,7.683883190155029,-0.4115699529647827,11.0,12.0,34808.0,7.864,426008853.0
-1.53870689868927,7.295376777648926,1.721325516700745,14.0,13.0,34809.0,7.652,426008855.0
-1.674947619438171,7.948196411132812,-0.1417833566665649,8.0,14.0,34810.0,8.124,426008857.0
-1.539645552635193,7.30614185333252,2.000671148300171,17.0,15.0,34810.0,7.73,426008859.0
-1.075952053070068,5.141325950622559,-1.407457947731018,11.0,0.0,34818.0,5.438,426008880.0
-2.123300313949585,10.15481090545654,0.1810861676931381,28.0,1.0,34819.0,10.376,426008883.0
-1.033734083175659,4.948205947875977,-1.167046070098877,42.0,2.0,34820.0,5.188,426008885.0
-1.718060493469238,8.231067657470703,0.4406687617301941,14.0,3.0,34821.0,8.42,426008887.0
-1.038557529449463,4.975632667541504,-0.988008975982666,42.0,4.0,34821.0,5.178,426008889.0
-2.039469480514526,9.779441833496094,0.8739978075027466,37.0,5.0,34822.0,10.028,426008892.0
-1.045237302780151,5.016388893127441,-0.8115820288658142,42.0,6.0,34823.0,5.188,426008894.0
-1.99016284942627,9.559707641601562,1.1989506483078,3.0,7.0,34824.0,9.838000000000001,426008896.0
-1.055086374282837,5.072523593902588,-0.6361579895019531,28.0,8.0,34825.0,5.22,426008899.0
-1.745589017868042,8.399595260620117,1.358789801597595,11.0,9.0,34826.0,8.686,426008901.0
-1.062940955162048,5.114763259887695,-0.4570447206497192,20.0,10.0,34826.0,5.244,426008903.0
-1.467599511146545,7.068130493164062,1.403209328651428,4.0,11.0,34827.0,7.354,426008906.0
-1.5960294008255,7.693409442901611,-0.4117793142795563,4.0,12.0,34828.0,7.868,426008908.0
-1.518373608589172,7.325510025024414,1.727174162864685,13.0,13.0,34829.0,7.678,426008910.0
-1.651248216629028,7.973576068878174,-0.1421324014663696,8.0,14.0,34830.0,8.144,426008912.0
-1.515596866607666,7.324978351593018,2.004294633865356,14.0,15.0,34831.0,7.744,426008915.0
-1.054886102676392,5.129912376403809,-1.403316855430603,13.0,0.0,34838.0,5.422,426008936.0
-2.092669725418091,10.18566608428955,0.181505024433136,23.0,1.0,34839.0,10.4,426008938.0
-1.016847133636475,4.95369291305542,-1.167495965957642,42.0,2.0,34840.0,5.19,426008940.0
-1.691324472427368,8.246797561645508,0.4411921203136444,14.0,3.0,34841.0,8.43,426008942.0
-1.024732947349548,4.996536731719971,-0.9914435148239136,38.0,4.0,34841.0,5.196,426008945.0
-2.013719081878662,9.827489852905273,0.8776583075523376,39.0,5.0,34842.0,10.07,426008947.0
-1.031286239624023,5.037424087524414,-0.8143978118896484,46.0,6.0,34843.0,5.206,426008949.0
-1.952405333518982,9.54520320892334,1.196269512176514,3.0,7.0,34844.0,9.816,426008952.0
-1.037373542785645,5.076175689697266,-0.6361579895019531,28.0,8.0,34845.0,5.22,426008954.0
-1.715863108634949,8.403701782226562,1.358476877212524,16.0,9.0,34846.0,8.684000000000001,426008956.0
-1.04747211933136,5.130155086517334,-0.4580905735492706,20.0,10.0,34846.0,5.256,426008959.0
-1.570760130882263,7.706761837005615,-0.4121979773044586,4.0,12.0,34848.0,7.876,426008963.0
-1.493182420730591,7.332674980163574,1.72762405872345,9.0,13.0,34849.0,7.68,426008965.0
-1.628587961196899,8.004765510559082,-0.1425861567258835,9.0,14.0,34850.0,8.17,426008968.0
-1.496304869651794,7.354573726654053,2.011023998260498,18.0,15.0,34850.0,7.77,426008970.0
-1.033530354499817,5.116520881652832,-1.398658156394958,13.0,0.0,34858.0,5.404,426008991.0
-2.058684587478638,10.20074939727783,0.1816446483135223,26.0,1.0,34859.0,10.408,426008993.0
-1.001475214958191,4.966763973236084,-1.169745445251465,42.0,2.0,34860.0,5.2,426008995.0
-1.66962730884552,8.287894248962402,0.4430761933326721,12.0,3.0,34861.0,8.466,426008998.0
-1.008836388587952,5.007781505584717,-0.9929699897766113,44.0,4.0,34861.0,5.204,426009000.0
-1.983333826065063,9.853991508483887,0.879401445388794,34.0,5.0,34862.0,10.09,426009002.0
-1.017590403556824,5.060359477996826,-0.8175265192985535,46.0,6.0,34863.0,5.226,426009005.0
-1.911254167556763,9.513036727905273,1.191394686698914,3.0,7.0,34864.0,9.776,426009007.0
-1.021210789680481,5.087551116943359,-0.6371329426765442,28.0,8.0,34865.0,5.228,426009009.0
-1.686906695365906,8.411577224731445,1.358789801597595,23.0,9.0,34866.0,8.686,426009012.0
-1.033084034919739,5.151361465454102,-0.4596593976020813,21.0,10.0,34866.0,5.274,426009014.0
-1.655424833297729,8.262075424194336,1.637904405593872,30.0,11.0,34867.0,8.584,426009016.0
-1.54933750629425,7.739615917205811,-0.413663387298584,4.0,12.0,34868.0,7.904,426009018.0
-1.467959642410278,7.339753150939941,1.728073954582214,6.0,13.0,34869.0,7.682,426009021.0
-1.590448498725891,7.959417343139648,-0.1416786313056946,8.0,14.0,34870.0,8.118,426009023.0
-1.472516298294067,7.369224071502686,2.013612270355225,7.0,15.0,34870.0,7.78,426009025.0
-1.010161876678467,5.08770751953125,-1.389858245849609,13.0,0.0,34877.0,5.37,426009046.0
-2.030293703079224,10.23498058319092,0.1821333169937134,19.0,1.0,34878.0,10.436,426009048.0
-0.9880301356315613,4.985350131988525,-1.173344731330872,45.0,2.0,34879.0,5.216,426009051.0
-1.657559871673584,8.363627433776855,0.4468443989753723,7.0,3.0,34879.0,8.538,426009053.0
-0.9945123791694641,5.02265453338623,-0.995259702205658,44.0,4.0,34880.0,5.216,426009055.0
-1.952192544937134,9.868331909179688,0.8800987005233765,34.0,5.0,34881.0,10.098,426009058.0
-1.002336025238037,5.071457386016846,-0.8187779784202576,45.0,6.0,34882.0,5.234,426009060.0
-1.875467300415039,9.497900009155273,1.188713550567627,4.0,7.0,34883.0,9.754,426009062.0
-1.008176326751709,5.110384941101074,-0.6395702958106995,28.0,8.0,34884.0,5.248,426009064.0
-1.661237359046936,8.420711517333984,1.359415531158447,23.0,9.0,34884.0,8.69,426009067.0
-1.017922282218933,5.164533138275146,-0.4605309367179871,21.0,10.0,34885.0,5.284,426009069.0
-1.631431579589844,8.284855842590332,1.64133894443512,48.0,11.0,34886.0,8.602,426009071.0
-1.522892475128174,7.740791797637939,-0.4134540557861328,4.0,12.0,34887.0,7.9,426009074.0
-1.447746396064758,7.365614414215088,1.733022928237915,4.0,13.0,34888.0,7.704,426009076.0
-1.565586686134338,7.972496509552002,-0.1418182551860809,11.0,14.0,34889.0,8.126,426009078.0
-2.200769901275635,11.20706462860107,3.060276508331299,5.0,15.0,34889.0,11.824,426009081.0
-0.9879609942436218,5.068448543548584,-1.383646607398987,13.0,0.0,34897.0,5.346,426009101.0
-1.993790149688721,10.23808002471924,0.1820635050535202,26.0,1.0,34898.0,10.432,426009104.0
-0.973599374294281,5.004071235656738,-1.176943898200989,42.0,2.0,34899.0,5.232,426009106.0
-1.634516477584839,8.408858299255371,0.4489378333091736,5.0,3.0,34900.0,8.578,426009108.0
-0.9795962572097778,5.039585590362549,-0.9979310631752014,46.0,4.0,34900.0,5.23,426009111.0
-1.920012712478638,9.886821746826172,0.8811445832252502,40.0,5.0,34901.0,10.11,426009113.0
-0.9868847131729126,5.086560726165771,-0.8206552267074585,45.0,6.0,34902.0,5.246,426009115.0
-1.844190716743469,9.514132499694824,1.189932227134705,6.0,7.0,34903.0,9.764,426009117.0
-0.9937283992767334,5.131412982940674,-0.6417639851570129,28.0,8.0,34904.0,5.266,426009120.0
-1.63336455821991,8.442258834838867,1.361918449401855,24.0,9.0,34905.0,8.706,426009122.0
-1.001023888587952,5.173923015594482,-0.461053878068924,21.0,10.0,34905.0,5.29,426009124.0
-1.599148750305176,8.273152351379395,1.637904405593872,43.0,11.0,34906.0,8.584,426009127.0
-1.495105385780334,7.742138385772705,-0.4132447242736816,5.0,12.0,34907.0,7.896,426009129.0
-1.42461085319519,7.384017467498779,1.736172199249268,3.0,13.0,34908.0,7.718,426009131.0
-1.557050228118896,8.078054428100586,-0.1435984075069427,8.0,14.0,34909.0,8.228,426009134.0
-1.432723641395569,7.440028190612793,2.030176639556885,3.0,15.0,34910.0,7.844,426009136.0
-0.9667881727218628,5.048928260803223,-1.377434968948364,13.0,0.0,34916.0,5.322,426009157.0
-1.963210105895996,10.2623119354248,0.1823776513338089,30.0,1.0,34917.0,10.45,426009159.0
-0.9580973982810974,5.013014793395996,-1.178293585777283,47.0,2.0,34918.0,5.238,426009161.0
-1.601717352867126,8.38060188293457,0.4471583962440491,7.0,3.0,34918.0,8.544,426009164.0
-0.9669293165206909,5.064019203186035,-1.002128839492798,48.0,4.0,34919.0,5.252,426009166.0
-1.889456272125244,9.904876708984375,0.8821904063224792,43.0,5.0,34920.0,10.122,426009168.0
-0.9700116515159607,5.089805126190186,-0.8206552267074585,45.0,6.0,34921.0,5.246,426009170.0
-1.808917760848999,9.50069522857666,1.187494874000549,9.0,7.0,34922.0,9.744,426009173.0
-0.9804159998893738,5.154181480407715,-0.6442013382911682,29.0,8.0,34923.0,5.286,426009175.0
-1.611260771751404,8.478678703308105,1.366924405097961,38.0,9.0,34924.0,8.738,426009177.0
-0.9868367910385132,5.192873001098633,-0.4624483585357666,22.0,10.0,34924.0,5.306,426009180.0
-1.573536157608032,8.288053512573242,1.639812469482422,45.0,11.0,34925.0,8.594,426009182.0
-1.471656441688538,7.758827209472656,-0.4138727486133575,9.0,12.0,34926.0,7.908,426009184.0
-1.413903951644897,7.461458206176758,1.753268480300903,6.0,13.0,34927.0,7.794,426009187.0
-1.535833358764648,8.112645149230957,-0.1441219747066498,9.0,14.0,34928.0,8.258000000000001,426009189.0
-2.083111047744751,11.00349903106689,3.000747919082642,8.0,15.0,34928.0,11.594,426009191.0
-0.9434511661529541,5.021893978118896,-1.369152784347534,14.0,0.0,34936.0,5.29,426009212.0
-1.93032705783844,10.28482532501221,0.1826568841934204,14.0,1.0,34937.0,10.466,426009214.0
-0.9420294165611267,5.023990154266357,-1.180093288421631,50.0,2.0,34938.0,5.246,426009216.0
-1.570981502532959,8.378289222717285,0.4467397332191467,5.0,3.0,34938.0,8.536,426009219.0
-0.9506926536560059,5.075082302093506,-1.003655314445496,41.0,4.0,34939.0,5.26,426009221.0
-1.860367774963379,9.940787315368652,0.8848050832748413,45.0,5.0,34940.0,10.152,426009223.0
-0.9555063247680664,5.110635757446289,-0.8234710097312927,42.0,6.0,34941.0,5.264,426009226.0
-1.777565479278564,9.516708374023438,1.188713550567627,12.0,7.0,34942.0,9.754,426009228.0
-0.9624186158180237,5.157572269439697,-0.6442013382911682,29.0,8.0,34943.0,5.286,426009230.0
-1.582016825675964,8.486193656921387,1.367237210273743,27.0,9.0,34944.0,8.74,426009233.0
-0.9708950519561768,5.208037853240967,-0.4634942412376404,22.0,10.0,34944.0,5.318000000000001,426009235.0
-1.543158054351807,8.285775184631348,1.638285994529724,50.0,11.0,34945.0,8.586,426009237.0
-1.450044274330139,7.793370246887207,-0.4154428243637085,12.0,12.0,34946.0,7.938,426009240.0
-1.401739120483398,7.541069507598877,1.770814657211304,9.0,13.0,34947.0,7.872,426009242.0
-1.510791420936584,8.135651588439941,-0.1444361209869385,8.0,14.0,34948.0,8.276,426009244.0
-2.03340220451355,10.94992351531982,2.984183549880981,6.0,15.0,34948.0,11.53,426009246.0
-0.9337819218635559,5.072816371917725,-1.382093667984009,11.0,0.0,34957.0,5.34,426009267.0
-1.89623498916626,10.31149864196777,0.1830059289932251,33.0,1.0,34958.0,10.486,426009269.0
-0.9285389184951782,5.054242134094238,-1.186391830444336,45.0,2.0,34959.0,5.274,426009272.0
-1.853554129600525,10.09922218322754,0.538118302822113,37.0,3.0,34960.0,10.282,426009274.0
-0.9331483840942383,5.084325790405273,-1.004800200462341,45.0,4.0,34960.0,5.266,426009276.0
-1.830029010772705,9.980854988098145,0.8877683877944946,45.0,5.0,34961.0,10.186,426009279.0
-0.9403276443481445,5.133533954620361,-0.8265997171401978,42.0,6.0,34962.0,5.284,426009281.0
-1.747318267822266,9.548543930053711,1.191882133483887,15.0,7.0,34963.0,9.78,426009283.0
-0.945650577545166,5.172781467437744,-0.6456637978553772,29.0,8.0,34964.0,5.298,426009286.0
-1.542083024978638,8.435312271118164,1.358164072036743,9.0,9.0,34964.0,8.682,426009288.0
-0.9553796648979187,5.231161117553711,-0.4652373492717743,24.0,10.0,34965.0,5.338,426009290.0
-1.509959697723389,8.275924682617188,1.635233044624329,18.0,11.0,34966.0,8.57,426009293.0
-1.442600846290588,7.91456127166748,-0.4216184616088867,7.0,12.0,34967.0,8.056000000000001,426009295.0
-1.375486731529236,7.553825378417969,1.772614359855652,9.0,13.0,34968.0,7.88,426009297.0
-1.94228720664978,10.67712306976318,-0.1894284188747406,9.0,14.0,34969.0,10.854,426009299.0
-1.975798726081848,10.87211799621582,2.96088981628418,15.0,15.0,34970.0,11.44,426009302.0
-0.9335667490959167,5.173003196716309,-1.408493280410767,6.0,0.0,34977.0,5.442,426009322.0
-1.865551590919495,10.34757423400879,0.1835295110940933,30.0,1.0,34978.0,10.516,426009325.0
-0.9139994978904724,5.074713706970215,-1.190441012382507,45.0,2.0,34979.0,5.292,426009327.0
-1.826072216033936,10.13872909545898,0.5398977398872375,25.0,3.0,34979.0,10.316,426009329.0
-0.9160903692245483,5.091416358947754,-1.005563378334045,45.0,4.0,34980.0,5.27,426009332.0
-1.797997951507568,10.00286960601807,0.8891628980636597,43.0,5.0,34981.0,10.202,426009334.0
-0.9248464703559875,5.150395393371582,-0.8287897706031799,46.0,6.0,34982.0,5.298,426009336.0
-1.717131495475769,9.57217025756836,1.1940758228302,14.0,7.0,34983.0,9.798,426009339.0
-0.9310901165008545,5.195590496063232,-0.6481011509895325,29.0,8.0,34984.0,5.318000000000001,426009341.0
-1.509763240814209,8.433130264282227,1.35691249370575,9.0,9.0,34985.0,8.674,426009343.0
-0.939922571182251,5.2501540184021,-0.4666318595409393,24.0,10.0,34985.0,5.354,426009346.0
-1.473803758621216,8.240560531616211,1.627219080924988,12.0,11.0,34986.0,8.528,426009348.0
-1.450444579124451,8.11812686920166,-0.432190328836441,6.0,12.0,34987.0,8.258000000000001,426009350.0
-1.34876811504364,7.556662082672119,1.772164463996887,19.0,13.0,34988.0,7.878,426009352.0
-1.466225743293762,8.223031044006348,-0.1457974016666412,14.0,14.0,34989.0,8.354000000000001,426009355.0
-1.92225193977356,10.79146099090576,2.937078475952148,3.0,15.0,34990.0,11.348,426009357.0
-0.9111299514770508,5.151500225067139,-1.401763916015625,8.0,0.0,34997.0,5.416,426009378.0
-1.469659924507141,8.317875862121582,0.1474379301071167,10.0,1.0,34998.0,8.448,426009380.0
-0.898989737033844,5.093225955963135,-1.194040179252625,49.0,2.0,34999.0,5.308,426009382.0
-1.488985061645508,8.435843467712402,0.4489378333091736,8.0,3.0,34999.0,8.578,426009385.0
-0.9010397791862488,5.110050678253174,-1.008616328239441,45.0,4.0,35000.0,5.286,426009387.0
-1.766526818275452,10.02870655059814,0.8909059762954712,37.0,5.0,35001.0,10.222,426009389.0
-0.9082319736480713,5.161374092102051,-0.8300412893295288,45.0,6.0,35002.0,5.306,426009392.0
-1.690237998962402,9.615253448486328,1.198706865310669,15.0,7.0,35003.0,9.836,426009394.0
-0.9156951904296875,5.214450359344482,-0.6500510573387146,31.0,8.0,35004.0,5.334000000000001,426009396.0
-1.481789588928223,8.438090324401855,1.35691249370575,9.0,9.0,35004.0,8.674,426009399.0
-0.9215903878211975,5.253402709960938,-0.4666318595409393,24.0,10.0,35005.0,5.354,426009401.0
-1.43520200252533,8.1895751953125,1.616152167320251,12.0,11.0,35006.0,8.47,426009403.0
-1.44173002243042,8.235279083251953,-0.4381566345691681,7.0,12.0,35007.0,8.372,426009405.0
-1.309289336204529,7.486459732055664,1.754618167877197,13.0,13.0,35008.0,7.8,426009408.0
-1.873550653457642,10.72391033172607,-0.1900217980146408,19.0,14.0,35009.0,10.888,426009410.0
-1.872613906860352,10.72959327697754,2.918443441390991,7.0,15.0,35010.0,11.276,426009412.0
-0.8868758082389832,5.118483066558838,-1.391928791999817,16.0,0.0,35017.0,5.378,426009433.0
-1.812366127967834,10.47068786621094,0.1854841709136963,21.0,1.0,35018.0,10.628,426009435.0
-0.8825337290763855,5.104013919830322,-1.195839762687683,52.0,2.0,35019.0,5.316,426009438.0
-1.462932348251343,8.460670471191406,0.4499845504760742,14.0,3.0,35019.0,8.598,426009440.0
-0.8878751993179321,5.140249252319336,-1.013959050178528,46.0,4.0,35020.0,5.314,426009442.0
-1.733542084693909,10.04659175872803,0.891951858997345,40.0,5.0,35021.0,10.234,426009445.0
-0.8918876051902771,5.174246311187744,-0.8316056132316589,49.0,6.0,35022.0,5.316,426009447.0
-1.658685326576233,9.632832527160645,1.200169324874878,15.0,7.0,35023.0,9.848,426009449.0
-0.8988338112831116,5.225440502166748,-0.6510260105133057,31.0,8.0,35024.0,5.342000000000001,426009452.0
-1.452661037445068,8.445158004760742,1.35722541809082,13.0,9.0,35024.0,8.676,426009454.0
-0.9069585204124451,5.27818775177002,-0.4685492813587189,23.0,10.0,35025.0,5.376,426009456.0
-1.415906190872192,8.248714447021484,1.626837491989136,19.0,11.0,35026.0,8.526,426009458.0
-1.409261703491211,8.218606948852539,-0.4370052218437195,10.0,12.0,35027.0,8.35,426009461.0
-1.282490730285645,7.487142562866211,1.753718376159668,14.0,13.0,35028.0,7.796,426009463.0
-1.839141249656677,10.74812412261963,-0.1903359442949295,25.0,14.0,35029.0,10.906,426009465.0
-1.842310070991516,10.77795791625977,2.929831504821777,3.0,15.0,35030.0,11.32,426009468.0
-0.866418182849884,5.106310844421387,-1.387787699699402,16.0,0.0,35037.0,5.362,426009488.0
-1.784159898757935,10.52624034881592,0.1863567978143692,14.0,1.0,35038.0,10.678,426009491.0
-0.8647119998931885,5.107063293457031,-1.195839762687683,49.0,2.0,35039.0,5.316,426009493.0
-1.43739128112793,8.48935604095459,0.4512406289577484,14.0,3.0,35039.0,8.622,426009495.0
-0.8725462555885315,5.15880298614502,-1.017012000083923,48.0,4.0,35040.0,5.33,426009498.0
-1.703773140907288,10.08401489257812,0.894740879535675,40.0,5.0,35041.0,10.266,426009500.0
-0.8754644393920898,5.187067031860352,-0.8331699371337891,48.0,6.0,35042.0,5.326000000000001,426009502.0
-1.630330801010132,9.669882774353027,1.204069137573242,13.0,7.0,35043.0,9.88,426009504.0
-0.8815772533416748,5.234418392181396,-0.6517572402954102,31.0,8.0,35044.0,5.348,426009507.0
-1.426125764846802,8.467708587646484,1.360041260719299,19.0,9.0,35044.0,8.694,426009509.0
-0.8908425569534302,5.295074939727783,-0.4697694480419159,24.0,10.0,35045.0,5.39,426009511.0
-1.391659498214722,8.280712127685547,1.632180094718933,34.0,11.0,35046.0,8.554,426009514.0
-1.900053977966309,11.31786727905273,-0.6014447808265686,8.0,12.0,35047.0,11.492,426009516.0
-1.254736423492432,7.481964111328125,1.751468896865845,21.0,13.0,35048.0,7.786,426009518.0
-1.799960136413574,10.7446174621582,-0.1901614218950272,18.0,14.0,35049.0,10.896,426009521.0
-1.811665892601013,10.81449317932129,2.938113689422607,8.0,15.0,35049.0,11.352,426009523.0
-0.8492215871810913,5.113115310668945,-1.38882303237915,13.0,0.0,35057.0,5.366000000000001,426009544.0
-1.754278779029846,10.57383060455322,0.1870898008346558,9.0,1.0,35058.0,10.72,426009546.0
-0.8507031202316284,5.133121013641357,-1.201238632202148,49.0,2.0,35059.0,5.34,426009548.0
-1.40807569026947,8.496292114257812,0.451345294713974,15.0,3.0,35059.0,8.624,426009551.0
-0.8548539876937866,5.163754463195801,-1.017393589019775,44.0,4.0,35060.0,5.332,426009553.0
-1.672463774681091,10.11348915100098,0.8968325853347778,37.0,5.0,35061.0,10.29,426009555.0
-0.8599284291267395,5.20568323135376,-0.835672914981842,44.0,6.0,35062.0,5.342000000000001,426009557.0
-1.600768089294434,9.700977325439453,1.207237720489502,15.0,7.0,35063.0,9.906,426009560.0
-0.8665288090705872,5.257050514221191,-0.6541946530342102,31.0,8.0,35064.0,5.368,426009562.0
-1.39559543132782,8.466788291931152,1.359102606773376,16.0,9.0,35064.0,8.688,426009564.0
-0.8765618801116943,5.323709011077881,-0.4720354974269867,23.0,10.0,35065.0,5.416,426009567.0
-1.363383173942566,8.289393424987793,1.632943391799927,45.0,11.0,35066.0,8.558,426009569.0
-1.861830830574036,11.33231449127197,-0.6018635034561157,8.0,12.0,35067.0,11.5,426009571.0
-1.230821013450623,7.499759674072266,1.754618167877197,24.0,13.0,35068.0,7.8,426009574.0
-1.7663254737854,10.77451515197754,-0.190580278635025,18.0,14.0,35069.0,10.92,426009576.0
-1.251588225364685,7.642993450164795,2.075211048126221,3.0,15.0,35070.0,8.018,426009578.0
-1.024104475975037,6.302102565765381,-1.710793852806091,19.0,0.0,35077.0,6.61,426009599.0
-1.713193297386169,10.55422973632812,0.1866360306739807,4.0,1.0,35078.0,10.694,426009601.0
-0.8346514105796814,5.147600650787354,-1.203938007354736,57.0,2.0,35079.0,5.352,426009604.0
-1.382673621177673,8.536884307861328,0.4532293677330017,14.0,3.0,35080.0,8.66,426009606.0
-0.837451696395874,5.17058277130127,-1.018156766891479,44.0,4.0,35080.0,5.336,426009608.0
-1.639060139656067,10.13106632232666,0.8978784680366516,40.0,5.0,35081.0,10.302,426009610.0
-0.8461639881134033,5.235954284667969,-0.8400530815124512,48.0,6.0,35082.0,5.37,426009613.0
-1.571008205413818,9.731982231140137,1.210406303405762,16.0,7.0,35083.0,9.932,426009615.0
-0.8494370579719543,5.267882347106934,-0.6551696062088013,31.0,8.0,35084.0,5.376,426009617.0
-1.371692657470703,8.50671100616455,1.364734292030334,16.0,9.0,35084.0,8.724,426009620.0
-0.8579733371734619,5.326736450195312,-0.4720354974269867,22.0,10.0,35085.0,5.416,426009622.0
-1.336622476577759,8.307670593261719,1.63561475276947,46.0,11.0,35086.0,8.572000000000001,426009624.0
-1.823846936225891,11.34860420227051,-0.6023868322372437,7.0,12.0,35087.0,11.51,426009627.0
-1.209576606750488,7.534795761108398,1.761816620826721,22.0,13.0,35088.0,7.832,426009629.0
-1.730920910835266,10.79443645477295,-0.1908246129751205,41.0,14.0,35089.0,10.934,426009631.0
-1.75753390789032,10.96040058135986,2.974348545074463,3.0,15.0,35089.0,11.492,426009634.0
-0.9972484707832336,6.275112152099609,-1.702511668205261,21.0,0.0,35097.0,6.578,426009654.0
-1.66254723072052,10.47324752807617,0.1851002275943756,19.0,1.0,35098.0,10.606,426009657.0
-0.820340096950531,5.173579216003418,-1.209336876869202,49.0,2.0,35099.0,5.376,426009659.0
-1.355052947998047,8.55546760559082,0.4539620876312256,7.0,3.0,35100.0,8.674,426009661.0
-0.8240047097206116,5.202560901641846,-1.023881077766418,44.0,4.0,35100.0,5.366000000000001,426009663.0
-1.606176733970642,10.15246868133545,0.8992729783058167,43.0,5.0,35101.0,10.318,426009666.0
-0.8284986615180969,5.242778301239014,-0.8406788110733032,48.0,6.0,35102.0,5.374000000000001,426009668.0
-1.540741801261902,9.760936737060547,1.21333122253418,25.0,7.0,35103.0,9.956,426009670.0
-0.8353719115257263,5.298267841339111,-0.6585819125175476,31.0,8.0,35104.0,5.404,426009673.0
-1.34388530254364,8.533145904541016,1.368175864219666,16.0,9.0,35105.0,8.746,426009675.0
-0.8412340879440308,5.341507434844971,-0.4730813801288605,23.0,10.0,35105.0,5.428,426009677.0
-1.306089758872986,8.30258846282959,1.633706569671631,45.0,11.0,35106.0,8.562,426009680.0
-1.786391973495483,11.36871242523193,-0.6031195521354675,6.0,12.0,35107.0,11.524,426009682.0
-1.187800288200378,7.567849636077881,1.76856517791748,22.0,13.0,35108.0,7.862,426009684.0
-1.696327924728394,10.82016849517822,-0.1911736577749252,12.0,14.0,35109.0,10.954,426009687.0
-1.204476356506348,7.691625118255615,2.086081504821777,2.0,15.0,35110.0,8.06,426009689.0
-0.9743558168411255,6.265022277832031,-1.698888182640076,26.0,0.0,35116.0,6.564,426009710.0
-1.629342317581177,10.48858261108398,0.185274749994278,23.0,1.0,35117.0,10.616,426009712.0
-0.8037769794464111,5.180122375488281,-1.210236668586731,49.0,2.0,35118.0,5.38,426009714.0
-0.8088526725769043,5.218845367431641,-1.026552438735962,44.0,4.0,35119.0,5.38,426009719.0
-1.576768517494202,10.18530464172363,0.9017133116722107,45.0,5.0,35120.0,10.346,426009721.0
-0.8123158812522888,5.253305435180664,-0.8419302701950073,48.0,6.0,35121.0,5.382,426009723.0
-1.509274005889893,9.77187728881836,1.214062452316284,32.0,7.0,35122.0,9.962,426009726.0
-0.8214295506477356,5.324551105499268,-0.6615067720413208,31.0,8.0,35123.0,5.428,426009728.0
-1.320986390113831,8.562705993652344,1.372243165969849,16.0,9.0,35123.0,8.772,426009730.0
-0.8256403803825378,5.358051776885986,-0.4743015468120575,24.0,10.0,35124.0,5.442,426009733.0
-1.277952909469604,8.302992820739746,1.632943391799927,50.0,11.0,35125.0,8.558,426009735.0
-1.74837863445282,11.37259960174561,-0.6030148863792419,11.0,12.0,35126.0,11.522,426009737.0
-1.166542887687683,7.596787452697754,1.77441394329071,21.0,13.0,35127.0,7.888,426009740.0
-1.659528136253357,10.81980419158936,-0.1910689473152161,20.0,14.0,35128.0,10.948,426009742.0
-1.181770920753479,7.70491886138916,2.088669776916504,3.0,15.0,35128.0,8.07,426009744.0
-0.9487081170082092,6.243556499481201,-1.692158937454224,27.0,0.0,35136.0,6.538,426009765.0
-1.598421573638916,10.53177070617676,0.1859379410743713,23.0,1.0,35137.0,10.654,426009767.0
-0.7874425649642944,5.194457054138184,-1.212936043739319,51.0,2.0,35138.0,5.392,426009769.0
-1.569778800010681,10.36744022369385,0.5495275259017944,97.0,3.0,35139.0,10.5,426009772.0
-0.7923940420150757,5.233283996582031,-1.028842091560364,42.0,4.0,35139.0,5.392,426009774.0
-1.544780731201172,10.21438598632812,0.9038050770759583,45.0,5.0,35140.0,10.37,426009776.0
-0.7963338494300842,5.271734714508057,-0.8444332480430603,48.0,6.0,35141.0,5.398,426009779.0
-1.473377585411072,9.76530933380127,1.212599992752075,25.0,7.0,35142.0,9.950000000000001,426009781.0
-0.8052049279212952,5.343089580535889,-0.6634566783905029,29.0,8.0,35143.0,5.444,426009783.0
-1.295474052429199,8.60655689239502,1.378500461578369,19.0,9.0,35144.0,8.812,426009786.0
-0.8104909658432007,5.384543418884277,-0.4763932824134827,23.0,10.0,35144.0,5.466,426009788.0
-1.24808657169342,8.301579475402832,1.631798505783081,50.0,11.0,35145.0,8.552,426009790.0
-1.711339592933655,11.39640998840332,-0.603956937789917,6.0,12.0,35146.0,11.54,426009792.0
-1.142041444778442,7.614303112030029,1.777563214302063,22.0,13.0,35147.0,7.902,426009795.0
-1.629156470298767,10.87497138977051,-0.1919415593147278,20.0,14.0,35148.0,10.998,426009797.0
-1.158383011817932,7.741678714752197,2.097469568252563,3.0,15.0,35149.0,8.104000000000001,426009799.0
-0.9229386448860168,6.220077037811279,-1.684911966323853,19.0,0.0,35156.0,6.51,426009820.0
-1.562235355377197,10.5412425994873,0.1860077530145645,35.0,1.0,35157.0,10.658,426009822.0
-0.7715885043144226,5.21259593963623,-1.216535329818726,49.0,2.0,35158.0,5.408,426009825.0
-1.530951142311096,10.35507488250732,0.5485854744911194,39.0,3.0,35159.0,10.482,426009827.0
-0.7764187455177307,5.2515549659729,-1.031895041465759,39.0,4.0,35159.0,5.408,426009829.0
-1.512900114059448,10.24533939361572,0.906071126461029,48.0,5.0,35160.0,10.396,426009832.0
-0.7819623947143555,5.301841735839844,-0.8488134145736694,48.0,6.0,35161.0,5.426,426009834.0
-1.402250647544861,9.519013404846191,1.181401371955872,9.0,7.0,35162.0,9.694,426009836.0
-0.7865491509437561,5.34586763381958,-0.6634566783905029,31.0,8.0,35163.0,5.444,426009839.0
-1.269227027893066,8.62644100189209,1.381003499031067,19.0,9.0,35163.0,8.828,426009841.0
-0.794587254524231,5.407052040100098,-0.4781363904476166,24.0,10.0,35164.0,5.486,426009843.0
-1.217960715293884,8.298115730285645,1.630272030830383,51.0,11.0,35165.0,8.544,426009845.0
-1.233527302742004,8.414393424987793,-0.4456930160522461,5.0,12.0,35166.0,8.516,426009848.0
-1.118278861045837,7.637525081634521,1.782062292098999,22.0,13.0,35167.0,7.922000000000001,426009850.0
-1.59292197227478,10.89246463775635,-0.1921509951353073,22.0,14.0,35168.0,11.01,426009852.0
-1.141929149627686,7.808557510375977,2.114551544189453,7.0,15.0,35168.0,8.17,426009855.0
-0.8962371349334717,6.188846111297607,-1.675594449043274,21.0,0.0,35176.0,6.474,426009875.0
-1.532013773918152,10.59215068817139,0.1868105530738831,16.0,1.0,35177.0,10.704,426009878.0
-0.7556174397468567,5.230687141418457,-1.220134496688843,49.0,2.0,35178.0,5.424,426009880.0
-1.499929666519165,10.3959379196167,0.5504695773124695,55.0,3.0,35179.0,10.518,426009882.0
-0.759204089641571,5.262005805969238,-1.033421516418457,42.0,4.0,35179.0,5.416,426009885.0
-1.481390595436096,10.28013896942139,0.9086858034133911,47.0,5.0,35180.0,10.426,426009887.0
-0.7668275833129883,5.328001976013184,-0.8525678515434265,49.0,6.0,35181.0,5.45,426009889.0
-1.320998668670654,9.189818382263184,1.139965891838074,7.0,7.0,35182.0,9.354000000000001,426009892.0
-0.7701406478881836,5.36430025100708,-0.6654066443443298,31.0,8.0,35183.0,5.46,426009894.0
-1.242087006568909,8.662320137023926,1.386009335517883,20.0,9.0,35184.0,8.86,426009896.0
-0.7754254937171936,5.407820701599121,-0.4779621064662933,23.0,10.0,35184.0,5.484,426009898.0
-1.19010066986084,8.310090065002441,1.631798505783081,37.0,11.0,35185.0,8.552,426009901.0
-1.208672761917114,8.45028305053711,-0.4473677575588226,8.0,12.0,35186.0,8.548,426009903.0
-1.095194816589355,7.666460990905762,1.787910938262939,22.0,13.0,35187.0,7.948,426009905.0
-1.555737853050232,10.90389728546143,-0.1922557055950165,18.0,14.0,35188.0,11.016,426009908.0
-1.107851028442383,7.774439811706543,2.104198932647705,14.0,15.0,35189.0,8.13,426009910.0
-0.869765043258667,6.157505512237549,-1.666277050971985,19.0,0.0,35196.0,6.438,426009931.0
-1.495030999183655,10.59743404388428,0.1868105530738831,38.0,1.0,35197.0,10.704,426009933.0
-0.7411606907844543,5.260308742523193,-1.226433157920837,45.0,2.0,35198.0,5.452,426009935.0
-1.466415047645569,10.42088794708252,0.5515162944793701,56.0,3.0,35199.0,10.538,426009938.0
-0.7419259548187256,5.272400379180908,-1.034947991371155,41.0,4.0,35199.0,5.424,426009940.0
-1.447160959243774,10.29708480834961,0.9097316265106201,45.0,5.0,35200.0,10.438,426009942.0
-0.7479501366615295,5.328690052032471,-0.8522549867630005,46.0,6.0,35201.0,5.448,426009945.0
-1.288085460662842,9.188475608825684,1.139234662055969,7.0,7.0,35202.0,9.348,426009947.0
-0.7536129951477051,5.382683277130127,-0.667356550693512,29.0,8.0,35203.0,5.476,426009949.0
-1.24950909614563,8.924622535705566,1.427308082580566,30.0,9.0,35203.0,9.124,426009951.0
-0.7595789432525635,5.432199478149414,-0.4798795282840729,28.0,10.0,35204.0,5.506,426009954.0
-1.089671969413757,7.802820205688477,1.53143298625946,10.0,11.0,35205.0,8.026,426009956.0
-1.181651473045349,8.47225284576416,-0.4483098089694977,10.0,12.0,35206.0,8.566,426009958.0
-1.071115732192993,7.689538478851318,1.792410016059875,21.0,13.0,35207.0,7.968,426009961.0
-1.522901892662048,10.94689273834229,-0.1929188966751099,36.0,14.0,35208.0,11.054,426009963.0
-1.087920188903809,7.820166110992432,2.115586757659912,11.0,15.0,35208.0,8.174,426009965.0
-0.8461579084396362,6.145193576812744,-1.66213595867157,16.0,0.0,35216.0,6.422,426009986.0
-1.461299061775208,10.6263599395752,0.1872294098138809,19.0,1.0,35217.0,10.728,426009988.0
-0.7233245968818665,5.266725063323975,-1.227332949638367,44.0,2.0,35218.0,5.456,426009991.0
-1.434644222259521,10.45958137512207,0.5532957315444946,59.0,3.0,35219.0,10.572,426009993.0
-0.7264519333839417,5.296353340148926,-1.039145827293396,44.0,4.0,35219.0,5.446,426009995.0
-1.415534973144531,10.33365726470947,0.9125206470489502,42.0,5.0,35220.0,10.47,426009998.0
-0.7312192320823669,5.344968318939209,-0.8544450402259827,49.0,6.0,35221.0,5.462,426010000.0
-1.254660248756409,9.18308162689209,1.138015985488892,7.0,7.0,35222.0,9.338000000000001,426010002.0
-0.7364295721054077,5.397082328796387,-0.6688189506530762,31.0,8.0,35223.0,5.488,426010004.0
-1.224792003631592,8.987861633300781,1.436694145202637,44.0,9.0,35224.0,9.184000000000001,426010007.0
-0.7422265410423279,5.446662902832031,-0.4809253811836243,26.0,10.0,35224.0,5.518,426010009.0
-1.060310482978821,7.791013717651367,1.528380036354065,13.0,11.0,35225.0,8.01,426010011.0
-1.135662436485291,8.355603218078613,-0.4419248104095459,31.0,12.0,35226.0,8.444,426010014.0
-1.048461556434631,7.724126815795898,1.799608469009399,14.0,13.0,35227.0,8.0,426010016.0
-1.485755324363708,10.96006870269775,-0.1930585205554962,10.0,14.0,35228.0,11.062,426010018.0
-1.060028076171875,7.829843997955322,2.11713981628418,16.0,15.0,35229.0,8.18,426010021.0
-0.8232033252716064,6.128819465637207,-1.656959533691406,21.0,0.0,35235.0,6.402,426010041.0
-1.428711295127869,10.65096759796143,0.1875784695148468,16.0,1.0,35236.0,10.748,426010044.0
-0.7058555483818054,5.269094467163086,-1.227332949638367,51.0,2.0,35237.0,5.456,426010046.0
-1.402334690093994,10.48209762573242,0.5542377829551697,56.0,3.0,35238.0,10.59,426010048.0
-0.711487889289856,5.318192481994629,-1.042961955070496,45.0,4.0,35238.0,5.466,426010051.0
-1.383898019790649,10.35804271697998,0.9142637252807617,43.0,5.0,35239.0,10.49,426010053.0
-0.7168869972229004,5.372817993164062,-0.8585123419761658,46.0,6.0,35240.0,5.488,426010055.0
-1.223938941955566,9.185224533081055,1.13777220249176,9.0,7.0,35241.0,9.336,426010057.0
-0.7200992703437805,5.411301136016846,-0.6702814102172852,31.0,8.0,35242.0,5.5,426010060.0
-1.19628918170929,8.989706993103027,1.436381220817566,39.0,9.0,35242.0,9.182,426010062.0
-0.727310299873352,5.472794532775879,-0.4830171167850494,26.0,10.0,35243.0,5.542,426010064.0
-1.033952116966248,7.790594577789307,1.527616858482361,17.0,11.0,35244.0,8.006,426010067.0
-1.105061292648315,8.337544441223145,-0.4407734274864197,40.0,12.0,35245.0,8.422,426010069.0
-1.028467297554016,7.770062923431396,1.809506297111511,13.0,13.0,35246.0,8.044,426010071.0
-1.113977432250977,8.427398681640625,-0.1483803540468216,42.0,14.0,35247.0,8.502,426010074.0
-1.038715720176697,7.858033180236816,2.123869180679321,4.0,15.0,35247.0,8.206,426010076.0
-0.799049437046051,6.110584259033203,-1.651265501976013,24.0,0.0,35255.0,6.38,426010097.0
-1.110318899154663,8.502503395080566,0.1496718376874924,26.0,1.0,35256.0,8.576,426010099.0
-0.6904826760292053,5.29471492767334,-1.232731819152832,53.0,2.0,35257.0,5.48,426010101.0
-1.118382453918457,8.587596893310547,0.453857421875,19.0,3.0,35258.0,8.672,426010104.0
-0.6939337849617004,5.328431129455566,-1.044488430023193,46.0,4.0,35258.0,5.474,426010106.0
-1.351330637931824,10.39047050476074,0.9167041182518005,17.0,5.0,35259.0,10.518,426010108.0
-0.7001633644104004,5.3909592628479,-0.8610153198242188,45.0,6.0,35260.0,5.504,426010110.0
-1.196209669113159,9.222907066345215,1.141915798187256,13.0,7.0,35261.0,9.370000000000001,426010113.0
-0.7022258639335632,5.421656131744385,-0.6712563633918762,30.0,8.0,35262.0,5.508,426010115.0
-1.164140820503235,8.987950325012207,1.435442686080933,28.0,9.0,35262.0,9.176,426010117.0
-0.7102468609809875,5.49110746383667,-0.4844116270542145,26.0,10.0,35263.0,5.558,426010120.0
-1.011781573295593,7.8330979347229,1.53524923324585,16.0,11.0,35264.0,8.046,426010122.0
-1.079528331756592,8.3690824508667,-0.442238837480545,8.0,12.0,35265.0,8.45,426010124.0
-1.000591516494751,7.767807483673096,1.808156609535217,16.0,13.0,35266.0,8.038,426010127.0
-1.084043264389038,8.427268981933594,-0.1483105570077896,52.0,14.0,35267.0,8.498,426010129.0
-1.018920421600342,7.921009063720703,2.139915943145752,3.0,15.0,35267.0,8.268,426010131.0
-0.7735700607299805,6.080757617950439,-1.642465710639954,19.0,0.0,35275.0,6.346,426010152.0
-1.081640958786011,8.514262199401855,0.1498114615678787,26.0,1.0,35276.0,8.584,426010154.0
-0.6744489669799805,5.316425323486328,-1.237230777740479,48.0,2.0,35277.0,5.5,426010157.0
-1.088148236274719,8.58946704864502,0.453752726316452,35.0,3.0,35278.0,8.67,426010159.0
-0.676563560962677,5.340559005737305,-1.046396493911743,44.0,4.0,35278.0,5.484,426010161.0
-1.098753094673157,8.685335159301758,0.7659246921539307,20.0,5.0,35279.0,8.788,426010163.0
-0.6835693120956421,5.411008358001709,-0.863831102848053,49.0,6.0,35280.0,5.522,426010166.0
-1.167486786842346,9.254598617553711,1.145328044891357,15.0,7.0,35281.0,9.398,426010168.0
-0.6865218877792358,5.449678421020508,-0.674424946308136,30.0,8.0,35282.0,5.534,426010170.0
-1.126505970954895,8.95491886138916,1.429498195648193,17.0,9.0,35283.0,9.138,426010173.0
-0.6925670504570007,5.505414009094238,-0.4854574799537659,24.0,10.0,35283.0,5.57,426010175.0
-0.98761385679245,7.861905097961426,1.540210247039795,16.0,11.0,35284.0,8.072000000000001,426010177.0
-1.088591575622559,8.677986145019531,-0.4583583176136017,8.0,12.0,35285.0,8.758000000000001,426010180.0
-0.9773461818695068,7.802190780639648,1.815355062484741,19.0,13.0,35286.0,8.07,426010182.0
-1.378774762153625,11.0224084854126,-0.1938962340354919,20.0,14.0,35287.0,11.11,426010184.0
-0.991744339466095,7.928351402282715,2.140951156616211,3.0,15.0,35287.0,8.272,426010186.0
-0.7490200400352478,6.056579113006592,-1.635218739509583,17.0,0.0,35295.0,6.318000000000001,426010207.0
-1.327146887779236,10.74671363830566,0.1890095621347427,14.0,1.0,35296.0,10.83,426010210.0
-0.6577951312065125,5.334219932556152,-1.240830063819885,57.0,2.0,35297.0,5.516,426010212.0
-1.300546765327454,10.56162357330322,0.5576919317245483,17.0,3.0,35298.0,10.656,426010214.0
-0.6600768566131592,5.360424995422363,-1.04983115196228,46.0,4.0,35298.0,5.502,426010216.0
-1.065510988235474,8.665387153625488,0.7638329267501831,18.0,5.0,35299.0,8.764,426010219.0
-0.6646772027015686,5.413361549377441,-0.863831102848053,48.0,6.0,35300.0,5.522,426010221.0
-1.1400066614151,9.29802417755127,1.150202870368958,14.0,7.0,35301.0,9.438,426010223.0
-0.6703895926475525,5.475686073303223,-0.6773498058319092,35.0,8.0,35302.0,5.558,426010226.0
-1.092124342918396,8.933305740356445,1.42543089389801,16.0,9.0,35303.0,9.112,426010228.0
-0.6752795577049255,5.523619174957275,-0.4868519902229309,24.0,10.0,35303.0,5.586,426010230.0
-0.9623057842254639,7.882843971252441,1.543644785881042,16.0,11.0,35304.0,8.09,426010233.0
-1.041375875473022,8.542952537536621,-0.4510312676429749,2.0,12.0,35305.0,8.618,426010235.0
-0.9566985368728638,7.859719753265381,1.827952265739441,15.0,13.0,35306.0,8.126,426010237.0
-0.9650063514709473,7.95111083984375,2.146127462387085,2.0,15.0,35308.0,8.292,426010242.0
-0.7274132370948792,6.055320739746094,-1.634183406829834,21.0,0.0,35315.0,6.314,426010263.0
-1.290340304374695,10.75723743438721,0.1891142725944519,4.0,1.0,35316.0,10.836,426010265.0
-0.6405617594718933,5.348093032836914,-1.243529438972473,55.0,2.0,35317.0,5.528,426010267.0
-1.266280770301819,10.58791351318359,0.5588433146476746,39.0,3.0,35318.0,10.678,426010269.0
-0.6436928510665894,5.382190227508545,-1.05364727973938,48.0,4.0,35318.0,5.522,426010272.0
-1.251191139221191,10.47725009918213,0.9231536388397217,35.0,5.0,35319.0,10.592,426010274.0
-0.6471803784370422,5.427417755126953,-0.8657083511352539,48.0,6.0,35320.0,5.534,426010276.0
-1.108951687812805,9.313774108886719,1.151665329933167,15.0,7.0,35321.0,9.450000000000001,426010279.0
-0.6545527577400208,5.505589962005615,-0.6807621717453003,34.0,8.0,35322.0,5.586,426010281.0
-1.055578708648682,8.891946792602539,1.418234825134277,13.0,9.0,35323.0,9.066,426010283.0
-0.6574036478996277,5.537813663482666,-0.4878978431224823,24.0,10.0,35323.0,5.598,426010286.0
-0.9364013075828552,7.899802207946777,1.546316146850586,16.0,11.0,35324.0,8.104000000000001,426010288.0
-1.003332734107971,8.477115631103516,-0.4473677575588226,2.0,12.0,35325.0,8.548,426010290.0
-0.9324591159820557,7.890105247497559,1.834250926971436,12.0,13.0,35326.0,8.154,426010292.0
-1.01096773147583,8.567242622375488,-0.1505793631076813,8.0,14.0,35327.0,8.628,426010295.0
-0.9411245584487915,7.975371360778809,2.151821613311768,3.0,15.0,35327.0,8.314,426010297.0
-0.705376923084259,6.050147533416748,-1.632112860679626,21.0,0.0,35335.0,6.306,426010318.0
-1.008145451545715,8.660189628601074,0.1521849781274796,2.0,1.0,35336.0,8.72,426010320.0
-0.6227895021438599,5.358039379119873,-1.245329022407532,55.0,2.0,35337.0,5.536,426010322.0
-0.6276175379753113,5.407806396484375,-1.058226704597473,46.0,4.0,35338.0,5.546,426010327.0
-1.21392297744751,10.47561645507812,0.9226306676864624,16.0,5.0,35339.0,10.586,426010329.0
-0.6305016279220581,5.44926643371582,-0.8688369989395142,49.0,6.0,35340.0,5.554,426010332.0
-1.075294733047485,9.30772876739502,1.150446653366089,15.0,7.0,35341.0,9.44,426010334.0
-0.6353306770324707,5.507841110229492,-0.6807621717453003,37.0,8.0,35342.0,5.586,426010336.0
-1.02182137966156,8.872028350830078,1.414480447769165,9.0,9.0,35343.0,9.042,426010339.0
-0.640804648399353,5.563826560974121,-0.4899895787239075,20.0,10.0,35343.0,5.622,426010341.0
-0.9130816459655762,7.940080165863037,1.553566813468933,17.0,11.0,35344.0,8.142,426010343.0
-0.9687237739562988,8.43691349029541,-0.4450649619102478,2.0,12.0,35345.0,8.504,426010345.0
-0.9071314334869385,7.912672519683838,1.838749885559082,12.0,13.0,35346.0,8.174,426010348.0
-0.9769629240036011,8.534958839416504,-0.1499510705471039,4.0,14.0,35347.0,8.592,426010350.0
-0.9163553714752197,8.005477905273438,2.159068584442139,1.0,15.0,35347.0,8.342,426010352.0
-0.6805283427238464,6.010222434997559,-1.62072491645813,26.0,0.0,35354.0,6.262,426010374.0
-0.9740304350852966,8.615796089172363,0.1513472646474838,2.0,1.0,35355.0,8.672,426010376.0
-0.6076411008834839,5.383312225341797,-1.250727891921997,52.0,2.0,35356.0,5.56,426010379.0
-0.9843348264694214,8.720579147338867,0.4599283933639526,3.0,3.0,35356.0,8.788,426010381.0
-0.6114400625228882,5.425465106964111,-1.061279654502869,44.0,4.0,35357.0,5.562,426010383.0
-0.6144126057624817,5.468994617462158,-0.8716528415679932,47.0,6.0,35359.0,5.572,426010388.0
-1.005699992179871,8.96601676940918,1.107792377471924,4.0,7.0,35360.0,9.09,426010390.0
-0.6183881163597107,5.521754264831543,-0.6822245717048645,35.0,8.0,35361.0,5.598,426010392.0
-1.002958059310913,8.955681800842285,1.427308082580566,20.0,9.0,35361.0,9.124,426010395.0
-0.6250075697898865,5.589681148529053,-0.4920813143253326,16.0,10.0,35362.0,5.646,426010397.0
-0.8891423940658569,7.964527130126953,1.557764649391174,17.0,11.0,35363.0,8.164,426010399.0
-0.9376431703567505,8.4122896194458,-0.4435995519161224,5.0,12.0,35364.0,8.476,426010402.0
-1.226603388786316,11.02223873138428,2.5603928565979,10.0,13.0,35365.0,11.382,426010404.0
-0.9431340098381042,8.488465309143066,-0.1490784585475922,6.0,14.0,35366.0,8.542,426010406.0
-0.8940697908401489,8.046874046325684,2.169421195983887,3.0,15.0,35366.0,8.382,426010409.0
-0.6542783379554749,5.964553356170654,-1.607783913612366,24.0,0.0,35374.0,6.212,426010429.0
-0.9402488470077515,8.58535099029541,0.1507538855075836,5.0,1.0,35375.0,8.638,426010432.0
-0.5905406475067139,5.400897979736328,-1.254327058792114,52.0,2.0,35376.0,5.576000000000001,426010434.0
-0.9491145610809326,8.69434642791748,0.4583583176136017,3.0,3.0,35377.0,8.758000000000001,426010436.0
-0.5931370854377747,5.43342113494873,-1.062424540519714,41.0,4.0,35377.0,5.568000000000001,426010439.0
-0.9610450863838196,8.817900657653809,0.7760347127914429,2.0,5.0,35378.0,8.904,426010441.0
-0.5983100533485413,5.498599052429199,-0.8760330080986023,46.0,6.0,35379.0,5.600000000000001,426010443.0
-0.9694656729698181,8.92408275604248,1.102186322212219,4.0,7.0,35380.0,9.044,426010445.0
-0.6012502908706665,5.543614387512207,-0.6846619844436646,34.0,8.0,35381.0,5.618,426010448.0
-0.9765066504478455,9.01821517944336,1.436694145202637,60.0,9.0,35382.0,9.184000000000001,426010450.0
-0.6065645813941956,5.601733207702637,-0.4929528832435608,5.0,10.0,35382.0,5.656,426010452.0
-0.8655557632446289,8.006619453430176,1.565397024154663,16.0,11.0,35383.0,8.204,426010455.0
-0.9112735390663147,8.44331169128418,-0.4450649619102478,3.0,12.0,35384.0,8.504,426010457.0
-1.194175601005554,11.0826416015625,2.573440074920654,7.0,13.0,35385.0,11.44,426010459.0
-0.9130702614784241,8.4877290725708,-0.149008646607399,6.0,14.0,35386.0,8.538,426010462.0
-0.8668397665023804,8.0712251663208,2.175115346908569,3.0,15.0,35387.0,8.404,426010464.0
-0.6308028697967529,5.941826820373535,-1.601054668426514,22.0,0.0,35394.0,6.186,426010485.0
-0.9123822450637817,8.608466148376465,0.1511029303073883,5.0,1.0,35395.0,8.658,426010487.0
-0.5741450190544128,5.426181793212891,-1.25972592830658,48.0,2.0,35396.0,5.600000000000001,426010489.0
-0.9175457954406738,8.671625137329102,0.4569975733757019,3.0,3.0,35396.0,8.732,426010492.0
-0.5762296915054321,5.454982280731201,-1.066240668296814,44.0,4.0,35397.0,5.588,426010494.0
-0.925870954990387,8.779592514038086,0.7723742127418518,4.0,5.0,35398.0,8.862,426010496.0
-0.580146849155426,5.510476589202881,-0.8775973320007324,45.0,6.0,35399.0,5.61,426010498.0
-0.9347814321517944,8.893851280212402,1.098042726516724,4.0,7.0,35400.0,9.01,426010501.0
-0.584381639957428,5.569370269775391,-0.6875868439674377,34.0,8.0,35401.0,5.642,426010503.0
-0.942345917224884,8.996028900146484,1.432626843452454,38.0,9.0,35402.0,9.158,426010505.0
-0.8794729113578796,8.395816802978516,-0.738557755947113,4.0,10.0,35402.0,8.474,426010508.0
-0.8606760501861572,8.230237007141113,1.608519792556763,57.0,11.0,35403.0,8.43,426010510.0
-0.8838691711425781,8.46630573272705,-0.4461116790771484,3.0,12.0,35404.0,8.524000000000001,426010512.0
-1.161340832710266,11.14295196533203,2.586487293243408,7.0,13.0,35405.0,11.498,426010515.0
-0.8879896998405457,8.534621238708496,-0.1497765481472015,6.0,14.0,35406.0,8.582,426010517.0
-0.8420690298080444,8.093270301818848,2.180291652679443,1.0,15.0,35406.0,8.424,426010519.0
-0.6094664931297302,5.938227653503418,-1.599501729011536,17.0,0.0,35414.0,6.18,426010540.0
-0.8825313448905945,8.613588333129883,0.1511378437280655,2.0,1.0,35415.0,8.66,426010542.0
-0.5559937357902527,5.435907363891602,-1.261525511741638,52.0,2.0,35416.0,5.608000000000001,426010544.0
-0.8905221819877625,8.706565856933594,0.4586723148822784,3.0,3.0,35416.0,8.764,426010547.0
-0.5589795708656311,5.474538803100586,-1.069675207138062,45.0,4.0,35417.0,5.606,426010549.0
-0.894612729549408,8.776824951171875,0.7718512415885925,5.0,5.0,35418.0,8.856,426010551.0
-0.5625078678131104,5.528190135955811,-0.8801003098487854,43.0,6.0,35419.0,5.626,426010554.0
-0.9007213115692139,8.867435455322266,1.094386696815491,6.0,7.0,35420.0,8.98,426010556.0
-0.5667397379875183,5.589150905609131,-0.6897804737091064,30.0,8.0,35421.0,5.66,426010558.0
-0.9099434614181519,8.989436149597168,1.431062459945679,41.0,9.0,35422.0,9.148,426010561.0
-0.852568507194519,8.422622680664062,-0.7406495213508606,4.0,10.0,35422.0,8.498,426010563.0
-0.8400343656539917,8.313276290893555,1.624166131019592,59.0,11.0,35423.0,8.512,426010565.0
-0.8583198189735413,8.509082794189453,-0.4482051432132721,3.0,12.0,35424.0,8.564,426010568.0
-1.129271030426025,11.21480083465576,2.60223388671875,6.0,13.0,35425.0,11.568,426010570.0
-0.8597928881645203,8.553586959838867,-0.1500557959079742,8.0,14.0,35426.0,8.598,426010572.0
-0.8180637955665588,8.138447761535645,2.191679716110229,3.0,15.0,35426.0,8.468,426010574.0
-0.5877818465232849,5.93070650100708,-1.596913456916809,17.0,0.0,35434.0,6.17,426010595.0
-0.8554120063781738,8.646465301513672,0.1516614109277725,2.0,1.0,35435.0,8.69,426010597.0
-0.5377815365791321,5.445572376251221,-1.263325095176697,50.0,2.0,35436.0,5.616000000000001,426010600.0
-0.8591928482055664,8.715733528137207,0.4589863419532776,3.0,3.0,35437.0,8.77,426010602.0
-0.5417924523353577,5.495994091033936,-1.073491454124451,45.0,4.0,35437.0,5.626,426010604.0
-0.8682630062103271,8.823515892028809,0.7756860852241516,2.0,5.0,35438.0,8.9,426010607.0
-0.5455247163772583,5.5537109375,-0.8838547468185425,45.0,6.0,35439.0,5.65,426010609.0
-0.8707312345504761,8.880404472351074,1.095605373382568,4.0,7.0,35440.0,8.99,426010611.0
-0.5481933355331421,5.600973606109619,-0.6909991502761841,32.0,8.0,35441.0,5.67,426010614.0
-0.8805132508277893,8.996335983276367,1.431688189506531,41.0,9.0,35441.0,9.152000000000001,426010616.0
-0.8355616331100464,8.55245590209961,-0.7518054246902466,6.0,10.0,35442.0,8.626,426010618.0
-0.8096765875816345,8.302480697631836,1.621494889259338,52.0,11.0,35443.0,8.498,426010621.0
-0.8324825763702393,8.55178451538086,-0.4502985775470734,3.0,12.0,35444.0,8.604000000000001,426010623.0
-1.09822142124176,11.302077293396,2.621579647064209,6.0,13.0,35445.0,11.654,426010625.0
-0.8316675424575806,8.574448585510254,-0.1503699272871017,11.0,14.0,35446.0,8.616,426010627.0
-0.789718747138977,8.156774520874023,2.195820808410645,2.0,15.0,35447.0,8.484,426010630.0
-0.5656057000160217,5.917337417602539,-1.592772364616394,17.0,0.0,35454.0,6.154,426010650.0
-0.8288335800170898,8.68722152709961,0.1523246020078659,2.0,1.0,35455.0,8.728,426010653.0
-0.5206171870231628,5.466815948486328,-1.267824172973633,50.0,2.0,35456.0,5.636,426010655.0
-0.8329365849494934,8.746371269226074,0.460451751947403,3.0,3.0,35456.0,8.798,426010657.0
-0.5233476758003235,5.505669593811035,-1.075017929077148,45.0,4.0,35457.0,5.634,426010660.0
-0.8397161960601807,8.85029411315918,0.7777778506278992,2.0,5.0,35458.0,8.924,426010662.0
-0.5268803238868713,5.56344747543335,-0.8851062059402466,45.0,6.0,35459.0,5.658,426010664.0
-0.8432769775390625,8.920938491821289,1.100236415863037,4.0,7.0,35460.0,9.028,426010667.0
-0.5290118455886841,5.606805801391602,-0.691486656665802,35.0,8.0,35461.0,5.674,426010669.0
-0.8467932939529419,8.991636276245117,1.430436730384827,42.0,9.0,35462.0,9.144,426010671.0
-0.7920659184455872,8.410516738891602,-0.7390807271003723,6.0,10.0,35462.0,8.48,426010674.0
-0.7801393866539001,8.299392700195312,1.620350003242493,43.0,11.0,35463.0,8.492,426010676.0
-0.8391939997673035,8.944389343261719,-0.4708142578601837,1.0,12.0,35464.0,8.996,426010678.0
-1.06348729133606,11.35628795623779,2.63327693939209,4.0,13.0,35465.0,11.706,426010680.0
-0.8318807482719421,8.8998441696167,-0.1560245156288147,3.0,14.0,35466.0,8.94,426010683.0
-0.7641127109527588,8.19025707244873,2.204102993011475,4.0,15.0,35467.0,8.516,426010685.0
-0.5408735275268555,5.875030040740967,-1.580866694450378,19.0,0.0,35474.0,6.108000000000001,426010706.0
-0.8316230177879333,9.050488471984863,0.1586423814296722,7.0,1.0,35475.0,9.09,426010708.0
-0.5033109784126282,5.488005638122559,-1.272323131561279,50.0,2.0,35476.0,5.656,426010710.0
-0.7956519722938538,8.67563533782959,0.4565788805484772,7.0,3.0,35476.0,8.724,426010713.0
-0.5051998496055603,5.519193649291992,-1.07730758190155,45.0,4.0,35477.0,5.646,426010715.0
-0.8095428347587585,8.861108779907227,0.7784751057624817,4.0,5.0,35478.0,8.932,426010717.0
-0.5097889304161072,5.590826511383057,-0.8891735076904297,42.0,6.0,35479.0,5.684,426010720.0
-0.8146507740020752,8.951504707336426,1.103648781776428,4.0,7.0,35480.0,9.056000000000001,426010722.0
-0.5115920901298523,5.632341384887695,-0.6944115161895752,35.0,8.0,35481.0,5.698,426010724.0
-0.8164352178573608,8.988492965698242,1.429498195648193,44.0,9.0,35481.0,9.138,426010727.0
-0.7619833946228027,8.405293464660645,-0.7383834719657898,6.0,10.0,35482.0,8.472,426010729.0
-0.7386036515235901,8.163241386413574,1.593255162239075,15.0,11.0,35483.0,8.35,426010731.0
-1.063757538795471,11.77983570098877,-0.6198670864105225,3.0,12.0,35484.0,11.844,426010733.0
-1.030662059783936,11.43562507629395,2.65082311630249,4.0,13.0,35485.0,11.784,426010736.0
-0.8128126263618469,9.036134719848633,-0.1583631336688995,6.0,14.0,35486.0,9.074,426010738.0
-0.7374188899993896,8.21403980255127,2.209796905517578,2.0,15.0,35487.0,8.538,426010740.0
-0.5154212713241577,5.8210768699646,-1.565855264663696,17.0,0.0,35494.0,6.05,426010761.0
-0.8072428107261658,9.135004997253418,0.1600734740495682,10.0,1.0,35495.0,9.172,426010763.0
-0.4858631789684296,5.509141445159912,-1.276822209358215,50.0,2.0,35496.0,5.676,426010766.0
-0.7599241733551025,8.616683959960938,0.4533340632915497,15.0,3.0,35496.0,8.662,426010768.0
-0.4881689548492432,5.546347618103027,-1.082268595695496,48.0,4.0,35497.0,5.672,426010770.0
-0.7796529531478882,8.875788688659668,0.7795209884643555,2.0,5.0,35498.0,8.944,426010773.0
-0.4913052916526794,5.604379177093506,-0.8910506963729858,42.0,6.0,35499.0,5.696,426010775.0
-0.7889356017112732,9.01757526397705,1.111448407173157,4.0,7.0,35500.0,9.120000000000001,426010777.0
-0.4933097362518311,5.649913311004639,-0.6963614225387573,40.0,8.0,35501.0,5.714,426010780.0
-0.7850545644760132,8.991288185119629,1.429498195648193,44.0,9.0,35501.0,9.138,426010782.0
-0.7343683838844299,8.427750587463379,-0.7401265501976013,6.0,10.0,35502.0,8.492,426010784.0
-0.7048314809799194,8.105137825012207,1.581424951553345,16.0,11.0,35503.0,8.288,426010786.0
-0.7832924127578735,9.025641441345215,-0.4747917950153351,6.0,12.0,35504.0,9.072000000000001,426010789.0
-0.7037065029144287,8.12506103515625,1.882840275764465,18.0,13.0,35505.0,8.370000000000001,426010791.0
-0.9753336310386658,11.28420257568359,-0.1977008581161499,7.0,14.0,35506.0,11.328,426010793.0
-0.7112323641777039,8.245434761047363,2.217561483383179,8.0,15.0,35507.0,8.568,426010796.0
-0.4933269917964935,5.790031433105469,-1.557055354118347,19.0,0.0,35513.0,6.016,426010816.0
-0.7788091897964478,9.159549713134766,0.1604574173688889,5.0,1.0,35514.0,9.194,426010819.0
-0.4685801267623901,5.522372722625732,-1.279521584510803,48.0,2.0,35515.0,5.688,426010821.0
-0.7326969504356384,8.635077476501465,0.4541714191436768,15.0,3.0,35515.0,8.678,426010823.0
-0.4712647199630737,5.565542221069336,-1.085703134536743,48.0,4.0,35516.0,5.69,426010826.0
-0.4728837609291077,5.607945919036865,-0.8913635611534119,41.0,6.0,35518.0,5.698,426010830.0
-0.7768384218215942,9.231799125671387,1.137528419494629,12.0,7.0,35519.0,9.334,426010832.0
-0.4765645563602448,5.67525577545166,-0.6992862820625305,42.0,8.0,35520.0,5.738,426010835.0
-0.7549034357070923,8.98990535736084,1.428872346878052,44.0,9.0,35520.0,9.134,426010837.0
-0.7139036655426025,8.51948356628418,-0.7479705810546875,4.0,10.0,35521.0,8.582,426010839.0
-0.6761504411697388,8.085909843444824,1.577227115631104,18.0,11.0,35522.0,8.266,426010842.0
-0.7561814188957214,9.06202507019043,-0.4765712320804596,6.0,12.0,35523.0,9.106,426010844.0
-0.6783760786056519,8.146769523620605,1.887339353561401,15.0,13.0,35524.0,8.39,426010846.0
-0.7565861344337463,9.105228424072266,-0.159480094909668,9.0,14.0,35525.0,9.138,426010849.0
-0.6848451495170593,8.241852760314941,2.21600866317749,14.0,15.0,35525.0,8.562,426010851.0
-0.4724838733673096,5.784016132354736,-1.55498480796814,19.0,0.0,35533.0,6.008,426010872.0
-0.4504064619541168,5.537570953369141,-1.282670855522156,56.0,2.0,35535.0,5.702,426010876.0
-0.888914942741394,10.92886161804199,0.5746487975120544,59.0,3.0,35535.0,10.98,426010879.0
-0.4532638490200043,5.58476448059082,-1.08913779258728,48.0,4.0,35536.0,5.708,426010881.0
-0.876348078250885,10.82110214233398,0.949823260307312,34.0,5.0,35537.0,10.898,426010883.0
-0.4553739428520203,5.635158538818359,-0.895430862903595,42.0,6.0,35538.0,5.724,426010885.0
-0.7390245199203491,9.165200233459473,1.128997564315796,7.0,7.0,35539.0,9.264,426010888.0
-0.4586617350578308,5.700629234313965,-0.7022111415863037,36.0,8.0,35540.0,5.762,426010890.0
-0.7236766815185547,8.994454383850098,1.429185271263123,42.0,9.0,35540.0,9.136000000000001,426010892.0
-0.7154111862182617,8.911179542541504,-0.7821356058120728,3.0,10.0,35541.0,8.974,426010895.0
-0.6498024463653564,8.111703872680664,1.581806540489197,24.0,11.0,35542.0,8.290000000000001,426010897.0
-0.7352065443992615,9.19800090789795,-0.4835842251777649,5.0,12.0,35543.0,9.24,426010899.0
-0.6514837145805359,8.168513298034668,1.891838312149048,18.0,13.0,35544.0,8.41,426010902.0
-0.7287642359733582,9.157649040222168,-0.1603527069091797,4.0,14.0,35545.0,9.188,426010904.0
-0.660290539264679,8.315561294555664,2.235161304473877,19.0,15.0,35546.0,8.636000000000001,426010906.0
-0.4488280415534973,5.7413330078125,-1.543079137802124,21.0,0.0,35553.0,5.962,426010927.0
-0.8649049401283264,11.08862590789795,0.1941405683755875,51.0,1.0,35554.0,11.124,426010929.0
-0.432888388633728,5.562423706054688,-1.288069725036621,56.0,2.0,35555.0,5.726,426010932.0
-0.8508627414703369,10.957932472229,0.5760095119476318,67.0,3.0,35556.0,11.006,426010934.0
-0.4349825084209442,5.601971626281738,-1.092190742492676,48.0,4.0,35556.0,5.724,426010936.0
-0.8411862254142761,10.85786437988281,0.9527865648269653,34.0,5.0,35557.0,10.932,426010938.0
-0.437375396490097,5.658378601074219,-0.898872435092926,45.0,6.0,35558.0,5.746,426010941.0
-0.707790732383728,9.177620887756348,1.130216240882874,9.0,7.0,35559.0,9.274000000000001,426010943.0
-0.4393692016601562,5.710112571716309,-0.7031860947608948,37.0,8.0,35560.0,5.77,426010945.0
-0.6910633444786072,8.981169700622559,1.426682353019714,42.0,9.0,35560.0,9.120000000000001,426010948.0
-0.6800307631492615,8.857999801635742,-0.7772549390792847,4.0,10.0,35561.0,8.918000000000001,426010950.0
-0.6232826113700867,8.137413024902344,1.58638596534729,24.0,11.0,35562.0,8.314,426010952.0
-0.9055011868476868,11.84914302825928,-0.6227979063987732,6.0,12.0,35563.0,11.9,426010955.0
-0.6245959401130676,8.19211196899414,1.896787285804749,4.0,13.0,35564.0,8.432,426010957.0
-0.6984620094299316,9.1820707321167,-0.1607366651296616,4.0,14.0,35565.0,9.21,426010959.0
-0.634030282497406,8.335041999816895,2.239820003509521,15.0,15.0,35565.0,8.654,426010962.0
-0.4244691431522369,5.685070037841797,-1.527549982070923,31.0,0.0,35573.0,5.902,426010982.0
-0.8288668990135193,11.12747287750244,0.1947688609361649,49.0,1.0,35574.0,11.16,426010985.0
-0.4141913652420044,5.573617935180664,-1.290319204330444,50.0,2.0,35575.0,5.736,426010987.0
-0.8145269155502319,10.98672866821289,0.577370285987854,67.0,3.0,35576.0,11.032,426010989.0
-0.4162962436676025,5.615202903747559,-1.094480395317078,48.0,4.0,35576.0,5.736,426010991.0
-0.6342767477035522,8.575728416442871,0.7523283958435059,5.0,5.0,35577.0,8.632,426010994.0
-0.4195109903812408,5.685481071472168,-0.9029397368431091,46.0,6.0,35578.0,5.772,426010996.0
-0.675459086894989,9.17607593536377,1.1297287940979,10.0,7.0,35579.0,9.27,426010998.0
-0.420452207326889,5.725469589233398,-0.7048922777175903,40.0,8.0,35580.0,5.784,426011001.0
-0.6383679509162903,8.713739395141602,1.383819222450256,15.0,9.0,35581.0,8.846,426011003.0
-0.6486697196960449,8.854357719421387,-0.7767319679260254,4.0,10.0,35581.0,8.912,426011005.0
-0.5977359414100647,8.17870044708252,1.594018340110779,24.0,11.0,35582.0,8.354000000000001,426011008.0
-0.8654415607452393,11.87015914916992,-0.6237398982048035,7.0,12.0,35583.0,11.918,426011010.0
-0.6006613969802856,8.258381843566895,1.911634087562561,3.0,13.0,35584.0,8.498,426011012.0
-0.6840614080429077,9.427775382995605,-0.1649950444698334,6.0,14.0,35585.0,9.454,426011015.0
-0.4017425775527954,5.646050453186035,-1.516679644584656,24.0,0.0,35593.0,5.86,426011038.0
-0.7915771007537842,11.15223979949951,0.1951528042554855,36.0,1.0,35594.0,11.182,426011040.0
-0.396797776222229,5.604187965393066,-1.297067761421204,52.0,2.0,35595.0,5.766,426011042.0
-0.778422474861145,11.02138233184814,0.5790449976921082,64.0,3.0,35596.0,11.064,426011044.0
-0.3973845541477203,5.626413822174072,-1.096388459205627,44.0,4.0,35596.0,5.746,426011047.0
-0.6020976305007935,8.546091079711914,0.7495393753051758,10.0,5.0,35597.0,8.6,426011049.0
-0.4002163410186768,5.694792747497559,-0.9041911959648132,42.0,6.0,35598.0,5.78,426011051.0
-0.6449514627456665,9.200160026550293,1.132409930229187,15.0,7.0,35599.0,9.292,426011054.0
-0.4025411307811737,5.756606101989746,-0.708548367023468,36.0,8.0,35600.0,5.814,426011056.0
-0.6028544902801514,8.621220588684082,1.368801593780518,13.0,9.0,35600.0,8.75,426011058.0
-0.6184514760971069,8.866506576538086,-0.7776035070419312,4.0,10.0,35601.0,8.922,426011061.0
-0.5708185434341431,8.204238891601562,1.598597764968872,23.0,11.0,35602.0,8.378,426011063.0
-0.6411975026130676,9.239067077636719,-0.4853636622428894,8.0,12.0,35603.0,9.274000000000001,426011065.0
-0.5745221972465515,8.299309730529785,1.920632123947144,3.0,13.0,35604.0,8.538,426011068.0
-0.790552020072937,11.44899082183838,-0.2003187239170074,5.0,14.0,35605.0,11.478,426011070.0
-0.579818069934845,8.397083282470703,2.255349159240723,3.0,15.0,35605.0,8.714,426011072.0
-0.3798151910305023,5.614651679992676,-1.507879734039307,22.0,0.0,35613.0,5.826000000000001,426011093.0
-0.3776256442070007,5.611371994018555,-1.298417448997498,50.0,2.0,35615.0,5.772,426011097.0
-0.7418185472488403,11.05193138122559,0.5805104374885559,64.0,3.0,35616.0,11.092,426011100.0
-0.3801089525222778,5.663025856018066,-1.103257656097412,44.0,4.0,35616.0,5.782,426011102.0
-0.7335607409477234,10.95752334594727,0.9608048796653748,11.0,5.0,35617.0,11.024,426011104.0
-0.3813881874084473,5.711923122406006,-0.9066941738128662,43.0,6.0,35618.0,5.796,426011107.0
-0.6140201687812805,9.220181465148926,1.1346036195755,15.0,7.0,35619.0,9.31,426011109.0
-0.3837599754333496,5.777783393859863,-0.7109857201576233,34.0,8.0,35620.0,5.834000000000001,426011111.0
-0.5702075362205505,8.607604026794434,1.366298675537109,20.0,9.0,35621.0,8.734,426011114.0
-0.5947411060333252,8.97795295715332,-0.7871906757354736,6.0,10.0,35621.0,9.032,426011116.0
-0.5437300205230713,8.229689598083496,1.603177189826965,23.0,11.0,35622.0,8.402000000000001,426011118.0
-0.6140648126602173,9.318973541259766,-0.4894458651542664,9.0,12.0,35623.0,9.352,426011120.0
-0.5468266606330872,8.320710182189941,1.92513108253479,3.0,13.0,35624.0,8.558,426011123.0
-0.6146957874298096,9.378445625305176,-0.1640526205301285,13.0,14.0,35625.0,9.4,426011125.0
-2.073286771774292,31.71706390380859,8.51669979095459,15.0,15.0,35626.0,32.906,426011127.0
-0.362174391746521,5.615817546844482,-1.507879734039307,21.0,0.0,35631.0,5.826000000000001,426011148.0
-0.6028523445129395,9.373202323913574,0.1639479100704193,12.0,1.0,35632.0,9.394,426011150.0
-0.3607436120510101,5.624198913574219,-1.301116943359375,50.0,2.0,35633.0,5.784,426011153.0
-0.7087517380714417,11.08011817932129,0.5818711519241333,61.0,3.0,35634.0,11.118,426011155.0
-0.3633187711238861,5.679866313934326,-1.106310606002808,44.0,4.0,35634.0,5.798,426011157.0
-0.7014161944389343,10.99556446075439,0.9639425277709961,11.0,5.0,35635.0,11.06,426011160.0
-0.3644450902938843,5.728864192962646,-0.9091970920562744,41.0,6.0,35636.0,5.812,426011162.0
-0.5870620012283325,9.253763198852539,1.138503432273865,14.0,7.0,35637.0,9.342,426011164.0
-0.3666093647480011,5.794809818267822,-0.7129356861114502,31.0,8.0,35638.0,5.850000000000001,426011167.0
-0.538554310798645,8.51265811920166,1.35096800327301,15.0,9.0,35638.0,8.636000000000001,426011169.0
-0.571927547454834,9.065279960632324,-0.7946860790252686,20.0,10.0,35639.0,9.118,426011171.0
-0.5203385353088379,8.270544052124023,1.610809564590454,23.0,11.0,35640.0,8.442,426011173.0
-0.5857858657836914,9.336803436279297,-0.4902832508087158,6.0,12.0,35641.0,9.368,426011176.0
-0.522265613079071,8.347670555114746,1.93097984790802,3.0,13.0,35642.0,8.584,426011178.0
-0.5898366570472717,9.454174995422363,-0.1653441041707993,11.0,14.0,35643.0,9.474,426011180.0
-0.5276026129722595,8.456659317016602,2.270360708236694,2.0,15.0,35643.0,8.772,426011183.0
-0.3424517214298248,5.615118980407715,-1.507362127304077,24.0,0.0,35651.0,5.824,426011203.0
-0.5719507932662964,9.405189514160156,0.1644714772701263,15.0,1.0,35652.0,9.424,426011206.0
-0.3425246775150299,5.648766040802002,-1.306515693664551,49.0,2.0,35653.0,5.808,426011208.0
-0.6712759733200073,11.10246086120605,0.5829178690910339,56.0,3.0,35654.0,11.138,426011210.0
-0.3443195223808289,5.694817543029785,-1.108981847763062,44.0,4.0,35654.0,5.812,426011213.0
-0.5594392418861389,9.279641151428223,0.8133373856544495,2.0,5.0,35655.0,9.332,426011215.0
-0.3461048007011414,5.757706642150879,-0.9135772585868835,41.0,6.0,35656.0,5.84,426011217.0
-0.5112883448600769,8.530513763427734,1.04929506778717,4.0,7.0,35657.0,8.61,426011220.0
-0.3468531370162964,5.803980350494385,-0.7139106392860413,34.0,8.0,35658.0,5.858000000000001,426011222.0
-0.5034728646278381,8.449501991271973,1.340643405914307,9.0,9.0,35659.0,8.57,426011224.0
-0.5510646104812622,9.248207092285156,-0.8105484247207642,15.0,10.0,35659.0,9.3,426011226.0
-0.493328720331192,8.303667068481445,1.616915464401245,17.0,11.0,35660.0,8.474,426011229.0
-0.558387279510498,9.426517486572266,-0.4948888123035431,6.0,12.0,35661.0,9.456,426011231.0
-0.4936980605125427,8.359169960021973,1.933229327201843,3.0,13.0,35662.0,8.594,426011233.0
-0.5562440752983093,9.446195602416992,-0.1651695817708969,11.0,14.0,35663.0,9.464,426011236.0
-0.498415470123291,8.489392280578613,2.278642892837524,2.0,15.0,35664.0,8.804,426011238.0
-0.3230709433555603,5.620137691497803,-1.508397340774536,26.0,0.0,35671.0,5.828,426011259.0
-0.5420918464660645,9.459035873413086,0.1653790026903152,10.0,1.0,35672.0,9.476,426011261.0
-0.3239162862300873,5.66938304901123,-1.311014771461487,43.0,2.0,35673.0,5.828,426011263.0
-0.6345614790916443,11.14062881469727,0.584801971912384,56.0,3.0,35674.0,11.174,426011266.0
-0.3247737288475037,5.701865196228027,-1.110126733779907,45.0,4.0,35674.0,5.818000000000001,426011268.0
-0.5245589017868042,9.237774848937988,0.8095025420188904,2.0,5.0,35675.0,9.288,426011270.0
-0.3273442983627319,5.782546520233154,-0.9173316955566406,42.0,6.0,35676.0,5.864,426011273.0
-0.32770636677742,5.824975490570068,-0.7163479924201965,36.0,8.0,35678.0,5.878,426011277.0
-0.4744519293308258,8.433375358581543,1.337827563285828,9.0,9.0,35678.0,8.552,426011279.0
-0.5194483399391174,9.26201057434082,-0.8115942478179932,11.0,10.0,35679.0,9.312,426011282.0
-0.4660939872264862,8.336701393127441,1.623021364212036,19.0,11.0,35680.0,8.506,426011284.0
-0.5292580127716064,9.496210098266602,-0.4984476566314697,12.0,12.0,35681.0,9.524000000000001,426011286.0
-0.4671105742454529,8.407540321350098,1.944027066230774,3.0,13.0,35682.0,8.642,426011289.0
-0.5271376371383667,9.517961502075195,-0.1663912385702133,13.0,14.0,35683.0,9.534,426011291.0
-0.4712223410606384,8.5083589553833,2.283301591873169,3.0,15.0,35683.0,8.822000000000001,426011293.0
-0.3040758371353149,5.632805347442627,-1.511503219604492,26.0,0.0,35691.0,5.84,426011314.0
-0.5102522373199463,9.48283576965332,0.1657629609107971,2.0,1.0,35692.0,9.498,426011316.0
-0.3053768873214722,5.693830490112305,-1.316413521766663,47.0,2.0,35693.0,5.852,426011319.0
-0.5979084968566895,11.18465900421143,0.5870000720024109,58.0,3.0,35694.0,11.216,426011321.0
-0.3063357770442963,5.730410099029541,-1.115469336509705,45.0,4.0,35694.0,5.846,426011323.0
-0.4896595776081085,9.189810752868652,0.805144727230072,2.0,5.0,35695.0,9.238,426011326.0
-0.3079955279827118,5.799434661865234,-0.9198346734046936,41.0,6.0,35696.0,5.88,426011328.0
-0.4506728649139404,8.514052391052246,1.046857714653015,13.0,7.0,35697.0,8.59,426011330.0
-0.3086264133453369,5.849871635437012,-0.7192728519439697,39.0,8.0,35698.0,5.902,426011332.0
-0.444783627986908,8.45872974395752,1.34158194065094,12.0,9.0,35699.0,8.576,426011335.0
-0.4680737555027008,8.901652336120605,-0.779869556427002,7.0,10.0,35699.0,8.948,426011337.0
-0.4381208717823029,8.359844207763672,1.627219080924988,16.0,11.0,35700.0,8.528,426011339.0
-0.4577684700489044,8.764009475708008,-0.4599283933639526,2.0,12.0,35701.0,8.788,426011342.0
-0.4396848082542419,8.44609546661377,1.952575206756592,3.0,13.0,35702.0,8.68,426011344.0
-0.4944286048412323,9.529728889465332,-0.1665657609701157,19.0,14.0,35703.0,9.544,426011346.0
-0.4410320520401001,8.529321670532227,2.288477897644043,1.0,15.0,35704.0,8.842,426011349.0
-0.2842050492763519,5.649317264556885,-1.515644311904907,26.0,0.0,35712.0,5.856,426011369.0
-0.5673068761825562,11.31606292724609,0.1977706700563431,18.0,1.0,35713.0,11.332,426011372.0
-0.2851865291595459,5.708535671234131,-1.319562911987305,52.0,2.0,35714.0,5.866000000000001,426011374.0
-0.5584995746612549,11.2186918258667,0.5886748433113098,53.0,3.0,35715.0,11.248,426011376.0
-0.2863068580627441,5.751102924346924,-1.119285583496094,46.0,4.0,35715.0,5.866000000000001,426011379.0
-0.4543944895267487,9.159704208374023,0.8023557662963867,4.0,5.0,35716.0,9.206,426011381.0
-0.2874201834201813,5.814335346221924,-0.9220247268676758,40.0,6.0,35717.0,5.894,426011383.0
-0.2884486317634583,5.876739025115967,-0.7224414944648743,43.0,8.0,35719.0,5.928,426011388.0
-0.4143828451633453,8.442473411560059,1.338766098022461,16.0,9.0,35719.0,8.558,426011390.0
-0.4557859301567078,9.319220542907715,-0.8163006901741028,15.0,10.0,35720.0,9.366,426011392.0
-0.4091021120548248,8.394729614257812,1.633706569671631,26.0,11.0,35721.0,8.562,426011395.0
-0.4241906404495239,8.73570442199707,-0.4583583176136017,3.0,12.0,35722.0,8.758000000000001,426011397.0
-1.681989669799805,34.76383209228516,8.03525161743164,6.0,13.0,35723.0,35.72,426011399.0
-0.4260843694210052,8.838387489318848,-0.1544537991285324,4.0,14.0,35724.0,8.85,426011402.0
-0.4132099747657776,8.571331024169922,2.2993483543396,2.0,15.0,35724.0,8.884,426011404.0
-0.265748143196106,5.677291393280029,-1.522891283035278,31.0,0.0,35732.0,5.884,426011425.0
-0.2659818232059479,5.725069522857666,-1.323162078857422,48.0,2.0,35734.0,5.882000000000001,426011429.0
-0.267137736082077,5.771678924560547,-1.123101711273193,46.0,4.0,35735.0,5.886,426011434.0
-0.420674741268158,9.123419761657715,0.7990438342094421,4.0,5.0,35736.0,9.168000000000001,426011436.0
-0.2678477466106415,5.831089496612549,-0.9245277047157288,40.0,6.0,35737.0,5.91,426011438.0
-0.4230388700962067,9.244826316833496,1.136309742927551,10.0,7.0,35738.0,9.324,426011441.0
-0.2684755921363831,5.889607906341553,-0.7239038944244385,43.0,8.0,35739.0,5.94,426011443.0
-0.3851804733276367,8.449788093566895,1.339704751968384,17.0,9.0,35739.0,8.564,426011445.0
-0.4239760339260101,9.336677551269531,-0.8176952004432678,13.0,10.0,35740.0,9.382,426011448.0
-0.3814821541309357,8.433369636535645,1.640957355499268,27.0,11.0,35741.0,8.6,426011450.0
-0.392346203327179,8.70720386505127,-0.4567882120609283,10.0,12.0,35742.0,8.728,426011452.0
-1.559669852256775,34.74807739257812,8.030303001403809,36.0,13.0,35743.0,35.698,426011455.0
-0.3928184509277344,8.785882949829102,-0.1535113602876663,6.0,14.0,35744.0,8.796,426011457.0
-0.3846685290336609,8.603599548339844,2.30763053894043,3.0,15.0,35744.0,8.916,426011459.0
-0.2475915402173996,5.693581581115723,-1.527032375335693,31.0,0.0,35751.0,5.9,426011480.0
-0.3843579292297363,8.874327659606934,0.1550471782684326,5.0,1.0,35752.0,8.884,426011482.0
-0.247835174202919,5.745389461517334,-1.327661156654358,53.0,2.0,35753.0,5.902,426011485.0
-0.385767787694931,8.97938346862793,0.4710236191749573,3.0,3.0,35754.0,9.0,426011487.0
-0.2489236146211624,5.794108867645264,-1.127299547195435,48.0,4.0,35754.0,5.908,426011489.0
-0.3886295258998871,9.082962989807129,0.7953833341598511,2.0,5.0,35755.0,9.126,426011491.0
-0.249518871307373,5.855628967285156,-0.9282821416854858,40.0,6.0,35756.0,5.934,426011494.0
-0.3906121253967285,9.20452880859375,1.131191253662109,16.0,7.0,35757.0,9.282,426011496.0
-0.2494463920593262,5.902366161346436,-0.7253663539886475,43.0,8.0,35758.0,5.952,426011498.0
-0.3566796183586121,8.474764823913574,1.343459129333496,17.0,9.0,35759.0,8.588000000000001,426011501.0
-0.5410515069961548,12.85546970367432,-1.125703573226929,7.0,10.0,35759.0,12.916,426011503.0
-0.3549116253852844,8.467934608459473,1.647444844245911,15.0,11.0,35760.0,8.634,426011505.0
-0.3623038828372955,8.680519104003906,-0.4553228318691254,5.0,12.0,35761.0,8.700000000000001,426011508.0
-0.3533999919891357,8.5028076171875,1.964722514152527,3.0,13.0,35762.0,8.734,426011510.0
-0.3635158836841583,8.783141136169434,-0.1534415632486343,6.0,14.0,35763.0,8.792,426011512.0
-0.3589318990707397,8.672385215759277,2.325747966766357,2.0,15.0,35763.0,8.986,426011514.0
-0.2283332496881485,5.709853649139404,-1.531173467636108,29.0,0.0,35771.0,5.916,426011535.0
-0.3525828421115875,8.855633735656738,0.1546981334686279,5.0,1.0,35772.0,8.864,426011538.0
-0.2287047505378723,5.769586086273193,-1.333059906959534,49.0,2.0,35773.0,5.926,426011540.0
-0.3539489805698395,8.968700408935547,0.470395565032959,4.0,3.0,35774.0,8.988,426011542.0
-0.2290839850902557,5.804750919342041,-1.129207611083984,48.0,4.0,35774.0,5.918,426011544.0
-0.355513721704483,9.048428535461426,0.7922456860542297,2.0,5.0,35775.0,9.09,426011547.0
-0.2300810962915421,5.882124423980713,-0.9323493838310242,42.0,6.0,35776.0,5.96,426011549.0
-0.3569350838661194,9.16616439819336,1.126316428184509,10.0,7.0,35777.0,9.242,426011551.0
-0.2300721108913422,5.934938430786133,-0.7292661666870117,40.0,8.0,35778.0,5.984,426011554.0
-0.3274758756160736,8.485827445983887,1.345023512840271,16.0,9.0,35779.0,8.598,426011556.0
-0.4971730411052704,12.88316249847412,-1.127969622612,9.0,10.0,35779.0,12.942,426011558.0
-0.3272349834442139,8.518167495727539,1.656985282897949,15.0,11.0,35780.0,8.684000000000001,426011561.0
-0.3303219079971313,8.637824058532715,-0.4530200362205505,5.0,12.0,35781.0,8.656,426011563.0
-0.3263120055198669,8.572145462036133,1.980469107627869,3.0,13.0,35782.0,8.804,426011565.0
-0.3271436095237732,8.6736421585083,2.325747966766357,3.0,15.0,35784.0,8.986,426011570.0
-0.2098221778869629,5.72216272354126,-1.534279346466064,29.0,0.0,35790.0,5.928,426011591.0
-0.3214643001556396,8.808793067932129,0.1538604199886322,5.0,1.0,35791.0,8.816,426011593.0
-0.2104196101427078,5.793682098388672,-1.338458776473999,49.0,2.0,35792.0,5.95,426011595.0
-0.2108262628316879,5.832946300506592,-1.134550333023071,46.0,4.0,35793.0,5.946,426011600.0
-0.3245750665664673,9.023673057556152,0.7899796366691589,2.0,5.0,35794.0,9.064,426011602.0
-0.2109273076057434,5.892725467681885,-0.9339137673377991,40.0,6.0,35795.0,5.97,426011604.0
-0.3249117732048035,9.12166976928711,1.120710492134094,4.0,7.0,35796.0,9.196,426011607.0
-0.2110227346420288,5.9535231590271,-0.7314597964286804,35.0,8.0,35797.0,6.002,426011609.0
-0.3008658885955811,8.530298233032227,1.351906657218933,19.0,9.0,35798.0,8.642,426011611.0
-0.4545184373855591,12.88673114776611,-1.128143906593323,10.0,10.0,35798.0,12.944,426011614.0
-0.2991236448287964,8.5231294631958,1.657748579978943,17.0,11.0,35799.0,8.688,426011616.0
-0.3008396029472351,8.61491870880127,-0.4517639875411987,7.0,12.0,35800.0,8.632,426011618.0
-0.2983576357364655,8.586812973022461,1.983618378639221,18.0,13.0,35801.0,8.818,426011620.0
-0.405424565076828,11.72720623016357,-0.2048214375972748,37.0,14.0,35802.0,11.736,426011623.0
-0.1906794905662537,5.747960567474365,-1.541008591651917,33.0,0.0,35810.0,5.954,426011646.0
-0.2886694371700287,8.747904777526855,0.152778372168541,5.0,1.0,35811.0,8.754,426011648.0
-0.1908339112997055,5.813858032226562,-1.342957735061646,48.0,2.0,35812.0,5.97,426011650.0
-0.3721451759338379,11.39827537536621,0.5976766347885132,53.0,3.0,35813.0,11.42,426011653.0
-0.1912329792976379,5.857193470001221,-1.139129757881165,45.0,4.0,35813.0,5.97,426011655.0
-0.2922338843345642,8.99886417388916,0.7877135872840881,2.0,5.0,35814.0,9.038,426011657.0
-0.1908029764890671,5.907246589660645,-0.9361038208007812,42.0,6.0,35815.0,5.984,426011660.0
-0.2912208139896393,9.065210342407227,1.11364209651947,4.0,7.0,35816.0,9.138,426011662.0
-0.1910004764795303,5.97803258895874,-0.7343846559524536,34.0,8.0,35817.0,6.026,426011664.0
-0.2715896666049957,8.547091484069824,1.354409575462341,16.0,9.0,35818.0,8.658,426011667.0
-0.4101653397083282,12.90815353393555,-1.129887104034424,10.0,10.0,35818.0,12.964,426011669.0
-0.2701146602630615,8.547669410705566,1.662328004837036,16.0,11.0,35819.0,8.712,426011671.0
-0.2703896760940552,8.603939056396484,-0.4511359333992004,5.0,12.0,35820.0,8.620000000000001,426011673.0
-0.2684431076049805,8.589750289916992,1.984068274497986,15.0,13.0,35821.0,8.82,426011676.0
-0.3651076555252075,11.74853801727295,-0.2051704972982407,49.0,14.0,35822.0,11.756,426011678.0
-0.2719513177871704,8.750926971435547,2.345935821533203,19.0,15.0,35822.0,9.064,426011680.0
-0.171301931142807,5.771763324737549,-1.547220230102539,36.0,0.0,35830.0,5.978,426011701.0
-0.2581907510757446,8.750858306884766,0.1528132706880569,7.0,1.0,35831.0,8.756,426011703.0
-0.1708813905715942,5.826176166534424,-1.345657229423523,45.0,2.0,35832.0,5.982,426011706.0
-0.17147296667099,5.881374359130859,-1.143709063529968,45.0,4.0,35833.0,5.994,426011710.0
-0.2593773007392883,8.950039863586426,0.7833558320999146,5.0,5.0,35834.0,8.988,426011713.0
-0.1709779798984528,5.935520172119141,-0.9404839873313904,41.0,6.0,35835.0,6.012,426011715.0
-0.2586665451526642,9.034422874450684,1.109742283821106,4.0,7.0,35836.0,9.106,426011717.0
-0.1704708784818649,5.9905686378479,-0.7358471155166626,33.0,8.0,35837.0,6.038,426011719.0
-0.2447621077299118,8.601259231567383,1.362857103347778,17.0,9.0,35837.0,8.712,426011722.0
-0.3654992580413818,12.92344760894775,-1.131107211112976,10.0,10.0,35838.0,12.978,426011724.0
-0.2410483211278915,8.576034545898438,1.667670607566833,19.0,11.0,35839.0,8.74,426011726.0
-0.3401771485805511,12.1785306930542,-0.6384986639022827,16.0,12.0,35840.0,12.2,426011729.0
-0.2395931631326675,8.631543159484863,1.993516206741333,18.0,13.0,35841.0,8.862,426011731.0
-0.32508784532547,11.78572177886963,-0.2057987749576569,6.0,14.0,35842.0,11.792,426011733.0
-0.2421489655971527,8.778858184814453,2.353182792663574,15.0,15.0,35842.0,9.092,426011736.0
-0.151659369468689,5.791637897491455,-1.552396655082703,36.0,0.0,35850.0,5.998,426011756.0
-0.2267590463161469,8.71772289276123,0.1522198915481567,5.0,1.0,35851.0,8.722,426011759.0
-0.1508451849222183,5.838425636291504,-1.348356604576111,45.0,2.0,35852.0,5.994,426011761.0
-0.2255953550338745,8.791037559509277,0.4608704447746277,3.0,3.0,35853.0,8.806000000000001,426011763.0
-0.1512442827224731,5.893712520599365,-1.14599883556366,40.0,4.0,35853.0,6.006,426011766.0
-0.2275758534669876,8.92898178100586,0.781438410282135,4.0,5.0,35854.0,8.966,426011768.0
-0.1508579403162003,5.95977783203125,-0.9442384243011475,43.0,6.0,35855.0,6.036,426011770.0
-0.2266300916671753,9.015426635742188,1.107304811477661,3.0,7.0,35856.0,9.086,426011772.0
-0.1500542461872101,6.010972023010254,-0.7382844686508179,34.0,8.0,35857.0,6.058,426011775.0
-0.2139206081628799,8.629745483398438,1.367237210273743,16.0,9.0,35858.0,8.74,426011777.0
-0.3210276365280151,12.95053768157959,-1.133373260498047,10.0,10.0,35858.0,13.004,426011779.0
-0.2120770812034607,8.616077423095703,1.675302982330322,5.0,11.0,35859.0,8.78,426011782.0
-0.2980544567108154,12.19561672210693,-0.6393360495567322,21.0,12.0,35860.0,12.216,426011784.0
-0.2105019837617874,8.675186157226562,2.003414154052734,7.0,13.0,35861.0,8.906,426011786.0
-0.2071804255247116,8.600193977355957,-0.1501605063676834,4.0,14.0,35862.0,8.604000000000001,426011789.0
-0.2099712193012238,8.77968692779541,2.353182792663574,8.0,15.0,35863.0,9.092,426011791.0
-0.1306918859481812,5.8037428855896,-1.555502414703369,36.0,0.0,35871.0,6.01,426011812.0
-0.1948501318693161,8.720494270324707,0.1522547900676727,2.0,1.0,35872.0,8.724,426011814.0
-0.1299635767936707,5.862318515777588,-1.353755474090576,42.0,2.0,35873.0,6.018,426011816.0
-0.1947747319936752,8.785780906677246,0.4605564177036285,6.0,3.0,35873.0,8.8,426011819.0
-0.129943922162056,5.907966613769531,-1.148670196533203,40.0,4.0,35874.0,6.02,426011821.0
-0.1938917636871338,8.885933876037598,0.7776035070419312,4.0,5.0,35875.0,8.922,426011823.0
-0.1294407248497009,5.980040073394775,-0.9473671317100525,42.0,6.0,35876.0,6.056,426011825.0
-0.1929888129234314,8.988411903381348,1.10389256477356,4.0,7.0,35877.0,9.058,426011828.0
-0.1285713762044907,6.03728199005127,-0.7414531111717224,37.0,8.0,35878.0,6.084000000000001,426011830.0
-0.1850009709596634,8.758842468261719,1.387573719024658,26.0,9.0,35879.0,8.870000000000001,426011832.0
-0.2737697660923004,12.96158695220947,-1.134244799613953,11.0,10.0,35879.0,13.014,426011835.0
-0.181647390127182,8.67175579071045,1.685988306999207,3.0,11.0,35880.0,8.836,426011837.0
-0.2545976638793945,12.25653171539307,-0.6424762010574341,34.0,12.0,35881.0,12.276,426011839.0
-0.1793063879013062,8.705124855041504,2.010162591934204,3.0,13.0,35882.0,8.936,426011842.0
-0.1747594475746155,8.55691146850586,-0.1493926048278809,6.0,14.0,35883.0,8.56,426011844.0
-0.1801120340824127,8.818995475769043,2.363535404205322,3.0,15.0,35883.0,9.132,426011846.0
-0.110873244702816,5.827341556549072,-1.561714172363281,35.0,0.0,35891.0,6.034,426011867.0
-0.2190608978271484,11.62016487121582,0.2028667777776718,18.0,1.0,35892.0,11.624,426011869.0
-0.1100089401006699,5.890014171600342,-1.360054016113281,42.0,2.0,35893.0,6.046,426011871.0
-0.1644784063100815,8.806376457214355,0.4616031348705292,4.0,3.0,35893.0,8.82,426011874.0
-0.1096110343933105,5.924087524414062,-1.151723146438599,38.0,4.0,35894.0,6.036,426011876.0
-0.1627998650074005,8.882572174072266,0.7772549390792847,2.0,5.0,35895.0,8.918000000000001,426011878.0
-0.1089600995182991,6.002181053161621,-0.9508087038993835,40.0,6.0,35896.0,6.078,426011881.0
-0.1608985513448715,8.949335098266602,1.099017739295959,4.0,7.0,35897.0,9.018,426011883.0
-0.1079205945134163,6.061511039733887,-0.7443779706954956,41.0,8.0,35898.0,6.108000000000001,426011885.0
-0.1582211405038834,8.974717140197754,1.421676397323608,38.0,9.0,35899.0,9.088000000000001,426011888.0
-0.2289451509714127,12.98636817932129,-1.1363365650177,11.0,10.0,35899.0,13.038,426011890.0
-0.1520272046327591,8.709632873535156,1.693238973617554,2.0,11.0,35900.0,8.874,426011892.0
-0.2125374972820282,12.29928207397461,-0.6446743011474609,32.0,12.0,35901.0,12.318,426011895.0
-0.1499852985143661,8.768048286437988,2.024559497833252,3.0,13.0,35902.0,9.0,426011897.0
-0.1452277153730392,8.57746410369873,-0.1497416496276855,16.0,14.0,35903.0,8.58,426011899.0
-0.1500136852264404,8.86013412475586,2.374405860900879,3.0,15.0,35903.0,9.174,426011901.0
-0.09179122745990753,5.843130111694336,-1.565855264663696,33.0,0.0,35910.0,6.05,426011922.0
-0.1810538619756699,11.65481853485107,0.203460156917572,45.0,1.0,35911.0,11.658,426011924.0
-0.09077563881874084,5.909831523895264,-1.364553093910217,45.0,2.0,35912.0,6.066,426011927.0
-0.09035297483205795,5.94993782043457,-1.156684160232544,41.0,4.0,35913.0,6.062,426011931.0
-0.1328050196170807,8.847204208374023,0.7741172909736633,2.0,5.0,35914.0,8.882,426011934.0
-0.08937789499759674,6.024235725402832,-0.9542502164840698,38.0,6.0,35915.0,6.100000000000001,426011936.0
-0.1306967735290527,8.914091110229492,1.094630479812622,4.0,7.0,35916.0,8.982,426011938.0
-0.08816437423229218,6.085654258728027,-0.7473028302192688,39.0,8.0,35917.0,6.132000000000001,426011941.0
-0.1301971822977066,8.987020492553711,1.423553586006165,50.0,9.0,35917.0,9.1,426011943.0
-0.1861076503992081,13.0029935836792,-1.137731075286865,11.0,10.0,35918.0,13.054,426011945.0
-0.1233107149600983,8.721867561340332,1.695528745651245,3.0,11.0,35919.0,8.886000000000001,426011948.0
-0.1720293015241623,12.31989002227783,-0.6457210183143616,39.0,12.0,35920.0,12.338,426011950.0
-0.1214996948838234,8.811365127563477,2.034457445144653,4.0,13.0,35921.0,9.044,426011952.0
-0.1623528897762299,11.92507839202881,-0.2081723064184189,15.0,14.0,35922.0,11.928,426011954.0
-0.1197082027792931,8.906963348388672,2.386829137802124,2.0,15.0,35923.0,9.222,426011957.0
-0.0716775506734848,5.86659574508667,-1.572066903114319,35.0,0.0,35930.0,6.074,426011977.0
-0.07028468698263168,5.921803951263428,-1.367252469062805,45.0,2.0,35932.0,6.078,426011982.0
-0.1378115117549896,11.61124610900879,0.6085624694824219,53.0,3.0,35932.0,11.628,426011984.0
-0.06988170742988586,5.975737571716309,-1.161645174026489,40.0,4.0,35933.0,6.088,426011987.0
-0.1012332066893578,8.787846565246582,0.7688879370689392,2.0,5.0,35934.0,8.822000000000001,426011989.0
-0.06852811574935913,6.040313243865967,-0.9567531943321228,38.0,6.0,35935.0,6.116000000000001,426011991.0
-0.0992695614695549,8.886703491210938,1.091218113899231,4.0,7.0,35936.0,8.954,426011994.0
-0.06713920831680298,6.105774879455566,-0.7497401833534241,41.0,8.0,35937.0,6.152,426011996.0
-0.09706485271453857,8.969660758972168,1.420737862586975,46.0,9.0,35938.0,9.082,426011998.0
-0.1409547477960587,13.02547931671143,-1.1396484375,10.0,10.0,35938.0,13.076,426012001.0
-0.09319938719272614,8.753655433654785,1.701634645462036,3.0,11.0,35939.0,8.918000000000001,426012003.0
-0.1291493028402328,12.33239841461182,-0.6463490724563599,34.0,12.0,35940.0,12.35,426012005.0
-0.09096228331327438,8.833170890808105,2.039406299591064,3.0,13.0,35941.0,9.066,426012007.0
-0.1207660958170891,11.9295711517334,-0.2082421183586121,19.0,14.0,35942.0,11.932,426012010.0
-0.08919292688369751,8.965279579162598,2.402358293533325,3.0,15.0,35943.0,9.282,426012012.0
-0.05034013465046883,5.886136531829834,-1.577243208885193,35.0,0.0,35951.0,6.094,426012033.0
-0.07156630605459213,8.542398452758789,0.1491133570671082,2.0,1.0,35952.0,8.544,426012035.0
-0.04881949722766876,5.951251983642578,-1.374001026153564,46.0,2.0,35953.0,6.108000000000001,426012037.0
-0.0954170823097229,11.63164520263672,0.6096092462539673,32.0,3.0,35953.0,11.648,426012040.0
-0.04818396642804146,6.00147533416748,-1.166606187820435,42.0,4.0,35954.0,6.114,426012042.0
-0.06871049106121063,8.748311996459961,0.7654017210006714,5.0,5.0,35955.0,8.782,426012044.0
-0.04655567184090614,6.062252044677734,-0.9601947665214539,39.0,6.0,35956.0,6.138,426012047.0
-0.06672729551792145,8.89097785949707,1.091705560684204,3.0,7.0,35957.0,8.958,426012049.0
-0.04481817781925201,6.113920211791992,-0.7507151365280151,39.0,8.0,35958.0,6.16,426012051.0
-0.06461037695407867,8.813894271850586,1.396021127700806,11.0,9.0,35958.0,8.924,426012054.0
-0.09345540404319763,13.05977821350098,-1.142611742019653,12.0,10.0,35959.0,13.11,426012056.0
-0.06132059916853905,8.78338623046875,1.707358837127686,2.0,11.0,35960.0,8.948,426012058.0
-0.08421982824802399,12.3727331161499,-0.6484425067901611,31.0,12.0,35961.0,12.39,426012060.0
-0.05880619958043098,8.866572380065918,2.047054529190063,3.0,13.0,35962.0,9.1,426012063.0
-0.07729949057102203,11.96992683410645,-0.2089402079582214,32.0,14.0,35963.0,11.972,426012065.0
-0.05663638561964035,9.01384162902832,2.415299415588379,8.0,15.0,35964.0,9.332,426012067.0
-0.02991071343421936,5.909458637237549,-1.583454966545105,33.0,0.0,35971.0,6.118,426012088.0
-0.04159097746014595,8.510601997375488,0.1485548764467239,5.0,1.0,35972.0,8.512,426012090.0
-0.02810973674058914,5.965027332305908,-1.377150297164917,44.0,2.0,35973.0,6.122,426012093.0
-0.02728806808590889,6.013386249542236,-1.168895959854126,40.0,4.0,35974.0,6.126,426012097.0
-0.03791196644306183,8.688727378845215,0.7601723670959473,2.0,5.0,35975.0,8.722,426012100.0
-0.02551829442381859,6.092008113861084,-0.964887797832489,42.0,6.0,35976.0,6.168,426012102.0
-0.03531705588102341,8.797858238220215,1.080249905586243,3.0,7.0,35977.0,8.864,426012104.0
-0.02361354045569897,6.149770736694336,-0.7551024556159973,39.0,8.0,35978.0,6.196,426012107.0
-0.03354793787002563,8.73702621459961,1.383819222450256,12.0,9.0,35978.0,8.846,426012109.0
-0.04792612418532372,13.07596397399902,-1.144006252288818,13.0,10.0,35979.0,13.126,426012111.0
-0.03085922449827194,8.84048080444336,1.718425869941711,3.0,11.0,35980.0,9.006,426012113.0
-0.04111651331186295,12.39891624450684,-0.6498032212257385,30.0,12.0,35981.0,12.416,426012116.0
-0.02794143557548523,8.89400577545166,2.053353309631348,4.0,13.0,35982.0,9.128,426012118.0
-0.0356585755944252,12.01811599731445,-0.2097779214382172,55.0,14.0,35983.0,12.02,426012120.0
-0.02516106888651848,9.01012134552002,2.414263963699341,7.0,15.0,35984.0,9.328,426012123.0
-0.00928874034434557,5.913390636444092,-1.584490180015564,36.0,0.0,35991.0,6.122,426012143.0
-0.01183571480214596,8.476700782775879,0.1479614973068237,10.0,1.0,35992.0,8.478,426012146.0
-0.007330589927732944,6.000166416168213,-1.38524854183197,45.0,2.0,35993.0,6.158,426012148.0
-0.01048272009938955,8.580218315124512,0.4496705234050751,5.0,3.0,35993.0,8.592,426012150.0
-0.00631988188251853,6.035040378570557,-1.173093676567078,40.0,4.0,35994.0,6.148,426012153.0
-0.007558074779808521,8.660913467407227,0.7577320337295532,3.0,5.0,35995.0,8.694,426012155.0
-0.004264093469828367,6.107863426208496,-0.9673907160758972,41.0,6.0,35996.0,6.184,426012157.0
-0.004583718255162239,8.754256248474121,1.074887633323669,4.0,7.0,35997.0,8.82,426012159.0
-0.002155698835849762,6.17562198638916,-0.7582710385322571,34.0,8.0,35998.0,6.222,426012162.0
-0.00305533641949296,8.752893447875977,1.386322259902954,17.0,9.0,35998.0,8.862,426012164.0
-0.002286374336108565,13.09996032714844,-1.146098017692566,12.0,10.0,35999.0,13.15,426012166.0
0.0,8.856240272521973,1.721478700637817,3.0,11.0,0.0,9.022,426012169.0
0.002169956918805838,12.43293762207031,-0.651582658290863,32.0,12.0,1.0,12.45,426012171.0
0.003120254492387176,8.938870429992676,2.063700914382935,4.0,13.0,2.0,9.174,426012173.0
0.006315733306109905,12.06216049194336,-0.2105458378791809,56.0,14.0,3.0,12.064,426012176.0
0.01141966227442026,5.948160171508789,-1.593807697296143,40.0,0.0,11.0,6.158,426012199.0
0.01774937659502029,8.474690437316895,0.1479265987873077,5.0,1.0,12.0,8.476,426012201.0
0.01364047359675169,6.011847972869873,-1.387948036193848,45.0,2.0,13.0,6.17,426012203.0
0.01951774396002293,8.6021728515625,0.4508219361305237,3.0,3.0,13.0,8.614,426012206.0
0.0148231340572238,6.066437721252441,-1.179199576377869,40.0,4.0,14.0,6.18,426012208.0
0.02275765873491764,8.692765235900879,0.7605209946632385,2.0,5.0,15.0,8.726,426012210.0
0.01711703278124332,6.129570007324219,-0.9708322882652283,45.0,6.0,16.0,6.206,426012212.0
0.02609805203974247,8.795905113220215,1.080006122589111,4.0,7.0,17.0,8.862,426012215.0
0.01946362107992172,6.195442676544189,-0.7607084512710571,34.0,8.0,18.0,6.242,426012217.0
0.0276096872985363,8.788407325744629,1.391953825950623,22.0,9.0,18.0,8.898,426012219.0
0.04349388927221298,13.1158275604248,-1.147492527961731,13.0,10.0,19.0,13.166,426012222.0
0.03104425594210625,8.893487930297852,1.728729486465454,2.0,11.0,20.0,9.06,426012224.0
0.04567879810929298,12.46281242370605,-0.6531527042388916,35.0,12.0,21.0,12.48,426012226.0
0.03447236865758896,8.977779388427734,2.072699069976807,3.0,13.0,22.0,9.214,426012229.0
0.04850076511502266,12.08206176757812,-0.2108948826789856,40.0,14.0,23.0,12.084,426012231.0
0.1472438126802444,35.15166473388672,9.41894245147705,1.0,15.0,24.0,36.392,426012233.0
